System Description            : WNbMoTaTi, BCC structure                        
Number of Atoms in Unit Cell  : 80                                              
Number of Atomic Species      : 5                                               
Number of Atoms in Each Type  : 16(W), 16(Nb), 16(Mo), 16(Ta), 16(Ti)           
Energy Offset                 : -16193                                          
=======================================================================================
    Iter     Energy      3PV     Efermi   Rms_rho    Rms_pot   Mix  Alg  Alpha 
---------------------------------------------------------------------------------------
**       1  -0.755363  1839.834  0.53467  0.140E+01  0.144E+00  pot  B   0.1000
         2  -0.958560  1816.513  0.57956  0.770E-02  0.533E+00  pot  B   0.1000
         3  -1.086775  1812.995  0.57744  0.213E-02  0.271E+00  pot  B   0.1000
         4  -1.217578  1788.926  0.59303  0.797E-02  0.478E+00  pot  B   0.1000
         5  -1.414797  1771.260  0.60549  0.591E-02  0.255E+00  pot  B   0.1000
         6  -1.445777  1756.863  0.61644  0.497E-02  0.336E+00  pot  B   0.1000
         7  -1.510696  1745.183  0.62533  0.411E-02  0.260E+00  pot  B   0.1000
         8  -1.563168  1731.459  0.63565  0.493E-02  0.749E-01  pot  B   0.1000
         9  -1.572920  1726.553  0.64044  0.220E-02  0.702E-01  pot  B   0.1000
        10  -1.586869  1721.084  0.64472  0.271E-02  0.380E-01  pot  B   0.1000
        11  -1.599590  1712.841  0.65102  0.446E-02  0.576E-01  pot  B   0.1000
        12  -1.603998  1707.734  0.65494  0.282E-02  0.319E-01  pot  B   0.1000
        13  -1.604412  1706.776  0.65621  0.626E-03  0.190E-01  pot  B   0.1000
        14  -1.604696  1706.423  0.65696  0.348E-03  0.442E-02  pot  B   0.1000
        15  -1.604766  1706.166  0.65770  0.175E-03  0.289E-02  pot  B   0.1000
        16  -1.604885  1706.158  0.65881  0.229E-03  0.334E-02  pot  B   0.1000
        17  -1.604962  1705.924  0.66014  0.268E-03  0.247E-02  pot  B   0.1000
        18  -1.604976  1705.938  0.66083  0.147E-03  0.273E-02  pot  B   0.1000
        19  -1.604978  1705.979  0.66089  0.174E-04  0.143E-02  pot  B   0.1000
        20  -1.604984  1705.995  0.66105  0.412E-04  0.109E-02  pot  B   0.1000
        21  -1.604989  1706.137  0.66111  0.526E-04  0.729E-03  pot  B   0.1000
        22  -1.604992  1706.184  0.66120  0.303E-04  0.535E-03  pot  B   0.1000
        23  -1.604993  1706.215  0.66129  0.224E-04  0.266E-03  pot  B   0.1000
        24  -1.604994  1706.232  0.66133  0.114E-04  0.261E-03  pot  B   0.1000
        25  -1.604994  1706.223  0.66136  0.559E-05  0.214E-03  pot  B   0.1000
        26  -1.604995  1706.207  0.66143  0.101E-04  0.126E-03  pot  B   0.1000
        27  -1.604996  1706.199  0.66146  0.497E-05  0.130E-03  pot  B   0.1000
        28  -1.604996  1706.193  0.66147  0.262E-05  0.387E-04  pot  B   0.1000
        29  -1.604996  1706.192  0.66148  0.762E-06  0.341E-04  pot  B   0.1000
        30  -1.604996  1706.192  0.66148  0.571E-06  0.294E-04  pot  B   0.1000
        31  -1.604996  1706.192  0.66149  0.649E-06  0.229E-04  pot  B   0.1000
        32  -1.604996  1706.192  0.66149  0.628E-06  0.175E-04  pot  B   0.1000
        33  -1.604996  1706.192  0.66149  0.363E-06  0.134E-04  pot  B   0.1000
        34  -1.604996  1706.192  0.66149  0.198E-06  0.686E-05  pot  B   0.1000
        35  -1.604996  1706.192  0.66149  0.262E-06  0.633E-05  pot  B   0.1000
        36  -1.604996  1706.192  0.66149  0.204E-06  0.506E-05  pot  B   0.1000
        37  -1.604996  1706.192  0.66150  0.392E-06  0.473E-05  pot  B   0.1000
        38  -1.604996  1706.192  0.66150  0.257E-06  0.375E-05  pot  B   0.1000
        39  -1.604996  1706.192  0.66150  0.147E-06  0.194E-05  pot  B   0.1000
        40  -1.604996  1706.193  0.66150  0.107E-06  0.168E-05  pot  B   0.1000
        41  -1.604996  1706.193  0.66150  0.112E-06  0.211E-05  pot  B   0.1000
        42  -1.604996  1706.193  0.66150  0.136E-06  0.176E-05  pot  B   0.1000
        43  -1.604996  1706.193  0.66150  0.757E-07  0.149E-05  pot  B   0.1000
        44  -1.604996  1706.193  0.66150  0.478E-07  0.742E-06  pot  B   0.1000
        45  -1.604996  1706.193  0.66150  0.198E-07  0.773E-06  pot  B   0.1000
        46  -1.604996  1706.193  0.66150  0.192E-07  0.476E-06  pot  B   0.1000
        47  -1.604996  1706.193  0.66150  0.189E-07  0.584E-06  pot  B   0.1000
        48  -1.604996  1706.193  0.66150  0.128E-07  0.376E-06  pot  B   0.1000
        49  -1.604996  1706.193  0.66150  0.724E-08  0.258E-06  pot  B   0.1000
        50  -1.604996  1706.193  0.66150  0.409E-08  0.163E-06  pot  B   0.1000
        51  -1.604996  1706.193  0.66150  0.338E-08  0.123E-06  pot  B   0.1000
        52  -1.604996  1706.193  0.66150  0.510E-08  0.108E-06  pot  B   0.1000
        53  -1.604996  1706.193  0.66149  0.415E-08  0.829E-07  pot  B   0.1000
        54  -1.604996  1706.193  0.66149  0.240E-08  0.659E-07  pot  B   0.1000
        55  -1.604996  1706.193  0.66149  0.128E-08  0.489E-07  pot  B   0.1000
        56  -1.604996  1706.193  0.66149  0.193E-08  0.439E-07  pot  B   0.1000
        57  -1.604996  1706.193  0.66149  0.167E-08  0.392E-07  pot  B   0.1000
        58  -1.604996  1706.193  0.66149  0.343E-08  0.290E-07  pot  B   0.1000
        59  -1.604996  1706.193  0.66149  0.216E-08  0.222E-07  pot  B   0.1000
        60  -1.604996  1706.193  0.66149  0.121E-08  0.238E-07  pot  B   0.1000
        61  -1.604996  1706.193  0.66149  0.810E-09  0.159E-07  pot  B   0.1000
        62  -1.604996  1706.193  0.66149  0.664E-09  0.114E-07  pot  B   0.1000
        63  -1.604996  1706.193  0.66149  0.518E-09  0.962E-08  pot  B   0.1000
**      64  -1.604996  1706.193  0.66149  0.521E-12  0.962E-08  pot  B   0.1000
