System Description            : WNbMoTaV, BCC structure                         
Number of Atoms in Unit Cell  : 80                                              
Number of Atomic Species      : 5                                               
Number of Atoms in Each Type  : 16(W), 16(Nb), 16(Mo), 16(Ta), 16(V)            
Energy Offset                 : -16231                                          
=======================================================================================
    Iter     Energy      3PV     Efermi   Rms_rho    Rms_pot   Mix  Alg  Alpha 
---------------------------------------------------------------------------------------
**       1  -0.854446  1839.086  0.58303  0.140E+01  0.173E+00  pot  B   0.1000
         2  -1.017397  1816.722  0.60092  0.782E-02  0.623E+00  pot  B   0.1000
         3  -1.231083  1812.341  0.59986  0.516E-02  0.358E+00  pot  B   0.1000
         4  -1.380403  1797.436  0.61135  0.493E-02  0.257E+00  pot  B   0.1000
         5  -1.513875  1782.078  0.61677  0.518E-02  0.209E+00  pot  B   0.1000
         6  -1.628249  1751.015  0.62460  0.104E-01  0.295E+00  pot  B   0.1000
         7  -1.674042  1742.581  0.63001  0.296E-02  0.246E+00  pot  B   0.1000
         8  -1.705459  1733.974  0.63305  0.376E-02  0.136E+00  pot  B   0.1000
         9  -1.725797  1727.623  0.63563  0.275E-02  0.506E-01  pot  B   0.1000
        10  -1.734979  1722.404  0.63814  0.260E-02  0.871E-01  pot  B   0.1000
        11  -1.749382  1715.948  0.63935  0.332E-02  0.347E-01  pot  B   0.1000
        12  -1.755700  1709.647  0.64078  0.340E-02  0.215E-01  pot  B   0.1000
        13  -1.756662  1707.942  0.64215  0.103E-02  0.107E-01  pot  B   0.1000
        14  -1.756925  1707.420  0.64283  0.348E-03  0.616E-02  pot  B   0.1000
        15  -1.757081  1707.214  0.64377  0.253E-03  0.545E-02  pot  B   0.1000
        16  -1.757227  1706.929  0.64537  0.343E-03  0.767E-02  pot  B   0.1000
        17  -1.757349  1706.997  0.64679  0.256E-03  0.513E-02  pot  B   0.1000
        18  -1.757373  1706.825  0.64773  0.185E-03  0.508E-02  pot  B   0.1000
        19  -1.757384  1706.849  0.64801  0.775E-04  0.205E-02  pot  B   0.1000
        20  -1.757383  1706.863  0.64799  0.356E-04  0.162E-02  pot  B   0.1000
        21  -1.757386  1706.836  0.64810  0.329E-04  0.174E-02  pot  B   0.1000
        22  -1.757388  1706.786  0.64821  0.459E-04  0.961E-03  pot  B   0.1000
        23  -1.757389  1706.775  0.64827  0.274E-04  0.844E-03  pot  B   0.1000
        24  -1.757389  1706.767  0.64830  0.195E-04  0.704E-03  pot  B   0.1000
        25  -1.757389  1706.756  0.64833  0.137E-04  0.490E-03  pot  B   0.1000
        26  -1.757389  1706.760  0.64834  0.898E-05  0.469E-03  pot  B   0.1000
        27  -1.757389  1706.764  0.64835  0.737E-05  0.252E-03  pot  B   0.1000
        28  -1.757389  1706.774  0.64834  0.901E-05  0.300E-03  pot  B   0.1000
        29  -1.757389  1706.781  0.64836  0.755E-05  0.211E-03  pot  B   0.1000
        30  -1.757389  1706.792  0.64836  0.726E-05  0.145E-03  pot  B   0.1000
        31  -1.757389  1706.795  0.64838  0.328E-05  0.139E-03  pot  B   0.1000
        32  -1.757389  1706.797  0.64838  0.307E-05  0.164E-03  pot  B   0.1000
        33  -1.757389  1706.800  0.64840  0.308E-05  0.123E-03  pot  B   0.1000
        34  -1.757389  1706.803  0.64840  0.235E-05  0.766E-04  pot  B   0.1000
        35  -1.757390  1706.806  0.64842  0.178E-05  0.538E-04  pot  B   0.1000
        36  -1.757390  1706.808  0.64844  0.156E-05  0.584E-04  pot  B   0.1000
        37  -1.757390  1706.808  0.64843  0.641E-06  0.336E-04  pot  B   0.1000
        38  -1.757390  1706.809  0.64844  0.687E-06  0.341E-04  pot  B   0.1000
        39  -1.757390  1706.809  0.64844  0.415E-06  0.476E-04  pot  B   0.1000
        40  -1.757390  1706.809  0.64844  0.675E-06  0.167E-04  pot  B   0.1000
        41  -1.757390  1706.810  0.64844  0.335E-06  0.225E-04  pot  B   0.1000
        42  -1.757390  1706.810  0.64845  0.432E-06  0.144E-04  pot  B   0.1000
        43  -1.757390  1706.810  0.64845  0.205E-06  0.118E-04  pot  B   0.1000
        44  -1.757390  1706.810  0.64845  0.196E-06  0.885E-05  pot  B   0.1000
        45  -1.757390  1706.810  0.64845  0.697E-07  0.797E-05  pot  B   0.1000
        46  -1.757390  1706.810  0.64845  0.803E-07  0.433E-05  pot  B   0.1000
        47  -1.757390  1706.810  0.64845  0.992E-07  0.388E-05  pot  B   0.1000
        48  -1.757390  1706.810  0.64845  0.108E-06  0.278E-05  pot  B   0.1000
        49  -1.757390  1706.810  0.64845  0.789E-07  0.480E-05  pot  B   0.1000
        50  -1.757390  1706.810  0.64845  0.584E-07  0.271E-05  pot  B   0.1000
        51  -1.757390  1706.810  0.64845  0.336E-07  0.247E-05  pot  B   0.1000
        52  -1.757390  1706.810  0.64845  0.460E-07  0.202E-05  pot  B   0.1000
        53  -1.757390  1706.810  0.64845  0.246E-07  0.911E-06  pot  B   0.1000
        54  -1.757390  1706.810  0.64845  0.173E-07  0.768E-06  pot  B   0.1000
        55  -1.757390  1706.810  0.64845  0.149E-07  0.112E-05  pot  B   0.1000
        56  -1.757390  1706.810  0.64845  0.135E-07  0.456E-06  pot  B   0.1000
        57  -1.757390  1706.810  0.64845  0.753E-08  0.638E-06  pot  B   0.1000
        58  -1.757390  1706.810  0.64845  0.508E-08  0.424E-06  pot  B   0.1000
        59  -1.757390  1706.810  0.64845  0.374E-08  0.277E-06  pot  B   0.1000
        60  -1.757390  1706.810  0.64845  0.228E-08  0.115E-06  pot  B   0.1000
        61  -1.757390  1706.810  0.64845  0.282E-08  0.108E-06  pot  B   0.1000
        62  -1.757390  1706.810  0.64845  0.232E-08  0.119E-06  pot  B   0.1000
        63  -1.757390  1706.810  0.64845  0.169E-08  0.852E-07  pot  B   0.1000
        64  -1.757390  1706.810  0.64845  0.153E-08  0.107E-06  pot  B   0.1000
        65  -1.757390  1706.810  0.64845  0.134E-08  0.311E-07  pot  B   0.1000
        66  -1.757390  1706.810  0.64845  0.746E-09  0.283E-07  pot  B   0.1000
        67  -1.757390  1706.810  0.64845  0.976E-09  0.513E-07  pot  B   0.1000
        68  -1.757390  1706.810  0.64845  0.625E-09  0.234E-07  pot  B   0.1000
        69  -1.757390  1706.810  0.64845  0.743E-09  0.193E-07  pot  B   0.1000
        70  -1.757390  1706.810  0.64845  0.569E-09  0.248E-07  pot  B   0.1000
        71  -1.757390  1706.810  0.64845  0.301E-09  0.210E-07  pot  B   0.1000
        72  -1.757390  1706.810  0.64845  0.538E-09  0.172E-07  pot  B   0.1000
        73  -1.757390  1706.810  0.64845  0.290E-09  0.787E-08  pot  B   0.1000
**      74  -1.757390  1706.810  0.64845  0.421E-11  0.787E-08  pot  B   0.1000
