 Atom   Index      Q          Qmt        dQ        Vmad        Local Energy
  W         1   73.68800   72.38361   -0.31200    1.92625      -32312.62891
  W         2   73.91982   72.61543   -0.08018    1.70566      -32312.50246
  W         3   73.83859   72.53420   -0.16141    1.77579      -32312.53987
  W         4   73.85013   72.54573   -0.14987    1.77028      -32312.53587
  Nb        5   40.77182   39.46743   -0.22818    1.87208       -7632.67842
  Nb        6   40.93968   39.63528   -0.06032    1.70868       -7632.58876
  Nb        7   41.05850   39.75410    0.05850    1.59024       -7632.51388
  Nb        8   41.02247   39.71807    0.02247    1.63059       -7632.54830
  Mo        9   42.13047   40.82608    0.13047    1.60910       -8090.55221
  Mo       10   41.95098   40.64658   -0.04902    1.79371       -8090.66569
  Mo       11   42.20380   40.89941    0.20380    1.53500       -8090.51339
  Mo       12   42.18419   40.87979    0.18419    1.55787       -8090.53205
  Ta       13   72.66266   71.35826   -0.33734    1.88405      -31232.99231
  Ta       14   72.73176   71.42737   -0.26824    1.82034      -31232.96838
  Ta       15   72.78759   71.48320   -0.21241    1.77411      -31232.93903
  Ta       16   72.92877   71.62437   -0.07123    1.63327      -31232.85948
  Ti       17   22.38997   21.08558    0.38997    1.49385       -1704.37528
  Ti       18   22.28950   20.98511    0.28950    1.58495       -1704.40690
  Ti       19   22.37092   21.06653    0.37092    1.50713       -1704.36520
  Ti       20   22.28037   20.97598    0.28037    1.58720       -1704.38610
