System Description            : WNbMoTaV, BCC structure                         
Number of Atoms in Unit Cell  : 80                                              
Number of Atomic Species      : 5                                               
Number of Atoms in Each Type  : 16(W), 16(Nb), 16(Mo), 16(Ta), 16(V)            
Energy Offset                 : -16231                                          
=======================================================================================
    Iter     Energy      3PV     Efermi   Rms_rho    Rms_pot   Mix  Alg  Alpha 
---------------------------------------------------------------------------------------
**       1  -0.856824  1839.088  0.58627  0.140E+01  0.124E+00  pot  B   0.1000
         2  -1.108963  1816.607  0.59543  0.775E-02  0.462E+00  pot  B   0.1000
         3  -1.215940  1810.852  0.60294  0.344E-02  0.368E+00  pot  B   0.1000
         4  -1.399333  1797.370  0.61083  0.449E-02  0.226E+00  pot  B   0.1000
         5  -1.533467  1777.900  0.61834  0.654E-02  0.243E+00  pot  B   0.1000
         6  -1.650761  1753.987  0.62589  0.804E-02  0.172E+00  pot  B   0.1000
         7  -1.694968  1738.372  0.63102  0.539E-02  0.168E+00  pot  B   0.1000
         8  -1.708239  1733.528  0.63363  0.186E-02  0.143E+00  pot  B   0.1000
         9  -1.726701  1727.324  0.63634  0.271E-02  0.838E-01  pot  B   0.1000
        10  -1.737955  1722.969  0.63726  0.209E-02  0.435E-01  pot  B   0.1000
        11  -1.750544  1715.812  0.63919  0.368E-02  0.599E-01  pot  B   0.1000
        12  -1.756368  1710.581  0.64003  0.281E-02  0.211E-01  pot  B   0.1000
        13  -1.757851  1708.254  0.64152  0.136E-02  0.152E-01  pot  B   0.1000
        14  -1.758221  1707.609  0.64232  0.498E-03  0.671E-02  pot  B   0.1000
        15  -1.758425  1707.226  0.64359  0.331E-03  0.471E-02  pot  B   0.1000
        16  -1.758505  1707.246  0.64430  0.182E-03  0.625E-02  pot  B   0.1000
        17  -1.758689  1706.793  0.64639  0.394E-03  0.329E-02  pot  B   0.1000
        18  -1.758699  1706.712  0.64733  0.178E-03  0.259E-02  pot  B   0.1000
        19  -1.758708  1706.786  0.64765  0.566E-04  0.239E-02  pot  B   0.1000
        20  -1.758712  1706.752  0.64777  0.386E-04  0.183E-02  pot  B   0.1000
        21  -1.758713  1706.762  0.64782  0.214E-04  0.212E-02  pot  B   0.1000
        22  -1.758716  1706.769  0.64789  0.179E-04  0.130E-02  pot  B   0.1000
        23  -1.758717  1706.808  0.64792  0.219E-04  0.959E-03  pot  B   0.1000
        24  -1.758718  1706.829  0.64798  0.332E-04  0.482E-03  pot  B   0.1000
        25  -1.758718  1706.841  0.64802  0.218E-04  0.500E-03  pot  B   0.1000
        26  -1.758718  1706.844  0.64804  0.101E-04  0.502E-03  pot  B   0.1000
        27  -1.758718  1706.841  0.64806  0.745E-05  0.198E-03  pot  B   0.1000
        28  -1.758718  1706.833  0.64807  0.401E-05  0.170E-03  pot  B   0.1000
        29  -1.758718  1706.826  0.64809  0.615E-05  0.134E-03  pot  B   0.1000
        30  -1.758718  1706.816  0.64810  0.251E-05  0.154E-03  pot  B   0.1000
        31  -1.758718  1706.813  0.64812  0.341E-05  0.111E-03  pot  B   0.1000
        32  -1.758718  1706.810  0.64812  0.137E-05  0.877E-04  pot  B   0.1000
        33  -1.758718  1706.808  0.64813  0.104E-05  0.451E-04  pot  B   0.1000
        34  -1.758718  1706.807  0.64814  0.105E-05  0.446E-04  pot  B   0.1000
        35  -1.758718  1706.806  0.64814  0.710E-06  0.455E-04  pot  B   0.1000
        36  -1.758718  1706.806  0.64815  0.522E-06  0.344E-04  pot  B   0.1000
        37  -1.758718  1706.806  0.64815  0.560E-06  0.204E-04  pot  B   0.1000
        38  -1.758719  1706.806  0.64816  0.101E-05  0.285E-04  pot  B   0.1000
        39  -1.758719  1706.806  0.64816  0.294E-06  0.174E-04  pot  B   0.1000
        40  -1.758719  1706.806  0.64816  0.505E-06  0.181E-04  pot  B   0.1000
        41  -1.758719  1706.805  0.64816  0.282E-06  0.169E-04  pot  B   0.1000
        42  -1.758719  1706.806  0.64817  0.163E-06  0.139E-04  pot  B   0.1000
        43  -1.758719  1706.805  0.64817  0.301E-06  0.715E-05  pot  B   0.1000
        44  -1.758719  1706.805  0.64817  0.195E-06  0.548E-05  pot  B   0.1000
        45  -1.758719  1706.805  0.64817  0.136E-06  0.326E-05  pot  B   0.1000
        46  -1.758719  1706.805  0.64817  0.104E-06  0.306E-05  pot  B   0.1000
        47  -1.758719  1706.805  0.64817  0.561E-07  0.298E-05  pot  B   0.1000
        48  -1.758719  1706.805  0.64817  0.472E-07  0.312E-05  pot  B   0.1000
        49  -1.758719  1706.805  0.64817  0.297E-07  0.227E-05  pot  B   0.1000
        50  -1.758719  1706.805  0.64817  0.349E-07  0.118E-05  pot  B   0.1000
        51  -1.758719  1706.805  0.64817  0.198E-07  0.841E-06  pot  B   0.1000
        52  -1.758719  1706.805  0.64817  0.120E-07  0.709E-06  pot  B   0.1000
        53  -1.758719  1706.805  0.64817  0.144E-07  0.577E-06  pot  B   0.1000
        54  -1.758719  1706.805  0.64817  0.113E-07  0.452E-06  pot  B   0.1000
        55  -1.758719  1706.805  0.64817  0.798E-08  0.400E-06  pot  B   0.1000
        56  -1.758719  1706.805  0.64817  0.569E-08  0.283E-06  pot  B   0.1000
        57  -1.758719  1706.805  0.64817  0.405E-08  0.209E-06  pot  B   0.1000
        58  -1.758719  1706.805  0.64817  0.433E-08  0.217E-06  pot  B   0.1000
        59  -1.758719  1706.805  0.64817  0.345E-08  0.223E-06  pot  B   0.1000
        60  -1.758719  1706.805  0.64817  0.281E-08  0.200E-06  pot  B   0.1000
        61  -1.758719  1706.805  0.64817  0.230E-08  0.183E-06  pot  B   0.1000
        62  -1.758719  1706.805  0.64817  0.169E-08  0.127E-06  pot  B   0.1000
        63  -1.758719  1706.805  0.64817  0.152E-08  0.110E-06  pot  B   0.1000
        64  -1.758719  1706.805  0.64817  0.867E-09  0.535E-07  pot  B   0.1000
        65  -1.758719  1706.805  0.64817  0.108E-08  0.585E-07  pot  B   0.1000
        66  -1.758719  1706.805  0.64817  0.835E-09  0.354E-07  pot  B   0.1000
        67  -1.758719  1706.805  0.64817  0.840E-09  0.407E-07  pot  B   0.1000
        68  -1.758719  1706.805  0.64817  0.461E-09  0.306E-07  pot  B   0.1000
        69  -1.758719  1706.805  0.64817  0.400E-09  0.267E-07  pot  B   0.1000
        70  -1.758719  1706.805  0.64817  0.421E-09  0.133E-07  pot  B   0.1000
        71  -1.758719  1706.805  0.64817  0.181E-09  0.119E-07  pot  B   0.1000
        72  -1.758719  1706.805  0.64817  0.185E-09  0.143E-07  pot  B   0.1000
        73  -1.758719  1706.805  0.64817  0.128E-09  0.103E-07  pot  B   0.1000
        74  -1.758719  1706.805  0.64817  0.104E-09  0.978E-08  pot  B   0.1000
**      75  -1.758719  1706.805  0.64817  0.451E-12  0.978E-08  pot  B   0.1000
