System Description            : WNbMoTaV, BCC structure                         
Number of Atoms in Unit Cell  : 1280                                            
Number of Atomic Species      : 5                                               
Number of Atoms in Each Type  : 256(W), 256(Nb), 256(Mo), 256(Ta), 256(V)       
Energy Offset                 : -16231                                          
=======================================================================================
    Iter     Energy      3PV     Efermi   Rms_rho    Rms_pot   Mix  Alg  Alpha 
---------------------------------------------------------------------------------------
**       1  -0.859481  1839.065  0.58689  0.140E+01  0.250E+00  pot  B   0.1000
         2   0.521326  1818.282  0.60517  0.823E-02  0.497E+01  pot  B   0.1000
         3  -0.718042  1816.588  0.60283  0.370E-02  0.272E+01  pot  B   0.1000
         4  -0.681890  1814.959  0.60050  0.490E-02  0.273E+01  pot  B   0.1000
         5  -1.075302  1813.431  0.60018  0.239E-02  0.172E+01  pot  B   0.1000
         6  -1.093401  1805.180  0.60857  0.519E-02  0.132E+01  pot  B   0.1000
         7  -1.337552  1796.639  0.61307  0.400E-02  0.952E+00  pot  B   0.1000
         8  -1.437698  1786.617  0.61707  0.473E-02  0.764E+00  pot  B   0.1000
         9  -1.464069  1776.693  0.61975  0.357E-02  0.794E+00  pot  B   0.1000
        10  -1.589762  1764.883  0.62331  0.409E-02  0.587E+00  pot  B   0.1000
        11  -1.605037  1751.456  0.62655  0.470E-02  0.773E+00  pot  B   0.1000
        12  -1.660657  1743.454  0.63004  0.283E-02  0.732E+00  pot  B   0.1000
        13  -1.670477  1737.602  0.63239  0.245E-02  0.603E+00  pot  B   0.1000
        14  -1.541319  1739.958  0.63219  0.282E-02  0.146E+01  pot  B   0.1000
        15  -1.707824  1734.540  0.63480  0.296E-02  0.304E+00  pot  B   0.1000
        16  -1.472903  1744.821  0.63235  0.350E-02  0.193E+01  pot  B   0.1000
        17  -1.657980  1737.019  0.63475  0.274E-02  0.893E+00  pot  B   0.1000
        18  -1.714509  1728.990  0.63646  0.296E-02  0.317E+00  pot  B   0.1000
        19  -1.710705  1731.167  0.63530  0.192E-02  0.443E+00  pot  B   0.1000
        20  -1.715008  1729.822  0.63509  0.206E-02  0.429E+00  pot  B   0.1000
        21  -1.718370  1729.246  0.63551  0.173E-02  0.322E+00  pot  B   0.1000
        22  -1.730868  1729.153  0.63520  0.162E-02  0.204E+00  pot  B   0.1000
        23  -1.730549  1727.457  0.63644  0.984E-03  0.282E+00  pot  B   0.1000
        24  -1.736623  1727.450  0.63610  0.106E-02  0.194E+00  pot  B   0.1000
        25  -1.738869  1726.263  0.63646  0.128E-02  0.179E+00  pot  B   0.1000
        26  -1.736563  1724.952  0.63692  0.813E-03  0.336E+00  pot  B   0.1000
        27  -1.741209  1725.645  0.63674  0.765E-03  0.138E+00  pot  B   0.1000
        28  -1.738444  1723.059  0.63734  0.137E-02  0.332E+00  pot  B   0.1000
        29  -1.739354  1724.767  0.63696  0.899E-03  0.287E+00  pot  B   0.1000
        30  -1.745073  1723.444  0.63754  0.734E-03  0.119E+00  pot  B   0.1000
        31  -1.742094  1722.995  0.63778  0.729E-03  0.227E+00  pot  B   0.1000
        32  -1.744428  1722.148  0.63813  0.779E-03  0.237E+00  pot  B   0.1000
        33  -1.745771  1720.801  0.63867  0.835E-03  0.223E+00  pot  B   0.1000
        34  -1.745985  1721.764  0.63847  0.117E-02  0.185E+00  pot  B   0.1000
        35  -1.748620  1719.901  0.63905  0.961E-03  0.200E+00  pot  B   0.1000
        36  -1.747710  1720.694  0.63892  0.673E-03  0.162E+00  pot  B   0.1000
        37  -1.749399  1720.091  0.63912  0.736E-03  0.152E+00  pot  B   0.1000
        38  -1.749780  1718.721  0.63990  0.699E-03  0.217E+00  pot  B   0.1000
        39  -1.750546  1719.651  0.63931  0.649E-03  0.132E+00  pot  B   0.1000
        40  -1.752032  1717.331  0.64064  0.116E-02  0.121E+00  pot  B   0.1000
        41  -1.749933  1718.536  0.63988  0.608E-03  0.210E+00  pot  B   0.1000
        42  -1.752534  1718.195  0.64007  0.506E-03  0.948E-01  pot  B   0.1000
        43  -1.752477  1717.329  0.64060  0.439E-03  0.141E+00  pot  B   0.1000
        44  -1.752809  1717.105  0.64074  0.510E-03  0.142E+00  pot  B   0.1000
        45  -1.753598  1716.281  0.64126  0.412E-03  0.119E+00  pot  B   0.1000
        46  -1.753632  1716.135  0.64126  0.599E-03  0.154E+00  pot  B   0.1000
        47  -1.754009  1715.811  0.64152  0.406E-03  0.150E+00  pot  B   0.1000
        48  -1.754265  1715.508  0.64167  0.350E-03  0.103E+00  pot  B   0.1000
        49  -1.754074  1715.649  0.64166  0.556E-03  0.139E+00  pot  B   0.1000
        50  -1.755197  1714.452  0.64228  0.591E-03  0.979E-01  pot  B   0.1000
        51  -1.754693  1715.246  0.64188  0.437E-03  0.102E+00  pot  B   0.1000
        52  -1.755471  1713.853  0.64274  0.686E-03  0.102E+00  pot  B   0.1000
        53  -1.754834  1714.283  0.64254  0.308E-03  0.145E+00  pot  B   0.1000
        54  -1.755439  1714.503  0.64240  0.382E-03  0.993E-01  pot  B   0.1000
        55  -1.756047  1714.160  0.64256  0.433E-03  0.521E-01  pot  B   0.1000
        56  -1.756031  1713.762  0.64284  0.252E-03  0.881E-01  pot  B   0.1000
        57  -1.756440  1713.291  0.64314  0.234E-03  0.554E-01  pot  B   0.1000
        58  -1.756418  1713.127  0.64333  0.285E-03  0.714E-01  pot  B   0.1000
        59  -1.756603  1713.002  0.64339  0.254E-03  0.698E-01  pot  B   0.1000
        60  -1.756664  1712.722  0.64359  0.199E-03  0.534E-01  pot  B   0.1000
        61  -1.756507  1712.848  0.64344  0.264E-03  0.695E-01  pot  B   0.1000
        62  -1.757006  1712.144  0.64399  0.350E-03  0.428E-01  pot  B   0.1000
        63  -1.756687  1712.279  0.64389  0.257E-03  0.774E-01  pot  B   0.1000
        64  -1.757210  1711.523  0.64447  0.374E-03  0.537E-01  pot  B   0.1000
        65  -1.756952  1711.276  0.64458  0.264E-03  0.904E-01  pot  B   0.1000
        66  -1.756756  1711.814  0.64422  0.296E-03  0.100E+00  pot  B   0.1000
        67  -1.757076  1711.953  0.64417  0.283E-03  0.653E-01  pot  B   0.1000
        68  -1.757281  1711.603  0.64439  0.174E-03  0.616E-01  pot  B   0.1000
        69  -1.757464  1711.252  0.64467  0.176E-03  0.382E-01  pot  B   0.1000
        70  -1.757522  1710.948  0.64488  0.156E-03  0.505E-01  pot  B   0.1000
        71  -1.757586  1711.066  0.64481  0.142E-03  0.451E-01  pot  B   0.1000
        72  -1.757681  1710.760  0.64505  0.155E-03  0.306E-01  pot  B   0.1000
        73  -1.757541  1710.924  0.64498  0.183E-03  0.434E-01  pot  B   0.1000
        74  -1.757778  1710.511  0.64525  0.208E-03  0.266E-01  pot  B   0.1000
        75  -1.757692  1710.412  0.64533  0.148E-03  0.491E-01  pot  B   0.1000
        76  -1.757879  1710.083  0.64559  0.167E-03  0.324E-01  pot  B   0.1000
        77  -1.757813  1709.884  0.64580  0.141E-03  0.521E-01  pot  B   0.1000
        78  -1.757700  1709.955  0.64571  0.157E-03  0.703E-01  pot  B   0.1000
        79  -1.757647  1710.310  0.64540  0.182E-03  0.647E-01  pot  B   0.1000
        80  -1.757843  1710.034  0.64566  0.140E-03  0.413E-01  pot  B   0.1000
        81  -1.757956  1709.785  0.64586  0.127E-03  0.256E-01  pot  B   0.1000
        82  -1.757973  1709.606  0.64601  0.985E-04  0.405E-01  pot  B   0.1000
        83  -1.758000  1709.721  0.64592  0.882E-04  0.306E-01  pot  B   0.1000
        84  -1.758065  1709.508  0.64609  0.127E-03  0.248E-01  pot  B   0.1000
        85  -1.758008  1709.494  0.64607  0.122E-03  0.396E-01  pot  B   0.1000
        86  -1.758101  1709.391  0.64620  0.116E-03  0.228E-01  pot  B   0.1000
        87  -1.758093  1709.263  0.64633  0.785E-04  0.279E-01  pot  B   0.1000
        88  -1.758150  1709.168  0.64640  0.775E-04  0.206E-01  pot  B   0.1000
        89  -1.758162  1708.934  0.64658  0.118E-03  0.318E-01  pot  B   0.1000
        90  -1.758133  1708.855  0.64668  0.790E-04  0.383E-01  pot  B   0.1000
        91  -1.758015  1709.129  0.64644  0.141E-03  0.502E-01  pot  B   0.1000
        92  -1.758132  1708.991  0.64656  0.835E-04  0.289E-01  pot  B   0.1000
        93  -1.758191  1708.815  0.64672  0.903E-04  0.184E-01  pot  B   0.1000
        94  -1.758200  1708.708  0.64682  0.828E-04  0.266E-01  pot  B   0.1000
        95  -1.758193  1708.788  0.64674  0.730E-04  0.255E-01  pot  B   0.1000
        96  -1.758235  1708.629  0.64689  0.108E-03  0.186E-01  pot  B   0.1000
        97  -1.758196  1708.610  0.64694  0.917E-04  0.330E-01  pot  B   0.1000
        98  -1.758244  1708.615  0.64690  0.104E-03  0.171E-01  pot  B   0.1000
        99  -1.758259  1708.448  0.64705  0.862E-04  0.195E-01  pot  B   0.1000
       100  -1.758273  1708.480  0.64703  0.611E-04  0.125E-01  pot  B   0.1000
       101  -1.758285  1708.372  0.64715  0.558E-04  0.123E-01  pot  B   0.1000
       102  -1.758291  1708.229  0.64727  0.740E-04  0.201E-01  pot  B   0.1000
       103  -1.758241  1708.283  0.64723  0.811E-04  0.304E-01  pot  B   0.1000
       104  -1.758278  1708.267  0.64724  0.631E-04  0.193E-01  pot  B   0.1000
       105  -1.758298  1708.200  0.64731  0.439E-04  0.123E-01  pot  B   0.1000
       106  -1.758303  1708.130  0.64737  0.550E-04  0.181E-01  pot  B   0.1000
       107  -1.758295  1708.130  0.64738  0.529E-04  0.163E-01  pot  B   0.1000
       108  -1.758315  1708.046  0.64746  0.811E-04  0.174E-01  pot  B   0.1000
       109  -1.758309  1707.926  0.64757  0.629E-04  0.242E-01  pot  B   0.1000
       110  -1.758311  1708.075  0.64744  0.781E-04  0.174E-01  pot  B   0.1000
       111  -1.758327  1707.928  0.64759  0.770E-04  0.120E-01  pot  B   0.1000
       112  -1.758329  1708.001  0.64751  0.506E-04  0.130E-01  pot  B   0.1000
       113  -1.758341  1707.900  0.64761  0.525E-04  0.817E-02  pot  B   0.1000
       114  -1.758346  1707.823  0.64769  0.406E-04  0.101E-01  pot  B   0.1000
       115  -1.758337  1707.753  0.64776  0.415E-04  0.164E-01  pot  B   0.1000
       116  -1.758340  1707.807  0.64771  0.449E-04  0.136E-01  pot  B   0.1000
       117  -1.758348  1707.776  0.64774  0.298E-04  0.102E-01  pot  B   0.1000
       118  -1.758351  1707.734  0.64779  0.358E-04  0.969E-02  pot  B   0.1000
       119  -1.758348  1707.680  0.64784  0.343E-04  0.106E-01  pot  B   0.1000
       120  -1.758355  1707.654  0.64787  0.523E-04  0.123E-01  pot  B   0.1000
       121  -1.758358  1707.558  0.64797  0.513E-04  0.121E-01  pot  B   0.1000
       122  -1.758346  1707.675  0.64784  0.622E-04  0.162E-01  pot  B   0.1000
       123  -1.758364  1707.528  0.64800  0.779E-04  0.883E-02  pot  B   0.1000
       124  -1.758357  1707.660  0.64787  0.699E-04  0.108E-01  pot  B   0.1000
       125  -1.758366  1707.578  0.64796  0.439E-04  0.534E-02  pot  B   0.1000
       126  -1.758370  1707.521  0.64801  0.300E-04  0.673E-02  pot  B   0.1000
       127  -1.758371  1707.446  0.64810  0.403E-04  0.857E-02  pot  B   0.1000
       128  -1.758369  1707.464  0.64808  0.299E-04  0.870E-02  pot  B   0.1000
       129  -1.758371  1707.480  0.64806  0.237E-04  0.661E-02  pot  B   0.1000
       130  -1.758373  1707.439  0.64810  0.224E-04  0.593E-02  pot  B   0.1000
       131  -1.758373  1707.392  0.64816  0.262E-04  0.901E-02  pot  B   0.1000
       132  -1.758375  1707.398  0.64815  0.297E-04  0.959E-02  pot  B   0.1000
       133  -1.758379  1707.322  0.64824  0.410E-04  0.684E-02  pot  B   0.1000
       134  -1.758367  1707.383  0.64818  0.333E-04  0.137E-01  pot  B   0.1000
       135  -1.758380  1707.307  0.64826  0.413E-04  0.493E-02  pot  B   0.1000
       136  -1.758372  1707.382  0.64817  0.406E-04  0.109E-01  pot  B   0.1000
       137  -1.758379  1707.332  0.64822  0.271E-04  0.710E-02  pot  B   0.1000
       138  -1.758382  1707.303  0.64826  0.168E-04  0.294E-02  pot  B   0.1000
       139  -1.758384  1707.237  0.64834  0.359E-04  0.535E-02  pot  B   0.1000
       140  -1.758383  1707.246  0.64833  0.205E-04  0.614E-02  pot  B   0.1000
       141  -1.758382  1707.265  0.64831  0.200E-04  0.570E-02  pot  B   0.1000
       142  -1.758384  1707.245  0.64834  0.176E-04  0.355E-02  pot  B   0.1000
       143  -1.758385  1707.210  0.64838  0.192E-04  0.594E-02  pot  B   0.1000
       144  -1.758385  1707.222  0.64836  0.145E-04  0.566E-02  pot  B   0.1000
       145  -1.758387  1707.171  0.64842  0.277E-04  0.293E-02  pot  B   0.1000
       146  -1.758383  1707.174  0.64841  0.145E-04  0.918E-02  pot  B   0.1000
       147  -1.758388  1707.153  0.64844  0.166E-04  0.334E-02  pot  B   0.1000
       148  -1.758383  1707.159  0.64844  0.230E-04  0.764E-02  pot  B   0.1000
       149  -1.758386  1707.174  0.64842  0.213E-04  0.481E-02  pot  B   0.1000
       150  -1.758388  1707.149  0.64845  0.141E-04  0.231E-02  pot  B   0.1000
       151  -1.758389  1707.116  0.64849  0.181E-04  0.337E-02  pot  B   0.1000
       152  -1.758389  1707.093  0.64852  0.134E-04  0.346E-02  pot  B   0.1000
       153  -1.758388  1707.117  0.64849  0.143E-04  0.375E-02  pot  B   0.1000
       154  -1.758389  1707.102  0.64851  0.132E-04  0.291E-02  pot  B   0.1000
       155  -1.758390  1707.088  0.64853  0.101E-04  0.529E-02  pot  B   0.1000
       156  -1.758389  1707.100  0.64851  0.801E-05  0.401E-02  pot  B   0.1000
       157  -1.758391  1707.072  0.64855  0.153E-04  0.198E-02  pot  B   0.1000
       158  -1.758390  1707.058  0.64857  0.803E-05  0.428E-02  pot  B   0.1000
       159  -1.758391  1707.059  0.64857  0.765E-05  0.195E-02  pot  B   0.1000
       160  -1.758391  1707.019  0.64861  0.219E-04  0.336E-02  pot  B   0.1000
       161  -1.758390  1707.048  0.64858  0.162E-04  0.354E-02  pot  B   0.1000
       162  -1.758391  1707.047  0.64858  0.957E-05  0.206E-02  pot  B   0.1000
       163  -1.758392  1707.025  0.64861  0.122E-04  0.203E-02  pot  B   0.1000
       164  -1.758392  1707.006  0.64864  0.104E-04  0.225E-02  pot  B   0.1000
       165  -1.758391  1707.013  0.64863  0.995E-05  0.285E-02  pot  B   0.1000
       166  -1.758392  1707.011  0.64863  0.102E-04  0.217E-02  pot  B   0.1000
       167  -1.758392  1707.005  0.64864  0.684E-05  0.369E-02  pot  B   0.1000
       168  -1.758392  1707.009  0.64863  0.627E-05  0.325E-02  pot  B   0.1000
       169  -1.758392  1706.994  0.64865  0.869E-05  0.145E-02  pot  B   0.1000
       170  -1.758393  1706.981  0.64867  0.745E-05  0.188E-02  pot  B   0.1000
       171  -1.758393  1706.986  0.64866  0.396E-05  0.133E-02  pot  B   0.1000
       172  -1.758393  1706.961  0.64870  0.141E-04  0.203E-02  pot  B   0.1000
       173  -1.758393  1706.971  0.64868  0.854E-05  0.237E-02  pot  B   0.1000
       174  -1.758393  1706.971  0.64868  0.713E-05  0.178E-02  pot  B   0.1000
       175  -1.758393  1706.964  0.64869  0.551E-05  0.133E-02  pot  B   0.1000
       176  -1.758393  1706.945  0.64872  0.108E-04  0.183E-02  pot  B   0.1000
       177  -1.758393  1706.942  0.64872  0.601E-05  0.205E-02  pot  B   0.1000
       178  -1.758393  1706.941  0.64872  0.861E-05  0.165E-02  pot  B   0.1000
       179  -1.758393  1706.944  0.64872  0.485E-05  0.296E-02  pot  B   0.1000
       180  -1.758393  1706.942  0.64873  0.617E-05  0.305E-02  pot  B   0.1000
       181  -1.758393  1706.941  0.64873  0.715E-05  0.147E-02  pot  B   0.1000
       182  -1.758394  1706.928  0.64874  0.703E-05  0.167E-02  pot  B   0.1000
       183  -1.758394  1706.934  0.64874  0.352E-05  0.841E-03  pot  B   0.1000
       184  -1.758394  1706.918  0.64876  0.906E-05  0.924E-03  pot  B   0.1000
       185  -1.758394  1706.917  0.64876  0.733E-05  0.189E-02  pot  B   0.1000
       186  -1.758394  1706.919  0.64876  0.500E-05  0.165E-02  pot  B   0.1000
       187  -1.758394  1706.919  0.64876  0.389E-05  0.873E-03  pot  B   0.1000
       188  -1.758394  1706.908  0.64877  0.580E-05  0.765E-03  pot  B   0.1000
       189  -1.758394  1706.901  0.64878  0.473E-05  0.105E-02  pot  B   0.1000
       190  -1.758394  1706.901  0.64878  0.550E-05  0.121E-02  pot  B   0.1000
       191  -1.758394  1706.903  0.64878  0.289E-05  0.192E-02  pot  B   0.1000
       192  -1.758394  1706.892  0.64880  0.675E-05  0.179E-02  pot  B   0.1000
       193  -1.758394  1706.901  0.64878  0.561E-05  0.130E-02  pot  B   0.1000
       194  -1.758394  1706.892  0.64880  0.547E-05  0.105E-02  pot  B   0.1000
       195  -1.758394  1706.897  0.64879  0.301E-05  0.827E-03  pot  B   0.1000
       196  -1.758394  1706.883  0.64881  0.797E-05  0.900E-03  pot  B   0.1000
       197  -1.758394  1706.884  0.64881  0.469E-05  0.133E-02  pot  B   0.1000
       198  -1.758394  1706.878  0.64882  0.348E-05  0.131E-02  pot  B   0.1000
       199  -1.758394  1706.887  0.64880  0.565E-05  0.792E-03  pot  B   0.1000
       200  -1.758394  1706.880  0.64882  0.459E-05  0.688E-03  pot  B   0.1000
       201  -1.758394  1706.874  0.64882  0.298E-05  0.603E-03  pot  B   0.1000
       202  -1.758394  1706.871  0.64883  0.304E-05  0.587E-03  pot  B   0.1000
       203  -1.758394  1706.870  0.64883  0.199E-05  0.118E-02  pot  B   0.1000
       204  -1.758394  1706.865  0.64884  0.380E-05  0.957E-03  pot  B   0.1000
       205  -1.758394  1706.875  0.64882  0.580E-05  0.118E-02  pot  B   0.1000
       206  -1.758395  1706.867  0.64884  0.497E-05  0.868E-03  pot  B   0.1000
       207  -1.758394  1706.869  0.64883  0.201E-05  0.658E-03  pot  B   0.1000
       208  -1.758395  1706.860  0.64885  0.507E-05  0.625E-03  pot  B   0.1000
       209  -1.758395  1706.860  0.64885  0.308E-05  0.994E-03  pot  B   0.1000
       210  -1.758395  1706.857  0.64885  0.227E-05  0.828E-03  pot  B   0.1000
       211  -1.758395  1706.862  0.64884  0.310E-05  0.781E-03  pot  B   0.1000
       212  -1.758395  1706.858  0.64885  0.287E-05  0.613E-03  pot  B   0.1000
       213  -1.758395  1706.855  0.64885  0.177E-05  0.419E-03  pot  B   0.1000
       214  -1.758395  1706.853  0.64886  0.200E-05  0.421E-03  pot  B   0.1000
       215  -1.758395  1706.850  0.64886  0.173E-05  0.655E-03  pot  B   0.1000
       216  -1.758395  1706.847  0.64887  0.223E-05  0.533E-03  pot  B   0.1000
       217  -1.758395  1706.854  0.64886  0.378E-05  0.102E-02  pot  B   0.1000
       218  -1.758395  1706.849  0.64886  0.270E-05  0.626E-03  pot  B   0.1000
       219  -1.758395  1706.849  0.64886  0.175E-05  0.529E-03  pot  B   0.1000
       220  -1.758395  1706.845  0.64887  0.244E-05  0.496E-03  pot  B   0.1000
       221  -1.758395  1706.845  0.64887  0.177E-05  0.555E-03  pot  B   0.1000
       222  -1.758395  1706.841  0.64888  0.200E-05  0.565E-03  pot  B   0.1000
       223  -1.758395  1706.845  0.64887  0.223E-05  0.569E-03  pot  B   0.1000
       224  -1.758395  1706.843  0.64887  0.198E-05  0.393E-03  pot  B   0.1000
       225  -1.758395  1706.842  0.64888  0.130E-05  0.321E-03  pot  B   0.1000
       226  -1.758395  1706.840  0.64888  0.140E-05  0.295E-03  pot  B   0.1000
       227  -1.758395  1706.837  0.64889  0.202E-05  0.331E-03  pot  B   0.1000
       228  -1.758395  1706.837  0.64888  0.146E-05  0.294E-03  pot  B   0.1000
       229  -1.758395  1706.839  0.64888  0.148E-05  0.799E-03  pot  B   0.1000
       230  -1.758395  1706.838  0.64888  0.113E-05  0.492E-03  pot  B   0.1000
       231  -1.758395  1706.836  0.64889  0.142E-05  0.334E-03  pot  B   0.1000
       232  -1.758395  1706.835  0.64889  0.156E-05  0.259E-03  pot  B   0.1000
       233  -1.758395  1706.834  0.64889  0.778E-06  0.394E-03  pot  B   0.1000
       234  -1.758395  1706.833  0.64889  0.926E-06  0.295E-03  pot  B   0.1000
       235  -1.758395  1706.832  0.64889  0.127E-05  0.376E-03  pot  B   0.1000
       236  -1.758395  1706.832  0.64889  0.145E-05  0.349E-03  pot  B   0.1000
       237  -1.758395  1706.832  0.64889  0.713E-06  0.259E-03  pot  B   0.1000
       238  -1.758395  1706.831  0.64889  0.876E-06  0.201E-03  pot  B   0.1000
       239  -1.758395  1706.829  0.64890  0.141E-05  0.214E-03  pot  B   0.1000
       240  -1.758395  1706.829  0.64890  0.897E-06  0.278E-03  pot  B   0.1000
       241  -1.758395  1706.828  0.64890  0.103E-05  0.528E-03  pot  B   0.1000
       242  -1.758395  1706.830  0.64890  0.104E-05  0.333E-03  pot  B   0.1000
       243  -1.758395  1706.827  0.64890  0.137E-05  0.234E-03  pot  B   0.1000
       244  -1.758395  1706.828  0.64890  0.995E-06  0.185E-03  pot  B   0.1000
       245  -1.758395  1706.827  0.64890  0.449E-06  0.248E-03  pot  B   0.1000
       246  -1.758395  1706.826  0.64890  0.863E-06  0.179E-03  pot  B   0.1000
       247  -1.758395  1706.824  0.64891  0.982E-06  0.292E-03  pot  B   0.1000
       248  -1.758395  1706.825  0.64891  0.111E-05  0.241E-03  pot  B   0.1000
       249  -1.758395  1706.826  0.64891  0.538E-06  0.215E-03  pot  B   0.1000
       250  -1.758395  1706.825  0.64891  0.597E-06  0.119E-03  pot  B   0.1000
       251  -1.758395  1706.823  0.64891  0.115E-05  0.205E-03  pot  B   0.1000
       252  -1.758395  1706.824  0.64891  0.674E-06  0.205E-03  pot  B   0.1000
       253  -1.758395  1706.822  0.64891  0.122E-05  0.239E-03  pot  B   0.1000
       254  -1.758395  1706.824  0.64891  0.111E-05  0.331E-03  pot  B   0.1000
       255  -1.758395  1706.822  0.64891  0.129E-05  0.169E-03  pot  B   0.1000
       256  -1.758395  1706.822  0.64891  0.791E-06  0.176E-03  pot  B   0.1000
       257  -1.758395  1706.822  0.64891  0.590E-06  0.122E-03  pot  B   0.1000
       258  -1.758395  1706.821  0.64891  0.451E-06  0.125E-03  pot  B   0.1000
       259  -1.758395  1706.819  0.64892  0.119E-05  0.257E-03  pot  B   0.1000
       260  -1.758395  1706.820  0.64892  0.873E-06  0.198E-03  pot  B   0.1000
       261  -1.758395  1706.820  0.64891  0.429E-06  0.224E-03  pot  B   0.1000
       262  -1.758395  1706.820  0.64892  0.587E-06  0.134E-03  pot  B   0.1000
       263  -1.758395  1706.819  0.64892  0.691E-06  0.111E-03  pot  B   0.1000
       264  -1.758395  1706.819  0.64892  0.624E-06  0.262E-03  pot  B   0.1000
       265  -1.758395  1706.819  0.64892  0.524E-06  0.155E-03  pot  B   0.1000
       266  -1.758395  1706.819  0.64892  0.541E-06  0.203E-03  pot  B   0.1000
       267  -1.758395  1706.818  0.64892  0.345E-06  0.783E-04  pot  B   0.1000
       268  -1.758395  1706.818  0.64892  0.419E-06  0.991E-04  pot  B   0.1000
       269  -1.758395  1706.818  0.64892  0.407E-06  0.856E-04  pot  B   0.1000
       270  -1.758395  1706.818  0.64892  0.327E-06  0.673E-04  pot  B   0.1000
       271  -1.758395  1706.817  0.64892  0.560E-06  0.108E-03  pot  B   0.1000
       272  -1.758395  1706.817  0.64892  0.523E-06  0.104E-03  pot  B   0.1000
       273  -1.758395  1706.817  0.64892  0.284E-06  0.140E-03  pot  B   0.1000
       274  -1.758395  1706.817  0.64892  0.429E-06  0.991E-04  pot  B   0.1000
       275  -1.758395  1706.816  0.64892  0.331E-06  0.940E-04  pot  B   0.1000
       276  -1.758395  1706.816  0.64892  0.376E-06  0.160E-03  pot  B   0.1000
       277  -1.758395  1706.816  0.64892  0.325E-06  0.124E-03  pot  B   0.1000
       278  -1.758395  1706.816  0.64892  0.436E-06  0.172E-03  pot  B   0.1000
       279  -1.758395  1706.816  0.64892  0.286E-06  0.826E-04  pot  B   0.1000
       280  -1.758395  1706.816  0.64892  0.347E-06  0.105E-03  pot  B   0.1000
       281  -1.758395  1706.816  0.64892  0.300E-06  0.777E-04  pot  B   0.1000
       282  -1.758395  1706.815  0.64892  0.203E-06  0.411E-04  pot  B   0.1000
       283  -1.758395  1706.815  0.64893  0.372E-06  0.666E-04  pot  B   0.1000
       284  -1.758395  1706.815  0.64893  0.234E-06  0.667E-04  pot  B   0.1000
       285  -1.758395  1706.815  0.64893  0.190E-06  0.833E-04  pot  B   0.1000
       286  -1.758395  1706.815  0.64893  0.283E-06  0.859E-04  pot  B   0.1000
       287  -1.758395  1706.814  0.64893  0.225E-06  0.822E-04  pot  B   0.1000
       288  -1.758395  1706.814  0.64893  0.238E-06  0.109E-03  pot  B   0.1000
       289  -1.758395  1706.814  0.64893  0.234E-06  0.987E-04  pot  B   0.1000
       290  -1.758395  1706.814  0.64893  0.333E-06  0.105E-03  pot  B   0.1000
       291  -1.758395  1706.814  0.64893  0.205E-06  0.619E-04  pot  B   0.1000
       292  -1.758395  1706.814  0.64893  0.263E-06  0.867E-04  pot  B   0.1000
       293  -1.758395  1706.814  0.64893  0.257E-06  0.797E-04  pot  B   0.1000
       294  -1.758395  1706.814  0.64893  0.224E-06  0.359E-04  pot  B   0.1000
       295  -1.758395  1706.813  0.64893  0.237E-06  0.358E-04  pot  B   0.1000
       296  -1.758395  1706.813  0.64893  0.118E-06  0.466E-04  pot  B   0.1000
       297  -1.758395  1706.813  0.64893  0.182E-06  0.383E-04  pot  B   0.1000
       298  -1.758395  1706.813  0.64893  0.199E-06  0.500E-04  pot  B   0.1000
       299  -1.758395  1706.813  0.64893  0.143E-06  0.470E-04  pot  B   0.1000
       300  -1.758395  1706.813  0.64893  0.264E-06  0.614E-04  pot  B   0.1000
**     301  -1.758395  1706.813  0.64893  0.547E-12  0.614E-04  pot  B   0.1000
