System Description            : WNbMoTaTi, BCC structure                        
Number of Atoms in Unit Cell  : 160                                             
Number of Atomic Species      : 5                                               
Number of Atoms in Each Type  : 32(W), 32(Nb), 32(Mo), 32(Ta), 32(Ti)           
Energy Offset                 : -16193                                          
=======================================================================================
    Iter     Energy      3PV     Efermi   Rms_rho    Rms_pot   Mix  Alg  Alpha 
---------------------------------------------------------------------------------------
**       1  -0.755655  1839.789  0.54295  0.140E+01  0.142E+00  pot  B   0.1000
         2  -1.072691  1816.480  0.57553  0.765E-02  0.202E+00  pot  B   0.1000
         3  -1.115839  1800.277  0.58528  0.544E-02  0.466E+00  pot  B   0.1000
         4  -1.331396  1778.076  0.59927  0.735E-02  0.329E+00  pot  B   0.1000
         5  -1.432739  1770.746  0.60732  0.258E-02  0.187E+00  pot  B   0.1000
         6  -1.463560  1756.526  0.61760  0.499E-02  0.376E+00  pot  B   0.1000
         7  -1.545550  1738.111  0.63219  0.642E-02  0.153E+00  pot  B   0.1000
         8  -1.556416  1732.275  0.63740  0.219E-02  0.135E+00  pot  B   0.1000
         9  -1.572376  1727.000  0.64164  0.217E-02  0.610E-01  pot  B   0.1000
        10  -1.580318  1723.928  0.64405  0.151E-02  0.500E-01  pot  B   0.1000
        11  -1.592874  1718.034  0.64824  0.308E-02  0.472E-01  pot  B   0.1000
        12  -1.602168  1710.891  0.65332  0.387E-02  0.345E-01  pot  B   0.1000
        13  -1.603573  1707.931  0.65573  0.164E-02  0.293E-01  pot  B   0.1000
        14  -1.604139  1706.875  0.65688  0.644E-03  0.119E-01  pot  B   0.1000
        15  -1.604299  1706.421  0.65770  0.347E-03  0.481E-02  pot  B   0.1000
        16  -1.604375  1706.327  0.65827  0.162E-03  0.587E-02  pot  B   0.1000
        17  -1.604519  1706.386  0.65945  0.273E-03  0.500E-02  pot  B   0.1000
        18  -1.604572  1706.368  0.66045  0.179E-03  0.577E-02  pot  B   0.1000
        19  -1.604600  1706.394  0.66106  0.140E-03  0.310E-02  pot  B   0.1000
        20  -1.604611  1706.411  0.66147  0.630E-04  0.284E-02  pot  B   0.1000
        21  -1.604617  1706.365  0.66166  0.397E-04  0.214E-02  pot  B   0.1000
        22  -1.604619  1706.332  0.66179  0.229E-04  0.180E-02  pot  B   0.1000
        23  -1.604623  1706.306  0.66191  0.216E-04  0.108E-02  pot  B   0.1000
        24  -1.604627  1706.280  0.66206  0.238E-04  0.699E-03  pot  B   0.1000
        25  -1.604628  1706.250  0.66216  0.179E-04  0.623E-03  pot  B   0.1000
        26  -1.604629  1706.235  0.66221  0.980E-05  0.591E-03  pot  B   0.1000
        27  -1.604630  1706.225  0.66225  0.683E-05  0.334E-03  pot  B   0.1000
        28  -1.604630  1706.217  0.66228  0.555E-05  0.200E-03  pot  B   0.1000
        29  -1.604630  1706.212  0.66230  0.508E-05  0.260E-03  pot  B   0.1000
        30  -1.604630  1706.210  0.66231  0.334E-05  0.267E-03  pot  B   0.1000
        31  -1.604630  1706.207  0.66232  0.292E-05  0.157E-03  pot  B   0.1000
        32  -1.604630  1706.207  0.66233  0.249E-05  0.157E-03  pot  B   0.1000
        33  -1.604630  1706.207  0.66234  0.117E-05  0.109E-03  pot  B   0.1000
        34  -1.604630  1706.207  0.66234  0.162E-05  0.215E-03  pot  B   0.1000
        35  -1.604630  1706.206  0.66235  0.166E-05  0.108E-03  pot  B   0.1000
        36  -1.604630  1706.206  0.66237  0.204E-05  0.915E-04  pot  B   0.1000
        37  -1.604630  1706.206  0.66238  0.155E-05  0.671E-04  pot  B   0.1000
        38  -1.604631  1706.206  0.66238  0.129E-05  0.498E-04  pot  B   0.1000
        39  -1.604631  1706.206  0.66239  0.801E-06  0.437E-04  pot  B   0.1000
        40  -1.604631  1706.205  0.66240  0.860E-06  0.283E-04  pot  B   0.1000
        41  -1.604631  1706.205  0.66240  0.715E-06  0.268E-04  pot  B   0.1000
        42  -1.604631  1706.204  0.66241  0.512E-06  0.260E-04  pot  B   0.1000
        43  -1.604631  1706.204  0.66241  0.197E-06  0.284E-04  pot  B   0.1000
        44  -1.604631  1706.204  0.66241  0.347E-06  0.175E-04  pot  B   0.1000
        45  -1.604631  1706.203  0.66241  0.141E-06  0.140E-04  pot  B   0.1000
        46  -1.604631  1706.203  0.66241  0.117E-06  0.167E-04  pot  B   0.1000
        47  -1.604631  1706.203  0.66241  0.136E-06  0.108E-04  pot  B   0.1000
        48  -1.604631  1706.203  0.66241  0.142E-06  0.745E-05  pot  B   0.1000
        49  -1.604631  1706.203  0.66241  0.108E-06  0.103E-04  pot  B   0.1000
        50  -1.604631  1706.203  0.66242  0.952E-07  0.660E-05  pot  B   0.1000
        51  -1.604631  1706.202  0.66242  0.818E-07  0.417E-05  pot  B   0.1000
        52  -1.604631  1706.202  0.66242  0.594E-07  0.329E-05  pot  B   0.1000
        53  -1.604631  1706.202  0.66242  0.591E-07  0.275E-05  pot  B   0.1000
        54  -1.604631  1706.202  0.66242  0.691E-07  0.361E-05  pot  B   0.1000
        55  -1.604631  1706.202  0.66242  0.220E-07  0.353E-05  pot  B   0.1000
        56  -1.604631  1706.202  0.66242  0.636E-07  0.240E-05  pot  B   0.1000
        57  -1.604631  1706.202  0.66242  0.595E-07  0.236E-05  pot  B   0.1000
        58  -1.604631  1706.202  0.66242  0.368E-07  0.257E-05  pot  B   0.1000
        59  -1.604631  1706.202  0.66242  0.171E-07  0.191E-05  pot  B   0.1000
        60  -1.604631  1706.202  0.66242  0.321E-07  0.122E-05  pot  B   0.1000
        61  -1.604631  1706.202  0.66242  0.214E-07  0.139E-05  pot  B   0.1000
        62  -1.604631  1706.202  0.66242  0.132E-07  0.119E-05  pot  B   0.1000
        63  -1.604631  1706.202  0.66242  0.161E-07  0.114E-05  pot  B   0.1000
        64  -1.604631  1706.202  0.66242  0.890E-08  0.947E-06  pot  B   0.1000
        65  -1.604631  1706.202  0.66242  0.105E-07  0.527E-06  pot  B   0.1000
        66  -1.604631  1706.202  0.66242  0.699E-08  0.403E-06  pot  B   0.1000
        67  -1.604631  1706.202  0.66242  0.649E-08  0.706E-06  pot  B   0.1000
        68  -1.604631  1706.202  0.66242  0.464E-08  0.299E-06  pot  B   0.1000
        69  -1.604631  1706.202  0.66242  0.483E-08  0.278E-06  pot  B   0.1000
        70  -1.604631  1706.202  0.66242  0.371E-08  0.330E-06  pot  B   0.1000
        71  -1.604631  1706.202  0.66242  0.352E-08  0.362E-06  pot  B   0.1000
        72  -1.604631  1706.202  0.66242  0.255E-08  0.191E-06  pot  B   0.1000
        73  -1.604631  1706.202  0.66242  0.328E-08  0.172E-06  pot  B   0.1000
        74  -1.604631  1706.202  0.66242  0.265E-08  0.156E-06  pot  B   0.1000
        75  -1.604631  1706.202  0.66242  0.247E-08  0.128E-06  pot  B   0.1000
        76  -1.604631  1706.202  0.66242  0.233E-08  0.122E-06  pot  B   0.1000
        77  -1.604631  1706.202  0.66242  0.221E-08  0.110E-06  pot  B   0.1000
        78  -1.604631  1706.202  0.66242  0.193E-08  0.744E-07  pot  B   0.1000
        79  -1.604631  1706.202  0.66242  0.104E-08  0.101E-06  pot  B   0.1000
        80  -1.604631  1706.202  0.66242  0.132E-08  0.871E-07  pot  B   0.1000
        81  -1.604631  1706.202  0.66242  0.703E-09  0.658E-07  pot  B   0.1000
        82  -1.604631  1706.202  0.66242  0.377E-09  0.651E-07  pot  B   0.1000
        83  -1.604631  1706.202  0.66242  0.672E-09  0.497E-07  pot  B   0.1000
        84  -1.604631  1706.202  0.66242  0.311E-09  0.479E-07  pot  B   0.1000
        85  -1.604631  1706.202  0.66242  0.367E-09  0.347E-07  pot  B   0.1000
        86  -1.604631  1706.202  0.66242  0.363E-09  0.283E-07  pot  B   0.1000
        87  -1.604631  1706.202  0.66242  0.304E-09  0.258E-07  pot  B   0.1000
        88  -1.604631  1706.202  0.66242  0.310E-09  0.187E-07  pot  B   0.1000
        89  -1.604631  1706.202  0.66242  0.273E-09  0.144E-07  pot  B   0.1000
        90  -1.604631  1706.202  0.66242  0.250E-09  0.118E-07  pot  B   0.1000
        91  -1.604631  1706.202  0.66242  0.152E-09  0.121E-07  pot  B   0.1000
        92  -1.604631  1706.202  0.66242  0.174E-09  0.105E-07  pot  B   0.1000
        93  -1.604631  1706.202  0.66242  0.192E-09  0.963E-08  pot  B   0.1000
**      94  -1.604631  1706.202  0.66242  0.715E-12  0.963E-08  pot  B   0.1000
**      95  -1.604631  1706.202  0.66242  0.715E-12  0.963E-08  pot  B   0.1000
