System Description            : WNbMoTaV, BCC structure                         
Number of Atoms in Unit Cell  : 80                                              
Number of Atomic Species      : 5                                               
Number of Atoms in Each Type  : 16(W), 16(Nb), 16(Mo), 16(Ta), 16(V)            
Energy Offset                 : -16231                                          
=======================================================================================
    Iter     Energy      3PV     Efermi   Rms_rho    Rms_pot   Mix  Alg  Alpha 
---------------------------------------------------------------------------------------
**       1  -0.861263  1839.083  0.58676  0.140E+01  0.113E+00  pot  B   0.1000
         2  -1.186756  1816.494  0.59488  0.770E-02  0.283E+00  pot  B   0.1000
         3  -1.242497  1805.918  0.60722  0.467E-02  0.433E+00  pot  B   0.1000
         4  -1.401291  1795.913  0.61282  0.335E-02  0.280E+00  pot  B   0.1000
         5  -1.556796  1771.469  0.61976  0.822E-02  0.286E+00  pot  B   0.1000
         6  -1.632297  1757.102  0.62572  0.490E-02  0.204E+00  pot  B   0.1000
         7  -1.688857  1739.372  0.63077  0.607E-02  0.184E+00  pot  B   0.1000
         8  -1.714880  1733.059  0.63401  0.238E-02  0.618E-01  pot  B   0.1000
         9  -1.728524  1727.507  0.63631  0.243E-02  0.678E-01  pot  B   0.1000
        10  -1.741783  1721.616  0.63789  0.289E-02  0.445E-01  pot  B   0.1000
        11  -1.751606  1714.796  0.63978  0.356E-02  0.603E-01  pot  B   0.1000
        12  -1.757177  1709.640  0.64076  0.278E-02  0.429E-01  pot  B   0.1000
        13  -1.758390  1708.330  0.64163  0.787E-03  0.201E-01  pot  B   0.1000
        14  -1.758921  1707.568  0.64257  0.540E-03  0.640E-02  pot  B   0.1000
        15  -1.759044  1707.459  0.64325  0.194E-03  0.793E-02  pot  B   0.1000
        16  -1.759132  1707.259  0.64383  0.178E-03  0.720E-02  pot  B   0.1000
        17  -1.759310  1707.349  0.64521  0.247E-03  0.415E-02  pot  B   0.1000
        18  -1.759349  1707.253  0.64610  0.186E-03  0.495E-02  pot  B   0.1000
        19  -1.759430  1707.210  0.64746  0.223E-03  0.268E-02  pot  B   0.1000
        20  -1.759411  1707.080  0.64765  0.609E-04  0.425E-02  pot  B   0.1000
        21  -1.759431  1707.062  0.64789  0.499E-04  0.142E-02  pot  B   0.1000
        22  -1.759436  1707.076  0.64802  0.302E-04  0.200E-02  pot  B   0.1000
        23  -1.759439  1707.048  0.64809  0.214E-04  0.136E-02  pot  B   0.1000
        24  -1.759441  1706.975  0.64815  0.394E-04  0.911E-03  pot  B   0.1000
        25  -1.759440  1706.964  0.64815  0.158E-04  0.123E-02  pot  B   0.1000
        26  -1.759441  1706.927  0.64820  0.233E-04  0.606E-03  pot  B   0.1000
        27  -1.759441  1706.898  0.64822  0.165E-04  0.649E-03  pot  B   0.1000
        28  -1.759440  1706.864  0.64826  0.250E-04  0.591E-03  pot  B   0.1000
        29  -1.759440  1706.837  0.64825  0.117E-04  0.341E-03  pot  B   0.1000
        30  -1.759440  1706.828  0.64827  0.718E-05  0.292E-03  pot  B   0.1000
        31  -1.759440  1706.816  0.64829  0.999E-05  0.122E-03  pot  B   0.1000
        32  -1.759440  1706.814  0.64831  0.277E-05  0.156E-03  pot  B   0.1000
        33  -1.759440  1706.810  0.64833  0.348E-05  0.888E-04  pot  B   0.1000
        34  -1.759440  1706.805  0.64835  0.423E-05  0.101E-03  pot  B   0.1000
        35  -1.759440  1706.804  0.64836  0.182E-05  0.997E-04  pot  B   0.1000
        36  -1.759441  1706.805  0.64839  0.154E-05  0.637E-04  pot  B   0.1000
        37  -1.759441  1706.803  0.64840  0.136E-05  0.653E-04  pot  B   0.1000
        38  -1.759441  1706.803  0.64840  0.848E-06  0.416E-04  pot  B   0.1000
        39  -1.759441  1706.803  0.64841  0.724E-06  0.339E-04  pot  B   0.1000
        40  -1.759441  1706.803  0.64840  0.456E-06  0.291E-04  pot  B   0.1000
        41  -1.759441  1706.802  0.64841  0.117E-05  0.295E-04  pot  B   0.1000
        42  -1.759441  1706.803  0.64841  0.353E-06  0.315E-04  pot  B   0.1000
        43  -1.759441  1706.802  0.64841  0.458E-06  0.139E-04  pot  B   0.1000
        44  -1.759441  1706.802  0.64842  0.479E-06  0.170E-04  pot  B   0.1000
        45  -1.759441  1706.802  0.64842  0.207E-06  0.102E-04  pot  B   0.1000
        46  -1.759441  1706.802  0.64842  0.181E-06  0.714E-05  pot  B   0.1000
        47  -1.759441  1706.802  0.64842  0.128E-06  0.643E-05  pot  B   0.1000
        48  -1.759441  1706.802  0.64842  0.153E-06  0.348E-05  pot  B   0.1000
        49  -1.759441  1706.802  0.64842  0.133E-06  0.363E-05  pot  B   0.1000
        50  -1.759441  1706.802  0.64842  0.705E-07  0.396E-05  pot  B   0.1000
        51  -1.759441  1706.802  0.64842  0.967E-07  0.249E-05  pot  B   0.1000
        52  -1.759441  1706.802  0.64842  0.433E-07  0.229E-05  pot  B   0.1000
        53  -1.759441  1706.802  0.64842  0.230E-07  0.129E-05  pot  B   0.1000
        54  -1.759441  1706.802  0.64842  0.171E-07  0.213E-05  pot  B   0.1000
        55  -1.759441  1706.802  0.64842  0.151E-07  0.977E-06  pot  B   0.1000
        56  -1.759441  1706.802  0.64842  0.215E-07  0.970E-06  pot  B   0.1000
        57  -1.759441  1706.802  0.64842  0.186E-07  0.113E-05  pot  B   0.1000
        58  -1.759441  1706.802  0.64842  0.186E-07  0.933E-06  pot  B   0.1000
        59  -1.759441  1706.802  0.64842  0.100E-07  0.738E-06  pot  B   0.1000
        60  -1.759441  1706.802  0.64842  0.994E-08  0.490E-06  pot  B   0.1000
        61  -1.759441  1706.802  0.64842  0.872E-08  0.293E-06  pot  B   0.1000
        62  -1.759441  1706.802  0.64842  0.659E-08  0.516E-06  pot  B   0.1000
        63  -1.759441  1706.802  0.64842  0.504E-08  0.224E-06  pot  B   0.1000
        64  -1.759441  1706.802  0.64842  0.350E-08  0.209E-06  pot  B   0.1000
        65  -1.759441  1706.802  0.64842  0.229E-08  0.155E-06  pot  B   0.1000
        66  -1.759441  1706.802  0.64842  0.196E-08  0.198E-06  pot  B   0.1000
        67  -1.759441  1706.802  0.64842  0.176E-08  0.101E-06  pot  B   0.1000
        68  -1.759441  1706.802  0.64842  0.250E-08  0.579E-07  pot  B   0.1000
        69  -1.759441  1706.802  0.64842  0.117E-08  0.754E-07  pot  B   0.1000
        70  -1.759441  1706.802  0.64842  0.120E-08  0.739E-07  pot  B   0.1000
        71  -1.759441  1706.802  0.64842  0.914E-09  0.525E-07  pot  B   0.1000
        72  -1.759441  1706.802  0.64842  0.534E-09  0.227E-07  pot  B   0.1000
        73  -1.759441  1706.802  0.64842  0.377E-09  0.323E-07  pot  B   0.1000
        74  -1.759441  1706.802  0.64842  0.405E-09  0.246E-07  pot  B   0.1000
        75  -1.759441  1706.802  0.64842  0.318E-09  0.179E-07  pot  B   0.1000
        76  -1.759441  1706.802  0.64842  0.253E-09  0.190E-07  pot  B   0.1000
        77  -1.759441  1706.802  0.64842  0.222E-09  0.171E-07  pot  B   0.1000
        78  -1.759441  1706.802  0.64842  0.172E-09  0.144E-07  pot  B   0.1000
        79  -1.759441  1706.802  0.64842  0.120E-09  0.766E-08  pot  B   0.1000
**      80  -1.759441  1706.802  0.64842  0.113E-11  0.766E-08  pot  B   0.1000
