 Atom   Index      Q          Qmt        dQ        Vmad        Local Energy
  W         1   73.92840   72.62453   -0.07160    1.68796      -32312.48574
  W         2   73.76252   72.45865   -0.23748    1.85706      -32312.59296
  W         3   73.81485   72.51098   -0.18515    1.80546      -32312.55933
  W         4   73.92855   72.62468   -0.07145    1.68992      -32312.49037
  W         5   74.01144   72.70757    0.01144    1.61273      -32312.44225
  W         6   73.91616   72.61229   -0.08384    1.70432      -32312.49577
  W         7   73.88086   72.57699   -0.11914    1.73342      -32312.50666
  W         8   73.91229   72.60842   -0.08771    1.71879      -32312.51391
  W         9   73.90865   72.60478   -0.09135    1.71409      -32312.50113
  W        10   73.97984   72.67597   -0.02016    1.64076      -32312.45742
  W        11   73.82093   72.51706   -0.17907    1.80126      -32312.55948
  W        12   73.94255   72.63868   -0.05745    1.67061      -32312.47388
  W        13   73.95798   72.65411   -0.04202    1.66096      -32312.47557
  W        14   73.87058   72.56671   -0.12942    1.75061      -32312.52222
  W        15   73.87998   72.57611   -0.12002    1.72218      -32312.48179
  W        16   73.73553   72.43166   -0.26447    1.88669      -32312.61535
  Nb       17   40.82518   39.52131   -0.17482    1.82421       -7632.66050
  Nb       18   40.92480   39.62093   -0.07520    1.72321       -7632.60815
  Nb       19   41.00258   39.69871    0.00258    1.64706       -7632.54756
  Nb       20   41.07488   39.77101    0.07488    1.56939       -7632.50640
  Nb       21   40.86145   39.55758   -0.13855    1.78113       -7632.62671
  Nb       22   40.92416   39.62029   -0.07584    1.72227       -7632.60024
  Nb       23   40.85246   39.54859   -0.14754    1.79246       -7632.64079
  Nb       24   40.85761   39.55374   -0.14239    1.78836       -7632.64050
  Nb       25   40.91252   39.60865   -0.08748    1.73166       -7632.59902
  Nb       26   40.95937   39.65550   -0.04063    1.68991       -7632.58377
  Nb       27   40.88045   39.57658   -0.11955    1.76493       -7632.62768
  Nb       28   41.00408   39.70021    0.00408    1.64393       -7632.55301
  Nb       29   40.80064   39.49677   -0.19936    1.84366       -7632.67382
  Nb       30   40.98488   39.68101   -0.01512    1.66006       -7632.56567
  Nb       31   40.96659   39.66272   -0.03341    1.68489       -7632.58370
  Nb       32   40.92441   39.62054   -0.07559    1.73068       -7632.61614
  Mo       33   41.97339   40.66952   -0.02661    1.77432       -8090.65984
  Mo       34   41.96738   40.66351   -0.03262    1.77931       -8090.66291
  Mo       35   42.17668   40.87281    0.17668    1.56127       -8090.53024
  Mo       36   42.16439   40.86052    0.16439    1.58141       -8090.55371
  Mo       37   42.13672   40.83285    0.13672    1.60636       -8090.56436
  Mo       38   42.03965   40.73578    0.03965    1.70002       -8090.60857
  Mo       39   42.10168   40.79781    0.10168    1.64649       -8090.59049
  Mo       40   42.12971   40.82584    0.12971    1.60380       -8090.54633
  Mo       41   42.13732   40.83345    0.13732    1.59850       -8090.54304
  Mo       42   42.02791   40.72404    0.02791    1.71075       -8090.61605
  Mo       43   42.01575   40.71188    0.01575    1.73830       -8090.64479
  Mo       44   42.16045   40.85658    0.16045    1.58170       -8090.54747
  Mo       45   42.16933   40.86546    0.16933    1.57333       -8090.54167
  Mo       46   42.08502   40.78115    0.08502    1.65205       -8090.58221
  Mo       47   42.14625   40.84238    0.14625    1.58918       -8090.53370
  Mo       48   42.02280   40.71893    0.02280    1.72490       -8090.63010
  Ta       49   72.76767   71.46380   -0.23233    1.77898      -31232.94163
  Ta       50   72.75456   71.45069   -0.24544    1.80058      -31232.96331
  Ta       51   72.77567   71.47180   -0.22433    1.77708      -31232.93524
  Ta       52   72.85240   71.54853   -0.14760    1.70663      -31232.90752
  Ta       53   72.76023   71.45636   -0.23977    1.79989      -31232.96028
  Ta       54   72.77916   71.47529   -0.22084    1.76974      -31232.93951
  Ta       55   72.81812   71.51425   -0.18188    1.74954      -31232.93306
  Ta       56   72.64625   71.34238   -0.35375    1.90289      -31232.99974
  Ta       57   72.71841   71.41454   -0.28159    1.83928      -31232.97702
  Ta       58   72.75352   71.44965   -0.24648    1.80405      -31232.95853
  Ta       59   72.75263   71.44876   -0.24737    1.79759      -31232.95533
  Ta       60   72.78386   71.47999   -0.21614    1.77624      -31232.94232
  Ta       61   72.74870   71.44483   -0.25130    1.80870      -31232.97024
  Ta       62   72.74749   71.44362   -0.25251    1.80929      -31232.96420
  Ta       63   72.69788   71.39401   -0.30212    1.85007      -31232.97335
  Ta       64   72.74452   71.44065   -0.25548    1.81355      -31232.96605
  Ti       65   22.42310   21.11924    0.42310    1.44543       -1704.31652
  Ti       66   22.19730   20.89343    0.19730    1.67783       -1704.46284
  Ti       67   22.31433   21.01046    0.31433    1.56744       -1704.39321
  Ti       68   22.41623   21.11236    0.41623    1.44792       -1704.30159
  Ti       69   22.31353   21.00966    0.31353    1.57321       -1704.42247
  Ti       70   22.38159   21.07772    0.38159    1.47316       -1704.29202
  Ti       71   22.32217   21.01830    0.32217    1.54381       -1704.36877
  Ti       72   22.30026   20.99639    0.30026    1.57927       -1704.41907
  Ti       73   22.32743   21.02356    0.32743    1.55151       -1704.39149
  Ti       74   22.32100   21.01713    0.32100    1.55199       -1704.38787
  Ti       75   22.32047   21.01660    0.32047    1.55371       -1704.37916
  Ti       76   22.37111   21.06724    0.37111    1.50298       -1704.37372
  Ti       77   22.43251   21.12864    0.43251    1.44252       -1704.34061
  Ti       78   22.37859   21.07472    0.37859    1.49776       -1704.34827
  Ti       79   22.27786   20.97399    0.27786    1.58719       -1704.38848
  Ti       80   22.33983   21.03596    0.33983    1.53014       -1704.36322
