System Description            : WNbMoTaTi, BCC structure                        
Number of Atoms in Unit Cell  : 160                                             
Number of Atomic Species      : 5                                               
Number of Atoms in Each Type  : 32(W), 32(Nb), 32(Mo), 32(Ta), 32(Ti)           
Energy Offset                 : -16193                                          
=======================================================================================
    Iter     Energy      3PV     Efermi   Rms_rho    Rms_pot   Mix  Alg  Alpha 
---------------------------------------------------------------------------------------
**       1  -0.755235  1839.827  0.54110  0.140E+01  0.143E+00  pot  B   0.1000
         2  -1.064325  1816.493  0.57491  0.770E-02  0.244E+00  pot  B   0.1000
         3  -1.033420  1804.834  0.58201  0.388E-02  0.486E+00  pot  B   0.1000
         4  -1.297955  1779.785  0.59752  0.832E-02  0.490E+00  pot  B   0.1000
         5  -1.435253  1766.992  0.60771  0.451E-02  0.260E+00  pot  B   0.1000
         6  -1.480171  1757.383  0.61671  0.344E-02  0.259E+00  pot  B   0.1000
         7  -1.525343  1741.618  0.62854  0.566E-02  0.246E+00  pot  B   0.1000
         8  -1.560884  1733.176  0.63590  0.315E-02  0.110E+00  pot  B   0.1000
         9  -1.575729  1726.135  0.64132  0.282E-02  0.446E-01  pot  B   0.1000
        10  -1.583439  1722.607  0.64428  0.174E-02  0.461E-01  pot  B   0.1000
        11  -1.595081  1717.035  0.64817  0.296E-02  0.415E-01  pot  B   0.1000
        12  -1.603048  1710.290  0.65321  0.368E-02  0.372E-01  pot  B   0.1000
        13  -1.604460  1707.799  0.65525  0.141E-02  0.244E-01  pot  B   0.1000
        14  -1.604987  1707.275  0.65586  0.599E-03  0.112E-01  pot  B   0.1000
        15  -1.605119  1706.470  0.65692  0.381E-03  0.507E-02  pot  B   0.1000
        16  -1.605203  1706.315  0.65776  0.193E-03  0.562E-02  pot  B   0.1000
        17  -1.605250  1706.269  0.65835  0.111E-03  0.745E-02  pot  B   0.1000
        18  -1.605324  1706.190  0.65919  0.193E-03  0.786E-02  pot  B   0.1000
        19  -1.605392  1705.973  0.66028  0.244E-03  0.313E-02  pot  B   0.1000
        20  -1.605400  1706.005  0.66072  0.741E-04  0.379E-02  pot  B   0.1000
        21  -1.605408  1706.098  0.66081  0.367E-04  0.189E-02  pot  B   0.1000
        22  -1.605415  1706.125  0.66102  0.464E-04  0.750E-03  pot  B   0.1000
        23  -1.605416  1706.171  0.66105  0.198E-04  0.118E-02  pot  B   0.1000
        24  -1.605419  1706.241  0.66114  0.311E-04  0.734E-03  pot  B   0.1000
        25  -1.605421  1706.284  0.66123  0.244E-04  0.524E-03  pot  B   0.1000
        26  -1.605422  1706.298  0.66127  0.103E-04  0.450E-03  pot  B   0.1000
        27  -1.605422  1706.304  0.66132  0.988E-05  0.348E-03  pot  B   0.1000
        28  -1.605423  1706.293  0.66135  0.435E-05  0.358E-03  pot  B   0.1000
        29  -1.605423  1706.275  0.66137  0.639E-05  0.421E-03  pot  B   0.1000
        30  -1.605423  1706.256  0.66139  0.631E-05  0.320E-03  pot  B   0.1000
        31  -1.605423  1706.241  0.66141  0.464E-05  0.183E-03  pot  B   0.1000
        32  -1.605424  1706.225  0.66143  0.613E-05  0.191E-03  pot  B   0.1000
        33  -1.605424  1706.216  0.66144  0.300E-05  0.177E-03  pot  B   0.1000
        34  -1.605424  1706.209  0.66145  0.350E-05  0.115E-03  pot  B   0.1000
        35  -1.605424  1706.204  0.66146  0.327E-05  0.130E-03  pot  B   0.1000
        36  -1.605424  1706.193  0.66148  0.525E-05  0.108E-03  pot  B   0.1000
        37  -1.605424  1706.189  0.66149  0.327E-05  0.773E-04  pot  B   0.1000
        38  -1.605424  1706.187  0.66150  0.222E-05  0.601E-04  pot  B   0.1000
        39  -1.605424  1706.188  0.66151  0.134E-05  0.442E-04  pot  B   0.1000
        40  -1.605424  1706.188  0.66151  0.118E-05  0.465E-04  pot  B   0.1000
        41  -1.605424  1706.191  0.66152  0.122E-05  0.517E-04  pot  B   0.1000
        42  -1.605425  1706.193  0.66153  0.906E-06  0.597E-04  pot  B   0.1000
        43  -1.605425  1706.195  0.66153  0.710E-06  0.307E-04  pot  B   0.1000
        44  -1.605425  1706.197  0.66153  0.900E-06  0.263E-04  pot  B   0.1000
        45  -1.605425  1706.197  0.66154  0.380E-06  0.327E-04  pot  B   0.1000
        46  -1.605425  1706.197  0.66154  0.266E-06  0.171E-04  pot  B   0.1000
        47  -1.605425  1706.197  0.66154  0.283E-06  0.155E-04  pot  B   0.1000
        48  -1.605425  1706.197  0.66154  0.251E-06  0.130E-04  pot  B   0.1000
        49  -1.605425  1706.197  0.66154  0.207E-06  0.118E-04  pot  B   0.1000
        50  -1.605425  1706.196  0.66154  0.156E-06  0.853E-05  pot  B   0.1000
        51  -1.605425  1706.196  0.66154  0.193E-06  0.905E-05  pot  B   0.1000
        52  -1.605425  1706.195  0.66154  0.207E-06  0.745E-05  pot  B   0.1000
        53  -1.605425  1706.194  0.66154  0.258E-06  0.904E-05  pot  B   0.1000
        54  -1.605425  1706.194  0.66154  0.199E-06  0.826E-05  pot  B   0.1000
        55  -1.605425  1706.194  0.66154  0.149E-06  0.647E-05  pot  B   0.1000
        56  -1.605425  1706.193  0.66154  0.259E-06  0.531E-05  pot  B   0.1000
        57  -1.605425  1706.193  0.66154  0.169E-06  0.724E-05  pot  B   0.1000
        58  -1.605425  1706.193  0.66154  0.550E-07  0.678E-05  pot  B   0.1000
        59  -1.605425  1706.193  0.66155  0.127E-06  0.429E-05  pot  B   0.1000
        60  -1.605425  1706.193  0.66155  0.715E-07  0.332E-05  pot  B   0.1000
        61  -1.605425  1706.193  0.66155  0.610E-07  0.256E-05  pot  B   0.1000
        62  -1.605425  1706.193  0.66155  0.382E-07  0.232E-05  pot  B   0.1000
        63  -1.605425  1706.193  0.66155  0.438E-07  0.181E-05  pot  B   0.1000
        64  -1.605425  1706.193  0.66155  0.314E-07  0.216E-05  pot  B   0.1000
        65  -1.605425  1706.193  0.66155  0.327E-07  0.150E-05  pot  B   0.1000
        66  -1.605425  1706.193  0.66155  0.156E-07  0.164E-05  pot  B   0.1000
        67  -1.605425  1706.193  0.66155  0.901E-08  0.937E-06  pot  B   0.1000
        68  -1.605425  1706.193  0.66155  0.183E-07  0.803E-06  pot  B   0.1000
        69  -1.605425  1706.193  0.66155  0.161E-07  0.114E-05  pot  B   0.1000
        70  -1.605425  1706.193  0.66155  0.564E-08  0.106E-05  pot  B   0.1000
        71  -1.605425  1706.193  0.66155  0.176E-07  0.743E-06  pot  B   0.1000
        72  -1.605425  1706.193  0.66155  0.786E-08  0.594E-06  pot  B   0.1000
        73  -1.605425  1706.193  0.66155  0.136E-07  0.550E-06  pot  B   0.1000
        74  -1.605425  1706.193  0.66155  0.108E-07  0.486E-06  pot  B   0.1000
        75  -1.605425  1706.193  0.66155  0.124E-07  0.447E-06  pot  B   0.1000
        76  -1.605425  1706.193  0.66155  0.992E-08  0.406E-06  pot  B   0.1000
        77  -1.605425  1706.193  0.66155  0.122E-07  0.370E-06  pot  B   0.1000
        78  -1.605425  1706.193  0.66155  0.695E-08  0.381E-06  pot  B   0.1000
        79  -1.605425  1706.193  0.66155  0.326E-08  0.357E-06  pot  B   0.1000
        80  -1.605425  1706.193  0.66155  0.873E-08  0.246E-06  pot  B   0.1000
        81  -1.605425  1706.193  0.66155  0.244E-08  0.296E-06  pot  B   0.1000
        82  -1.605425  1706.193  0.66155  0.130E-08  0.322E-06  pot  B   0.1000
        83  -1.605425  1706.193  0.66155  0.209E-08  0.140E-06  pot  B   0.1000
        84  -1.605425  1706.193  0.66155  0.106E-08  0.124E-06  pot  B   0.1000
        85  -1.605425  1706.193  0.66155  0.177E-08  0.131E-06  pot  B   0.1000
        86  -1.605425  1706.193  0.66155  0.166E-08  0.109E-06  pot  B   0.1000
        87  -1.605425  1706.193  0.66155  0.122E-08  0.770E-07  pot  B   0.1000
        88  -1.605425  1706.193  0.66155  0.115E-08  0.783E-07  pot  B   0.1000
        89  -1.605425  1706.193  0.66155  0.103E-08  0.548E-07  pot  B   0.1000
        90  -1.605425  1706.193  0.66155  0.596E-09  0.815E-07  pot  B   0.1000
        91  -1.605425  1706.193  0.66155  0.460E-09  0.552E-07  pot  B   0.1000
        92  -1.605425  1706.193  0.66155  0.799E-09  0.379E-07  pot  B   0.1000
        93  -1.605425  1706.193  0.66155  0.671E-09  0.439E-07  pot  B   0.1000
        94  -1.605425  1706.193  0.66155  0.519E-09  0.494E-07  pot  B   0.1000
        95  -1.605425  1706.193  0.66155  0.619E-09  0.345E-07  pot  B   0.1000
        96  -1.605425  1706.193  0.66155  0.471E-09  0.330E-07  pot  B   0.1000
        97  -1.605425  1706.193  0.66155  0.775E-09  0.287E-07  pot  B   0.1000
        98  -1.605425  1706.193  0.66155  0.665E-09  0.185E-07  pot  B   0.1000
        99  -1.605425  1706.193  0.66155  0.322E-09  0.164E-07  pot  B   0.1000
       100  -1.605425  1706.193  0.66155  0.351E-09  0.150E-07  pot  B   0.1000
       101  -1.605425  1706.193  0.66155  0.211E-09  0.130E-07  pot  B   0.1000
       102  -1.605425  1706.193  0.66155  0.134E-09  0.149E-07  pot  B   0.1000
       103  -1.605425  1706.193  0.66155  0.137E-09  0.130E-07  pot  B   0.1000
       104  -1.605425  1706.193  0.66155  0.741E-10  0.722E-08  pot  B   0.1000
**     105  -1.605425  1706.193  0.66155  0.483E-12  0.722E-08  pot  B   0.1000
**     106  -1.605425  1706.193  0.66155  0.483E-12  0.722E-08  pot  B   0.1000
