 Atom   Index      Q          Qmt        dQ        Vmad        Local Energy
  W         1   73.93632   72.54887   -0.06368    1.82652      -32312.62566
  W         2   73.90067   72.51323   -0.09933    1.85944      -32312.64997
  W         3   73.90314   72.51570   -0.09686    1.85759      -32312.64112
  W         4   73.97155   72.58411   -0.02845    1.79759      -32312.61561
  W         5   73.93789   72.55044   -0.06211    1.83419      -32312.63723
  W         6   73.88215   72.49470   -0.11785    1.88047      -32312.66292
  W         7   73.99060   72.60315   -0.00940    1.77907      -32312.60160
  W         8   74.02766   72.64022    0.02766    1.75378      -32312.59170
  W         9   74.01225   72.62481    0.01225    1.75737      -32312.58909
  W        10   73.92237   72.53492   -0.07763    1.84748      -32312.64025
  W        11   73.94949   72.56205   -0.05051    1.82631      -32312.63200
  W        12   73.95749   72.57005   -0.04251    1.81587      -32312.62442
  W        13   73.91838   72.53093   -0.08162    1.84828      -32312.64824
  W        14   73.97095   72.58351   -0.02905    1.80436      -32312.62154
  W        15   73.93467   72.54722   -0.06533    1.83893      -32312.64211
  W        16   73.89936   72.51191   -0.10064    1.86077      -32312.64796
  W        17   74.07311   72.68566    0.07311    1.70681      -32312.56901
  W        18   73.97973   72.59228   -0.02027    1.78896      -32312.61073
  W        19   73.96115   72.57371   -0.03885    1.80910      -32312.62831
  W        20   74.03341   72.64596    0.03341    1.73853      -32312.58287
  W        21   73.97175   72.58431   -0.02825    1.79414      -32312.60758
  W        22   73.98164   72.59419   -0.01836    1.78642      -32312.60356
  W        23   73.95534   72.56790   -0.04466    1.81441      -32312.62375
  W        24   73.95523   72.56778   -0.04477    1.80775      -32312.61798
  W        25   74.02409   72.63665    0.02409    1.74371      -32312.58140
  W        26   73.86917   72.48173   -0.13083    1.88853      -32312.65830
  W        27   73.93785   72.55040   -0.06215    1.82592      -32312.62927
  W        28   73.93601   72.54856   -0.06399    1.83197      -32312.63349
  W        29   73.98130   72.59386   -0.01870    1.78492      -32312.60333
  W        30   73.89706   72.50962   -0.10294    1.86129      -32312.64621
  W        31   73.97596   72.58852   -0.02404    1.79920      -32312.62130
  W        32   73.93818   72.55074   -0.06182    1.82687      -32312.63092
  Nb       33   41.07078   39.68334    0.07078    1.74125       -7632.69101
  Nb       34   40.98264   39.59520   -0.01736    1.82348       -7632.73501
  Nb       35   41.00804   39.62060    0.00804    1.80085       -7632.72902
  Nb       36   40.94794   39.56049   -0.05206    1.85458       -7632.75633
  Nb       37   40.99088   39.60343   -0.00912    1.81250       -7632.72791
  Nb       38   40.92074   39.53329   -0.07926    1.88164       -7632.77615
  Nb       39   41.03319   39.64574    0.03319    1.77233       -7632.70452
  Nb       40   40.98036   39.59292   -0.01964    1.82776       -7632.74219
  Nb       41   41.04188   39.65444    0.04188    1.76586       -7632.70244
  Nb       42   40.94450   39.55706   -0.05550    1.85768       -7632.75603
  Nb       43   40.89324   39.50580   -0.10676    1.90599       -7632.79239
  Nb       44   41.00974   39.62229    0.00974    1.78929       -7632.71835
  Nb       45   41.01399   39.62655    0.01399    1.78919       -7632.71811
  Nb       46   41.06948   39.68204    0.06948    1.74267       -7632.69201
  Nb       47   40.98857   39.60112   -0.01143    1.81673       -7632.73562
  Nb       48   41.05283   39.66539    0.05283    1.76011       -7632.69491
  Nb       49   41.01120   39.62376    0.01120    1.79277       -7632.71744
  Nb       50   40.95590   39.56846   -0.04410    1.84348       -7632.74689
  Nb       51   40.98499   39.59755   -0.01501    1.81578       -7632.74415
  Nb       52   40.97903   39.59158   -0.02097    1.81991       -7632.73719
  Nb       53   41.00481   39.61736    0.00481    1.79623       -7632.72699
  Nb       54   40.97188   39.58444   -0.02812    1.83011       -7632.74235
  Nb       55   41.04733   39.65988    0.04733    1.75565       -7632.69958
  Nb       56   41.03837   39.65093    0.03837    1.77325       -7632.71264
  Nb       57   41.09961   39.71216    0.09961    1.71315       -7632.67334
  Nb       58   41.03824   39.65079    0.03824    1.76809       -7632.70708
  Nb       59   41.04667   39.65922    0.04667    1.76067       -7632.70077
  Nb       60   41.00659   39.61914    0.00659    1.79508       -7632.72578
  Nb       61   41.03847   39.65102    0.03847    1.76960       -7632.71086
  Nb       62   41.01268   39.62524    0.01268    1.79224       -7632.72353
  Nb       63   41.01746   39.63001    0.01746    1.78622       -7632.71373
  Nb       64   41.01640   39.62895    0.01640    1.79129       -7632.71813
  Mo       65   42.10099   40.71355    0.10099    1.79332       -8090.73592
  Mo       66   42.14139   40.75395    0.14139    1.75650       -8090.71886
  Mo       67   42.16943   40.78199    0.16943    1.72635       -8090.70050
  Mo       68   42.25696   40.86951    0.25696    1.64093       -8090.65578
  Mo       69   42.17451   40.78706    0.17451    1.72276       -8090.69452
  Mo       70   42.18059   40.79314    0.18059    1.70972       -8090.68938
  Mo       71   42.21157   40.82412    0.21157    1.68525       -8090.67771
  Mo       72   42.10446   40.71702    0.10446    1.78587       -8090.72606
  Mo       73   42.16666   40.77922    0.16666    1.72805       -8090.69642
  Mo       74   42.19515   40.80770    0.19515    1.70611       -8090.69324
  Mo       75   42.18232   40.79487    0.18232    1.70971       -8090.68315
  Mo       76   42.28968   40.90223    0.28968    1.61464       -8090.63846
  Mo       77   42.22589   40.83845    0.22589    1.66534       -8090.66873
  Mo       78   42.16372   40.77628    0.16372    1.72657       -8090.69480
  Mo       79   42.11861   40.73116    0.11861    1.77119       -8090.72360
  Mo       80   42.21294   40.82550    0.21294    1.68849       -8090.68431
  Mo       81   42.11711   40.72967    0.11711    1.77477       -8090.72964
  Mo       82   42.21091   40.82346    0.21091    1.69158       -8090.68338
  Mo       83   42.22895   40.84150    0.22895    1.65847       -8090.65694
  Mo       84   42.12463   40.73718    0.12463    1.76795       -8090.71676
  Mo       85   42.15246   40.76501    0.15246    1.74232       -8090.70296
  Mo       86   42.15085   40.76341    0.15085    1.74683       -8090.71054
  Mo       87   42.12501   40.73757    0.12501    1.76705       -8090.71789
  Mo       88   42.21736   40.82991    0.21736    1.67989       -8090.67013
  Mo       89   42.09894   40.71149    0.09894    1.79135       -8090.72995
  Mo       90   42.15821   40.77076    0.15821    1.73392       -8090.69931
  Mo       91   42.17544   40.78800    0.17544    1.71444       -8090.68702
  Mo       92   42.22784   40.84040    0.22784    1.66651       -8090.66139
  Mo       93   42.20771   40.82026    0.20771    1.68881       -8090.67897
  Mo       94   42.17355   40.78611    0.17355    1.71620       -8090.69471
  Mo       95   42.08032   40.69287    0.08032    1.81127       -8090.74506
  Mo       96   42.20861   40.82116    0.20861    1.68849       -8090.67928
  Ta       97   72.84258   71.45514   -0.15742    1.86661      -31233.08286
  Ta       98   72.85860   71.47115   -0.14140    1.85082      -31233.06684
  Ta       99   72.90667   71.51922   -0.09333    1.80719      -31233.04563
  Ta      100   72.85611   71.46866   -0.14389    1.85833      -31233.07227
  Ta      101   72.85030   71.46285   -0.14970    1.86855      -31233.07633
  Ta      102   72.90574   71.51829   -0.09426    1.81504      -31233.03683
  Ta      103   72.80919   71.42174   -0.19081    1.89784      -31233.09241
  Ta      104   72.80376   71.41632   -0.19624    1.90828      -31233.10040
  Ta      105   72.89618   71.50874   -0.10382    1.81674      -31233.04974
  Ta      106   72.89363   71.50618   -0.10637    1.82337      -31233.04975
  Ta      107   72.86262   71.47518   -0.13738    1.85952      -31233.07401
  Ta      108   72.87386   71.48641   -0.12614    1.84069      -31233.06095
  Ta      109   72.91257   71.52512   -0.08743    1.79999      -31233.03427
  Ta      110   72.83777   71.45033   -0.16223    1.87129      -31233.07969
  Ta      111   72.88635   71.49891   -0.11365    1.83194      -31233.05303
  Ta      112   72.88098   71.49354   -0.11902    1.83850      -31233.05562
  Ta      113   72.93738   71.54993   -0.06262    1.78263      -31233.03346
  Ta      114   72.89168   71.50423   -0.10832    1.82584      -31233.05147
  Ta      115   72.92381   71.53636   -0.07619    1.79766      -31233.03488
  Ta      116   72.79826   71.41082   -0.20174    1.90730      -31233.10229
  Ta      117   72.82738   71.43993   -0.17262    1.88600      -31233.09169
  Ta      118   72.92049   71.53304   -0.07951    1.80096      -31233.03669
  Ta      119   72.85310   71.46565   -0.14690    1.85573      -31233.06728
  Ta      120   72.87451   71.48706   -0.12549    1.84053      -31233.05930
  Ta      121   72.75270   71.36526   -0.24730    1.95337      -31233.12838
  Ta      122   72.83833   71.45089   -0.16167    1.86873      -31233.07253
  Ta      123   72.91826   71.53082   -0.08174    1.79806      -31233.04111
  Ta      124   72.91173   71.52428   -0.08827    1.80590      -31233.03796
  Ta      125   72.82917   71.44172   -0.17083    1.88571      -31233.08994
  Ta      126   72.79274   71.40530   -0.20726    1.91855      -31233.10560
  Ta      127   72.88041   71.49296   -0.11959    1.83144      -31233.05335
  Ta      128   72.81606   71.42861   -0.18394    1.89598      -31233.09945
