System Description            : WNbMoTa, BCC structure                          
Number of Atoms in Unit Cell  : 256                                             
Number of Atomic Species      : 4                                               
Number of Atoms in Each Type  : 64(W), 64(Nb), 64(Mo), 64(Ta)                   
Energy Offset                 : -19816                                          
=======================================================================================
    Iter     Energy      3PV     Efermi   Rms_rho    Rms_pot   Mix  Alg  Alpha 
---------------------------------------------------------------------------------------
**       1  -0.267172  2293.579  0.59405  0.140E+01  0.113E+00  pot  B   0.1000
         2  -0.600957  2265.280  0.60762  0.753E-02  0.408E+00  pot  B   0.1000
         3  -0.647026  2259.871  0.61310  0.154E-02  0.418E+00  pot  B   0.1000
         4  -0.939438  2222.345  0.62860  0.985E-02  0.537E+00  pot  B   0.1000
         5  -1.055667  2193.429  0.64551  0.772E-02  0.578E+00  pot  B   0.1000
         6  -1.181880  2177.343  0.65749  0.438E-02  0.133E+00  pot  B   0.1000
         7  -1.211159  2167.208  0.66563  0.326E-02  0.896E-01  pot  B   0.1000
         8  -1.237495  2156.009  0.67197  0.388E-02  0.533E-01  pot  B   0.1000
         9  -1.254860  2147.709  0.67602  0.313E-02  0.494E-01  pot  B   0.1000
        10  -1.271266  2136.798  0.68088  0.451E-02  0.360E-01  pot  B   0.1000
        11  -1.275941  2130.532  0.68402  0.279E-02  0.160E-01  pot  B   0.1000
        12  -1.276610  2128.980  0.68533  0.882E-03  0.668E-02  pot  B   0.1000
        13  -1.276756  2128.694  0.68607  0.247E-03  0.546E-02  pot  B   0.1000
        14  -1.276873  2128.578  0.68677  0.192E-03  0.465E-02  pot  B   0.1000
        15  -1.277037  2128.494  0.68830  0.324E-03  0.471E-02  pot  B   0.1000
        16  -1.277083  2128.424  0.68935  0.213E-03  0.439E-02  pot  B   0.1000
        17  -1.277099  2128.273  0.69000  0.113E-03  0.291E-02  pot  B   0.1000
        18  -1.277095  2128.347  0.69004  0.218E-04  0.469E-02  pot  B   0.1000
        19  -1.277103  2128.320  0.69020  0.362E-04  0.113E-02  pot  B   0.1000
        20  -1.277106  2128.255  0.69040  0.397E-04  0.466E-03  pot  B   0.1000
        21  -1.277108  2128.211  0.69060  0.398E-04  0.554E-03  pot  B   0.1000
        22  -1.277109  2128.182  0.69070  0.246E-04  0.366E-03  pot  B   0.1000
        23  -1.277109  2128.185  0.69075  0.104E-04  0.199E-03  pot  B   0.1000
        24  -1.277109  2128.191  0.69078  0.748E-05  0.195E-03  pot  B   0.1000
        25  -1.277109  2128.211  0.69081  0.111E-04  0.175E-03  pot  B   0.1000
        26  -1.277110  2128.227  0.69083  0.847E-05  0.128E-03  pot  B   0.1000
        27  -1.277110  2128.241  0.69084  0.659E-05  0.770E-04  pot  B   0.1000
        28  -1.277110  2128.248  0.69084  0.362E-05  0.739E-04  pot  B   0.1000
        29  -1.277110  2128.253  0.69085  0.301E-05  0.784E-04  pot  B   0.1000
        30  -1.277110  2128.261  0.69084  0.372E-05  0.161E-03  pot  B   0.1000
        31  -1.277110  2128.260  0.69085  0.563E-06  0.933E-04  pot  B   0.1000
        32  -1.277110  2128.266  0.69084  0.306E-05  0.371E-04  pot  B   0.1000
        33  -1.277110  2128.269  0.69084  0.203E-05  0.263E-04  pot  B   0.1000
        34  -1.277110  2128.271  0.69084  0.940E-06  0.264E-04  pot  B   0.1000
        35  -1.277110  2128.273  0.69084  0.107E-05  0.135E-04  pot  B   0.1000
        36  -1.277110  2128.274  0.69083  0.740E-06  0.141E-04  pot  B   0.1000
        37  -1.277110  2128.275  0.69083  0.688E-06  0.105E-04  pot  B   0.1000
        38  -1.277110  2128.276  0.69083  0.556E-06  0.106E-04  pot  B   0.1000
        39  -1.277110  2128.276  0.69083  0.510E-06  0.775E-05  pot  B   0.1000
        40  -1.277110  2128.277  0.69083  0.500E-06  0.710E-05  pot  B   0.1000
        41  -1.277110  2128.278  0.69083  0.228E-06  0.705E-05  pot  B   0.1000
        42  -1.277110  2128.278  0.69083  0.294E-06  0.108E-04  pot  B   0.1000
        43  -1.277110  2128.278  0.69083  0.469E-07  0.873E-05  pot  B   0.1000
        44  -1.277110  2128.278  0.69083  0.149E-06  0.416E-05  pot  B   0.1000
        45  -1.277110  2128.278  0.69083  0.199E-06  0.227E-05  pot  B   0.1000
        46  -1.277110  2128.278  0.69083  0.134E-06  0.224E-05  pot  B   0.1000
        47  -1.277110  2128.278  0.69083  0.120E-06  0.132E-05  pot  B   0.1000
        48  -1.277110  2128.277  0.69083  0.901E-07  0.136E-05  pot  B   0.1000
        49  -1.277110  2128.277  0.69082  0.666E-07  0.926E-06  pot  B   0.1000
        50  -1.277110  2128.277  0.69082  0.452E-07  0.848E-06  pot  B   0.1000
        51  -1.277110  2128.277  0.69082  0.200E-07  0.723E-06  pot  B   0.1000
        52  -1.277110  2128.277  0.69082  0.253E-07  0.565E-06  pot  B   0.1000
        53  -1.277110  2128.277  0.69082  0.125E-07  0.612E-06  pot  B   0.1000
        54  -1.277110  2128.277  0.69082  0.218E-07  0.643E-06  pot  B   0.1000
        55  -1.277110  2128.277  0.69082  0.419E-08  0.791E-06  pot  B   0.1000
        56  -1.277110  2128.277  0.69082  0.168E-07  0.327E-06  pot  B   0.1000
        57  -1.277110  2128.277  0.69082  0.268E-07  0.250E-06  pot  B   0.1000
        58  -1.277110  2128.277  0.69082  0.190E-07  0.201E-06  pot  B   0.1000
        59  -1.277110  2128.277  0.69082  0.134E-07  0.172E-06  pot  B   0.1000
        60  -1.277110  2128.277  0.69082  0.116E-07  0.141E-06  pot  B   0.1000
        61  -1.277110  2128.277  0.69082  0.916E-08  0.121E-06  pot  B   0.1000
        62  -1.277110  2128.277  0.69082  0.708E-08  0.123E-06  pot  B   0.1000
        63  -1.277110  2128.277  0.69082  0.492E-08  0.999E-07  pot  B   0.1000
        64  -1.277110  2128.277  0.69082  0.413E-08  0.663E-07  pot  B   0.1000
        65  -1.277110  2128.277  0.69082  0.353E-08  0.121E-06  pot  B   0.1000
        66  -1.277110  2128.277  0.69082  0.293E-08  0.910E-07  pot  B   0.1000
        67  -1.277110  2128.277  0.69082  0.345E-09  0.138E-06  pot  B   0.1000
        68  -1.277110  2128.277  0.69082  0.123E-08  0.437E-07  pot  B   0.1000
        69  -1.277110  2128.277  0.69082  0.102E-08  0.284E-07  pot  B   0.1000
        70  -1.277110  2128.277  0.69082  0.669E-09  0.233E-07  pot  B   0.1000
        71  -1.277110  2128.277  0.69082  0.566E-09  0.189E-07  pot  B   0.1000
        72  -1.277110  2128.277  0.69082  0.701E-09  0.126E-07  pot  B   0.1000
        73  -1.277110  2128.277  0.69082  0.565E-09  0.831E-08  pot  B   0.1000
**      74  -1.277110  2128.277  0.69082  0.520E-12  0.831E-08  pot  B   0.1000
**      75  -1.277110  2128.277  0.69082  0.520E-12  0.831E-08  pot  B   0.1000
