System Description            : WNbMoTaTi, BCC structure                        
Number of Atoms in Unit Cell  : 80                                              
Number of Atomic Species      : 5                                               
Number of Atoms in Each Type  : 16(W), 16(Nb), 16(Mo), 16(Ta), 16(Ti)           
Energy Offset                 : -16193                                          
=======================================================================================
    Iter     Energy      3PV     Efermi   Rms_rho    Rms_pot   Mix  Alg  Alpha 
---------------------------------------------------------------------------------------
**       1  -0.747232  1839.860  0.54085  0.140E+01  0.133E+00  pot  B   0.1000
         2  -0.937759  1816.584  0.57453  0.777E-02  0.589E+00  pot  B   0.1000
         3  -1.080280  1812.073  0.57871  0.318E-02  0.308E+00  pot  B   0.1000
         4  -1.184113  1793.510  0.59301  0.611E-02  0.433E+00  pot  B   0.1000
         5  -1.398557  1773.417  0.60479  0.663E-02  0.270E+00  pot  B   0.1000
         6  -1.459497  1763.034  0.61377  0.363E-02  0.224E+00  pot  B   0.1000
         7  -1.531678  1744.734  0.62605  0.623E-02  0.111E+00  pot  B   0.1000
         8  -1.561813  1732.070  0.63627  0.458E-02  0.673E-01  pot  B   0.1000
         9  -1.570396  1727.532  0.64008  0.190E-02  0.649E-01  pot  B   0.1000
        10  -1.582976  1722.801  0.64391  0.234E-02  0.361E-01  pot  B   0.1000
        11  -1.598803  1714.082  0.65038  0.469E-02  0.428E-01  pot  B   0.1000
        12  -1.603825  1707.893  0.65459  0.335E-02  0.141E-01  pot  B   0.1000
        13  -1.604127  1706.757  0.65616  0.731E-03  0.115E-01  pot  B   0.1000
        14  -1.604224  1706.306  0.65700  0.252E-03  0.820E-02  pot  B   0.1000
        15  -1.604321  1706.397  0.65738  0.181E-03  0.488E-02  pot  B   0.1000
        16  -1.604489  1706.208  0.65896  0.328E-03  0.566E-02  pot  B   0.1000
        17  -1.604558  1706.295  0.66001  0.209E-03  0.279E-02  pot  B   0.1000
        18  -1.604582  1706.237  0.66081  0.151E-03  0.226E-02  pot  B   0.1000
        19  -1.604584  1706.273  0.66102  0.340E-04  0.162E-02  pot  B   0.1000
        20  -1.604590  1706.194  0.66125  0.481E-04  0.938E-03  pot  B   0.1000
        21  -1.604593  1706.197  0.66139  0.227E-04  0.616E-03  pot  B   0.1000
        22  -1.604595  1706.187  0.66149  0.171E-04  0.457E-03  pot  B   0.1000
        23  -1.604596  1706.173  0.66159  0.171E-04  0.429E-03  pot  B   0.1000
        24  -1.604597  1706.173  0.66167  0.153E-04  0.436E-03  pot  B   0.1000
        25  -1.604598  1706.176  0.66171  0.901E-05  0.120E-03  pot  B   0.1000
        26  -1.604598  1706.179  0.66172  0.411E-05  0.134E-03  pot  B   0.1000
        27  -1.604598  1706.183  0.66174  0.518E-05  0.711E-04  pot  B   0.1000
        28  -1.604598  1706.188  0.66175  0.391E-05  0.858E-04  pot  B   0.1000
        29  -1.604598  1706.189  0.66176  0.257E-05  0.359E-04  pot  B   0.1000
        30  -1.604598  1706.192  0.66176  0.220E-05  0.408E-04  pot  B   0.1000
        31  -1.604598  1706.193  0.66177  0.128E-05  0.199E-04  pot  B   0.1000
        32  -1.604598  1706.195  0.66177  0.207E-05  0.178E-04  pot  B   0.1000
        33  -1.604598  1706.198  0.66177  0.140E-05  0.218E-04  pot  B   0.1000
        34  -1.604598  1706.200  0.66177  0.101E-05  0.262E-04  pot  B   0.1000
        35  -1.604598  1706.201  0.66177  0.784E-06  0.166E-04  pot  B   0.1000
        36  -1.604598  1706.203  0.66177  0.103E-05  0.966E-05  pot  B   0.1000
        37  -1.604598  1706.204  0.66177  0.383E-06  0.437E-05  pot  B   0.1000
        38  -1.604598  1706.204  0.66177  0.279E-06  0.402E-05  pot  B   0.1000
        39  -1.604598  1706.204  0.66177  0.122E-06  0.354E-05  pot  B   0.1000
        40  -1.604598  1706.204  0.66176  0.259E-06  0.362E-05  pot  B   0.1000
        41  -1.604598  1706.205  0.66176  0.220E-06  0.287E-05  pot  B   0.1000
        42  -1.604598  1706.205  0.66176  0.126E-06  0.193E-05  pot  B   0.1000
        43  -1.604598  1706.205  0.66176  0.551E-07  0.207E-05  pot  B   0.1000
        44  -1.604598  1706.205  0.66176  0.499E-07  0.131E-05  pot  B   0.1000
        45  -1.604598  1706.205  0.66176  0.427E-07  0.846E-06  pot  B   0.1000
        46  -1.604598  1706.205  0.66176  0.264E-07  0.947E-06  pot  B   0.1000
        47  -1.604598  1706.205  0.66176  0.260E-07  0.570E-06  pot  B   0.1000
        48  -1.604598  1706.205  0.66176  0.215E-07  0.628E-06  pot  B   0.1000
        49  -1.604598  1706.205  0.66176  0.186E-07  0.312E-06  pot  B   0.1000
        50  -1.604598  1706.205  0.66176  0.366E-07  0.267E-06  pot  B   0.1000
        51  -1.604598  1706.205  0.66176  0.130E-07  0.324E-06  pot  B   0.1000
        52  -1.604598  1706.205  0.66176  0.103E-07  0.173E-06  pot  B   0.1000
        53  -1.604598  1706.205  0.66176  0.102E-07  0.906E-07  pot  B   0.1000
        54  -1.604598  1706.205  0.66176  0.433E-08  0.891E-07  pot  B   0.1000
        55  -1.604598  1706.205  0.66176  0.367E-08  0.946E-07  pot  B   0.1000
        56  -1.604598  1706.205  0.66176  0.467E-08  0.547E-07  pot  B   0.1000
        57  -1.604598  1706.205  0.66176  0.372E-08  0.463E-07  pot  B   0.1000
        58  -1.604598  1706.205  0.66176  0.351E-08  0.373E-07  pot  B   0.1000
        59  -1.604598  1706.205  0.66176  0.106E-08  0.396E-07  pot  B   0.1000
        60  -1.604598  1706.205  0.66176  0.259E-08  0.373E-07  pot  B   0.1000
        61  -1.604598  1706.205  0.66176  0.135E-08  0.262E-07  pot  B   0.1000
        62  -1.604598  1706.205  0.66176  0.131E-08  0.195E-07  pot  B   0.1000
        63  -1.604598  1706.205  0.66176  0.918E-09  0.146E-07  pot  B   0.1000
        64  -1.604598  1706.205  0.66176  0.571E-09  0.145E-07  pot  B   0.1000
        65  -1.604598  1706.205  0.66176  0.533E-09  0.118E-07  pot  B   0.1000
        66  -1.604598  1706.205  0.66176  0.623E-09  0.728E-08  pot  B   0.1000
**      67  -1.604598  1706.205  0.66176  0.111E-11  0.728E-08  pot  B   0.1000
