 Atom   Index      Q          Qmt        dQ        Vmad        Local Energy
  W         1   73.94442   72.63986   -0.05558    1.66474      -32312.45367
  W         2   73.84358   72.53901   -0.15642    1.77127      -32312.53298
  W         3   73.79526   72.49070   -0.20474    1.82934      -32312.58159
  W         4   73.91325   72.60869   -0.08675    1.70687      -32312.49213
  W         5   73.78878   72.48421   -0.21122    1.83507      -32312.58144
  W         6   73.92232   72.61776   -0.07768    1.68913      -32312.47828
  W         7   73.89043   72.58587   -0.10957    1.72227      -32312.50165
  W         8   73.83023   72.52567   -0.16977    1.79224      -32312.55670
  W         9   73.88512   72.58055   -0.11488    1.72796      -32312.49911
  W        10   73.87722   72.57266   -0.12278    1.73526      -32312.49628
  W        11   73.88478   72.58022   -0.11522    1.72484      -32312.49671
  W        12   73.86318   72.55862   -0.13682    1.75233      -32312.51978
  W        13   73.92964   72.62507   -0.07036    1.69483      -32312.48880
  W        14   73.83983   72.53527   -0.16017    1.76903      -32312.51900
  W        15   73.75504   72.45048   -0.24496    1.87006      -32312.60566
  W        16   73.85212   72.54755   -0.14788    1.76836      -32312.54402
  W        17   74.07351   72.76895    0.07351    1.53589      -32312.38294
  W        18   73.91089   72.60632   -0.08911    1.70710      -32312.48966
  W        19   73.83061   72.52604   -0.16939    1.78661      -32312.54025
  W        20   73.88820   72.58364   -0.11180    1.72365      -32312.49144
  W        21   73.95083   72.64627   -0.04917    1.66157      -32312.45851
  W        22   73.87414   72.56957   -0.12586    1.74954      -32312.52365
  W        23   73.85655   72.55198   -0.14345    1.76706      -32312.53814
  W        24   73.89688   72.59231   -0.10312    1.71883      -32312.49600
  W        25   73.91121   72.60665   -0.08879    1.69898      -32312.48577
  W        26   73.90658   72.60202   -0.09342    1.71644      -32312.50670
  W        27   73.80790   72.50334   -0.19210    1.80976      -32312.55381
  W        28   73.98136   72.67680   -0.01864    1.64021      -32312.45592
  W        29   73.90597   72.60141   -0.09403    1.71234      -32312.49501
  W        30   73.88152   72.57696   -0.11848    1.74061      -32312.51956
  W        31   73.81962   72.51505   -0.18038    1.80866      -32312.56718
  W        32   73.97092   72.66635   -0.02908    1.64714      -32312.45732
  Nb       33   40.93368   39.62912   -0.06632    1.71340       -7632.59399
  Nb       34   41.05531   39.75075    0.05531    1.59670       -7632.51486
  Nb       35   40.87328   39.56872   -0.12672    1.77831       -7632.63574
  Nb       36   40.90708   39.60251   -0.09292    1.73763       -7632.60584
  Nb       37   40.99680   39.69223   -0.00320    1.65322       -7632.55520
  Nb       38   40.90309   39.59853   -0.09691    1.73746       -7632.60314
  Nb       39   40.84126   39.53670   -0.15874    1.80633       -7632.64851
  Nb       40   40.87325   39.56868   -0.12675    1.76687       -7632.61553
  Nb       41   40.95761   39.65305   -0.04239    1.68977       -7632.58479
  Nb       42   40.93453   39.62997   -0.06547    1.71994       -7632.59814
  Nb       43   40.87638   39.57182   -0.12362    1.77244       -7632.62483
  Nb       44   41.04918   39.74461    0.04918    1.59919       -7632.52299
  Nb       45   40.88520   39.58063   -0.11480    1.75734       -7632.62455
  Nb       46   40.92556   39.62100   -0.07444    1.72169       -7632.59935
  Nb       47   40.83279   39.52823   -0.16721    1.81525       -7632.65408
  Nb       48   40.97100   39.66644   -0.02900    1.67486       -7632.56985
  Nb       49   40.87252   39.56796   -0.12748    1.77554       -7632.61963
  Nb       50   40.97040   39.66583   -0.02960    1.67458       -7632.56048
  Nb       51   40.97734   39.67278   -0.02266    1.66753       -7632.56367
  Nb       52   40.89741   39.59285   -0.10259    1.74920       -7632.60973
  Nb       53   41.00485   39.70029    0.00485    1.65230       -7632.57380
  Nb       54   41.00081   39.69625    0.00081    1.64516       -7632.54509
  Nb       55   40.83870   39.53414   -0.16130    1.81076       -7632.65883
  Nb       56   40.84302   39.53846   -0.15698    1.80514       -7632.64416
  Nb       57   40.95976   39.65520   -0.04024    1.68881       -7632.58086
  Nb       58   40.86622   39.56166   -0.13378    1.78104       -7632.63492
  Nb       59   40.88655   39.58199   -0.11345    1.76559       -7632.62071
  Nb       60   40.91400   39.60944   -0.08600    1.72832       -7632.59388
  Nb       61   41.05439   39.74983    0.05439    1.59523       -7632.51409
  Nb       62   40.97281   39.66824   -0.02719    1.68252       -7632.57618
  Nb       63   40.91864   39.61408   -0.08136    1.73993       -7632.62503
  Nb       64   40.87537   39.57081   -0.12463    1.76834       -7632.61677
  Mo       65   42.13056   40.82600    0.13056    1.61359       -8090.56355
  Mo       66   42.20947   40.90491    0.20947    1.52374       -8090.49698
  Mo       67   42.12393   40.81937    0.12393    1.61553       -8090.55968
  Mo       68   42.02212   40.71756    0.02212    1.73249       -8090.64378
  Mo       69   42.08372   40.77916    0.08372    1.66108       -8090.59215
  Mo       70   42.12653   40.82197    0.12653    1.61924       -8090.56825
  Mo       71   42.15875   40.85418    0.15875    1.58520       -8090.55021
  Mo       72   42.12453   40.81997    0.12453    1.61454       -8090.55625
  Mo       73   42.07184   40.76728    0.07184    1.66876       -8090.59290
  Mo       74   41.97987   40.67531   -0.02013    1.76987       -8090.66183
  Mo       75   42.14221   40.83764    0.14221    1.60276       -8090.55603
  Mo       76   42.19835   40.89379    0.19835    1.53550       -8090.50276
  Mo       77   42.09677   40.79221    0.09677    1.65057       -8090.58533
  Mo       78   42.05178   40.74721    0.05178    1.70200       -8090.62625
  Mo       79   42.04386   40.73930    0.04386    1.70330       -8090.61460
  Mo       80   42.08010   40.77554    0.08010    1.65886       -8090.58765
  Mo       81   42.10377   40.79921    0.10377    1.63132       -8090.56423
  Mo       82   42.10793   40.80336    0.10793    1.63469       -8090.56805
  Mo       83   42.10598   40.80142    0.10598    1.63565       -8090.56407
  Mo       84   42.01074   40.70617    0.01074    1.73885       -8090.64702
  Mo       85   42.03283   40.72827    0.03283    1.71223       -8090.62162
  Mo       86   42.10242   40.79786    0.10242    1.63596       -8090.57180
  Mo       87   42.10288   40.79832    0.10288    1.64190       -8090.58699
  Mo       88   42.00909   40.70453    0.00909    1.73428       -8090.63008
  Mo       89   41.99607   40.69151   -0.00393    1.75786       -8090.66137
  Mo       90   42.10272   40.79816    0.10272    1.64034       -8090.57768
  Mo       91   42.17659   40.87203    0.17659    1.57175       -8090.53986
  Mo       92   42.23733   40.93276    0.23733    1.50863       -8090.49812
  Mo       93   42.04778   40.74322    0.04778    1.69933       -8090.61740
  Mo       94   42.08576   40.78120    0.08576    1.65440       -8090.58181
  Mo       95   42.02759   40.72303    0.02759    1.71640       -8090.62047
  Mo       96   41.98137   40.67681   -0.01863    1.77447       -8090.67580
  Ta       97   72.70489   71.40033   -0.29511    1.85148      -31232.99395
  Ta       98   72.65562   71.35106   -0.34438    1.89882      -31233.02631
  Ta       99   72.68886   71.38430   -0.31114    1.85818      -31232.98991
  Ta      100   72.80006   71.49550   -0.19994    1.75511      -31232.93799
  Ta      101   72.78314   71.47858   -0.21686    1.77738      -31232.93676
  Ta      102   72.85258   71.54801   -0.14742    1.70660      -31232.90174
  Ta      103   72.81259   71.50803   -0.18741    1.74087      -31232.92150
  Ta      104   72.83848   71.53392   -0.16152    1.71114      -31232.89078
  Ta      105   72.76309   71.45853   -0.23691    1.79084      -31232.96206
  Ta      106   72.87701   71.57244   -0.12299    1.69267      -31232.89876
  Ta      107   72.88904   71.58448   -0.11096    1.66856      -31232.86796
  Ta      108   72.87931   71.57475   -0.12069    1.68421      -31232.89063
  Ta      109   72.76459   71.46003   -0.23541    1.79516      -31232.95931
  Ta      110   72.77181   71.46725   -0.22819    1.77720      -31232.93060
  Ta      111   72.72780   71.42323   -0.27220    1.83018      -31232.96568
  Ta      112   72.79455   71.48999   -0.20545    1.76116      -31232.91947
  Ta      113   72.81896   71.51440   -0.18104    1.73745      -31232.92169
  Ta      114   72.69496   71.39040   -0.30504    1.86103      -31232.99135
  Ta      115   72.69459   71.39003   -0.30541    1.86092      -31232.99341
  Ta      116   72.65708   71.35251   -0.34292    1.89490      -31233.00801
  Ta      117   72.68243   71.37787   -0.31757    1.87107      -31232.99690
  Ta      118   72.75872   71.45415   -0.24128    1.78918      -31232.95106
  Ta      119   72.77744   71.47288   -0.22256    1.78032      -31232.94238
  Ta      120   72.72529   71.42073   -0.27471    1.82327      -31232.96676
  Ta      121   72.76499   71.46043   -0.23501    1.78656      -31232.94421
  Ta      122   72.82214   71.51758   -0.17786    1.73563      -31232.91614
  Ta      123   72.83397   71.52941   -0.16603    1.72830      -31232.90934
  Ta      124   72.82510   71.52054   -0.17490    1.73203      -31232.91420
  Ta      125   72.75114   71.44658   -0.24886    1.81319      -31232.96728
  Ta      126   72.80197   71.49741   -0.19803    1.75451      -31232.91328
  Ta      127   72.83086   71.52629   -0.16914    1.73009      -31232.91090
  Ta      128   72.81912   71.51455   -0.18088    1.72753      -31232.90335
  Ti      129   22.34127   21.03671    0.34127    1.53085       -1704.37429
  Ti      130   22.39833   21.09377    0.39833    1.47039       -1704.32836
  Ti      131   22.43147   21.12691    0.43147    1.45335       -1704.34247
  Ti      132   22.30676   21.00220    0.30676    1.58094       -1704.43226
  Ti      133   22.44432   21.13976    0.44432    1.43027       -1704.33161
  Ti      134   22.35361   21.04904    0.35361    1.52265       -1704.39652
  Ti      135   22.40060   21.09604    0.40060    1.46856       -1704.30937
  Ti      136   22.38255   21.07798    0.38255    1.49094       -1704.36328
  Ti      137   22.39969   21.09513    0.39969    1.47234       -1704.33988
  Ti      138   22.25706   20.95249    0.25706    1.62734       -1704.45333
  Ti      139   22.35428   21.04972    0.35428    1.52327       -1704.38413
  Ti      140   22.11376   20.80920    0.11376    1.75019       -1704.46998
  Ti      141   22.32222   21.01766    0.32222    1.54780       -1704.38236
  Ti      142   22.19672   20.89216    0.19672    1.67930       -1704.44166
  Ti      143   22.36240   21.05784    0.36240    1.51103       -1704.36694
  Ti      144   22.39660   21.09204    0.39660    1.47558       -1704.34612
  Ti      145   22.35762   21.05306    0.35762    1.51201       -1704.34883
  Ti      146   22.26110   20.95654    0.26110    1.62347       -1704.44843
  Ti      147   22.40998   21.10542    0.40998    1.46372       -1704.32159
  Ti      148   22.40200   21.09743    0.40200    1.47099       -1704.35244
  Ti      149   22.25985   20.95529    0.25985    1.62027       -1704.42120
  Ti      150   22.27723   20.97267    0.27723    1.60557       -1704.42627
  Ti      151   22.18801   20.88345    0.18801    1.68389       -1704.44809
  Ti      152   22.26952   20.96496    0.26952    1.61336       -1704.43231
  Ti      153   22.30469   21.00013    0.30469    1.56281       -1704.36563
  Ti      154   22.22782   20.92326    0.22782    1.64241       -1704.41715
  Ti      155   22.36722   21.06266    0.36722    1.51241       -1704.37181
  Ti      156   22.19121   20.88665    0.19121    1.68653       -1704.46655
  Ti      157   22.35540   21.05083    0.35540    1.52631       -1704.37780
  Ti      158   22.35004   21.04548    0.35004    1.51755       -1704.36465
  Ti      159   22.35545   21.05088    0.35545    1.51710       -1704.37357
  Ti      160   22.27310   20.96854    0.27310    1.60384       -1704.41001
