System Description            : WNbMoTaTi, BCC structure                        
Number of Atoms in Unit Cell  : 80                                              
Number of Atomic Species      : 5                                               
Number of Atoms in Each Type  : 16(W), 16(Nb), 16(Mo), 16(Ta), 16(Ti)           
Energy Offset                 : -16193                                          
=======================================================================================
    Iter     Energy      3PV     Efermi   Rms_rho    Rms_pot   Mix  Alg  Alpha 
---------------------------------------------------------------------------------------
**       1  -0.756835  1839.781  0.54300  0.140E+01  0.174E+00  pot  B   0.1000
         2  -0.950818  1816.624  0.57824  0.759E-02  0.441E+00  pot  B   0.1000
         3  -1.094653  1812.825  0.57812  0.199E-02  0.240E+00  pot  B   0.1000
         4  -1.239896  1788.191  0.59454  0.809E-02  0.458E+00  pot  B   0.1000
         5  -1.368724  1772.777  0.60548  0.523E-02  0.397E+00  pot  B   0.1000
         6  -1.473500  1761.433  0.61479  0.382E-02  0.205E+00  pot  B   0.1000
         7  -1.519897  1742.857  0.62864  0.641E-02  0.230E+00  pot  B   0.1000
         8  -1.564027  1731.340  0.63756  0.415E-02  0.512E-01  pot  B   0.1000
         9  -1.576374  1726.007  0.64220  0.240E-02  0.345E-01  pot  B   0.1000
        10  -1.590421  1719.708  0.64714  0.329E-02  0.452E-01  pot  B   0.1000
        11  -1.600151  1712.376  0.65248  0.393E-02  0.467E-01  pot  B   0.1000
        12  -1.604390  1708.149  0.65530  0.231E-02  0.206E-01  pot  B   0.1000
        13  -1.604830  1706.951  0.65667  0.734E-03  0.102E-01  pot  B   0.1000
        14  -1.604986  1706.412  0.65744  0.378E-03  0.518E-02  pot  B   0.1000
        15  -1.605083  1706.309  0.65815  0.172E-03  0.375E-02  pot  B   0.1000
        16  -1.605200  1705.902  0.65964  0.311E-03  0.588E-02  pot  B   0.1000
        17  -1.605226  1705.872  0.66025  0.150E-03  0.786E-02  pot  B   0.1000
        18  -1.605326  1705.968  0.66134  0.207E-03  0.202E-02  pot  B   0.1000
        19  -1.605323  1705.942  0.66166  0.794E-04  0.236E-02  pot  B   0.1000
        20  -1.605331  1706.010  0.66179  0.302E-04  0.114E-02  pot  B   0.1000
        21  -1.605337  1706.150  0.66187  0.500E-04  0.730E-03  pot  B   0.1000
        22  -1.605340  1706.217  0.66197  0.346E-04  0.552E-03  pot  B   0.1000
        23  -1.605341  1706.218  0.66207  0.256E-04  0.561E-03  pot  B   0.1000
        24  -1.605342  1706.253  0.66208  0.160E-04  0.482E-03  pot  B   0.1000
        25  -1.605343  1706.234  0.66218  0.205E-04  0.245E-03  pot  B   0.1000
        26  -1.605344  1706.223  0.66224  0.840E-05  0.197E-03  pot  B   0.1000
        27  -1.605344  1706.202  0.66228  0.820E-05  0.164E-03  pot  B   0.1000
        28  -1.605345  1706.198  0.66231  0.412E-05  0.886E-04  pot  B   0.1000
        29  -1.605345  1706.192  0.66233  0.297E-05  0.791E-04  pot  B   0.1000
        30  -1.605345  1706.192  0.66233  0.951E-06  0.915E-04  pot  B   0.1000
        31  -1.605345  1706.192  0.66233  0.532E-06  0.445E-04  pot  B   0.1000
        32  -1.605345  1706.192  0.66233  0.748E-06  0.497E-04  pot  B   0.1000
        33  -1.605345  1706.195  0.66234  0.161E-05  0.399E-04  pot  B   0.1000
        34  -1.605345  1706.195  0.66234  0.110E-05  0.294E-04  pot  B   0.1000
        35  -1.605345  1706.197  0.66234  0.891E-06  0.180E-04  pot  B   0.1000
        36  -1.605345  1706.197  0.66234  0.435E-06  0.189E-04  pot  B   0.1000
        37  -1.605345  1706.198  0.66234  0.279E-06  0.848E-05  pot  B   0.1000
        38  -1.605345  1706.199  0.66234  0.489E-06  0.682E-05  pot  B   0.1000
        39  -1.605345  1706.199  0.66234  0.366E-06  0.616E-05  pot  B   0.1000
        40  -1.605345  1706.200  0.66234  0.212E-06  0.498E-05  pot  B   0.1000
        41  -1.605345  1706.200  0.66234  0.236E-06  0.329E-05  pot  B   0.1000
        42  -1.605345  1706.200  0.66234  0.863E-07  0.575E-05  pot  B   0.1000
        43  -1.605345  1706.200  0.66234  0.349E-07  0.561E-05  pot  B   0.1000
        44  -1.605345  1706.199  0.66234  0.684E-07  0.330E-05  pot  B   0.1000
        45  -1.605345  1706.199  0.66234  0.373E-07  0.187E-05  pot  B   0.1000
        46  -1.605345  1706.199  0.66234  0.188E-07  0.170E-05  pot  B   0.1000
        47  -1.605345  1706.199  0.66234  0.182E-07  0.121E-05  pot  B   0.1000
        48  -1.605345  1706.199  0.66234  0.241E-07  0.108E-05  pot  B   0.1000
        49  -1.605345  1706.199  0.66234  0.869E-08  0.107E-05  pot  B   0.1000
        50  -1.605345  1706.199  0.66234  0.196E-07  0.575E-06  pot  B   0.1000
        51  -1.605345  1706.199  0.66234  0.104E-07  0.503E-06  pot  B   0.1000
        52  -1.605345  1706.199  0.66234  0.768E-08  0.510E-06  pot  B   0.1000
        53  -1.605345  1706.199  0.66234  0.905E-08  0.315E-06  pot  B   0.1000
        54  -1.605345  1706.199  0.66234  0.104E-07  0.377E-06  pot  B   0.1000
        55  -1.605345  1706.199  0.66234  0.329E-08  0.401E-06  pot  B   0.1000
        56  -1.605345  1706.199  0.66234  0.435E-08  0.285E-06  pot  B   0.1000
        57  -1.605345  1706.199  0.66234  0.477E-08  0.185E-06  pot  B   0.1000
        58  -1.605345  1706.199  0.66234  0.265E-08  0.163E-06  pot  B   0.1000
        59  -1.605345  1706.199  0.66234  0.285E-08  0.905E-07  pot  B   0.1000
        60  -1.605345  1706.199  0.66234  0.207E-08  0.757E-07  pot  B   0.1000
        61  -1.605345  1706.199  0.66234  0.891E-09  0.753E-07  pot  B   0.1000
        62  -1.605345  1706.199  0.66234  0.108E-08  0.298E-07  pot  B   0.1000
        63  -1.605345  1706.199  0.66234  0.723E-09  0.351E-07  pot  B   0.1000
        64  -1.605345  1706.199  0.66234  0.535E-09  0.386E-07  pot  B   0.1000
        65  -1.605345  1706.199  0.66234  0.253E-09  0.214E-07  pot  B   0.1000
        66  -1.605345  1706.199  0.66234  0.500E-09  0.211E-07  pot  B   0.1000
        67  -1.605345  1706.199  0.66234  0.337E-09  0.251E-07  pot  B   0.1000
        68  -1.605345  1706.199  0.66234  0.216E-09  0.204E-07  pot  B   0.1000
        69  -1.605345  1706.199  0.66234  0.271E-09  0.136E-07  pot  B   0.1000
        70  -1.605345  1706.199  0.66234  0.313E-09  0.167E-07  pot  B   0.1000
        71  -1.605345  1706.199  0.66234  0.173E-09  0.122E-07  pot  B   0.1000
        72  -1.605345  1706.199  0.66234  0.209E-09  0.687E-08  pot  B   0.1000
**      73  -1.605345  1706.199  0.66234  0.441E-12  0.687E-08  pot  B   0.1000
