 Atom   Index      Q          Qmt        dQ        Vmad        Local Energy
  W         1   73.95174   72.65058   -0.04826    1.63761      -32312.42766
  W         2   73.85366   72.55249   -0.14634    1.73876      -32312.49798
  W         3   73.98325   72.68208   -0.01675    1.61310      -32312.41856
  W         4   73.84235   72.54118   -0.15765    1.75270      -32312.50311
  W         5   73.84128   72.54012   -0.15872    1.75451      -32312.51015
  W         6   74.01236   72.71119    0.01236    1.58341      -32312.40833
  W         7   73.89586   72.59470   -0.10414    1.69676      -32312.46371
  W         8   73.94983   72.64867   -0.05017    1.63970      -32312.43357
  W         9   73.63371   72.33254   -0.36629    1.96305      -32312.64112
  W        10   73.81274   72.51157   -0.18726    1.77137      -32312.50529
  W        11   73.96788   72.66671   -0.03212    1.61846      -32312.41672
  W        12   73.92212   72.62095   -0.07788    1.66611      -32312.44861
  W        13   73.83544   72.53427   -0.16456    1.76396      -32312.51842
  W        14   73.92751   72.62634   -0.07249    1.66885      -32312.45007
  W        15   74.04984   72.74867    0.04984    1.55137      -32312.38506
  W        16   73.99608   72.69491   -0.00392    1.59356      -32312.40133
  W        17   73.82351   72.52235   -0.17649    1.77497      -32312.52682
  W        18   73.78039   72.47923   -0.21961    1.81506      -32312.54729
  W        19   73.81620   72.51503   -0.18380    1.78256      -32312.53579
  W        20   73.94962   72.64845   -0.05038    1.64068      -32312.43018
  W        21   73.93824   72.63707   -0.06176    1.64816      -32312.42466
  W        22   73.91259   72.61142   -0.08741    1.67591      -32312.44725
  W        23   73.88785   72.58668   -0.11215    1.70125      -32312.47356
  W        24   73.90356   72.60240   -0.09644    1.69382      -32312.46090
  W        25   73.69454   72.39337   -0.30546    1.90934      -32312.60960
  W        26   73.80173   72.50056   -0.19827    1.78940      -32312.53028
  W        27   73.79791   72.49674   -0.20209    1.80397      -32312.55157
  W        28   73.81129   72.51012   -0.18871    1.78046      -32312.52389
  W        29   73.67995   72.37878   -0.32005    1.91512      -32312.61395
  W        30   73.81953   72.51836   -0.18047    1.78475      -32312.53256
  W        31   73.83166   72.53050   -0.16834    1.76023      -32312.51520
  W        32   73.86260   72.56144   -0.13740    1.73374      -32312.49334
  W        33   73.90678   72.60561   -0.09322    1.68822      -32312.46135
  W        34   73.78858   72.48741   -0.21142    1.81160      -32312.54487
  W        35   73.95858   72.65741   -0.04142    1.62707      -32312.42009
  W        36   73.78302   72.48186   -0.21698    1.81383      -32312.54236
  W        37   73.84761   72.54644   -0.15239    1.74440      -32312.50389
  W        38   73.71644   72.41527   -0.28356    1.87805      -32312.60030
  W        39   73.88237   72.58120   -0.11763    1.71405      -32312.48822
  W        40   73.97325   72.67208   -0.02675    1.62214      -32312.42458
  W        41   73.83337   72.53221   -0.16663    1.75208      -32312.49133
  W        42   73.82084   72.51967   -0.17916    1.77550      -32312.51817
  W        43   73.88237   72.58120   -0.11763    1.70063      -32312.45876
  W        44   73.75669   72.45552   -0.24331    1.83480      -32312.55684
  W        45   73.71550   72.41433   -0.28450    1.87355      -32312.56684
  W        46   73.89339   72.59223   -0.10661    1.69959      -32312.47234
  W        47   73.82731   72.52614   -0.17269    1.76647      -32312.51215
  W        48   73.86113   72.55996   -0.13887    1.73651      -32312.49621
  W        49   73.83963   72.53846   -0.16037    1.76131      -32312.51260
  W        50   73.79429   72.49312   -0.20571    1.80024      -32312.53211
  W        51   73.77127   72.47010   -0.22873    1.83046      -32312.56852
  W        52   73.76793   72.46677   -0.23207    1.83267      -32312.55646
  W        53   73.85656   72.55539   -0.14344    1.73396      -32312.48199
  W        54   73.78300   72.48183   -0.21700    1.81431      -32312.54279
  W        55   73.80116   72.49999   -0.19884    1.79149      -32312.52755
  W        56   73.96966   72.66849   -0.03034    1.61930      -32312.41870
  W        57   73.89491   72.59374   -0.10509    1.69684      -32312.47591
  W        58   73.84502   72.54385   -0.15498    1.75034      -32312.50314
  W        59   73.84250   72.54133   -0.15750    1.74395      -32312.49839
  W        60   73.85608   72.55491   -0.14392    1.73128      -32312.49422
  W        61   73.90614   72.60498   -0.09386    1.69446      -32312.47751
  W        62   73.78332   72.48215   -0.21668    1.80968      -32312.54423
  W        63   73.93118   72.63001   -0.06882    1.66154      -32312.45346
  W        64   74.04246   72.74129    0.04246    1.55359      -32312.37489
  W        65   73.78308   72.48192   -0.21692    1.81733      -32312.55058
  W        66   73.82425   72.52308   -0.17575    1.77107      -32312.51531
  W        67   73.92919   72.62802   -0.07081    1.65669      -32312.43952
  W        68   73.79000   72.48883   -0.21000    1.79793      -32312.53303
  W        69   73.75684   72.45567   -0.24316    1.84188      -32312.56004
  W        70   73.72245   72.42128   -0.27755    1.87872      -32312.59349
  W        71   73.90154   72.60038   -0.09846    1.69702      -32312.47943
  W        72   73.82213   72.52097   -0.17787    1.75627      -32312.49746
  W        73   73.72574   72.42458   -0.27426    1.86448      -32312.57118
  W        74   73.80200   72.50083   -0.19800    1.79308      -32312.52265
  W        75   73.93345   72.63228   -0.06655    1.65455      -32312.43385
  W        76   73.72228   72.42111   -0.27772    1.87975      -32312.58947
  W        77   73.85442   72.55325   -0.14558    1.73406      -32312.48810
  W        78   73.69193   72.39076   -0.30807    1.89861      -32312.59068
  W        79   73.78294   72.48178   -0.21706    1.81106      -32312.53746
  W        80   73.78577   72.48460   -0.21423    1.80480      -32312.54322
  W        81   73.81344   72.51227   -0.18656    1.76738      -32312.49823
  W        82   73.70015   72.39898   -0.29985    1.89246      -32312.58920
  W        83   73.79646   72.49530   -0.20354    1.79494      -32312.52176
  W        84   73.87229   72.57112   -0.12771    1.71803      -32312.47824
  W        85   73.49837   72.19720   -0.50163    2.10731      -32312.74125
  W        86   73.80479   72.50362   -0.19521    1.78669      -32312.53072
  W        87   73.82936   72.52819   -0.17064    1.76186      -32312.51630
  W        88   73.89178   72.59061   -0.10822    1.69150      -32312.45462
  W        89   73.83652   72.53535   -0.16348    1.75798      -32312.50732
  W        90   73.96357   72.66240   -0.03643    1.63511      -32312.44205
  W        91   73.80606   72.50490   -0.19394    1.78931      -32312.53237
  W        92   73.89171   72.59054   -0.10829    1.70256      -32312.47743
  W        93   73.94613   72.64496   -0.05387    1.64177      -32312.42778
  W        94   73.93915   72.63798   -0.06085    1.64750      -32312.42748
  W        95   73.73121   72.43004   -0.26879    1.87058      -32312.58734
  W        96   73.90898   72.60781   -0.09102    1.67598      -32312.45257
  W        97   73.98202   72.68086   -0.01798    1.60179      -32312.40279
  W        98   73.97822   72.67705   -0.02178    1.61324      -32312.41555
  W        99   73.90393   72.60276   -0.09607    1.68916      -32312.45916
  W       100   73.94417   72.64300   -0.05583    1.64867      -32312.43858
  W       101   73.88384   72.58267   -0.11616    1.69446      -32312.45004
  W       102   73.80422   72.50305   -0.19578    1.79328      -32312.53382
  W       103   73.86888   72.56771   -0.13112    1.72207      -32312.47887
  W       104   73.77121   72.47005   -0.22879    1.83114      -32312.55674
  W       105   73.88794   72.58677   -0.11206    1.69500      -32312.46781
  W       106   73.89849   72.59732   -0.10151    1.69575      -32312.47820
  W       107   73.82838   72.52721   -0.17162    1.75824      -32312.51025
  W       108   73.79762   72.49645   -0.20238    1.79924      -32312.53616
  W       109   73.96047   72.65930   -0.03953    1.62888      -32312.42679
  W       110   73.86622   72.56506   -0.13378    1.72816      -32312.49227
  W       111   73.81762   72.51645   -0.18238    1.77341      -32312.51633
  W       112   73.86989   72.56873   -0.13011    1.72997      -32312.49705
  W       113   73.95102   72.64986   -0.04898    1.65026      -32312.44305
  W       114   73.65910   72.35794   -0.34090    1.94109      -32312.62738
  W       115   73.71973   72.41856   -0.28027    1.87863      -32312.59123
  W       116   73.85066   72.54949   -0.14934    1.74948      -32312.49790
  W       117   73.81923   72.51806   -0.18077    1.77048      -32312.50808
  W       118   73.88853   72.58737   -0.11147    1.69989      -32312.46217
  W       119   73.80160   72.50043   -0.19840    1.79713      -32312.54234
  W       120   73.94067   72.63951   -0.05933    1.64552      -32312.42513
  W       121   73.77321   72.47205   -0.22679    1.82435      -32312.56084
  W       122   73.72176   72.42060   -0.27824    1.88249      -32312.59667
  W       123   73.98092   72.67976   -0.01908    1.60981      -32312.41910
  W       124   73.95136   72.65019   -0.04864    1.63351      -32312.42125
  W       125   73.78041   72.47925   -0.21959    1.81483      -32312.54233
  W       126   73.86643   72.56526   -0.13357    1.72996      -32312.49102
  W       127   73.85175   72.55058   -0.14825    1.74534      -32312.49830
  W       128   73.93092   72.62976   -0.06908    1.66248      -32312.44851
  Nb      129   40.79725   39.49608   -0.20275    1.83293       -7632.66319
  Nb      130   40.85584   39.55467   -0.14416    1.77242       -7632.62149
  Nb      131   40.74784   39.44667   -0.25216    1.87995       -7632.68341
  Nb      132   41.00384   39.70267    0.00384    1.62372       -7632.52731
  Nb      133   41.00829   39.70712    0.00829    1.61535       -7632.51034
  Nb      134   40.89092   39.58976   -0.10908    1.73390       -7632.59630
  Nb      135   40.95852   39.65735   -0.04148    1.67056       -7632.55250
  Nb      136   40.90823   39.60706   -0.09177    1.72092       -7632.57583
  Nb      137   40.96866   39.66749   -0.03134    1.65294       -7632.54947
  Nb      138   41.09199   39.79082    0.09199    1.52986       -7632.46536
  Nb      139   40.93679   39.63562   -0.06321    1.69145       -7632.57520
  Nb      140   40.75641   39.45524   -0.24359    1.87175       -7632.67951
  Nb      141   40.86307   39.56190   -0.13693    1.76603       -7632.60287
  Nb      142   40.82226   39.52109   -0.17774    1.80601       -7632.62765
  Nb      143   40.92686   39.62569   -0.07314    1.69996       -7632.56749
  Nb      144   40.89143   39.59026   -0.10857    1.72507       -7632.58350
  Nb      145   40.87040   39.56923   -0.12960    1.75689       -7632.60549
  Nb      146   41.02737   39.72620    0.02737    1.59539       -7632.50521
  Nb      147   40.95529   39.65412   -0.04471    1.66715       -7632.54710
  Nb      148   40.78442   39.48326   -0.21558    1.83993       -7632.64999
  Nb      149   41.01254   39.71137    0.01254    1.61739       -7632.52100
  Nb      150   41.01858   39.71741    0.01858    1.60731       -7632.51495
  Nb      151   40.95179   39.65063   -0.04821    1.68310       -7632.55970
  Nb      152   41.00086   39.69969    0.00086    1.62214       -7632.51372
  Nb      153   40.89030   39.58913   -0.10970    1.73694       -7632.59889
  Nb      154   40.85723   39.55606   -0.14277    1.76449       -7632.62339
  Nb      155   41.02955   39.72839    0.02955    1.59861       -7632.50852
  Nb      156   40.89648   39.59531   -0.10352    1.73094       -7632.58052
  Nb      157   40.87516   39.57399   -0.12484    1.74017       -7632.58471
  Nb      158   40.89470   39.59353   -0.10530    1.72963       -7632.57388
  Nb      159   40.84134   39.54017   -0.15866    1.78596       -7632.62139
  Nb      160   40.96704   39.66587   -0.03296    1.65315       -7632.53824
  Nb      161   40.84116   39.53999   -0.15884    1.78776       -7632.61311
  Nb      162   40.79376   39.49260   -0.20624    1.82807       -7632.63458
  Nb      163   40.84260   39.54143   -0.15740    1.78692       -7632.61437
  Nb      164   40.90831   39.60714   -0.09169    1.72045       -7632.58059
  Nb      165   40.87345   39.57228   -0.12655    1.75620       -7632.61828
  Nb      166   40.78358   39.48241   -0.21642    1.84383       -7632.66060
  Nb      167   40.80607   39.50490   -0.19393    1.81829       -7632.65332
  Nb      168   40.79265   39.49148   -0.20735    1.83640       -7632.64832
  Nb      169   40.84092   39.53975   -0.15908    1.79199       -7632.62946
  Nb      170   40.78272   39.48155   -0.21728    1.84351       -7632.65778
  Nb      171   40.88433   39.58316   -0.11567    1.74337       -7632.60301
  Nb      172   41.02499   39.72383    0.02499    1.60029       -7632.50312
  Nb      173   40.85040   39.54923   -0.14960    1.77602       -7632.62456
  Nb      174   40.90715   39.60598   -0.09285    1.71682       -7632.57372
  Nb      175   41.01900   39.71783    0.01900    1.60834       -7632.50841
  Nb      176   40.83462   39.53345   -0.16538    1.78910       -7632.62242
  Nb      177   40.95288   39.65171   -0.04712    1.67182       -7632.56204
  Nb      178   40.93493   39.63376   -0.06507    1.69081       -7632.56658
  Nb      179   40.75477   39.45360   -0.24523    1.87289       -7632.68467
  Nb      180   40.98668   39.68551   -0.01332    1.62891       -7632.52600
  Nb      181   40.92445   39.62328   -0.07555    1.70026       -7632.57197
  Nb      182   40.87404   39.57287   -0.12596    1.75346       -7632.60261
  Nb      183   40.94467   39.64350   -0.05533    1.67685       -7632.55457
  Nb      184   40.85148   39.55031   -0.14852    1.77232       -7632.61372
  Nb      185   40.71316   39.41199   -0.28684    1.90984       -7632.70002
  Nb      186   40.86459   39.56342   -0.13541    1.76113       -7632.60720
  Nb      187   41.04670   39.74553    0.04670    1.57839       -7632.49047
  Nb      188   40.87357   39.57240   -0.12643    1.75630       -7632.60543
  Nb      189   41.00149   39.70032    0.00149    1.62264       -7632.51621
  Nb      190   40.99659   39.69542   -0.00341    1.62708       -7632.51874
  Nb      191   40.84781   39.54664   -0.15219    1.78527       -7632.63310
  Nb      192   40.97305   39.67188   -0.02695    1.65309       -7632.53761
  Nb      193   40.96194   39.66077   -0.03806    1.66774       -7632.56213
  Nb      194   40.95773   39.65656   -0.04227    1.67135       -7632.55806
  Nb      195   40.97807   39.67691   -0.02193    1.64945       -7632.54169
  Nb      196   40.72694   39.42577   -0.27306    1.89626       -7632.68862
  Nb      197   41.07728   39.77611    0.07728    1.55131       -7632.48052
  Nb      198   40.87201   39.57085   -0.12799    1.75897       -7632.60350
  Nb      199   40.90536   39.60419   -0.09464    1.71950       -7632.58182
  Nb      200   40.97330   39.67213   -0.02670    1.65203       -7632.53900
  Nb      201   40.91429   39.61312   -0.08571    1.71586       -7632.57691
  Nb      202   40.88919   39.58802   -0.11081    1.73771       -7632.58607
  Nb      203   40.95851   39.65734   -0.04149    1.65848       -7632.53579
  Nb      204   40.95249   39.65132   -0.04751    1.67473       -7632.55712
  Nb      205   41.07343   39.77226    0.07343    1.55642       -7632.48507
  Nb      206   40.84328   39.54212   -0.15672    1.78691       -7632.62831
  Nb      207   40.97949   39.67832   -0.02051    1.64937       -7632.54532
  Nb      208   40.82615   39.52498   -0.17385    1.79765       -7632.62738
  Nb      209   41.07811   39.77695    0.07811    1.54592       -7632.47368
  Nb      210   40.71819   39.41702   -0.28181    1.90760       -7632.70193
  Nb      211   40.95679   39.65563   -0.04321    1.66485       -7632.54392
  Nb      212   40.90090   39.59973   -0.09910    1.72519       -7632.58775
  Nb      213   41.02756   39.72639    0.02756    1.59242       -7632.50189
  Nb      214   40.94534   39.64418   -0.05466    1.68398       -7632.55741
  Nb      215   40.96495   39.66379   -0.03505    1.65666       -7632.54337
  Nb      216   40.95615   39.65499   -0.04385    1.66817       -7632.55416
  Nb      217   40.93913   39.63796   -0.06087    1.68628       -7632.55471
  Nb      218   40.90779   39.60662   -0.09221    1.72217       -7632.57993
  Nb      219   40.99848   39.69731   -0.00152    1.62727       -7632.52823
  Nb      220   40.84455   39.54338   -0.15545    1.78622       -7632.63004
  Nb      221   40.89738   39.59621   -0.10262    1.72889       -7632.58604
  Nb      222   40.99625   39.69508   -0.00375    1.62619       -7632.53000
  Nb      223   40.93491   39.63374   -0.06509    1.68277       -7632.55620
  Nb      224   40.97447   39.67331   -0.02553    1.65117       -7632.53502
  Nb      225   41.05599   39.75482    0.05599    1.56323       -7632.48300
  Nb      226   40.66581   39.36465   -0.33419    1.96150       -7632.73200
  Nb      227   40.91731   39.61614   -0.08269    1.70931       -7632.58045
  Nb      228   40.88120   39.58003   -0.11880    1.74495       -7632.60011
  Nb      229   40.90622   39.60506   -0.09378    1.72201       -7632.58090
  Nb      230   40.93670   39.63554   -0.06330    1.68500       -7632.55795
  Nb      231   40.88281   39.58165   -0.11719    1.74219       -7632.59396
  Nb      232   40.90826   39.60709   -0.09174    1.71848       -7632.58158
  Nb      233   40.85703   39.55586   -0.14297    1.77212       -7632.61583
  Nb      234   40.81255   39.51138   -0.18745    1.80587       -7632.62921
  Nb      235   40.90974   39.60857   -0.09026    1.71504       -7632.58619
  Nb      236   41.03699   39.73582    0.03699    1.58577       -7632.49003
  Nb      237   40.83531   39.53414   -0.16469    1.78930       -7632.61826
  Nb      238   40.74932   39.44815   -0.25068    1.87892       -7632.68636
  Nb      239   40.97631   39.67514   -0.02369    1.65294       -7632.54213
  Nb      240   40.89311   39.59194   -0.10689    1.73569       -7632.59580
  Nb      241   40.74578   39.44461   -0.25422    1.87970       -7632.67798
  Nb      242   40.86410   39.56294   -0.13590    1.76191       -7632.60911
  Nb      243   40.76034   39.45917   -0.23966    1.86713       -7632.66256
  Nb      244   40.85225   39.55108   -0.14775    1.77218       -7632.60832
  Nb      245   40.83131   39.53015   -0.16869    1.79695       -7632.63227
  Nb      246   41.02647   39.72531    0.02647    1.60372       -7632.51197
  Nb      247   40.94586   39.64470   -0.05414    1.68430       -7632.56178
  Nb      248   40.81962   39.51845   -0.18038    1.80653       -7632.62444
  Nb      249   40.83423   39.53306   -0.16577    1.79337       -7632.63298
  Nb      250   41.13769   39.83652    0.13769    1.49275       -7632.44383
  Nb      251   40.87190   39.57073   -0.12810    1.75770       -7632.60972
  Nb      252   40.91262   39.61146   -0.08738    1.71520       -7632.58572
  Nb      253   40.95963   39.65846   -0.04037    1.66523       -7632.54079
  Nb      254   40.98882   39.68765   -0.01118    1.63446       -7632.53301
  Nb      255   40.86966   39.56849   -0.13034    1.75363       -7632.60517
  Nb      256   40.85329   39.55212   -0.14671    1.77550       -7632.62030
  Mo      257   42.12958   40.82842    0.12958    1.58746       -8090.52748
  Mo      258   42.10133   40.80017    0.10133    1.61923       -8090.55867
  Mo      259   41.93633   40.63516   -0.06367    1.78762       -8090.64458
  Mo      260   42.18286   40.88169    0.18286    1.53050       -8090.48568
  Mo      261   42.10653   40.80536    0.10653    1.60500       -8090.52816
  Mo      262   42.00309   40.70193    0.00309    1.71760       -8090.59919
  Mo      263   42.12294   40.82177    0.12294    1.58795       -8090.52231
  Mo      264   41.99685   40.69568   -0.00315    1.72223       -8090.60169
  Mo      265   41.99159   40.69042   -0.00841    1.72486       -8090.60308
  Mo      266   42.12876   40.82759    0.12876    1.59019       -8090.52781
  Mo      267   42.15134   40.85017    0.15134    1.56968       -8090.52062
  Mo      268   42.03478   40.73361    0.03478    1.68110       -8090.57603
  Mo      269   42.13548   40.83431    0.13548    1.57007       -8090.50731
  Mo      270   41.88616   40.58499   -0.11384    1.84244       -8090.68303
  Mo      271   42.17205   40.87088    0.17205    1.54819       -8090.50106
  Mo      272   42.08028   40.77912    0.08028    1.63502       -8090.55139
  Mo      273   42.07276   40.77159    0.07276    1.64023       -8090.54871
  Mo      274   42.05085   40.74969    0.05085    1.67505       -8090.58059
  Mo      275   42.18693   40.88577    0.18693    1.51879       -8090.48092
  Mo      276   42.08032   40.77915    0.08032    1.64283       -8090.55924
  Mo      277   42.16538   40.86421    0.16538    1.54667       -8090.49338
  Mo      278   42.10315   40.80198    0.10315    1.61195       -8090.54156
  Mo      279   42.15795   40.85679    0.15795    1.56360       -8090.51065
  Mo      280   42.13298   40.83181    0.13298    1.58829       -8090.52594
  Mo      281   41.99565   40.69448   -0.00435    1.71836       -8090.59352
  Mo      282   42.01002   40.70885    0.01002    1.71107       -8090.59854
  Mo      283   42.01558   40.71441    0.01558    1.70949       -8090.61384
  Mo      284   42.14587   40.84470    0.14587    1.57411       -8090.52332
  Mo      285   42.12572   40.82455    0.12572    1.59267       -8090.53480
  Mo      286   42.05222   40.75105    0.05222    1.66762       -8090.57111
  Mo      287   42.11360   40.81243    0.11360    1.59341       -8090.53096
  Mo      288   42.05339   40.75222    0.05339    1.66607       -8090.57334
  Mo      289   41.92642   40.62525   -0.07358    1.79739       -8090.65433
  Mo      290   42.06138   40.76021    0.06138    1.65997       -8090.57024
  Mo      291   42.00061   40.69944    0.00061    1.71736       -8090.60248
  Mo      292   41.96432   40.66315   -0.03568    1.76483       -8090.63479
  Mo      293   42.03453   40.73336    0.03453    1.68036       -8090.57245
  Mo      294   42.02032   40.71915    0.02032    1.70321       -8090.59964
  Mo      295   42.07111   40.76995    0.07111    1.64815       -8090.56846
  Mo      296   42.07286   40.77169    0.07286    1.64249       -8090.55420
  Mo      297   42.09380   40.79264    0.09380    1.62383       -8090.54049
  Mo      298   42.01850   40.71733    0.01850    1.68744       -8090.58211
  Mo      299   42.09516   40.79399    0.09516    1.62307       -8090.54792
  Mo      300   42.07076   40.76960    0.07076    1.64548       -8090.55021
  Mo      301   42.19619   40.89502    0.19619    1.51686       -8090.47559
  Mo      302   42.00199   40.70082    0.00199    1.71972       -8090.60368
  Mo      303   41.91660   40.61543   -0.08340    1.80248       -8090.64883
  Mo      304   42.14102   40.83985    0.14102    1.56916       -8090.50953
  Mo      305   42.17409   40.87292    0.17409    1.53453       -8090.48604
  Mo      306   42.09252   40.79135    0.09252    1.62654       -8090.54667
  Mo      307   42.07434   40.77318    0.07434    1.63760       -8090.55377
  Mo      308   42.06428   40.76312    0.06428    1.65335       -8090.56962
  Mo      309   41.91173   40.61056   -0.08827    1.81769       -8090.67040
  Mo      310   42.21210   40.91093    0.21210    1.50673       -8090.47437
  Mo      311   42.20815   40.90698    0.20815    1.50301       -8090.46708
  Mo      312   42.14341   40.84224    0.14341    1.57340       -8090.51542
  Mo      313   42.07255   40.77138    0.07255    1.64521       -8090.56845
  Mo      314   42.15087   40.84970    0.15087    1.56839       -8090.51224
  Mo      315   42.12868   40.82752    0.12868    1.58984       -8090.52943
  Mo      316   42.06167   40.76050    0.06167    1.66407       -8090.57442
  Mo      317   41.95742   40.65625   -0.04258    1.76494       -8090.62681
  Mo      318   41.84944   40.54828   -0.15056    1.87343       -8090.69567
  Mo      319   41.91595   40.61479   -0.08405    1.80784       -8090.65991
  Mo      320   41.91620   40.61504   -0.08380    1.81005       -8090.65518
  Mo      321   42.04480   40.74363    0.04480    1.67877       -8090.58835
  Mo      322   41.99830   40.69714   -0.00170    1.72059       -8090.59703
  Mo      323   42.00906   40.70789    0.00906    1.71759       -8090.60643
  Mo      324   42.10412   40.80295    0.10412    1.61612       -8090.55010
  Mo      325   42.20708   40.90591    0.20708    1.50664       -8090.48167
  Mo      326   41.87067   40.56951   -0.12933    1.86066       -8090.69785
  Mo      327   42.13945   40.83828    0.13945    1.58162       -8090.53493
  Mo      328   42.07234   40.77118    0.07234    1.64969       -8090.56467
  Mo      329   41.95612   40.65495   -0.04388    1.76990       -8090.63457
  Mo      330   42.07839   40.77722    0.07839    1.64833       -8090.57682
  Mo      331   42.03769   40.73652    0.03769    1.68619       -8090.59198
  Mo      332   42.11587   40.81470    0.11587    1.60237       -8090.53438
  Mo      333   41.95908   40.65791   -0.04092    1.77381       -8090.63967
  Mo      334   42.13511   40.83394    0.13511    1.58265       -8090.52512
  Mo      335   41.77083   40.46966   -0.22917    1.96084       -8090.75138
  Mo      336   42.20221   40.90104    0.20221    1.51055       -8090.47578
  Mo      337   42.12039   40.81923    0.12039    1.59203       -8090.52189
  Mo      338   42.16947   40.86830    0.16947    1.54130       -8090.49603
  Mo      339   42.23498   40.93381    0.23498    1.47505       -8090.45455
  Mo      340   42.03867   40.73751    0.03867    1.67933       -8090.57732
  Mo      341   42.00253   40.70136    0.00253    1.71758       -8090.60218
  Mo      342   42.14904   40.84787    0.14904    1.56446       -8090.50125
  Mo      343   42.10572   40.80455    0.10572    1.61301       -8090.54185
  Mo      344   42.25120   40.95003    0.25120    1.46224       -8090.44642
  Mo      345   42.22653   40.92536    0.22653    1.49414       -8090.48361
  Mo      346   41.99524   40.69407   -0.00476    1.72236       -8090.59929
  Mo      347   42.06601   40.76484    0.06601    1.64766       -8090.56401
  Mo      348   42.13948   40.83831    0.13948    1.57676       -8090.51478
  Mo      349   42.07246   40.77130    0.07246    1.64343       -8090.55543
  Mo      350   42.09361   40.79244    0.09361    1.61505       -8090.52822
  Mo      351   41.88071   40.57954   -0.11929    1.85187       -8090.69323
  Mo      352   41.92139   40.62022   -0.07861    1.79987       -8090.65228
  Mo      353   42.08322   40.78205    0.08322    1.62716       -8090.53026
  Mo      354   42.04716   40.74599    0.04716    1.68412       -8090.59705
  Mo      355   42.10091   40.79975    0.10091    1.60724       -8090.52692
  Mo      356   42.21070   40.90953    0.21070    1.50722       -8090.47164
  Mo      357   41.99100   40.68983   -0.00900    1.73404       -8090.61828
  Mo      358   42.23043   40.92927    0.23043    1.47714       -8090.45448
  Mo      359   42.14607   40.84490    0.14607    1.57767       -8090.51783
  Mo      360   42.10635   40.80518    0.10635    1.61336       -8090.53812
  Mo      361   42.03564   40.73447    0.03564    1.68631       -8090.58545
  Mo      362   42.04903   40.74786    0.04903    1.66695       -8090.57486
  Mo      363   41.96422   40.66305   -0.03578    1.75598       -8090.62726
  Mo      364   42.08855   40.78738    0.08855    1.63556       -8090.55829
  Mo      365   42.09428   40.79312    0.09428    1.62057       -8090.54569
  Mo      366   42.05126   40.75009    0.05126    1.66721       -8090.57024
  Mo      367   42.08061   40.77944    0.08061    1.64026       -8090.55751
  Mo      368   42.11678   40.81561    0.11678    1.60258       -8090.52800
  Mo      369   42.10861   40.80744    0.10861    1.60156       -8090.53288
  Mo      370   42.03227   40.73110    0.03227    1.68438       -8090.58036
  Mo      371   42.04638   40.74521    0.04638    1.66790       -8090.56768
  Mo      372   41.97064   40.66947   -0.02936    1.75645       -8090.63068
  Mo      373   42.11339   40.81222    0.11339    1.60833       -8090.53468
  Mo      374   42.12193   40.82076    0.12193    1.59305       -8090.52671
  Mo      375   42.06250   40.76133    0.06250    1.65720       -8090.56261
  Mo      376   42.00185   40.70068    0.00185    1.71687       -8090.59672
  Mo      377   42.07187   40.77070    0.07187    1.63880       -8090.54674
  Mo      378   41.99714   40.69598   -0.00286    1.71581       -8090.60503
  Mo      379   42.10677   40.80560    0.10677    1.60957       -8090.53413
  Mo      380   41.98335   40.68218   -0.01665    1.73842       -8090.61712
  Mo      381   42.09652   40.79535    0.09652    1.61225       -8090.52838
  Mo      382   41.96296   40.66179   -0.03704    1.76448       -8090.63125
  Mo      383   42.18203   40.88086    0.18203    1.52703       -8090.48391
  Mo      384   42.19457   40.89340    0.19457    1.51353       -8090.46969
  Ta      385   72.60525   71.30408   -0.39475    1.93029      -31233.02733
  Ta      386   72.84529   71.54412   -0.15471    1.68211      -31232.87086
  Ta      387   72.78521   71.48404   -0.21479    1.75010      -31232.91281
  Ta      388   72.70969   71.40852   -0.29031    1.82435      -31232.95557
  Ta      389   72.70183   71.40066   -0.29817    1.83009      -31232.94815
  Ta      390   72.60424   71.30307   -0.39576    1.92687      -31233.02236
  Ta      391   72.76478   71.46361   -0.23522    1.76684      -31232.91728
  Ta      392   72.62751   71.32634   -0.37249    1.90449      -31233.02934
  Ta      393   72.81590   71.51473   -0.18410    1.71067      -31232.88216
  Ta      394   72.83633   71.53516   -0.16367    1.69378      -31232.87019
  Ta      395   72.69040   71.38923   -0.30960    1.84301      -31232.97315
  Ta      396   72.74450   71.44333   -0.25550    1.78526      -31232.93009
  Ta      397   72.69651   71.39534   -0.30349    1.83616      -31232.96177
  Ta      398   72.65221   71.35104   -0.34779    1.88799      -31233.00676
  Ta      399   72.68070   71.37953   -0.31930    1.85410      -31232.97280
  Ta      400   72.69336   71.39219   -0.30664    1.84188      -31232.96623
  Ta      401   72.46636   71.16519   -0.53364    2.06658      -31233.12528
  Ta      402   72.73360   71.43243   -0.26640    1.80347      -31232.95357
  Ta      403   72.77396   71.47279   -0.22604    1.75482      -31232.91113
  Ta      404   72.69185   71.39068   -0.30815    1.84021      -31232.97007
  Ta      405   72.71040   71.40924   -0.28960    1.83062      -31232.97140
  Ta      406   72.66708   71.36591   -0.33292    1.86959      -31232.99736
  Ta      407   72.85092   71.54975   -0.14908    1.68487      -31232.86213
  Ta      408   72.83021   71.52904   -0.16979    1.69719      -31232.87461
  Ta      409   72.71436   71.41319   -0.28564    1.81817      -31232.95988
  Ta      410   72.84892   71.54775   -0.15108    1.68693      -31232.87917
  Ta      411   72.61152   71.31036   -0.38848    1.92286      -31233.01602
  Ta      412   72.64359   71.34243   -0.35641    1.88996      -31233.00296
  Ta      413   72.75880   71.45764   -0.24120    1.77148      -31232.92152
  Ta      414   72.76786   71.46670   -0.23214    1.76653      -31232.91580
  Ta      415   72.65933   71.35816   -0.34067    1.87466      -31233.00215
  Ta      416   72.65676   71.35559   -0.34324    1.87750      -31232.99065
  Ta      417   72.86710   71.56593   -0.13290    1.66902      -31232.85595
  Ta      418   72.63786   71.33669   -0.36214    1.89240      -31232.99790
  Ta      419   72.82757   71.52640   -0.17243    1.70815      -31232.88958
  Ta      420   72.79790   71.49673   -0.20210    1.74203      -31232.90717
  Ta      421   72.73509   71.43392   -0.26491    1.80272      -31232.93404
  Ta      422   72.64339   71.34222   -0.35661    1.88799      -31232.99198
  Ta      423   72.74002   71.43885   -0.25998    1.79375      -31232.93206
  Ta      424   72.67465   71.37348   -0.32535    1.85929      -31232.98587
  Ta      425   72.74579   71.44462   -0.25421    1.78783      -31232.93719
  Ta      426   72.79040   71.48923   -0.20960    1.74997      -31232.91729
  Ta      427   72.70485   71.40368   -0.29515    1.82084      -31232.94771
  Ta      428   72.78373   71.48256   -0.21627    1.74703      -31232.90209
  Ta      429   72.86498   71.56381   -0.13502    1.67349      -31232.85122
  Ta      430   72.71086   71.40969   -0.28914    1.82639      -31232.96876
  Ta      431   72.67132   71.37015   -0.32868    1.85985      -31232.98265
  Ta      432   72.74847   71.44731   -0.25153    1.78496      -31232.92534
  Ta      433   72.78403   71.48286   -0.21597    1.74935      -31232.89640
  Ta      434   72.48091   71.17974   -0.51909    2.05061      -31233.10309
  Ta      435   72.70546   71.40429   -0.29454    1.82556      -31232.95172
  Ta      436   72.72385   71.42269   -0.27615    1.81011      -31232.95659
  Ta      437   72.74851   71.44734   -0.25149    1.78378      -31232.91669
  Ta      438   72.58691   71.28574   -0.41309    1.94052      -31233.02693
  Ta      439   72.78592   71.48475   -0.21408    1.74288      -31232.90809
  Ta      440   72.75821   71.45705   -0.24179    1.77983      -31232.93271
  Ta      441   72.73351   71.43234   -0.26649    1.79040      -31232.92773
  Ta      442   72.79368   71.49251   -0.20632    1.73439      -31232.88285
  Ta      443   72.68089   71.37972   -0.31911    1.84827      -31232.96249
  Ta      444   72.67049   71.36932   -0.32951    1.85407      -31232.97613
  Ta      445   72.73486   71.43369   -0.26514    1.80058      -31232.94646
  Ta      446   72.79502   71.49385   -0.20498    1.74328      -31232.91028
  Ta      447   72.72635   71.42518   -0.27365    1.80544      -31232.94565
  Ta      448   72.71158   71.41042   -0.28842    1.81597      -31232.95586
  Ta      449   72.74210   71.44093   -0.25790    1.79147      -31232.93256
  Ta      450   72.83615   71.53498   -0.16385    1.69265      -31232.86035
  Ta      451   72.78393   71.48277   -0.21607    1.75397      -31232.92190
  Ta      452   72.80917   71.50800   -0.19083    1.72459      -31232.89391
  Ta      453   72.78015   71.47898   -0.21985    1.75332      -31232.91975
  Ta      454   72.82942   71.52825   -0.17058    1.70768      -31232.88251
  Ta      455   72.68978   71.38861   -0.31022    1.84801      -31232.98330
  Ta      456   72.54932   71.24816   -0.45068    1.97815      -31233.04697
  Ta      457   72.89626   71.59509   -0.10374    1.64225      -31232.83817
  Ta      458   72.80229   71.50113   -0.19771    1.72641      -31232.90038
  Ta      459   72.76039   71.45922   -0.23961    1.76877      -31232.91495
  Ta      460   72.83465   71.53348   -0.16535    1.69973      -31232.87631
  Ta      461   72.66708   71.36591   -0.33292    1.87082      -31232.98641
  Ta      462   72.69653   71.39536   -0.30347    1.84062      -31232.97338
  Ta      463   72.77911   71.47794   -0.22089    1.75238      -31232.90892
  Ta      464   72.79871   71.49754   -0.20129    1.73542      -31232.90940
  Ta      465   72.81367   71.51250   -0.18633    1.72268      -31232.89418
  Ta      466   72.68414   71.38297   -0.31586    1.84791      -31232.97321
  Ta      467   72.60336   71.30219   -0.39664    1.93008      -31233.01786
  Ta      468   72.77703   71.47586   -0.22297    1.75538      -31232.91309
  Ta      469   72.76468   71.46351   -0.23532    1.76882      -31232.92629
  Ta      470   72.66063   71.35946   -0.33937    1.87257      -31232.99000
  Ta      471   72.83407   71.53290   -0.16593    1.70759      -31232.88020
  Ta      472   72.84329   71.54212   -0.15671    1.68565      -31232.86918
  Ta      473   72.79142   71.49025   -0.20858    1.74476      -31232.90879
  Ta      474   72.76976   71.46859   -0.23024    1.76600      -31232.91871
  Ta      475   72.73131   71.43015   -0.26869    1.80297      -31232.94902
  Ta      476   72.77863   71.47747   -0.22137    1.74926      -31232.90168
  Ta      477   72.55957   71.25841   -0.44043    1.97483      -31233.05718
  Ta      478   72.79088   71.48972   -0.20912    1.74271      -31232.90852
  Ta      479   72.91188   71.61071   -0.08812    1.61945      -31232.82418
  Ta      480   72.71441   71.41324   -0.28559    1.81248      -31232.94274
  Ta      481   72.75464   71.45348   -0.24536    1.77475      -31232.92265
  Ta      482   72.73930   71.43813   -0.26070    1.79234      -31232.93370
  Ta      483   72.65521   71.35404   -0.34479    1.87945      -31232.99553
  Ta      484   72.76934   71.46817   -0.23066    1.76302      -31232.91251
  Ta      485   72.84671   71.54554   -0.15329    1.69016      -31232.87664
  Ta      486   72.69240   71.39124   -0.30760    1.83913      -31232.96791
  Ta      487   72.78047   71.47930   -0.21953    1.75415      -31232.91637
  Ta      488   72.54044   71.23927   -0.45956    1.99156      -31233.06494
  Ta      489   72.81388   71.51272   -0.18612    1.72545      -31232.89413
  Ta      490   72.77393   71.47276   -0.22607    1.75831      -31232.91045
  Ta      491   72.76254   71.46137   -0.23746    1.77274      -31232.92346
  Ta      492   72.79839   71.49722   -0.20161    1.73917      -31232.90082
  Ta      493   72.75791   71.45674   -0.24209    1.77247      -31232.91468
  Ta      494   72.79850   71.49733   -0.20150    1.73612      -31232.91190
  Ta      495   72.81624   71.51508   -0.18376    1.71924      -31232.89413
  Ta      496   72.87092   71.56975   -0.12908    1.66053      -31232.85287
  Ta      497   72.67510   71.37394   -0.32490    1.85399      -31232.97084
  Ta      498   72.57063   71.26946   -0.42937    1.96166      -31233.04275
  Ta      499   72.74418   71.44302   -0.25582    1.78699      -31232.93669
  Ta      500   72.60490   71.30373   -0.39510    1.93006      -31233.03599
  Ta      501   72.86881   71.56764   -0.13119    1.66698      -31232.85503
  Ta      502   72.73552   71.43435   -0.26448    1.79801      -31232.94427
  Ta      503   72.64056   71.33940   -0.35944    1.89423      -31232.99671
  Ta      504   72.78867   71.48750   -0.21133    1.74553      -31232.89941
  Ta      505   72.79612   71.49495   -0.20388    1.73508      -31232.91099
  Ta      506   72.59310   71.29193   -0.40690    1.94331      -31233.02347
  Ta      507   72.82851   71.52734   -0.17149    1.71151      -31232.88264
  Ta      508   72.82518   71.52401   -0.17482    1.71042      -31232.88758
  Ta      509   72.59669   71.29552   -0.40331    1.93969      -31233.04359
  Ta      510   72.79460   71.49343   -0.20540    1.73920      -31232.90027
  Ta      511   72.63154   71.33038   -0.36846    1.89778      -31233.00147
  Ta      512   72.65604   71.35487   -0.34396    1.87505      -31232.98486
  V       513   23.53655   22.23538    0.53655    1.41089       -1895.15115
  V       514   23.29877   21.99760    0.29877    1.65455       -1895.28186
  V       515   23.30691   22.00574    0.30691    1.64939       -1895.30205
  V       516   23.45021   22.14904    0.45021    1.49550       -1895.21151
  V       517   23.57201   22.27085    0.57201    1.37199       -1895.12842
  V       518   23.45036   22.14919    0.45036    1.49998       -1895.21755
  V       519   23.42551   22.12434    0.42551    1.52123       -1895.22212
  V       520   23.38558   22.08442    0.38558    1.56699       -1895.25598
  V       521   23.51794   22.21677    0.51794    1.42996       -1895.17862
  V       522   23.54417   22.24300    0.54417    1.39627       -1895.15170
  V       523   23.51798   22.21681    0.51798    1.41804       -1895.15631
  V       524   23.35541   22.05425    0.35541    1.59938       -1895.25761
  V       525   23.51289   22.21172    0.51289    1.43370       -1895.18099
  V       526   23.48421   22.18304    0.48421    1.46020       -1895.17707
  V       527   23.35648   22.05532    0.35648    1.59832       -1895.26899
  V       528   23.44009   22.13892    0.44009    1.50868       -1895.21530
  V       529   23.54073   22.23956    0.54073    1.40803       -1895.17312
  V       530   23.46159   22.16042    0.46159    1.48709       -1895.21913
  V       531   23.46654   22.16537    0.46654    1.47993       -1895.19344
  V       532   23.49815   22.19699    0.49815    1.45268       -1895.17182
  V       533   23.56354   22.26237    0.56354    1.37856       -1895.13543
  V       534   23.37666   22.07549    0.37666    1.57594       -1895.24419
  V       535   23.43626   22.13509    0.43626    1.51354       -1895.22180
  V       536   23.39406   22.09289    0.39406    1.55624       -1895.23108
  V       537   23.49799   22.19683    0.49799    1.44972       -1895.18309
  V       538   23.49621   22.19504    0.49621    1.45233       -1895.17551
  V       539   23.34543   22.04426    0.34543    1.60629       -1895.25989
  V       540   23.43457   22.13340    0.43457    1.51761       -1895.21110
  V       541   23.41760   22.11643    0.41760    1.53480       -1895.23695
  V       542   23.45255   22.15139    0.45255    1.49572       -1895.20971
  V       543   23.47340   22.17223    0.47340    1.47415       -1895.19489
  V       544   23.42488   22.12372    0.42488    1.52395       -1895.21890
  V       545   23.51720   22.21604    0.51720    1.42467       -1895.16704
  V       546   23.49486   22.19369    0.49486    1.45458       -1895.18941
  V       547   23.22108   21.91991    0.22108    1.73815       -1895.33231
  V       548   23.35979   22.05862    0.35979    1.58614       -1895.25551
  V       549   23.42542   22.12426    0.42542    1.52519       -1895.21712
  V       550   23.41753   22.11636    0.41753    1.52847       -1895.20583
  V       551   23.50432   22.20315    0.50432    1.43706       -1895.15312
  V       552   23.48037   22.17920    0.48037    1.46579       -1895.19076
  V       553   23.32121   22.02004    0.32121    1.62820       -1895.27368
  V       554   23.39998   22.09882    0.39998    1.55161       -1895.23259
  V       555   23.31713   22.01596    0.31713    1.63339       -1895.26933
  V       556   23.52867   22.22751    0.52867    1.41665       -1895.15816
  V       557   23.40581   22.10464    0.40581    1.54035       -1895.22230
  V       558   23.47509   22.17392    0.47509    1.47435       -1895.19993
  V       559   23.40113   22.09996    0.40113    1.54477       -1895.24524
  V       560   23.40750   22.10633    0.40750    1.53845       -1895.22351
  V       561   23.49446   22.19329    0.49446    1.45379       -1895.17715
  V       562   23.53733   22.23617    0.53733    1.40756       -1895.16673
  V       563   23.47887   22.17770    0.47887    1.46870       -1895.17535
  V       564   23.40605   22.10488    0.40605    1.54474       -1895.23467
  V       565   23.40830   22.10713    0.40830    1.54752       -1895.23959
  V       566   23.35056   22.04939    0.35056    1.59642       -1895.24408
  V       567   23.43085   22.12968    0.43085    1.51551       -1895.21868
  V       568   23.42450   22.12333    0.42450    1.51780       -1895.19981
  V       569   23.38848   22.08731    0.38848    1.55804       -1895.23837
  V       570   23.53735   22.23618    0.53735    1.41153       -1895.16535
  V       571   23.52317   22.22200    0.52317    1.42236       -1895.16131
  V       572   23.46813   22.16696    0.46813    1.48095       -1895.19749
  V       573   23.29650   21.99533    0.29650    1.65836       -1895.28369
  V       574   23.51486   22.21370    0.51486    1.43085       -1895.16377
  V       575   23.30516   22.00399    0.30516    1.65131       -1895.29428
  V       576   23.43951   22.13835    0.43951    1.51066       -1895.20595
  V       577   23.38800   22.08684    0.38800    1.56322       -1895.23298
  V       578   23.57573   22.27457    0.57573    1.36299       -1895.12811
  V       579   23.37742   22.07625    0.37742    1.56993       -1895.23686
  V       580   23.46323   22.16207    0.46323    1.47793       -1895.17133
  V       581   23.56318   22.26201    0.56318    1.37902       -1895.14452
  V       582   23.55003   22.24886    0.55003    1.39176       -1895.14791
  V       583   23.40299   22.10182    0.40299    1.54557       -1895.22275
  V       584   23.52741   22.22625    0.52741    1.41510       -1895.16803
  V       585   23.51842   22.21725    0.51842    1.42888       -1895.16360
  V       586   23.31165   22.01048    0.31165    1.64483       -1895.29206
  V       587   23.45808   22.15691    0.45808    1.48495       -1895.18396
  V       588   23.58272   22.28155    0.58272    1.36379       -1895.14042
  V       589   23.56797   22.26680    0.56797    1.37600       -1895.13554
  V       590   23.43381   22.13265    0.43381    1.51006       -1895.20812
  V       591   23.46400   22.16284    0.46400    1.48052       -1895.19699
  V       592   23.28186   21.98069    0.28186    1.67323       -1895.29997
  V       593   23.44511   22.14394    0.44511    1.50524       -1895.21512
  V       594   23.45400   22.15283    0.45400    1.49306       -1895.19395
  V       595   23.49650   22.19533    0.49650    1.44906       -1895.18015
  V       596   23.37969   22.07853    0.37969    1.57135       -1895.24920
  V       597   23.47984   22.17867    0.47984    1.47190       -1895.19297
  V       598   23.45568   22.15451    0.45568    1.49612       -1895.19914
  V       599   23.54513   22.24396    0.54513    1.40442       -1895.16751
  V       600   23.48532   22.18415    0.48532    1.46630       -1895.19046
  V       601   23.56425   22.26308    0.56425    1.37683       -1895.14281
  V       602   23.58610   22.28493    0.58610    1.34894       -1895.11621
  V       603   23.52528   22.22411    0.52528    1.42167       -1895.17159
  V       604   23.45839   22.15722    0.45839    1.48468       -1895.19989
  V       605   23.40484   22.10367    0.40484    1.55074       -1895.24380
  V       606   23.38847   22.08731    0.38847    1.56595       -1895.25038
  V       607   23.49329   22.19212    0.49329    1.45465       -1895.17793
  V       608   23.31332   22.01215    0.31332    1.63965       -1895.26714
  V       609   23.45593   22.15476    0.45593    1.48695       -1895.19350
  V       610   23.56469   22.26353    0.56469    1.37723       -1895.12528
  V       611   23.51570   22.21454    0.51570    1.42611       -1895.16452
  V       612   23.58632   22.28515    0.58632    1.35660       -1895.11638
  V       613   23.38624   22.08507    0.38624    1.56027       -1895.23392
  V       614   23.41653   22.11536    0.41653    1.53005       -1895.22701
  V       615   23.30538   22.00421    0.30538    1.64839       -1895.28838
  V       616   23.39208   22.09091    0.39208    1.55850       -1895.23691
  V       617   23.40950   22.10833    0.40950    1.53958       -1895.24275
  V       618   23.49751   22.19635    0.49751    1.44383       -1895.18242
  V       619   23.42719   22.12602    0.42719    1.52138       -1895.21866
  V       620   23.38838   22.08721    0.38838    1.55910       -1895.22583
  V       621   23.47814   22.17697    0.47814    1.47203       -1895.20273
  V       622   23.44916   22.14799    0.44916    1.50023       -1895.20426
  V       623   23.43964   22.13847    0.43964    1.50671       -1895.21337
  V       624   23.27761   21.97645    0.27761    1.68141       -1895.30486
  V       625   23.42125   22.12009    0.42125    1.52893       -1895.22227
  V       626   23.37791   22.07675    0.37791    1.57396       -1895.24115
  V       627   23.43317   22.13200    0.43317    1.51620       -1895.22246
  V       628   23.37754   22.07637    0.37754    1.57683       -1895.24400
  V       629   23.46684   22.16568    0.46684    1.48018       -1895.18557
  V       630   23.36819   22.06702    0.36819    1.58279       -1895.24607
  V       631   23.30516   22.00399    0.30516    1.65258       -1895.29110
  V       632   23.47830   22.17714    0.47830    1.46801       -1895.18309
  V       633   23.60209   22.30092    0.60209    1.33854       -1895.11536
  V       634   23.38487   22.08370    0.38487    1.56727       -1895.24329
  V       635   23.33605   22.03488    0.33605    1.60815       -1895.26037
  V       636   23.31841   22.01725    0.31841    1.62991       -1895.28391
  V       637   23.49440   22.19323    0.49440    1.45233       -1895.19278
  V       638   23.45052   22.14935    0.45052    1.49853       -1895.21759
  V       639   23.26542   21.96425    0.26542    1.69379       -1895.32033
  V       640   23.42080   22.11963    0.42080    1.52616       -1895.21645
