 Atom   Index      Q          Qmt        dQ        Vmad        Local Energy
  W         1   73.91705   72.61286   -0.08295    1.69869      -32312.48574
  W         2   73.71683   72.41264   -0.28317    1.91148      -32312.63284
  W         3   73.94939   72.64520   -0.05061    1.66934      -32312.46969
  W         4   73.97300   72.66881   -0.02700    1.64256      -32312.45306
  W         5   73.91049   72.60631   -0.08951    1.70846      -32312.50213
  W         6   73.95525   72.65106   -0.04475    1.65575      -32312.45849
  W         7   73.98932   72.68513   -0.01068    1.62177      -32312.43567
  W         8   74.05892   72.75473    0.05892    1.55350      -32312.39171
  W         9   73.82137   72.51718   -0.17863    1.79367      -32312.54216
  W        10   73.93576   72.63157   -0.06424    1.67862      -32312.47579
  W        11   73.85308   72.54889   -0.14692    1.76513      -32312.53158
  W        12   73.77369   72.46950   -0.22631    1.84429      -32312.58036
  W        13   73.98301   72.67882   -0.01699    1.63251      -32312.44296
  W        14   73.83257   72.52839   -0.16743    1.78747      -32312.55074
  W        15   73.90553   72.60134   -0.09447    1.71302      -32312.50386
  W        16   73.87412   72.56993   -0.12588    1.74724      -32312.52289
  W        17   73.84323   72.53904   -0.15677    1.76940      -32312.52179
  W        18   73.79562   72.49143   -0.20438    1.82337      -32312.56609
  W        19   73.82005   72.51586   -0.17995    1.80574      -32312.56240
  W        20   73.64765   72.34346   -0.35235    1.98465      -32312.68630
  W        21   73.81372   72.50953   -0.18628    1.80875      -32312.56354
  W        22   73.99245   72.68826   -0.00755    1.62889      -32312.44661
  W        23   73.91671   72.61252   -0.08329    1.70917      -32312.50333
  W        24   73.85670   72.55251   -0.14330    1.77295      -32312.55168
  W        25   73.74176   72.43757   -0.25824    1.88224      -32312.61340
  W        26   73.84970   72.54551   -0.15030    1.76775      -32312.52728
  W        27   73.84587   72.54168   -0.15413    1.76924      -32312.52918
  W        28   73.93117   72.62698   -0.06883    1.68983      -32312.48939
  W        29   73.81228   72.50809   -0.18772    1.80480      -32312.55931
  W        30   73.85829   72.55410   -0.14171    1.76273      -32312.53668
  W        31   73.99352   72.68933   -0.00648    1.62099      -32312.44022
  W        32   73.89337   72.58918   -0.10663    1.71992      -32312.50411
  Nb       33   40.92493   39.62075   -0.07507    1.71896       -7632.58570
  Nb       34   40.91886   39.61467   -0.08114    1.73264       -7632.60136
  Nb       35   40.87839   39.57420   -0.12161    1.76591       -7632.62300
  Nb       36   40.98992   39.68573   -0.01008    1.66005       -7632.55600
  Nb       37   41.01635   39.71216    0.01635    1.62722       -7632.53441
  Nb       38   40.97565   39.67146   -0.02435    1.67676       -7632.56454
  Nb       39   40.98122   39.67703   -0.01878    1.66883       -7632.56073
  Nb       40   40.99947   39.69528   -0.00053    1.64906       -7632.56220
  Nb       41   40.90517   39.60098   -0.09483    1.74034       -7632.60710
  Nb       42   40.89439   39.59020   -0.10561    1.75208       -7632.62262
  Nb       43   40.94022   39.63603   -0.05978    1.70440       -7632.59258
  Nb       44   40.93040   39.62621   -0.06960    1.71249       -7632.59434
  Nb       45   40.92350   39.61931   -0.07650    1.72675       -7632.61096
  Nb       46   40.93779   39.63361   -0.06221    1.70731       -7632.58835
  Nb       47   40.89727   39.59308   -0.10273    1.74854       -7632.61278
  Nb       48   40.98660   39.68242   -0.01340    1.65763       -7632.55433
  Nb       49   40.96883   39.66464   -0.03117    1.67834       -7632.56762
  Nb       50   41.07369   39.76950    0.07369    1.57532       -7632.50063
  Nb       51   40.87993   39.57574   -0.12007    1.76916       -7632.62498
  Nb       52   40.92982   39.62563   -0.07018    1.72386       -7632.60560
  Nb       53   40.93229   39.62810   -0.06771    1.71758       -7632.59648
  Nb       54   40.98213   39.67794   -0.01787    1.66230       -7632.56674
  Nb       55   40.83357   39.52939   -0.16643    1.82155       -7632.66686
  Nb       56   40.91179   39.60760   -0.08821    1.73450       -7632.60517
  Nb       57   40.95791   39.65372   -0.04209    1.68845       -7632.57445
  Nb       58   40.79907   39.49488   -0.20093    1.85208       -7632.68577
  Nb       59   40.88464   39.58046   -0.11536    1.76593       -7632.62447
  Nb       60   40.82604   39.52185   -0.17396    1.82597       -7632.66237
  Nb       61   40.91092   39.60673   -0.08908    1.74494       -7632.61825
  Nb       62   41.00240   39.69822    0.00240    1.64650       -7632.55601
  Nb       63   40.95935   39.65516   -0.04065    1.68908       -7632.58332
  Nb       64   40.91354   39.60935   -0.08646    1.73599       -7632.60165
  Mo       65   42.10803   40.80384    0.10803    1.63610       -8090.57327
  Mo       66   42.18525   40.88106    0.18525    1.55681       -8090.52747
  Mo       67   42.05822   40.75403    0.05822    1.68593       -8090.60471
  Mo       68   42.09532   40.79113    0.09532    1.64350       -8090.57056
  Mo       69   42.05497   40.75078    0.05497    1.68895       -8090.61200
  Mo       70   42.08497   40.78078    0.08497    1.65429       -8090.58095
  Mo       71   42.06746   40.76327    0.06746    1.68080       -8090.60331
  Mo       72   42.20811   40.90392    0.20811    1.53222       -8090.50958
  Mo       73   42.15972   40.85553    0.15972    1.57946       -8090.53554
  Mo       74   42.07996   40.77577    0.07996    1.67134       -8090.60486
  Mo       75   42.04792   40.74373    0.04792    1.69922       -8090.62067
  Mo       76   42.00268   40.69849    0.00268    1.74362       -8090.63383
  Mo       77   42.03572   40.73153    0.03572    1.70478       -8090.60602
  Mo       78   42.04240   40.73821    0.04240    1.70517       -8090.62375
  Mo       79   42.07106   40.76688    0.07106    1.67058       -8090.59857
  Mo       80   41.96818   40.66399   -0.03182    1.78614       -8090.67974
  Mo       81   42.04568   40.74149    0.04568    1.69954       -8090.61688
  Mo       82   42.06733   40.76314    0.06733    1.68162       -8090.60819
  Mo       83   42.09373   40.78954    0.09373    1.65416       -8090.59143
  Mo       84   42.14433   40.84014    0.14433    1.59246       -8090.53917
  Mo       85   42.08349   40.77931    0.08349    1.65820       -8090.58437
  Mo       86   42.14321   40.83902    0.14321    1.59060       -8090.53037
  Mo       87   42.13015   40.82596    0.13015    1.62108       -8090.57522
  Mo       88   42.01113   40.70694    0.01113    1.73870       -8090.64409
  Mo       89   42.14511   40.84092    0.14511    1.58967       -8090.54136
  Mo       90   42.17347   40.86928    0.17347    1.56836       -8090.53231
  Mo       91   42.08154   40.77735    0.08154    1.65906       -8090.59044
  Mo       92   42.07264   40.76845    0.07264    1.67803       -8090.60840
  Mo       93   42.12785   40.82366    0.12785    1.60724       -8090.54850
  Mo       94   42.01315   40.70896    0.01315    1.73377       -8090.63561
  Mo       95   42.14024   40.83605    0.14024    1.59641       -8090.54366
  Mo       96   42.13194   40.82775    0.13194    1.62112       -8090.57421
  Ta       97   72.72849   71.42430   -0.27151    1.82135      -31232.97364
  Ta       98   72.82936   71.52517   -0.17064    1.73460      -31232.92468
  Ta       99   72.71894   71.41476   -0.28106    1.82947      -31232.96791
  Ta      100   72.72476   71.42057   -0.27524    1.83145      -31232.97965
  Ta      101   72.76481   71.46062   -0.23519    1.78522      -31232.94899
  Ta      102   72.77444   71.47025   -0.22556    1.77518      -31232.93800
  Ta      103   72.77505   71.47086   -0.22495    1.78223      -31232.94702
  Ta      104   72.81342   71.50923   -0.18658    1.74179      -31232.93044
  Ta      105   72.83283   71.52864   -0.16717    1.72475      -31232.91548
  Ta      106   72.75064   71.44646   -0.24936    1.80387      -31232.95533
  Ta      107   72.73451   71.43032   -0.26549    1.81966      -31232.96913
  Ta      108   72.85986   71.55567   -0.14014    1.69759      -31232.89175
  Ta      109   72.67629   71.37210   -0.32371    1.87248      -31232.99405
  Ta      110   72.81668   71.51249   -0.18332    1.73850      -31232.90770
  Ta      111   72.76559   71.46140   -0.23441    1.79172      -31232.96019
  Ta      112   72.83322   71.52903   -0.16678    1.71846      -31232.89888
  Ta      113   72.79067   71.48648   -0.20933    1.76682      -31232.93617
  Ta      114   72.76861   71.46442   -0.23139    1.78512      -31232.95035
  Ta      115   72.80046   71.49627   -0.19954    1.75537      -31232.93497
  Ta      116   72.68396   71.37977   -0.31604    1.87260      -31233.00645
  Ta      117   72.76088   71.45669   -0.23912    1.78850      -31232.94405
  Ta      118   72.84330   71.53911   -0.15670    1.70551      -31232.89410
  Ta      119   72.77764   71.47345   -0.22236    1.77826      -31232.94734
  Ta      120   72.89130   71.58711   -0.10870    1.67009      -31232.87200
  Ta      121   72.89233   71.58814   -0.10767    1.66503      -31232.87373
  Ta      122   72.76220   71.45801   -0.23780    1.79404      -31232.94990
  Ta      123   72.86800   71.56381   -0.13200    1.68635      -31232.87914
  Ta      124   72.76780   71.46361   -0.23220    1.78864      -31232.95281
  Ta      125   72.87436   71.57017   -0.12564    1.68620      -31232.87916
  Ta      126   72.72480   71.42061   -0.27520    1.83140      -31232.97650
  Ta      127   72.78322   71.47903   -0.21678    1.76612      -31232.92483
  Ta      128   72.79927   71.49508   -0.20073    1.76070      -31232.93648
  Ti      129   22.34415   21.03996    0.34415    1.53238       -1704.38808
  Ti      130   22.19800   20.89381    0.19800    1.67532       -1704.44398
  Ti      131   22.31050   21.00631    0.31050    1.57264       -1704.41635
  Ti      132   22.34191   21.03772    0.34191    1.52008       -1704.34464
  Ti      133   22.31387   21.00968    0.31387    1.56164       -1704.40110
  Ti      134   22.32006   21.01587    0.32006    1.56088       -1704.40846
  Ti      135   22.37791   21.07372    0.37791    1.48806       -1704.32523
  Ti      136   22.24318   20.93900    0.24318    1.62436       -1704.41350
  Ti      137   22.32312   21.01893    0.32312    1.54455       -1704.38706
  Ti      138   22.31261   21.00842    0.31261    1.54868       -1704.35892
  Ti      139   22.29220   20.98801    0.29220    1.58924       -1704.42415
  Ti      140   22.43523   21.13104    0.43523    1.44052       -1704.33883
  Ti      141   22.34569   21.04150    0.34569    1.52348       -1704.36539
  Ti      142   22.34520   21.04101    0.34520    1.52217       -1704.34685
  Ti      143   22.40677   21.10258    0.40677    1.46304       -1704.31910
  Ti      144   22.35687   21.05268    0.35687    1.51270       -1704.36382
  Ti      145   22.29671   20.99252    0.29671    1.57596       -1704.39945
  Ti      146   22.27499   20.97080    0.27499    1.59427       -1704.40677
  Ti      147   22.36078   21.05659    0.36078    1.50792       -1704.34416
  Ti      148   22.29587   20.99168    0.29587    1.58571       -1704.41326
  Ti      149   22.22794   20.92375    0.22794    1.64237       -1704.43185
  Ti      150   22.18508   20.88089    0.18508    1.68008       -1704.44647
  Ti      151   22.29312   20.98893    0.29312    1.59065       -1704.42906
  Ti      152   22.28368   20.97949    0.28368    1.58444       -1704.39407
  Ti      153   22.25973   20.95555    0.25973    1.61007       -1704.43164
  Ti      154   22.29976   20.99557    0.29976    1.57062       -1704.38033
  Ti      155   22.23758   20.93339    0.23758    1.63500       -1704.42579
  Ti      156   22.31292   21.00874    0.31292    1.55337       -1704.37284
  Ti      157   22.38951   21.08532    0.38951    1.48143       -1704.34135
  Ti      158   22.37095   21.06676    0.37095    1.50920       -1704.38740
  Ti      159   22.25978   20.95559    0.25978    1.62832       -1704.46352
  Ti      160   22.39417   21.08998    0.39417    1.48703       -1704.36008
