 Atom   Index      Q          Qmt        dQ        Vmad        Local Energy
  W         1   73.88425   72.57931   -0.11575    1.73983      -32312.52173
  W         2   73.98597   72.68103   -0.01403    1.61905      -32312.42943
  W         3   73.92401   72.61907   -0.07599    1.68087      -32312.47135
  W         4   73.94460   72.63966   -0.05540    1.66085      -32312.46760
  Nb        5   41.02507   39.72013    0.02507    1.63153       -7632.55909
  Nb        6   40.77864   39.47371   -0.22136    1.86875       -7632.68561
  Nb        7   41.03399   39.72905    0.03399    1.61409       -7632.54721
  Nb        8   40.90631   39.60137   -0.09369    1.74535       -7632.60817
  Mo        9   42.22261   40.91767    0.22261    1.52546       -8090.52300
  Mo       10   41.98161   40.67667   -0.01839    1.76180       -8090.64285
  Mo       11   42.13722   40.83228    0.13722    1.59262       -8090.54156
  Mo       12   42.09749   40.79255    0.09749    1.65648       -8090.59702
  Ta       13   72.88446   71.57952   -0.11554    1.67350      -31232.89398
  Ta       14   72.52388   71.21894   -0.47612    2.02459      -31233.06848
  Ta       15   72.87959   71.57465   -0.12041    1.68859      -31232.90040
  Ta       16   72.93359   71.62865   -0.06641    1.63640      -31232.86513
  Ti       17   22.06024   20.75530    0.06024    1.81604       -1704.50286
  Ti       18   22.26024   20.95531    0.26024    1.61716       -1704.40326
  Ti       19   22.29931   20.99437    0.29931    1.57267       -1704.37254
  Ti       20   22.23692   20.93198    0.23692    1.64860       -1704.43085
