 Atom   Index      Q          Qmt        dQ        Vmad        Local Energy
  W         1   73.87508   72.57417   -0.12492    1.71123      -32312.47394
  W         2   73.74118   72.44027   -0.25882    1.85206      -32312.55384
  W         3   73.92001   72.61910   -0.07999    1.68342      -32312.47280
  W         4   73.92873   72.62782   -0.07127    1.66952      -32312.45593
  W         5   73.79782   72.49691   -0.20218    1.78490      -32312.51946
  W         6   73.87434   72.57342   -0.12566    1.72526      -32312.49815
  W         7   73.95077   72.64986   -0.04923    1.64504      -32312.44474
  W         8   73.87601   72.57510   -0.12399    1.71508      -32312.46856
  W         9   74.02992   72.72901    0.02992    1.56818      -32312.39395
  W        10   73.93673   72.63581   -0.06327    1.64657      -32312.43322
  W        11   73.72780   72.42689   -0.27220    1.85583      -32312.56008
  W        12   73.93931   72.63840   -0.06069    1.65087      -32312.43625
  W        13   73.91455   72.61364   -0.08545    1.68837      -32312.46545
  W        14   73.75980   72.45888   -0.24020    1.83474      -32312.55681
  W        15   73.86824   72.56733   -0.13176    1.72366      -32312.48740
  W        16   73.72054   72.41962   -0.27946    1.87685      -32312.58029
  W        17   73.90796   72.60705   -0.09204    1.68880      -32312.46410
  W        18   73.92542   72.62451   -0.07458    1.66050      -32312.43857
  W        19   73.78854   72.48763   -0.21146    1.80838      -32312.54642
  W        20   73.93996   72.63905   -0.06004    1.65075      -32312.44185
  W        21   73.81096   72.51005   -0.18904    1.78148      -32312.51737
  W        22   73.94725   72.64634   -0.05275    1.65177      -32312.44435
  W        23   73.89058   72.58967   -0.10942    1.69358      -32312.45985
  W        24   73.88998   72.58907   -0.11002    1.69272      -32312.46747
  W        25   73.79904   72.49813   -0.20096    1.79733      -32312.53341
  W        26   73.71136   72.41045   -0.28864    1.88200      -32312.59061
  W        27   73.67392   72.37301   -0.32608    1.92117      -32312.61511
  W        28   73.89133   72.59042   -0.10867    1.69956      -32312.46383
  W        29   73.78190   72.48099   -0.21810    1.80779      -32312.52902
  W        30   73.96005   72.65913   -0.03995    1.64483      -32312.44887
  W        31   73.85637   72.55546   -0.14363    1.74022      -32312.50405
  W        32   73.93215   72.63124   -0.06785    1.65324      -32312.43367
  Nb       33   40.80597   39.50505   -0.19403    1.81893       -7632.64161
  Nb       34   40.77261   39.47170   -0.22739    1.84975       -7632.65606
  Nb       35   41.01000   39.70909    0.01000    1.61443       -7632.51135
  Nb       36   40.94822   39.64731   -0.05178    1.68367       -7632.56266
  Nb       37   40.75433   39.45342   -0.24567    1.87183       -7632.68002
  Nb       38   40.93421   39.63330   -0.06579    1.68874       -7632.56350
  Nb       39   40.92825   39.62733   -0.07175    1.70041       -7632.57289
  Nb       40   40.97426   39.67335   -0.02574    1.64363       -7632.52494
  Nb       41   40.97257   39.67166   -0.02743    1.65361       -7632.53961
  Nb       42   40.94918   39.64827   -0.05082    1.67517       -7632.56051
  Nb       43   41.00035   39.69944    0.00035    1.63283       -7632.53464
  Nb       44   40.94064   39.63973   -0.05936    1.67925       -7632.55991
  Nb       45   41.03384   39.73293    0.03384    1.59306       -7632.50743
  Nb       46   40.95674   39.65583   -0.04326    1.67108       -7632.54659
  Nb       47   40.86968   39.56876   -0.13032    1.75853       -7632.60420
  Nb       48   40.93293   39.63201   -0.06707    1.69124       -7632.56367
  Nb       49   40.89364   39.59273   -0.10636    1.73238       -7632.58676
  Nb       50   40.90546   39.60455   -0.09454    1.72285       -7632.58199
  Nb       51   41.00178   39.70087    0.00178    1.61809       -7632.51986
  Nb       52   40.91567   39.61476   -0.08433    1.71313       -7632.58751
  Nb       53   40.85622   39.55530   -0.14378    1.77524       -7632.61475
  Nb       54   40.84409   39.54318   -0.15591    1.78691       -7632.62979
  Nb       55   40.65996   39.35905   -0.34004    1.96233       -7632.72578
  Nb       56   40.92584   39.62493   -0.07416    1.69814       -7632.56636
  Nb       57   40.85958   39.55867   -0.14042    1.76950       -7632.61525
  Nb       58   40.66125   39.36034   -0.33875    1.96970       -7632.73268
  Nb       59   40.79829   39.49738   -0.20171    1.82332       -7632.64487
  Nb       60   40.90423   39.60332   -0.09577    1.71964       -7632.57458
  Nb       61   40.85184   39.55093   -0.14816    1.77178       -7632.61453
  Nb       62   41.00081   39.69990    0.00081    1.61814       -7632.51684
  Nb       63   40.77171   39.47079   -0.22829    1.85744       -7632.67061
  Nb       64   40.91057   39.60966   -0.08943    1.71354       -7632.57823
  Mo       65   42.08419   40.78328    0.08419    1.64298       -8090.56605
  Mo       66   42.11385   40.81294    0.11385    1.59650       -8090.52722
  Mo       67   42.04473   40.74381    0.04473    1.66490       -8090.55944
  Mo       68   42.00434   40.70343    0.00434    1.71911       -8090.60682
  Mo       69   41.95034   40.64943   -0.04966    1.76399       -8090.62003
  Mo       70   41.92014   40.61922   -0.07986    1.80599       -8090.66186
  Mo       71   42.12616   40.82524    0.12616    1.59040       -8090.53317
  Mo       72   41.90112   40.60021   -0.09888    1.81702       -8090.66030
  Mo       73   42.09917   40.79826    0.09917    1.61671       -8090.54345
  Mo       74   42.02935   40.72844    0.02935    1.68430       -8090.57814
  Mo       75   42.25749   40.95658    0.25749    1.45381       -8090.44858
  Mo       76   42.09635   40.79544    0.09635    1.62354       -8090.54913
  Mo       77   42.06115   40.76023    0.06115    1.66118       -8090.58515
  Mo       78   42.05128   40.75037    0.05128    1.66467       -8090.56611
  Mo       79   42.13541   40.83449    0.13541    1.57769       -8090.51224
  Mo       80   41.88130   40.58039   -0.11870    1.84534       -8090.68318
  Mo       81   42.09161   40.79070    0.09161    1.63170       -8090.55643
  Mo       82   42.14963   40.84872    0.14963    1.56462       -8090.51457
  Mo       83   42.01086   40.70995    0.01086    1.70227       -8090.58368
  Mo       84   41.99896   40.69805   -0.00104    1.71918       -8090.59984
  Mo       85   42.07203   40.77112    0.07203    1.63424       -8090.54087
  Mo       86   41.90822   40.60731   -0.09178    1.81822       -8090.66614
  Mo       87   42.12115   40.82024    0.12115    1.60001       -8090.53649
  Mo       88   42.05699   40.75608    0.05699    1.66224       -8090.57157
  Mo       89   42.03129   40.73038    0.03129    1.68237       -8090.57727
  Mo       90   42.13158   40.83066    0.13158    1.58620       -8090.52449
  Mo       91   42.02463   40.72372    0.02463    1.69289       -8090.58421
  Mo       92   41.93561   40.63470   -0.06439    1.78464       -8090.64181
  Mo       93   41.99627   40.69536   -0.00373    1.71548       -8090.59105
  Mo       94   42.06257   40.76166    0.06257    1.65652       -8090.56754
  Mo       95   42.13435   40.83344    0.13435    1.58579       -8090.52807
  Mo       96   42.03112   40.73021    0.03112    1.68794       -8090.58130
  Ta       97   72.82094   71.52003   -0.17906    1.70841      -31232.89030
  Ta       98   72.69548   71.39457   -0.30452    1.83381      -31232.96544
  Ta       99   72.70230   71.40138   -0.29770    1.83849      -31232.96873
  Ta      100   72.83684   71.53593   -0.16316    1.69176      -31232.86579
  Ta      101   72.79521   71.49429   -0.20479    1.74679      -31232.91427
  Ta      102   72.83910   71.53818   -0.16090    1.69793      -31232.88583
  Ta      103   72.72304   71.42212   -0.27696    1.81246      -31232.95170
  Ta      104   72.62799   71.32708   -0.37201    1.90002      -31233.01553
  Ta      105   72.75892   71.45801   -0.24108    1.77342      -31232.91855
  Ta      106   72.73182   71.43091   -0.26818    1.80371      -31232.95209
  Ta      107   72.86824   71.56733   -0.13176    1.66281      -31232.85732
  Ta      108   72.86853   71.56761   -0.13147    1.67113      -31232.86643
  Ta      109   72.83477   71.53385   -0.16523    1.69936      -31232.87902
  Ta      110   72.75961   71.45870   -0.24039    1.76941      -31232.91282
  Ta      111   72.72914   71.42823   -0.27086    1.80412      -31232.94032
  Ta      112   72.69164   71.39073   -0.30836    1.84483      -31232.97586
  Ta      113   72.48009   71.17918   -0.51991    2.05093      -31233.10062
  Ta      114   72.82219   71.52128   -0.17781    1.70759      -31232.87507
  Ta      115   72.74741   71.44650   -0.25259    1.77834      -31232.92903
  Ta      116   72.77919   71.47827   -0.22081    1.76112      -31232.93291
  Ta      117   72.73812   71.43721   -0.26188    1.80376      -31232.94748
  Ta      118   72.88155   71.58064   -0.11845    1.65756      -31232.84630
  Ta      119   72.87782   71.57691   -0.12218    1.65599      -31232.84454
  Ta      120   72.94958   71.64866   -0.05042    1.59039      -31232.80824
  Ta      121   72.76897   71.46806   -0.23103    1.76560      -31232.92398
  Ta      122   72.90749   71.60657   -0.09251    1.62861      -31232.83190
  Ta      123   72.66036   71.35945   -0.33964    1.86580      -31232.98640
  Ta      124   72.53846   71.23755   -0.46154    1.99477      -31233.07880
  Ta      125   72.82507   71.52416   -0.17493    1.71368      -31232.88845
  Ta      126   72.82299   71.52208   -0.17701    1.70953      -31232.87668
  Ta      127   72.88914   71.58823   -0.11086    1.64433      -31232.83451
  Ta      128   72.70150   71.40058   -0.29850    1.82794      -31232.95924
  V       129   23.50125   22.20033    0.50125    1.44239       -1895.16514
  V       130   23.58747   22.28655    0.58747    1.35145       -1895.13272
  V       131   23.34015   22.03923    0.34015    1.61485       -1895.27225
  V       132   23.49815   22.19724    0.49815    1.44380       -1895.17921
  V       133   23.41945   22.11853    0.41945    1.52755       -1895.21750
  V       134   23.39749   22.09658    0.39749    1.54730       -1895.23246
  V       135   23.46984   22.16892    0.46984    1.47760       -1895.19196
  V       136   23.35171   22.05079    0.35171    1.60212       -1895.27578
  V       137   23.40723   22.10632    0.40723    1.53488       -1895.22646
  V       138   23.37926   22.07835    0.37926    1.57156       -1895.24501
  V       139   23.50234   22.20143    0.50234    1.43419       -1895.15381
  V       140   23.42708   22.12617    0.42708    1.51439       -1895.20853
  V       141   23.42109   22.12018    0.42109    1.52753       -1895.21428
  V       142   23.31215   22.01124    0.31215    1.63896       -1895.27671
  V       143   23.35499   22.05408    0.35499    1.59668       -1895.25727
  V       144   23.58499   22.28408    0.58499    1.35834       -1895.11289
  V       145   23.36388   22.06296    0.36388    1.58312       -1895.24983
  V       146   23.32807   22.02715    0.32807    1.62505       -1895.27559
  V       147   23.42247   22.12155    0.42247    1.52515       -1895.22855
  V       148   23.42560   22.12469    0.42560    1.51887       -1895.21116
  V       149   23.44790   22.14699    0.44790    1.49826       -1895.21193
  V       150   23.52520   22.22428    0.52520    1.42020       -1895.16125
  V       151   23.48363   22.18272    0.48363    1.46264       -1895.16640
  V       152   23.34999   22.04908    0.34999    1.59981       -1895.25863
  V       153   23.64548   22.34457    0.64548    1.29366       -1895.10484
  V       154   23.57195   22.27103    0.57195    1.36721       -1895.12079
  V       155   23.47201   22.17110    0.47201    1.47650       -1895.20094
  V       156   23.40588   22.10497    0.40588    1.54567       -1895.24574
  V       157   23.24211   21.94120    0.24211    1.71646       -1895.32043
  V       158   23.41322   22.11230    0.41322    1.53593       -1895.23721
  V       159   23.27322   21.97231    0.27322    1.68219       -1895.30558
  V       160   23.37568   22.07477    0.37568    1.57509       -1895.23972
