System Description            : WNbMoTaV, BCC structure                         
Number of Atoms in Unit Cell  : 1280                                            
Number of Atomic Species      : 5                                               
Number of Atoms in Each Type  : 256(W), 256(Nb), 256(Mo), 256(Ta), 256(V)       
Energy Offset                 : -16231                                          
=======================================================================================
    Iter     Energy      3PV     Efermi   Rms_rho    Rms_pot   Mix  Alg  Alpha 
---------------------------------------------------------------------------------------
**       1  -0.853827  1839.073  0.58679  0.140E+01  0.378E+00  pot  B   0.1000
         2   7.555923  1825.414  0.61609  0.856E-02  0.118E+02  pot  B   0.1000
         3  -0.812963  1816.588  0.60024  0.564E-02  0.259E+01  pot  B   0.1000
         4  -1.046084  1814.079  0.60041  0.620E-02  0.162E+01  pot  B   0.1000
         5  -0.008928  1811.234  0.60596  0.384E-02  0.442E+01  pot  B   0.1000
         6  -1.083892  1805.663  0.60926  0.360E-02  0.187E+01  pot  B   0.1000
         7  -1.312545  1796.006  0.61388  0.465E-02  0.100E+01  pot  B   0.1000
         8  -1.405613  1789.942  0.61592  0.404E-02  0.692E+00  pot  B   0.1000
         9  -1.456724  1780.126  0.61819  0.374E-02  0.133E+01  pot  B   0.1000
        10  -1.543586  1772.344  0.61949  0.374E-02  0.659E+00  pot  B   0.1000
        11  -1.599829  1759.089  0.62354  0.486E-02  0.709E+00  pot  B   0.1000
        12  -1.639422  1749.918  0.62686  0.324E-02  0.642E+00  pot  B   0.1000
        13  -1.688506  1738.329  0.63212  0.415E-02  0.409E+00  pot  B   0.1000
        14  -1.633857  1742.072  0.63007  0.291E-02  0.112E+01  pot  B   0.1000
        15  -1.705135  1736.904  0.63424  0.211E-02  0.345E+00  pot  B   0.1000
        16  -1.687884  1729.396  0.63699  0.290E-02  0.827E+00  pot  B   0.1000
        17  -1.597398  1736.434  0.63356  0.260E-02  0.122E+01  pot  B   0.1000
        18  -1.728334  1725.462  0.63690  0.392E-02  0.253E+00  pot  B   0.1000
        19  -1.714411  1727.205  0.63572  0.216E-02  0.520E+00  pot  B   0.1000
        20  -1.721333  1726.359  0.63597  0.183E-02  0.412E+00  pot  B   0.1000
        21  -1.728869  1726.414  0.63610  0.131E-02  0.374E+00  pot  B   0.1000
        22  -1.734275  1723.546  0.63738  0.126E-02  0.260E+00  pot  B   0.1000
        23  -1.737094  1724.280  0.63717  0.158E-02  0.224E+00  pot  B   0.1000
        24  -1.740222  1722.500  0.63796  0.895E-03  0.184E+00  pot  B   0.1000
        25  -1.743942  1722.647  0.63757  0.104E-02  0.139E+00  pot  B   0.1000
        26  -1.737697  1723.533  0.63727  0.102E-02  0.370E+00  pot  B   0.1000
        27  -1.745611  1721.957  0.63786  0.838E-03  0.123E+00  pot  B   0.1000
        28  -1.746483  1720.805  0.63822  0.633E-03  0.188E+00  pot  B   0.1000
        29  -1.741411  1720.793  0.63827  0.121E-02  0.316E+00  pot  B   0.1000
        30  -1.748190  1720.733  0.63840  0.701E-03  0.120E+00  pot  B   0.1000
        31  -1.747955  1720.150  0.63859  0.102E-02  0.149E+00  pot  B   0.1000
        32  -1.748447  1719.861  0.63879  0.591E-03  0.177E+00  pot  B   0.1000
        33  -1.748728  1719.452  0.63899  0.578E-03  0.146E+00  pot  B   0.1000
        34  -1.750938  1718.678  0.63938  0.548E-03  0.108E+00  pot  B   0.1000
        35  -1.750776  1718.421  0.63961  0.697E-03  0.135E+00  pot  B   0.1000
        36  -1.752235  1717.462  0.64005  0.526E-03  0.119E+00  pot  B   0.1000
        37  -1.751929  1717.829  0.63994  0.662E-03  0.109E+00  pot  B   0.1000
        38  -1.747863  1718.208  0.63976  0.863E-03  0.334E+00  pot  B   0.1000
        39  -1.753237  1717.134  0.64021  0.627E-03  0.775E-01  pot  B   0.1000
        40  -1.753344  1716.530  0.64059  0.416E-03  0.141E+00  pot  B   0.1000
        41  -1.752578  1715.644  0.64114  0.477E-03  0.182E+00  pot  B   0.1000
        42  -1.753973  1716.434  0.64063  0.431E-03  0.837E-01  pot  B   0.1000
        43  -1.754072  1715.977  0.64101  0.451E-03  0.931E-01  pot  B   0.1000
        44  -1.754195  1715.815  0.64109  0.361E-03  0.104E+00  pot  B   0.1000
        45  -1.754618  1715.344  0.64143  0.360E-03  0.973E-01  pot  B   0.1000
        46  -1.755196  1715.157  0.64155  0.322E-03  0.625E-01  pot  B   0.1000
        47  -1.755293  1714.729  0.64176  0.346E-03  0.746E-01  pot  B   0.1000
        48  -1.755789  1714.247  0.64209  0.286E-03  0.607E-01  pot  B   0.1000
        49  -1.755513  1714.310  0.64203  0.414E-03  0.810E-01  pot  B   0.1000
        50  -1.754188  1714.407  0.64199  0.490E-03  0.213E+00  pot  B   0.1000
        51  -1.756108  1713.928  0.64235  0.368E-03  0.556E-01  pot  B   0.1000
        52  -1.756178  1713.513  0.64265  0.285E-03  0.825E-01  pot  B   0.1000
        53  -1.756315  1712.589  0.64330  0.477E-03  0.975E-01  pot  B   0.1000
        54  -1.756235  1713.519  0.64267  0.479E-03  0.694E-01  pot  B   0.1000
        55  -1.756495  1713.008  0.64297  0.277E-03  0.786E-01  pot  B   0.1000
        56  -1.756496  1712.873  0.64311  0.299E-03  0.801E-01  pot  B   0.1000
        57  -1.756685  1712.608  0.64328  0.281E-03  0.701E-01  pot  B   0.1000
        58  -1.756916  1712.530  0.64333  0.280E-03  0.460E-01  pot  B   0.1000
        59  -1.757055  1712.206  0.64361  0.185E-03  0.545E-01  pot  B   0.1000
        60  -1.757251  1711.933  0.64381  0.197E-03  0.388E-01  pot  B   0.1000
        61  -1.757111  1711.896  0.64386  0.273E-03  0.522E-01  pot  B   0.1000
        62  -1.756467  1712.020  0.64376  0.296E-03  0.135E+00  pot  B   0.1000
        63  -1.757388  1711.664  0.64401  0.213E-03  0.349E-01  pot  B   0.1000
        64  -1.757410  1711.491  0.64415  0.185E-03  0.469E-01  pot  B   0.1000
        65  -1.757641  1710.793  0.64469  0.354E-03  0.446E-01  pot  B   0.1000
        66  -1.757301  1711.409  0.64420  0.313E-03  0.651E-01  pot  B   0.1000
        67  -1.757544  1711.051  0.64453  0.223E-03  0.522E-01  pot  B   0.1000
        68  -1.757552  1710.856  0.64466  0.220E-03  0.568E-01  pot  B   0.1000
        69  -1.757649  1710.679  0.64481  0.210E-03  0.475E-01  pot  B   0.1000
        70  -1.757683  1710.707  0.64481  0.223E-03  0.362E-01  pot  B   0.1000
        71  -1.757814  1710.447  0.64500  0.133E-03  0.398E-01  pot  B   0.1000
        72  -1.757883  1710.317  0.64512  0.116E-03  0.287E-01  pot  B   0.1000
        73  -1.757865  1710.201  0.64519  0.151E-03  0.401E-01  pot  B   0.1000
        74  -1.757609  1710.241  0.64517  0.168E-03  0.843E-01  pot  B   0.1000
        75  -1.757957  1710.133  0.64528  0.193E-03  0.278E-01  pot  B   0.1000
        76  -1.757966  1710.063  0.64533  0.126E-03  0.289E-01  pot  B   0.1000
        77  -1.758086  1709.667  0.64568  0.202E-03  0.208E-01  pot  B   0.1000
        78  -1.757844  1709.922  0.64546  0.132E-03  0.574E-01  pot  B   0.1000
        79  -1.758065  1709.684  0.64565  0.161E-03  0.320E-01  pot  B   0.1000
        80  -1.758066  1709.553  0.64578  0.116E-03  0.334E-01  pot  B   0.1000
        81  -1.758092  1709.448  0.64588  0.134E-03  0.277E-01  pot  B   0.1000
        82  -1.758096  1709.386  0.64592  0.142E-03  0.318E-01  pot  B   0.1000
        83  -1.758154  1709.285  0.64602  0.104E-03  0.284E-01  pot  B   0.1000
        84  -1.758182  1709.209  0.64608  0.716E-04  0.231E-01  pot  B   0.1000
        85  -1.758182  1709.109  0.64619  0.768E-04  0.268E-01  pot  B   0.1000
        86  -1.758073  1709.055  0.64624  0.127E-03  0.519E-01  pot  B   0.1000
        87  -1.758215  1709.070  0.64621  0.169E-03  0.211E-01  pot  B   0.1000
        88  -1.758215  1709.083  0.64621  0.816E-04  0.222E-01  pot  B   0.1000
        89  -1.758276  1708.834  0.64643  0.128E-03  0.155E-01  pot  B   0.1000
        90  -1.758188  1708.817  0.64645  0.791E-04  0.376E-01  pot  B   0.1000
        91  -1.758272  1708.818  0.64646  0.116E-03  0.158E-01  pot  B   0.1000
        92  -1.758285  1708.707  0.64656  0.615E-04  0.196E-01  pot  B   0.1000
        93  -1.758294  1708.626  0.64663  0.826E-04  0.200E-01  pot  B   0.1000
        94  -1.758292  1708.564  0.64670  0.863E-04  0.191E-01  pot  B   0.1000
        95  -1.758313  1708.524  0.64673  0.662E-04  0.220E-01  pot  B   0.1000
        96  -1.758323  1708.488  0.64678  0.518E-04  0.174E-01  pot  B   0.1000
        97  -1.758330  1708.378  0.64687  0.576E-04  0.195E-01  pot  B   0.1000
        98  -1.758303  1708.238  0.64701  0.780E-04  0.318E-01  pot  B   0.1000
        99  -1.758336  1708.365  0.64689  0.110E-03  0.158E-01  pot  B   0.1000
       100  -1.758329  1708.386  0.64687  0.529E-04  0.173E-01  pot  B   0.1000
       101  -1.758367  1708.236  0.64703  0.790E-04  0.118E-01  pot  B   0.1000
       102  -1.758344  1708.118  0.64713  0.621E-04  0.249E-01  pot  B   0.1000
       103  -1.758365  1708.209  0.64705  0.741E-04  0.120E-01  pot  B   0.1000
       104  -1.758374  1708.131  0.64713  0.458E-04  0.125E-01  pot  B   0.1000
       105  -1.758379  1708.083  0.64718  0.492E-04  0.124E-01  pot  B   0.1000
       106  -1.758383  1708.000  0.64726  0.498E-04  0.116E-01  pot  B   0.1000
       107  -1.758387  1708.008  0.64725  0.422E-04  0.138E-01  pot  B   0.1000
       108  -1.758392  1707.973  0.64729  0.401E-04  0.969E-02  pot  B   0.1000
       109  -1.758398  1707.907  0.64737  0.355E-04  0.110E-01  pot  B   0.1000
       110  -1.758394  1707.789  0.64748  0.623E-04  0.168E-01  pot  B   0.1000
       111  -1.758399  1707.867  0.64740  0.641E-04  0.117E-01  pot  B   0.1000
       112  -1.758387  1707.889  0.64738  0.388E-04  0.171E-01  pot  B   0.1000
       113  -1.758412  1707.796  0.64747  0.549E-04  0.877E-02  pot  B   0.1000
       114  -1.758410  1707.674  0.64761  0.649E-04  0.143E-01  pot  B   0.1000
       115  -1.758407  1707.791  0.64748  0.622E-04  0.129E-01  pot  B   0.1000
       116  -1.758417  1707.718  0.64756  0.394E-04  0.847E-02  pot  B   0.1000
       117  -1.758419  1707.690  0.64759  0.308E-04  0.108E-01  pot  B   0.1000
       118  -1.758423  1707.633  0.64766  0.360E-04  0.773E-02  pot  B   0.1000
       119  -1.758423  1707.640  0.64764  0.265E-04  0.109E-01  pot  B   0.1000
       120  -1.758426  1707.623  0.64767  0.289E-04  0.756E-02  pot  B   0.1000
       121  -1.758429  1707.574  0.64772  0.265E-04  0.713E-02  pot  B   0.1000
       122  -1.758432  1707.489  0.64781  0.451E-04  0.927E-02  pot  B   0.1000
       123  -1.758430  1707.531  0.64776  0.314E-04  0.597E-02  pot  B   0.1000
       124  -1.758424  1707.512  0.64779  0.317E-04  0.119E-01  pot  B   0.1000
       125  -1.758435  1707.496  0.64781  0.380E-04  0.708E-02  pot  B   0.1000
       126  -1.758437  1707.398  0.64792  0.530E-04  0.919E-02  pot  B   0.1000
       127  -1.758428  1707.485  0.64782  0.465E-04  0.136E-01  pot  B   0.1000
       128  -1.758438  1707.433  0.64788  0.307E-04  0.739E-02  pot  B   0.1000
       129  -1.758437  1707.419  0.64789  0.260E-04  0.836E-02  pot  B   0.1000
       130  -1.758442  1707.370  0.64795  0.267E-04  0.520E-02  pot  B   0.1000
       131  -1.758441  1707.379  0.64794  0.198E-04  0.769E-02  pot  B   0.1000
       132  -1.758442  1707.369  0.64795  0.206E-04  0.466E-02  pot  B   0.1000
       133  -1.758444  1707.347  0.64798  0.134E-04  0.448E-02  pot  B   0.1000
       134  -1.758446  1707.296  0.64804  0.280E-04  0.486E-02  pot  B   0.1000
       135  -1.758445  1707.305  0.64803  0.203E-04  0.415E-02  pot  B   0.1000
       136  -1.758444  1707.278  0.64806  0.205E-04  0.767E-02  pot  B   0.1000
       137  -1.758447  1707.281  0.64805  0.236E-04  0.390E-02  pot  B   0.1000
       138  -1.758449  1707.226  0.64812  0.302E-04  0.500E-02  pot  B   0.1000
       139  -1.758442  1707.256  0.64809  0.166E-04  0.102E-01  pot  B   0.1000
       140  -1.758448  1707.233  0.64812  0.211E-04  0.561E-02  pot  B   0.1000
       141  -1.758448  1707.230  0.64812  0.215E-04  0.702E-02  pot  B   0.1000
       142  -1.758450  1707.198  0.64816  0.171E-04  0.353E-02  pot  B   0.1000
       143  -1.758450  1707.192  0.64816  0.171E-04  0.638E-02  pot  B   0.1000
       144  -1.758450  1707.196  0.64816  0.149E-04  0.451E-02  pot  B   0.1000
       145  -1.758451  1707.186  0.64817  0.106E-04  0.328E-02  pot  B   0.1000
       146  -1.758452  1707.151  0.64822  0.195E-04  0.329E-02  pot  B   0.1000
       147  -1.758452  1707.151  0.64822  0.130E-04  0.336E-02  pot  B   0.1000
       148  -1.758452  1707.131  0.64824  0.111E-04  0.350E-02  pot  B   0.1000
       149  -1.758453  1707.143  0.64823  0.135E-04  0.295E-02  pot  B   0.1000
       150  -1.758454  1707.108  0.64827  0.191E-04  0.345E-02  pot  B   0.1000
       151  -1.758451  1707.100  0.64828  0.101E-04  0.664E-02  pot  B   0.1000
       152  -1.758453  1707.103  0.64828  0.120E-04  0.467E-02  pot  B   0.1000
       153  -1.758453  1707.103  0.64828  0.135E-04  0.472E-02  pot  B   0.1000
       154  -1.758455  1707.081  0.64830  0.122E-04  0.213E-02  pot  B   0.1000
       155  -1.758454  1707.069  0.64832  0.116E-04  0.414E-02  pot  B   0.1000
       156  -1.758454  1707.071  0.64832  0.102E-04  0.308E-02  pot  B   0.1000
       157  -1.758455  1707.072  0.64832  0.924E-05  0.259E-02  pot  B   0.1000
       158  -1.758456  1707.051  0.64835  0.135E-04  0.202E-02  pot  B   0.1000
       159  -1.758456  1707.047  0.64835  0.859E-05  0.210E-02  pot  B   0.1000
       160  -1.758456  1707.034  0.64837  0.747E-05  0.273E-02  pot  B   0.1000
       161  -1.758456  1707.039  0.64836  0.847E-05  0.195E-02  pot  B   0.1000
       162  -1.758456  1707.025  0.64838  0.796E-05  0.194E-02  pot  B   0.1000
       163  -1.758456  1707.001  0.64841  0.134E-04  0.362E-02  pot  B   0.1000
       164  -1.758456  1707.015  0.64839  0.818E-05  0.295E-02  pot  B   0.1000
       165  -1.758456  1707.013  0.64839  0.812E-05  0.338E-02  pot  B   0.1000
       166  -1.758457  1707.001  0.64841  0.707E-05  0.171E-02  pot  B   0.1000
       167  -1.758457  1706.987  0.64843  0.819E-05  0.273E-02  pot  B   0.1000
       168  -1.758457  1706.988  0.64843  0.679E-05  0.246E-02  pot  B   0.1000
       169  -1.758457  1706.992  0.64842  0.787E-05  0.273E-02  pot  B   0.1000
       170  -1.758457  1706.977  0.64844  0.102E-04  0.161E-02  pot  B   0.1000
       171  -1.758457  1706.973  0.64845  0.587E-05  0.188E-02  pot  B   0.1000
       172  -1.758457  1706.964  0.64846  0.553E-05  0.186E-02  pot  B   0.1000
       173  -1.758457  1706.968  0.64846  0.608E-05  0.191E-02  pot  B   0.1000
       174  -1.758458  1706.963  0.64846  0.596E-05  0.164E-02  pot  B   0.1000
       175  -1.758458  1706.940  0.64850  0.133E-04  0.197E-02  pot  B   0.1000
       176  -1.758458  1706.955  0.64848  0.816E-05  0.234E-02  pot  B   0.1000
       177  -1.758458  1706.951  0.64848  0.603E-05  0.221E-02  pot  B   0.1000
       178  -1.758458  1706.945  0.64849  0.517E-05  0.976E-03  pot  B   0.1000
       179  -1.758458  1706.934  0.64851  0.605E-05  0.134E-02  pot  B   0.1000
       180  -1.758458  1706.929  0.64851  0.409E-05  0.146E-02  pot  B   0.1000
       181  -1.758458  1706.932  0.64851  0.600E-05  0.211E-02  pot  B   0.1000
       182  -1.758458  1706.927  0.64852  0.715E-05  0.117E-02  pot  B   0.1000
       183  -1.758458  1706.922  0.64852  0.388E-05  0.115E-02  pot  B   0.1000
       184  -1.758458  1706.917  0.64853  0.406E-05  0.141E-02  pot  B   0.1000
       185  -1.758458  1706.913  0.64854  0.439E-05  0.135E-02  pot  B   0.1000
       186  -1.758458  1706.919  0.64853  0.525E-05  0.119E-02  pot  B   0.1000
       187  -1.758459  1706.901  0.64855  0.103E-04  0.130E-02  pot  B   0.1000
       188  -1.758458  1706.910  0.64854  0.493E-05  0.207E-02  pot  B   0.1000
       189  -1.758459  1706.906  0.64855  0.384E-05  0.131E-02  pot  B   0.1000
       190  -1.758459  1706.905  0.64855  0.379E-05  0.675E-03  pot  B   0.1000
       191  -1.758459  1706.897  0.64856  0.482E-05  0.869E-03  pot  B   0.1000
       192  -1.758459  1706.893  0.64857  0.236E-05  0.104E-02  pot  B   0.1000
       193  -1.758459  1706.893  0.64857  0.408E-05  0.169E-02  pot  B   0.1000
       194  -1.758459  1706.891  0.64857  0.450E-05  0.878E-03  pot  B   0.1000
       195  -1.758459  1706.887  0.64858  0.264E-05  0.958E-03  pot  B   0.1000
       196  -1.758459  1706.884  0.64858  0.283E-05  0.106E-02  pot  B   0.1000
       197  -1.758459  1706.878  0.64859  0.334E-05  0.105E-02  pot  B   0.1000
       198  -1.758459  1706.888  0.64857  0.560E-05  0.119E-02  pot  B   0.1000
       199  -1.758459  1706.873  0.64860  0.853E-05  0.764E-03  pot  B   0.1000
       200  -1.758459  1706.874  0.64859  0.269E-05  0.144E-02  pot  B   0.1000
       201  -1.758459  1706.875  0.64859  0.341E-05  0.104E-02  pot  B   0.1000
       202  -1.758459  1706.876  0.64859  0.327E-05  0.644E-03  pot  B   0.1000
       203  -1.758459  1706.871  0.64860  0.305E-05  0.543E-03  pot  B   0.1000
       204  -1.758459  1706.865  0.64861  0.322E-05  0.656E-03  pot  B   0.1000
       205  -1.758459  1706.864  0.64861  0.254E-05  0.103E-02  pot  B   0.1000
       206  -1.758459  1706.866  0.64861  0.311E-05  0.874E-03  pot  B   0.1000
       207  -1.758459  1706.862  0.64861  0.215E-05  0.660E-03  pot  B   0.1000
       208  -1.758459  1706.861  0.64862  0.198E-05  0.627E-03  pot  B   0.1000
       209  -1.758459  1706.855  0.64862  0.349E-05  0.585E-03  pot  B   0.1000
       210  -1.758459  1706.864  0.64861  0.519E-05  0.931E-03  pot  B   0.1000
       211  -1.758459  1706.853  0.64863  0.628E-05  0.395E-03  pot  B   0.1000
       212  -1.758459  1706.851  0.64863  0.219E-05  0.914E-03  pot  B   0.1000
       213  -1.758459  1706.853  0.64863  0.238E-05  0.769E-03  pot  B   0.1000
       214  -1.758459  1706.855  0.64863  0.266E-05  0.680E-03  pot  B   0.1000
       215  -1.758459  1706.851  0.64863  0.278E-05  0.413E-03  pot  B   0.1000
       216  -1.758459  1706.848  0.64864  0.195E-05  0.550E-03  pot  B   0.1000
       217  -1.758459  1706.846  0.64864  0.160E-05  0.735E-03  pot  B   0.1000
       218  -1.758459  1706.847  0.64864  0.207E-05  0.625E-03  pot  B   0.1000
       219  -1.758459  1706.845  0.64864  0.148E-05  0.509E-03  pot  B   0.1000
       220  -1.758459  1706.845  0.64864  0.132E-05  0.383E-03  pot  B   0.1000
       221  -1.758459  1706.841  0.64865  0.208E-05  0.331E-03  pot  B   0.1000
       222  -1.758459  1706.846  0.64864  0.271E-05  0.977E-03  pot  B   0.1000
       223  -1.758459  1706.840  0.64865  0.330E-05  0.309E-03  pot  B   0.1000
       224  -1.758459  1706.838  0.64865  0.157E-05  0.396E-03  pot  B   0.1000
       225  -1.758459  1706.838  0.64865  0.145E-05  0.600E-03  pot  B   0.1000
       226  -1.758459  1706.839  0.64865  0.157E-05  0.523E-03  pot  B   0.1000
       227  -1.758459  1706.838  0.64865  0.205E-05  0.394E-03  pot  B   0.1000
       228  -1.758459  1706.835  0.64866  0.183E-05  0.315E-03  pot  B   0.1000
       229  -1.758459  1706.833  0.64866  0.105E-05  0.420E-03  pot  B   0.1000
       230  -1.758459  1706.835  0.64866  0.141E-05  0.545E-03  pot  B   0.1000
       231  -1.758459  1706.833  0.64866  0.104E-05  0.298E-03  pot  B   0.1000
       232  -1.758459  1706.834  0.64866  0.116E-05  0.333E-03  pot  B   0.1000
       233  -1.758459  1706.831  0.64867  0.151E-05  0.245E-03  pot  B   0.1000
       234  -1.758459  1706.833  0.64866  0.119E-05  0.730E-03  pot  B   0.1000
       235  -1.758460  1706.831  0.64867  0.159E-05  0.179E-03  pot  B   0.1000
       236  -1.758460  1706.829  0.64867  0.958E-06  0.241E-03  pot  B   0.1000
       237  -1.758460  1706.829  0.64867  0.916E-06  0.360E-03  pot  B   0.1000
       238  -1.758460  1706.829  0.64867  0.110E-05  0.405E-03  pot  B   0.1000
       239  -1.758460  1706.828  0.64867  0.147E-05  0.263E-03  pot  B   0.1000
       240  -1.758460  1706.827  0.64867  0.930E-06  0.203E-03  pot  B   0.1000
       241  -1.758460  1706.826  0.64868  0.806E-06  0.293E-03  pot  B   0.1000
       242  -1.758460  1706.826  0.64867  0.953E-06  0.353E-03  pot  B   0.1000
       243  -1.758460  1706.825  0.64868  0.702E-06  0.250E-03  pot  B   0.1000
       244  -1.758460  1706.826  0.64868  0.967E-06  0.250E-03  pot  B   0.1000
       245  -1.758460  1706.825  0.64868  0.812E-06  0.180E-03  pot  B   0.1000
       246  -1.758460  1706.824  0.64868  0.788E-06  0.512E-03  pot  B   0.1000
       247  -1.758460  1706.824  0.64868  0.661E-06  0.200E-03  pot  B   0.1000
       248  -1.758460  1706.823  0.64868  0.784E-06  0.124E-03  pot  B   0.1000
       249  -1.758460  1706.822  0.64868  0.508E-06  0.260E-03  pot  B   0.1000
       250  -1.758460  1706.822  0.64868  0.644E-06  0.191E-03  pot  B   0.1000
       251  -1.758460  1706.822  0.64868  0.875E-06  0.180E-03  pot  B   0.1000
       252  -1.758460  1706.821  0.64868  0.654E-06  0.148E-03  pot  B   0.1000
       253  -1.758460  1706.820  0.64869  0.599E-06  0.162E-03  pot  B   0.1000
       254  -1.758460  1706.820  0.64869  0.653E-06  0.273E-03  pot  B   0.1000
       255  -1.758460  1706.820  0.64869  0.603E-06  0.225E-03  pot  B   0.1000
       256  -1.758460  1706.820  0.64869  0.727E-06  0.230E-03  pot  B   0.1000
       257  -1.758460  1706.819  0.64869  0.520E-06  0.122E-03  pot  B   0.1000
       258  -1.758460  1706.818  0.64869  0.929E-06  0.342E-03  pot  B   0.1000
       259  -1.758460  1706.819  0.64869  0.624E-06  0.138E-03  pot  B   0.1000
       260  -1.758460  1706.818  0.64869  0.632E-06  0.831E-04  pot  B   0.1000
       261  -1.758460  1706.818  0.64869  0.375E-06  0.137E-03  pot  B   0.1000
       262  -1.758460  1706.817  0.64869  0.384E-06  0.127E-03  pot  B   0.1000
       263  -1.758460  1706.817  0.64869  0.535E-06  0.137E-03  pot  B   0.1000
       264  -1.758460  1706.817  0.64869  0.383E-06  0.889E-04  pot  B   0.1000
       265  -1.758460  1706.816  0.64869  0.428E-06  0.119E-03  pot  B   0.1000
       266  -1.758460  1706.816  0.64869  0.441E-06  0.148E-03  pot  B   0.1000
       267  -1.758460  1706.816  0.64869  0.460E-06  0.142E-03  pot  B   0.1000
       268  -1.758460  1706.816  0.64869  0.509E-06  0.148E-03  pot  B   0.1000
       269  -1.758460  1706.816  0.64869  0.302E-06  0.103E-03  pot  B   0.1000
       270  -1.758460  1706.814  0.64870  0.109E-05  0.206E-03  pot  B   0.1000
       271  -1.758460  1706.815  0.64870  0.846E-06  0.142E-03  pot  B   0.1000
       272  -1.758460  1706.815  0.64870  0.498E-06  0.689E-04  pot  B   0.1000
       273  -1.758460  1706.815  0.64870  0.323E-06  0.122E-03  pot  B   0.1000
       274  -1.758460  1706.814  0.64870  0.399E-06  0.911E-04  pot  B   0.1000
       275  -1.758460  1706.814  0.64870  0.366E-06  0.824E-04  pot  B   0.1000
       276  -1.758460  1706.814  0.64870  0.293E-06  0.777E-04  pot  B   0.1000
       277  -1.758460  1706.814  0.64870  0.277E-06  0.852E-04  pot  B   0.1000
       278  -1.758460  1706.813  0.64870  0.280E-06  0.103E-03  pot  B   0.1000
       279  -1.758460  1706.813  0.64870  0.319E-06  0.109E-03  pot  B   0.1000
       280  -1.758460  1706.813  0.64870  0.335E-06  0.112E-03  pot  B   0.1000
       281  -1.758460  1706.813  0.64870  0.217E-06  0.756E-04  pot  B   0.1000
       282  -1.758460  1706.812  0.64870  0.750E-06  0.969E-04  pot  B   0.1000
       283  -1.758460  1706.813  0.64870  0.478E-06  0.125E-03  pot  B   0.1000
       284  -1.758460  1706.812  0.64870  0.424E-06  0.674E-04  pot  B   0.1000
       285  -1.758460  1706.812  0.64870  0.282E-06  0.833E-04  pot  B   0.1000
       286  -1.758460  1706.812  0.64870  0.314E-06  0.745E-04  pot  B   0.1000
       287  -1.758460  1706.811  0.64870  0.314E-06  0.740E-04  pot  B   0.1000
       288  -1.758460  1706.812  0.64870  0.238E-06  0.781E-04  pot  B   0.1000
       289  -1.758460  1706.812  0.64870  0.241E-06  0.574E-04  pot  B   0.1000
       290  -1.758460  1706.811  0.64870  0.261E-06  0.523E-04  pot  B   0.1000
       291  -1.758460  1706.811  0.64870  0.217E-06  0.704E-04  pot  B   0.1000
       292  -1.758460  1706.811  0.64870  0.222E-06  0.604E-04  pot  B   0.1000
       293  -1.758460  1706.811  0.64870  0.238E-06  0.581E-04  pot  B   0.1000
       294  -1.758460  1706.810  0.64871  0.513E-06  0.627E-04  pot  B   0.1000
       295  -1.758460  1706.811  0.64870  0.313E-06  0.122E-03  pot  B   0.1000
       296  -1.758460  1706.811  0.64870  0.336E-06  0.525E-04  pot  B   0.1000
       297  -1.758460  1706.811  0.64870  0.172E-06  0.679E-04  pot  B   0.1000
       298  -1.758460  1706.810  0.64871  0.223E-06  0.638E-04  pot  B   0.1000
       299  -1.758460  1706.810  0.64871  0.193E-06  0.395E-04  pot  B   0.1000
       300  -1.758460  1706.810  0.64871  0.171E-06  0.601E-04  pot  B   0.1000
**     301  -1.758460  1706.810  0.64871  0.581E-12  0.601E-04  pot  B   0.1000
