 Atom   Index      Q          Qmt        dQ        Vmad        Local Energy
  W         1   73.83555   72.53045   -0.16445    1.78567      -32312.54756
  W         2   73.85286   72.54776   -0.14714    1.76451      -32312.53451
  W         3   73.90143   72.59633   -0.09857    1.70809      -32312.48772
  W         4   73.85101   72.54591   -0.14899    1.75457      -32312.51720
  W         5   73.95806   72.65297   -0.04194    1.66514      -32312.46646
  W         6   73.94642   72.64133   -0.05358    1.66454      -32312.46732
  W         7   73.83038   72.52528   -0.16962    1.79393      -32312.55122
  W         8   73.87696   72.57186   -0.12304    1.73339      -32312.50284
  W         9   73.93079   72.62570   -0.06921    1.68561      -32312.48570
  W        10   73.83637   72.53127   -0.16363    1.78242      -32312.53852
  W        11   73.91381   72.60871   -0.08619    1.70048      -32312.48428
  W        12   73.85482   72.54972   -0.14518    1.76133      -32312.52006
  W        13   73.87611   72.57102   -0.12389    1.74306      -32312.51176
  W        14   73.89280   72.58770   -0.10720    1.73228      -32312.51179
  W        15   73.81170   72.50661   -0.18830    1.81791      -32312.57881
  W        16   73.92788   72.62278   -0.07212    1.69455      -32312.48994
  Nb       17   40.83493   39.52984   -0.16507    1.80790       -7632.64258
  Nb       18   40.88638   39.58128   -0.11362    1.76482       -7632.62094
  Nb       19   40.94371   39.63861   -0.05629    1.70568       -7632.58894
  Nb       20   40.89259   39.58749   -0.10741    1.75731       -7632.62202
  Nb       21   40.99107   39.68598   -0.00893    1.66260       -7632.57512
  Nb       22   40.90242   39.59733   -0.09758    1.73796       -7632.60116
  Nb       23   40.94625   39.64115   -0.05375    1.69864       -7632.58498
  Nb       24   40.84658   39.54149   -0.15342    1.80575       -7632.66179
  Nb       25   40.79711   39.49202   -0.20289    1.84420       -7632.65593
  Nb       26   40.76325   39.45815   -0.23675    1.88278       -7632.67802
  Nb       27   40.87369   39.56860   -0.12631    1.77724       -7632.61905
  Nb       28   40.83405   39.52895   -0.16595    1.81392       -7632.65700
  Nb       29   40.99362   39.68853   -0.00638    1.65294       -7632.56167
  Nb       30   40.98752   39.68243   -0.01248    1.67091       -7632.58028
  Nb       31   40.86045   39.55535   -0.13955    1.78874       -7632.64247
  Nb       32   40.92806   39.62296   -0.07194    1.72175       -7632.58971
  Mo       33   42.17058   40.86548    0.17058    1.56598       -8090.52707
  Mo       34   42.14840   40.84330    0.14840    1.58694       -8090.54327
  Mo       35   42.08149   40.77640    0.08149    1.65933       -8090.59213
  Mo       36   42.09068   40.78558    0.09068    1.66041       -8090.58837
  Mo       37   42.06073   40.75563    0.06073    1.68692       -8090.60635
  Mo       38   42.05302   40.74793    0.05302    1.69193       -8090.60403
  Mo       39   41.98267   40.67758   -0.01733    1.76729       -8090.65267
  Mo       40   42.07523   40.77013    0.07523    1.67115       -8090.59888
  Mo       41   42.06235   40.75725    0.06235    1.68811       -8090.60810
  Mo       42   42.14476   40.83966    0.14476    1.59608       -8090.54550
  Mo       43   42.13262   40.82752    0.13262    1.61378       -8090.56453
  Mo       44   42.13064   40.82554    0.13064    1.61789       -8090.56909
  Mo       45   42.17797   40.87287    0.17797    1.56315       -8090.52824
  Mo       46   42.08513   40.78003    0.08513    1.66245       -8090.58930
  Mo       47   42.03086   40.72576    0.03086    1.71233       -8090.61356
  Mo       48   42.12385   40.81876    0.12385    1.62013       -8090.56525
  Ta       49   72.76167   71.45657   -0.23833    1.80002      -31232.94177
  Ta       50   72.71862   71.41352   -0.28138    1.84094      -31232.99525
  Ta       51   72.78725   71.48216   -0.21275    1.76511      -31232.92209
  Ta       52   72.62944   71.32435   -0.37056    1.92311      -31233.01014
  Ta       53   72.81534   71.51024   -0.18466    1.74872      -31232.93697
  Ta       54   72.75908   71.45399   -0.24092    1.79846      -31232.95831
  Ta       55   72.83150   71.52640   -0.16850    1.72934      -31232.92066
  Ta       56   72.82727   71.52217   -0.17273    1.73372      -31232.91289
  Ta       57   72.84413   71.53903   -0.15587    1.70635      -31232.89753
  Ta       58   72.83923   71.53413   -0.16077    1.71695      -31232.91380
  Ta       59   72.79815   71.49306   -0.20185    1.76581      -31232.94378
  Ta       60   72.78592   71.48083   -0.21408    1.77960      -31232.94882
  Ta       61   72.78052   71.47542   -0.21948    1.77619      -31232.92859
  Ta       62   72.74833   71.44323   -0.25167    1.81170      -31232.98468
  Ta       63   72.78337   71.47827   -0.21663    1.77100      -31232.92385
  Ta       64   72.79997   71.49487   -0.20003    1.76505      -31232.93835
  Ti       65   22.44951   21.14442    0.44951    1.42670       -1704.30330
  Ti       66   22.36699   21.06189    0.36699    1.50793       -1704.37682
  Ti       67   22.36945   21.06436    0.36945    1.51072       -1704.35897
  Ti       68   22.27315   20.96806    0.27315    1.59258       -1704.37273
  Ti       69   22.29116   20.98607    0.29116    1.58249       -1704.40077
  Ti       70   22.36554   21.06044    0.36554    1.49410       -1704.32821
  Ti       71   22.24680   20.94170    0.24680    1.61638       -1704.40552
  Ti       72   22.33920   21.03411    0.33920    1.54314       -1704.40865
  Ti       73   22.35935   21.05426    0.35935    1.51333       -1704.36469
  Ti       74   22.32114   21.01604    0.32114    1.56282       -1704.39952
  Ti       75   22.40394   21.09885    0.40394    1.46072       -1704.30873
  Ti       76   22.31291   21.00781    0.31291    1.56174       -1704.40044
  Ti       77   22.37507   21.06997    0.37507    1.51088       -1704.38688
  Ti       78   22.31283   21.00773    0.31283    1.57036       -1704.42059
  Ti       79   22.36204   21.05694    0.36204    1.51714       -1704.35965
  Ti       80   22.41155   21.10645    0.41155    1.46567       -1704.34421
