System Description            : WNbMoTaV, BCC structure                         
Number of Atoms in Unit Cell  : 320                                             
Number of Atomic Species      : 5                                               
Number of Atoms in Each Type  : 64(W), 64(Nb), 64(Mo), 64(Ta), 64(V)            
Energy Offset                 : -16231                                          
=======================================================================================
    Iter     Energy      3PV     Efermi   Rms_rho    Rms_pot   Mix  Alg  Alpha 
---------------------------------------------------------------------------------------
**       1  -0.860905  1839.069  0.58668  0.140E+01  0.187E+00  pot  B   0.1000
         2  -0.765266  1816.946  0.60078  0.798E-02  0.122E+01  pot  B   0.1000
         3  -1.165103  1814.959  0.59850  0.350E-02  0.580E+00  pot  B   0.1000
         4  -1.287430  1804.379  0.60736  0.429E-02  0.589E+00  pot  B   0.1000
         5  -1.296974  1796.227  0.61356  0.294E-02  0.663E+00  pot  B   0.1000
         6  -1.451448  1785.381  0.61798  0.367E-02  0.539E+00  pot  B   0.1000
         7  -1.583662  1766.573  0.62245  0.640E-02  0.474E+00  pot  B   0.1000
         8  -1.669009  1747.852  0.62778  0.639E-02  0.227E+00  pot  B   0.1000
         9  -1.703317  1736.382  0.63264  0.409E-02  0.185E+00  pot  B   0.1000
        10  -1.717696  1730.498  0.63530  0.233E-02  0.129E+00  pot  B   0.1000
        11  -1.728163  1726.284  0.63691  0.191E-02  0.118E+00  pot  B   0.1000
        12  -1.738498  1722.174  0.63772  0.201E-02  0.101E+00  pot  B   0.1000
        13  -1.746771  1716.927  0.63924  0.272E-02  0.762E-01  pot  B   0.1000
        14  -1.754583  1711.592  0.64068  0.297E-02  0.697E-01  pot  B   0.1000
        15  -1.754772  1710.267  0.64134  0.113E-02  0.843E-01  pot  B   0.1000
        16  -1.757223  1707.860  0.64213  0.125E-02  0.388E-01  pot  B   0.1000
        17  -1.757735  1707.688  0.64272  0.332E-03  0.221E-01  pot  B   0.1000
        18  -1.757593  1707.003  0.64339  0.313E-03  0.356E-01  pot  B   0.1000
        19  -1.757971  1707.093  0.64368  0.256E-03  0.102E-01  pot  B   0.1000
        20  -1.758090  1707.202  0.64424  0.207E-03  0.109E-01  pot  B   0.1000
        21  -1.758108  1707.161  0.64459  0.207E-03  0.148E-01  pot  B   0.1000
        22  -1.758159  1706.952  0.64541  0.224E-03  0.148E-01  pot  B   0.1000
        23  -1.758242  1706.945  0.64611  0.211E-03  0.145E-01  pot  B   0.1000
        24  -1.758262  1706.863  0.64651  0.195E-03  0.124E-01  pot  B   0.1000
        25  -1.758314  1706.794  0.64713  0.170E-03  0.500E-02  pot  B   0.1000
        26  -1.758336  1706.780  0.64758  0.814E-04  0.566E-02  pot  B   0.1000
        27  -1.758348  1706.744  0.64794  0.816E-04  0.674E-02  pot  B   0.1000
        28  -1.758349  1706.710  0.64800  0.702E-04  0.455E-02  pot  B   0.1000
        29  -1.758365  1706.694  0.64824  0.403E-04  0.266E-02  pot  B   0.1000
        30  -1.758362  1706.683  0.64832  0.312E-04  0.576E-02  pot  B   0.1000
        31  -1.758375  1706.688  0.64843  0.308E-04  0.228E-02  pot  B   0.1000
        32  -1.758377  1706.670  0.64857  0.296E-04  0.191E-02  pot  B   0.1000
        33  -1.758380  1706.667  0.64864  0.310E-04  0.257E-02  pot  B   0.1000
        34  -1.758382  1706.670  0.64866  0.277E-04  0.152E-02  pot  B   0.1000
        35  -1.758383  1706.672  0.64868  0.203E-04  0.175E-02  pot  B   0.1000
        36  -1.758384  1706.677  0.64868  0.179E-04  0.193E-02  pot  B   0.1000
        37  -1.758385  1706.682  0.64870  0.215E-04  0.736E-03  pot  B   0.1000
        38  -1.758385  1706.690  0.64871  0.972E-05  0.891E-03  pot  B   0.1000
        39  -1.758385  1706.711  0.64869  0.170E-04  0.107E-02  pot  B   0.1000
        40  -1.758385  1706.706  0.64870  0.134E-04  0.111E-02  pot  B   0.1000
        41  -1.758386  1706.725  0.64870  0.154E-04  0.675E-03  pot  B   0.1000
        42  -1.758386  1706.733  0.64870  0.561E-05  0.958E-03  pot  B   0.1000
        43  -1.758386  1706.746  0.64870  0.929E-05  0.532E-03  pot  B   0.1000
        44  -1.758386  1706.752  0.64869  0.588E-05  0.339E-03  pot  B   0.1000
        45  -1.758385  1706.762  0.64868  0.557E-05  0.341E-03  pot  B   0.1000
        46  -1.758385  1706.773  0.64868  0.577E-05  0.519E-03  pot  B   0.1000
        47  -1.758385  1706.780  0.64867  0.466E-05  0.439E-03  pot  B   0.1000
        48  -1.758385  1706.782  0.64867  0.432E-05  0.628E-03  pot  B   0.1000
        49  -1.758385  1706.790  0.64867  0.853E-05  0.375E-03  pot  B   0.1000
        50  -1.758385  1706.795  0.64866  0.355E-05  0.263E-03  pot  B   0.1000
        51  -1.758385  1706.801  0.64866  0.337E-05  0.149E-03  pot  B   0.1000
        52  -1.758385  1706.801  0.64866  0.213E-05  0.274E-03  pot  B   0.1000
        53  -1.758385  1706.803  0.64866  0.144E-05  0.145E-03  pot  B   0.1000
        54  -1.758385  1706.804  0.64866  0.802E-06  0.164E-03  pot  B   0.1000
        55  -1.758385  1706.805  0.64865  0.110E-05  0.113E-03  pot  B   0.1000
        56  -1.758385  1706.806  0.64865  0.147E-05  0.150E-03  pot  B   0.1000
        57  -1.758385  1706.808  0.64865  0.143E-05  0.995E-04  pot  B   0.1000
        58  -1.758385  1706.808  0.64865  0.107E-05  0.135E-03  pot  B   0.1000
        59  -1.758385  1706.809  0.64865  0.102E-05  0.975E-04  pot  B   0.1000
        60  -1.758385  1706.810  0.64865  0.679E-06  0.130E-03  pot  B   0.1000
        61  -1.758385  1706.810  0.64865  0.168E-05  0.688E-04  pot  B   0.1000
        62  -1.758385  1706.810  0.64865  0.658E-06  0.585E-04  pot  B   0.1000
        63  -1.758385  1706.810  0.64864  0.791E-06  0.419E-04  pot  B   0.1000
        64  -1.758385  1706.810  0.64864  0.572E-06  0.100E-03  pot  B   0.1000
        65  -1.758385  1706.810  0.64864  0.648E-06  0.412E-04  pot  B   0.1000
        66  -1.758385  1706.810  0.64864  0.747E-06  0.628E-04  pot  B   0.1000
        67  -1.758385  1706.810  0.64864  0.408E-06  0.489E-04  pot  B   0.1000
        68  -1.758385  1706.810  0.64864  0.477E-06  0.363E-04  pot  B   0.1000
        69  -1.758385  1706.809  0.64864  0.349E-06  0.253E-04  pot  B   0.1000
        70  -1.758385  1706.809  0.64864  0.335E-06  0.230E-04  pot  B   0.1000
        71  -1.758385  1706.809  0.64864  0.220E-06  0.224E-04  pot  B   0.1000
        72  -1.758385  1706.809  0.64864  0.150E-06  0.345E-04  pot  B   0.1000
        73  -1.758385  1706.809  0.64864  0.454E-06  0.231E-04  pot  B   0.1000
        74  -1.758385  1706.808  0.64864  0.207E-06  0.183E-04  pot  B   0.1000
        75  -1.758385  1706.808  0.64864  0.187E-06  0.123E-04  pot  B   0.1000
        76  -1.758385  1706.808  0.64864  0.157E-06  0.221E-04  pot  B   0.1000
        77  -1.758385  1706.808  0.64864  0.110E-06  0.940E-05  pot  B   0.1000
        78  -1.758385  1706.808  0.64864  0.123E-06  0.101E-04  pot  B   0.1000
        79  -1.758385  1706.808  0.64864  0.736E-07  0.102E-04  pot  B   0.1000
        80  -1.758385  1706.808  0.64864  0.101E-06  0.932E-05  pot  B   0.1000
        81  -1.758385  1706.807  0.64864  0.982E-07  0.752E-05  pot  B   0.1000
        82  -1.758385  1706.807  0.64864  0.124E-06  0.747E-05  pot  B   0.1000
        83  -1.758385  1706.807  0.64864  0.110E-06  0.650E-05  pot  B   0.1000
        84  -1.758385  1706.807  0.64864  0.552E-07  0.882E-05  pot  B   0.1000
        85  -1.758385  1706.807  0.64864  0.122E-06  0.946E-05  pot  B   0.1000
        86  -1.758385  1706.807  0.64864  0.717E-07  0.463E-05  pot  B   0.1000
        87  -1.758385  1706.807  0.64864  0.614E-07  0.336E-05  pot  B   0.1000
        88  -1.758385  1706.807  0.64864  0.655E-07  0.514E-05  pot  B   0.1000
        89  -1.758385  1706.807  0.64864  0.451E-07  0.394E-05  pot  B   0.1000
        90  -1.758385  1706.807  0.64864  0.568E-07  0.415E-05  pot  B   0.1000
        91  -1.758385  1706.807  0.64864  0.315E-07  0.438E-05  pot  B   0.1000
        92  -1.758385  1706.807  0.64864  0.422E-07  0.343E-05  pot  B   0.1000
        93  -1.758385  1706.807  0.64864  0.391E-07  0.212E-05  pot  B   0.1000
        94  -1.758385  1706.807  0.64864  0.382E-07  0.248E-05  pot  B   0.1000
        95  -1.758385  1706.807  0.64864  0.309E-07  0.221E-05  pot  B   0.1000
        96  -1.758385  1706.807  0.64864  0.174E-07  0.284E-05  pot  B   0.1000
        97  -1.758385  1706.807  0.64864  0.298E-07  0.332E-05  pot  B   0.1000
        98  -1.758385  1706.807  0.64864  0.221E-07  0.193E-05  pot  B   0.1000
        99  -1.758385  1706.807  0.64864  0.208E-07  0.163E-05  pot  B   0.1000
       100  -1.758385  1706.807  0.64864  0.268E-07  0.182E-05  pot  B   0.1000
       101  -1.758385  1706.807  0.64864  0.207E-07  0.136E-05  pot  B   0.1000
       102  -1.758385  1706.807  0.64864  0.141E-07  0.112E-05  pot  B   0.1000
       103  -1.758385  1706.807  0.64864  0.102E-07  0.128E-05  pot  B   0.1000
       104  -1.758385  1706.807  0.64864  0.134E-07  0.151E-05  pot  B   0.1000
       105  -1.758385  1706.807  0.64864  0.104E-07  0.875E-06  pot  B   0.1000
       106  -1.758385  1706.807  0.64864  0.891E-08  0.587E-06  pot  B   0.1000
       107  -1.758385  1706.807  0.64864  0.683E-08  0.702E-06  pot  B   0.1000
       108  -1.758385  1706.807  0.64864  0.713E-08  0.108E-05  pot  B   0.1000
       109  -1.758385  1706.807  0.64864  0.107E-07  0.142E-05  pot  B   0.1000
       110  -1.758385  1706.807  0.64864  0.930E-08  0.787E-06  pot  B   0.1000
       111  -1.758385  1706.807  0.64864  0.945E-08  0.593E-06  pot  B   0.1000
       112  -1.758385  1706.807  0.64864  0.119E-07  0.522E-06  pot  B   0.1000
       113  -1.758385  1706.807  0.64864  0.937E-08  0.573E-06  pot  B   0.1000
       114  -1.758385  1706.807  0.64864  0.760E-08  0.468E-06  pot  B   0.1000
       115  -1.758385  1706.807  0.64864  0.385E-08  0.443E-06  pot  B   0.1000
       116  -1.758385  1706.807  0.64864  0.525E-08  0.569E-06  pot  B   0.1000
       117  -1.758385  1706.807  0.64864  0.451E-08  0.372E-06  pot  B   0.1000
       118  -1.758385  1706.807  0.64864  0.561E-08  0.279E-06  pot  B   0.1000
       119  -1.758385  1706.807  0.64864  0.504E-08  0.256E-06  pot  B   0.1000
       120  -1.758385  1706.807  0.64864  0.273E-08  0.304E-06  pot  B   0.1000
       121  -1.758385  1706.807  0.64864  0.280E-08  0.325E-06  pot  B   0.1000
       122  -1.758385  1706.807  0.64864  0.369E-08  0.178E-06  pot  B   0.1000
       123  -1.758385  1706.807  0.64864  0.264E-08  0.237E-06  pot  B   0.1000
       124  -1.758385  1706.807  0.64864  0.594E-08  0.195E-06  pot  B   0.1000
       125  -1.758385  1706.807  0.64864  0.495E-08  0.341E-06  pot  B   0.1000
       126  -1.758385  1706.807  0.64864  0.318E-08  0.181E-06  pot  B   0.1000
       127  -1.758385  1706.807  0.64864  0.184E-08  0.188E-06  pot  B   0.1000
       128  -1.758385  1706.807  0.64864  0.184E-08  0.223E-06  pot  B   0.1000
       129  -1.758385  1706.807  0.64864  0.176E-08  0.164E-06  pot  B   0.1000
       130  -1.758385  1706.807  0.64864  0.126E-08  0.102E-06  pot  B   0.1000
       131  -1.758385  1706.807  0.64864  0.123E-08  0.100E-06  pot  B   0.1000
       132  -1.758385  1706.807  0.64864  0.956E-09  0.131E-06  pot  B   0.1000
       133  -1.758385  1706.807  0.64864  0.748E-09  0.147E-06  pot  B   0.1000
       134  -1.758385  1706.807  0.64864  0.780E-09  0.749E-07  pot  B   0.1000
       135  -1.758385  1706.807  0.64864  0.127E-08  0.106E-06  pot  B   0.1000
       136  -1.758385  1706.807  0.64864  0.842E-09  0.531E-07  pot  B   0.1000
       137  -1.758385  1706.807  0.64864  0.157E-08  0.122E-06  pot  B   0.1000
       138  -1.758385  1706.807  0.64864  0.567E-09  0.543E-07  pot  B   0.1000
       139  -1.758385  1706.807  0.64864  0.733E-09  0.685E-07  pot  B   0.1000
       140  -1.758385  1706.807  0.64864  0.479E-09  0.696E-07  pot  B   0.1000
       141  -1.758385  1706.807  0.64864  0.548E-09  0.566E-07  pot  B   0.1000
       142  -1.758385  1706.807  0.64864  0.496E-09  0.477E-07  pot  B   0.1000
       143  -1.758385  1706.807  0.64864  0.627E-09  0.421E-07  pot  B   0.1000
       144  -1.758385  1706.807  0.64864  0.442E-09  0.588E-07  pot  B   0.1000
       145  -1.758385  1706.807  0.64864  0.333E-09  0.455E-07  pot  B   0.1000
       146  -1.758385  1706.807  0.64864  0.317E-09  0.266E-07  pot  B   0.1000
       147  -1.758385  1706.807  0.64864  0.437E-09  0.319E-07  pot  B   0.1000
       148  -1.758385  1706.807  0.64864  0.577E-09  0.196E-07  pot  B   0.1000
       149  -1.758385  1706.807  0.64864  0.535E-09  0.416E-07  pot  B   0.1000
       150  -1.758385  1706.807  0.64864  0.305E-09  0.206E-07  pot  B   0.1000
**     151  -1.758385  1706.807  0.64864  0.486E-12  0.206E-07  pot  B   0.1000
