 Atom   Index      Q          Qmt        dQ        Vmad        Local Energy
  W         1   73.96580   72.66117   -0.03420    1.65155      -32312.46433
  W         2   73.92354   72.61891   -0.07646    1.70467      -32312.50151
  W         3   73.85559   72.55097   -0.14441    1.76328      -32312.53998
  W         4   73.85044   72.54581   -0.14956    1.75592      -32312.50707
  W         5   73.81094   72.50631   -0.18906    1.81648      -32312.57779
  W         6   73.80859   72.50396   -0.19141    1.80387      -32312.55102
  W         7   73.94913   72.64451   -0.05087    1.66517      -32312.46610
  W         8   73.96231   72.65768   -0.03769    1.65214      -32312.45218
  W         9   73.84556   72.54094   -0.15444    1.77673      -32312.54354
  W        10   73.83656   72.53193   -0.16344    1.78374      -32312.54262
  W        11   73.90407   72.59944   -0.09593    1.71512      -32312.50092
  W        12   73.80663   72.50200   -0.19337    1.80911      -32312.55239
  W        13   73.73936   72.43473   -0.26064    1.88603      -32312.61048
  W        14   73.83541   72.53078   -0.16459    1.78566      -32312.54369
  W        15   73.89196   72.58733   -0.10804    1.73446      -32312.51829
  W        16   73.90781   72.60319   -0.09219    1.71033      -32312.49847
  W        17   73.94152   72.63689   -0.05848    1.66784      -32312.46443
  W        18   74.00324   72.69861    0.00324    1.61019      -32312.43455
  W        19   73.90790   72.60328   -0.09210    1.70418      -32312.48144
  W        20   73.88659   72.58197   -0.11341    1.73295      -32312.51349
  W        21   73.99856   72.69394   -0.00144    1.62497      -32312.44868
  W        22   73.93667   72.63205   -0.06333    1.68573      -32312.49107
  W        23   73.84664   72.54202   -0.15336    1.76479      -32312.52030
  W        24   73.91079   72.60616   -0.08921    1.70263      -32312.48868
  W        25   73.77254   72.46792   -0.22746    1.84114      -32312.57187
  W        26   73.85661   72.55198   -0.14339    1.77542      -32312.55553
  W        27   73.88344   72.57882   -0.11656    1.73080      -32312.50698
  W        28   73.83453   72.52991   -0.16547    1.78291      -32312.53813
  W        29   73.88317   72.57854   -0.11683    1.72013      -32312.49844
  W        30   73.88334   72.57872   -0.11666    1.73230      -32312.51693
  W        31   73.96237   72.65774   -0.03763    1.65923      -32312.46470
  W        32   73.78584   72.48121   -0.21416    1.83341      -32312.58196
  Nb       33   41.04453   39.73990    0.04453    1.60126       -7632.51525
  Nb       34   40.97422   39.66960   -0.02578    1.68009       -7632.57755
  Nb       35   41.01981   39.71519    0.01981    1.62514       -7632.54880
  Nb       36   40.87357   39.56895   -0.12643    1.78271       -7632.63935
  Nb       37   40.82070   39.51608   -0.17930    1.82919       -7632.66167
  Nb       38   40.86857   39.56394   -0.13143    1.76909       -7632.62476
  Nb       39   40.99537   39.69075   -0.00463    1.65650       -7632.56015
  Nb       40   40.97801   39.67339   -0.02199    1.66782       -7632.56208
  Nb       41   40.86675   39.56213   -0.13325    1.78023       -7632.63418
  Nb       42   41.07849   39.77386    0.07849    1.56366       -7632.50448
  Nb       43   40.91975   39.61512   -0.08025    1.72590       -7632.60179
  Nb       44   40.92691   39.62229   -0.07309    1.73473       -7632.62212
  Nb       45   40.98060   39.67598   -0.01940    1.67098       -7632.58098
  Nb       46   40.87481   39.57019   -0.12519    1.76980       -7632.62419
  Nb       47   40.96592   39.66129   -0.03408    1.68549       -7632.57676
  Nb       48   41.09906   39.79443    0.09906    1.55148       -7632.48477
  Nb       49   41.07339   39.76876    0.07339    1.57648       -7632.50908
  Nb       50   40.85199   39.54736   -0.14801    1.79200       -7632.63708
  Nb       51   40.95076   39.64613   -0.04924    1.69829       -7632.57637
  Nb       52   41.03188   39.72725    0.03188    1.61625       -7632.52847
  Nb       53   40.93765   39.63303   -0.06235    1.71021       -7632.59033
  Nb       54   40.89300   39.58837   -0.10700    1.76161       -7632.63467
  Nb       55   41.01233   39.70770    0.01233    1.63256       -7632.54600
  Nb       56   40.88074   39.57611   -0.11926    1.76650       -7632.61617
  Nb       57   40.87350   39.56887   -0.12650    1.77824       -7632.63717
  Nb       58   40.85886   39.55424   -0.14114    1.78698       -7632.62652
  Nb       59   40.83381   39.52918   -0.16619    1.80938       -7632.64769
  Nb       60   41.03130   39.72667    0.03130    1.62604       -7632.54735
  Nb       61   40.90466   39.60003   -0.09534    1.74842       -7632.62708
  Nb       62   40.94231   39.63768   -0.05769    1.70543       -7632.58784
  Nb       63   40.96766   39.66304   -0.03234    1.67728       -7632.56788
  Nb       64   41.06437   39.75974    0.06437    1.58350       -7632.50295
  Mo       65   42.04828   40.74366    0.04828    1.68842       -8090.59677
  Mo       66   42.02541   40.72078    0.02541    1.71333       -8090.61032
  Mo       67   42.11157   40.80695    0.11157    1.63115       -8090.56460
  Mo       68   42.06175   40.75713    0.06175    1.67857       -8090.58924
  Mo       69   42.01079   40.70616    0.01079    1.73873       -8090.63889
  Mo       70   42.13049   40.82586    0.13049    1.61150       -8090.55519
  Mo       71   42.06174   40.75712    0.06174    1.68706       -8090.61021
  Mo       72   42.20920   40.90458    0.20920    1.53482       -8090.51598
  Mo       73   42.12532   40.82070    0.12532    1.61578       -8090.56112
  Mo       74   42.15765   40.85302    0.15765    1.57034       -8090.52347
  Mo       75   42.11735   40.81273    0.11735    1.62627       -8090.56713
  Mo       76   42.14961   40.84498    0.14961    1.58823       -8090.53364
  Mo       77   42.06740   40.76277    0.06740    1.67393       -8090.60215
  Mo       78   42.18506   40.88044    0.18506    1.55782       -8090.53217
  Mo       79   42.11989   40.81526    0.11989    1.62368       -8090.57510
  Mo       80   41.94490   40.64028   -0.05510    1.79936       -8090.66829
  Mo       81   42.16068   40.85606    0.16068    1.58305       -8090.54437
  Mo       82   42.00870   40.70407    0.00870    1.74086       -8090.64351
  Mo       83   42.11012   40.80550    0.11012    1.63470       -8090.57130
  Mo       84   42.20757   40.90295    0.20757    1.52764       -8090.50228
  Mo       85   42.01845   40.71383    0.01845    1.72658       -8090.62291
  Mo       86   42.01074   40.70611    0.01074    1.73331       -8090.63293
  Mo       87   42.16723   40.86260    0.16723    1.57699       -8090.54337
  Mo       88   42.14303   40.83841    0.14303    1.60940       -8090.57147
  Mo       89   42.15163   40.84701    0.15163    1.58691       -8090.54786
  Mo       90   42.04388   40.73925    0.04388    1.71258       -8090.63867
  Mo       91   42.15249   40.84786    0.15249    1.59096       -8090.54516
  Mo       92   42.09450   40.78987    0.09450    1.63856       -8090.57375
  Mo       93   42.22282   40.91819    0.22282    1.52450       -8090.51456
  Mo       94   41.98506   40.68043   -0.01494    1.76685       -8090.65670
  Mo       95   42.09945   40.79482    0.09945    1.63329       -8090.55749
  Mo       96   42.03817   40.73355    0.03817    1.70691       -8090.61664
  Ta       97   72.74090   71.43627   -0.25910    1.80729      -31232.95616
  Ta       98   72.69053   71.38591   -0.30947    1.87049      -31233.01736
  Ta       99   72.81995   71.51533   -0.18005    1.74227      -31232.91901
  Ta      100   72.66807   71.36344   -0.33193    1.88375      -31233.00850
  Ta      101   72.85759   71.55297   -0.14241    1.69327      -31232.89134
  Ta      102   72.81072   71.50609   -0.18928    1.74512      -31232.92540
  Ta      103   72.84488   71.54026   -0.15512    1.72193      -31232.91989
  Ta      104   72.76496   71.46033   -0.23504    1.79577      -31232.96601
  Ta      105   72.86178   71.55716   -0.13822    1.69994      -31232.89152
  Ta      106   72.77644   71.47181   -0.22356    1.77392      -31232.92698
  Ta      107   72.71490   71.41027   -0.28510    1.83715      -31232.97703
  Ta      108   72.71022   71.40560   -0.28978    1.84395      -31232.97352
  Ta      109   72.69450   71.38987   -0.30550    1.85275      -31232.97930
  Ta      110   72.75290   71.44828   -0.24710    1.81400      -31232.97397
  Ta      111   72.68554   71.38091   -0.31446    1.86135      -31232.99167
  Ta      112   72.88382   71.57920   -0.11618    1.67337      -31232.87539
  Ta      113   72.71509   71.41046   -0.28491    1.84207      -31232.98829
  Ta      114   72.85546   71.55084   -0.14454    1.70756      -31232.89660
  Ta      115   72.75341   71.44878   -0.24659    1.80488      -31232.95996
  Ta      116   72.70666   71.40204   -0.29334    1.84689      -31232.97676
  Ta      117   72.72602   71.42140   -0.27398    1.82820      -31232.97916
  Ta      118   72.83615   71.53152   -0.16385    1.72975      -31232.92142
  Ta      119   72.93000   71.62537   -0.07000    1.62714      -31232.84982
  Ta      120   72.70579   71.40117   -0.29421    1.84896      -31232.99183
  Ta      121   72.75640   71.45177   -0.24360    1.80522      -31232.96180
  Ta      122   72.73955   71.43493   -0.26045    1.81762      -31232.96257
  Ta      123   72.77848   71.47386   -0.22152    1.78207      -31232.94641
  Ta      124   72.64512   71.34050   -0.35488    1.91223      -31233.01899
  Ta      125   72.69877   71.39414   -0.30123    1.85956      -31233.00626
  Ta      126   72.74601   71.44138   -0.25399    1.80816      -31232.95422
  Ta      127   72.75090   71.44628   -0.24910    1.80408      -31232.94316
  Ta      128   72.89401   71.58938   -0.10599    1.66555      -31232.87593
  Ti      129   22.30932   21.00469    0.30932    1.56926       -1704.39459
  Ti      130   22.26040   20.95577    0.26040    1.60985       -1704.40752
  Ti      131   22.28639   20.98177    0.28639    1.58905       -1704.41652
  Ti      132   22.39732   21.09269    0.39732    1.48938       -1704.37361
  Ti      133   22.22579   20.92116    0.22579    1.65111       -1704.44054
  Ti      134   22.28586   20.98124    0.28586    1.58437       -1704.38818
  Ti      135   22.23374   20.92912    0.23374    1.63216       -1704.39165
  Ti      136   22.32035   21.01572    0.32035    1.56033       -1704.40795
  Ti      137   22.31939   21.01477    0.31939    1.54389       -1704.34782
  Ti      138   22.36053   21.05591    0.36053    1.50779       -1704.35081
  Ti      139   22.23235   20.92772    0.23235    1.63533       -1704.40166
  Ti      140   22.29033   20.98571    0.29033    1.58401       -1704.40350
  Ti      141   22.35790   21.05328    0.35790    1.51176       -1704.35581
  Ti      142   22.22318   20.91855    0.22318    1.64938       -1704.43677
  Ti      143   22.25777   20.95314    0.25777    1.60791       -1704.40437
  Ti      144   22.31824   21.01361    0.31824    1.54887       -1704.37282
  Ti      145   22.30317   20.99854    0.30317    1.58546       -1704.42151
  Ti      146   22.30110   20.99648    0.30110    1.58843       -1704.43140
  Ti      147   22.25372   20.94909    0.25372    1.61482       -1704.39240
  Ti      148   22.35573   21.05111    0.35573    1.51698       -1704.36872
  Ti      149   22.36237   21.05775    0.36237    1.50904       -1704.36113
  Ti      150   22.17880   20.87417    0.17880    1.70365       -1704.47130
  Ti      151   22.27441   20.96978    0.27441    1.60559       -1704.40704
  Ti      152   22.40148   21.09685    0.40148    1.47933       -1704.36478
  Ti      153   22.30842   21.00379    0.30842    1.56775       -1704.39975
  Ti      154   22.18050   20.87588    0.18050    1.69683       -1704.47316
  Ti      155   22.43103   21.12640    0.43103    1.44986       -1704.35735
  Ti      156   22.38154   21.07692    0.38154    1.49357       -1704.35703
  Ti      157   22.30916   21.00453    0.30916    1.57134       -1704.40186
  Ti      158   22.43440   21.12977    0.43440    1.43835       -1704.33354
  Ti      159   22.29418   20.98955    0.29418    1.58354       -1704.39410
  Ti      160   22.31199   21.00737    0.31199    1.56550       -1704.39978
