 Atom   Index      Q          Qmt        dQ        Vmad        Local Energy
  W         1   73.76945   72.46511   -0.23055    1.83955      -32312.56638
  W         2   73.80312   72.49878   -0.19688    1.80631      -32312.55468
  W         3   73.81462   72.51028   -0.18538    1.79900      -32312.54549
  W         4   73.91906   72.61472   -0.08094    1.69273      -32312.47515
  W         5   73.86839   72.56405   -0.13161    1.74634      -32312.51038
  W         6   73.68722   72.38288   -0.31278    1.93374      -32312.63949
  W         7   73.85715   72.55281   -0.14285    1.75677      -32312.52132
  W         8   74.06172   72.75738    0.06172    1.55664      -32312.40367
  W         9   73.91512   72.61078   -0.08488    1.71327      -32312.51505
  W        10   73.84584   72.54149   -0.15416    1.76409      -32312.51893
  W        11   73.98871   72.68436   -0.01129    1.62484      -32312.44824
  W        12   74.02380   72.71945    0.02380    1.59521      -32312.42352
  W        13   73.90901   72.60467   -0.09099    1.70260      -32312.48311
  W        14   73.82656   72.52222   -0.17344    1.79946      -32312.56452
  W        15   74.01076   72.70642    0.01076    1.60997      -32312.44175
  W        16   73.85203   72.54769   -0.14797    1.77277      -32312.54165
  W        17   73.94726   72.64292   -0.05274    1.66157      -32312.45521
  W        18   73.85500   72.55066   -0.14500    1.75666      -32312.52110
  W        19   73.88471   72.58036   -0.11529    1.73746      -32312.52370
  W        20   73.97540   72.67106   -0.02460    1.64328      -32312.45802
  W        21   73.77240   72.46806   -0.22760    1.84583      -32312.58137
  W        22   73.97659   72.67225   -0.02341    1.64199      -32312.45316
  W        23   73.84590   72.54156   -0.15410    1.77960      -32312.54949
  W        24   73.87085   72.56651   -0.12915    1.74828      -32312.52833
  W        25   73.89475   72.59041   -0.10525    1.71888      -32312.49831
  W        26   73.90411   72.59977   -0.09589    1.70883      -32312.48438
  W        27   73.92271   72.61837   -0.07729    1.70084      -32312.49317
  W        28   73.94030   72.63596   -0.05970    1.68431      -32312.48997
  W        29   73.73536   72.43102   -0.26464    1.88329      -32312.60640
  W        30   73.89898   72.59464   -0.10102    1.71196      -32312.48762
  W        31   73.95437   72.65002   -0.04563    1.66132      -32312.46470
  W        32   73.96951   72.66517   -0.03049    1.65016      -32312.46483
  Nb       33   40.88926   39.58492   -0.11074    1.75905       -7632.61728
  Nb       34   40.92566   39.62131   -0.07434    1.72747       -7632.61019
  Nb       35   40.79808   39.49374   -0.20192    1.85242       -7632.68262
  Nb       36   40.76264   39.45829   -0.23736    1.88213       -7632.68400
  Nb       37   40.89361   39.58927   -0.10639    1.75467       -7632.62005
  Nb       38   40.93564   39.63130   -0.06436    1.71238       -7632.60222
  Nb       39   40.97280   39.66846   -0.02720    1.67379       -7632.58037
  Nb       40   41.03201   39.72767    0.03201    1.62634       -7632.54675
  Nb       41   41.00797   39.70363    0.00797    1.63928       -7632.55604
  Nb       42   40.80165   39.49731   -0.19835    1.84251       -7632.65539
  Nb       43   40.97128   39.66694   -0.02872    1.67759       -7632.57725
  Nb       44   40.94921   39.64487   -0.05079    1.69844       -7632.58866
  Nb       45   40.78072   39.47638   -0.21928    1.86585       -7632.67298
  Nb       46   40.97940   39.67506   -0.02060    1.66480       -7632.56805
  Nb       47   40.96039   39.65605   -0.03961    1.69200       -7632.59816
  Nb       48   41.01798   39.71364    0.01798    1.63447       -7632.53998
  Nb       49   41.02526   39.72092    0.02526    1.61984       -7632.54073
  Nb       50   40.85652   39.55218   -0.14348    1.78124       -7632.61956
  Nb       51   40.90919   39.60484   -0.09081    1.73839       -7632.60454
  Nb       52   40.93779   39.63345   -0.06221    1.70833       -7632.58623
  Nb       53   40.98847   39.68413   -0.01153    1.66337       -7632.56447
  Nb       54   40.91656   39.61222   -0.08344    1.73244       -7632.59865
  Nb       55   40.77239   39.46805   -0.22761    1.88442       -7632.70429
  Nb       56   40.95244   39.64810   -0.04756    1.69133       -7632.57101
  Nb       57   40.96445   39.66011   -0.03555    1.68114       -7632.57183
  Nb       58   41.03483   39.73049    0.03483    1.61932       -7632.54161
  Nb       59   40.93920   39.63486   -0.06080    1.71385       -7632.58659
  Nb       60   40.77939   39.47505   -0.22061    1.87160       -7632.68207
  Nb       61   40.93519   39.63085   -0.06481    1.71053       -7632.59303
  Nb       62   40.89626   39.59192   -0.10374    1.76163       -7632.62362
  Nb       63   40.97224   39.66790   -0.02776    1.67783       -7632.58013
  Nb       64   40.97772   39.67338   -0.02228    1.67423       -7632.57114
  Mo       65   42.16595   40.86161    0.16595    1.56474       -8090.51677
  Mo       66   42.13463   40.83029    0.13463    1.60842       -8090.55520
  Mo       67   42.20549   40.90114    0.20549    1.53078       -8090.50482
  Mo       68   42.04628   40.74194    0.04628    1.70482       -8090.62898
  Mo       69   42.03674   40.73240    0.03674    1.70787       -8090.61641
  Mo       70   41.87735   40.57301   -0.12265    1.87054       -8090.71103
  Mo       71   42.11360   40.80926    0.11360    1.62844       -8090.56217
  Mo       72   42.11519   40.81085    0.11519    1.63568       -8090.58199
  Mo       73   42.00844   40.70409    0.00844    1.73229       -8090.61929
  Mo       74   42.02687   40.72253    0.02687    1.72287       -8090.63331
  Mo       75   42.06418   40.75984    0.06418    1.67641       -8090.60433
  Mo       76   42.09635   40.79201    0.09635    1.64474       -8090.57786
  Mo       77   42.13711   40.83277    0.13711    1.61150       -8090.56228
  Mo       78   42.29684   40.99250    0.29684    1.44370       -8090.46007
  Mo       79   42.05755   40.75321    0.05755    1.68151       -8090.59987
  Mo       80   42.16369   40.85935    0.16369    1.57445       -8090.53711
  Mo       81   42.06320   40.75886    0.06320    1.68710       -8090.60605
  Mo       82   42.02014   40.71580    0.02014    1.72205       -8090.61782
  Mo       83   42.03589   40.73155    0.03589    1.71500       -8090.62986
  Mo       84   41.99511   40.69077   -0.00489    1.75709       -8090.65504
  Mo       85   41.97886   40.67451   -0.02114    1.76585       -8090.65085
  Mo       86   42.12612   40.82178    0.12612    1.61569       -8090.55892
  Mo       87   42.12919   40.82485    0.12919    1.61024       -8090.55333
  Mo       88   42.11156   40.80722    0.11156    1.62964       -8090.57130
  Mo       89   42.14498   40.84064    0.14498    1.59825       -8090.55421
  Mo       90   42.07173   40.76739    0.07173    1.66703       -8090.59023
  Mo       91   42.14719   40.84285    0.14719    1.59887       -8090.55753
  Mo       92   41.99709   40.69274   -0.00291    1.74788       -8090.63995
  Mo       93   42.03721   40.73287    0.03721    1.70562       -8090.61553
  Mo       94   42.05029   40.74595    0.05029    1.69829       -8090.61548
  Mo       95   41.98006   40.67572   -0.01994    1.76670       -8090.65528
  Mo       96   42.16296   40.85862    0.16296    1.58996       -8090.56060
  Ta       97   72.79167   71.48733   -0.20833    1.76614      -31232.94007
  Ta       98   72.70988   71.40554   -0.29012    1.84528      -31232.97480
  Ta       99   72.83571   71.53137   -0.16429    1.72701      -31232.92401
  Ta      100   72.77506   71.47072   -0.22494    1.77718      -31232.94161
  Ta      101   72.83340   71.52906   -0.16660    1.71826      -31232.90022
  Ta      102   72.78731   71.48297   -0.21269    1.76826      -31232.93436
  Ta      103   72.84527   71.54092   -0.15473    1.70772      -31232.90244
  Ta      104   72.84157   71.53723   -0.15843    1.72085      -31232.90496
  Ta      105   72.73933   71.43498   -0.26067    1.81510      -31232.97272
  Ta      106   72.80853   71.50419   -0.19147    1.75610      -31232.94166
  Ta      107   72.86188   71.55754   -0.13812    1.69450      -31232.89745
  Ta      108   72.80727   71.50293   -0.19273    1.75016      -31232.92424
  Ta      109   72.83283   71.52849   -0.16717    1.73464      -31232.92090
  Ta      110   72.81982   71.51548   -0.18018    1.73239      -31232.91471
  Ta      111   72.79771   71.49337   -0.20229    1.75801      -31232.93204
  Ta      112   72.83306   71.52872   -0.16694    1.72440      -31232.91132
  Ta      113   72.70070   71.39635   -0.29930    1.85368      -31232.98275
  Ta      114   72.77881   71.47447   -0.22119    1.77279      -31232.93861
  Ta      115   72.85579   71.55145   -0.14421    1.70177      -31232.90324
  Ta      116   72.86630   71.56196   -0.13370    1.68635      -31232.87848
  Ta      117   72.87583   71.57148   -0.12417    1.68331      -31232.88640
  Ta      118   72.85190   71.54755   -0.14810    1.70249      -31232.89413
  Ta      119   72.82759   71.52325   -0.17241    1.72698      -31232.90773
  Ta      120   72.93677   71.63243   -0.06323    1.61885      -31232.84608
  Ta      121   72.76851   71.46417   -0.23149    1.78358      -31232.94125
  Ta      122   72.74060   71.43626   -0.25940    1.81118      -31232.94434
  Ta      123   72.83120   71.52686   -0.16880    1.72975      -31232.91542
  Ta      124   72.80335   71.49901   -0.19665    1.75676      -31232.94081
  Ta      125   72.85382   71.54948   -0.14618    1.70285      -31232.90584
  Ta      126   72.61216   71.30781   -0.38784    1.93861      -31233.02682
  Ta      127   72.77309   71.46875   -0.22691    1.78927      -31232.96739
  Ta      128   72.72145   71.41711   -0.27855    1.83288      -31232.97790
  Ti      129   22.26359   20.95924    0.26359    1.61097       -1704.42480
  Ti      130   22.41655   21.11221    0.41655    1.45036       -1704.31171
  Ti      131   22.38422   21.07987    0.38422    1.49445       -1704.36474
  Ti      132   22.40353   21.09918    0.40353    1.47565       -1704.36493
  Ti      133   22.27313   20.96879    0.27313    1.59314       -1704.39029
  Ti      134   22.36660   21.06226    0.36660    1.50748       -1704.38656
  Ti      135   22.39131   21.08697    0.39131    1.46752       -1704.30505
  Ti      136   22.31802   21.01368    0.31802    1.55927       -1704.39395
  Ti      137   22.38993   21.08559    0.38993    1.48703       -1704.36479
  Ti      138   22.21958   20.91524    0.21958    1.65267       -1704.43303
  Ti      139   22.32786   21.02352    0.32786    1.54409       -1704.37749
  Ti      140   22.36673   21.06239    0.36673    1.50854       -1704.36626
  Ti      141   22.24593   20.94159    0.24593    1.62405       -1704.42071
  Ti      142   22.19285   20.88851    0.19285    1.67888       -1704.44391
  Ti      143   22.20829   20.90395    0.20829    1.66439       -1704.43659
  Ti      144   22.28847   20.98413    0.28847    1.58868       -1704.42016
  Ti      145   22.22846   20.92412    0.22846    1.63613       -1704.38751
  Ti      146   22.36886   21.06452    0.36886    1.51053       -1704.38065
  Ti      147   22.33909   21.03475    0.33909    1.53137       -1704.36372
  Ti      148   22.31118   21.00684    0.31118    1.56176       -1704.41046
  Ti      149   22.28328   20.97893    0.28328    1.58854       -1704.38371
  Ti      150   22.17202   20.86768    0.17202    1.69874       -1704.45274
  Ti      151   22.28223   20.97789    0.28223    1.59970       -1704.42581
  Ti      152   22.25545   20.95110    0.25545    1.62073       -1704.42173
  Ti      153   22.34564   21.04130    0.34564    1.52395       -1704.36697
  Ti      154   22.28809   20.98375    0.28809    1.58202       -1704.39401
  Ti      155   22.17227   20.86792    0.17227    1.70022       -1704.46074
  Ti      156   22.30156   20.99722    0.30156    1.58176       -1704.41926
  Ti      157   22.35226   21.04792    0.35226    1.51746       -1704.35257
  Ti      158   22.25467   20.95033    0.25467    1.61851       -1704.42684
  Ti      159   22.31245   21.00811    0.31245    1.56064       -1704.38925
  Ti      160   22.32292   21.01858    0.32292    1.54976       -1704.36022
