 Atom   Index      Q          Qmt        dQ        Vmad        Local Energy
  W         1   73.89672   72.59177   -0.10328    1.72702      -32312.51749
  W         2   73.87734   72.57238   -0.12266    1.74244      -32312.51159
  W         3   73.91174   72.60679   -0.08826    1.70840      -32312.49314
  W         4   73.99679   72.69183   -0.00321    1.62932      -32312.45395
  W         5   73.92834   72.62339   -0.07166    1.69337      -32312.49630
  W         6   73.83853   72.53357   -0.16147    1.78558      -32312.54487
  W         7   73.81867   72.51372   -0.18133    1.79997      -32312.55283
  W         8   73.91965   72.61469   -0.08035    1.70393      -32312.50701
  Nb        9   40.83833   39.53337   -0.16167    1.81144       -7632.64955
  Nb       10   40.99610   39.69114   -0.00390    1.65636       -7632.56677
  Nb       11   40.90023   39.59527   -0.09977    1.74663       -7632.61388
  Nb       12   40.82326   39.51830   -0.17674    1.81852       -7632.65213
  Nb       13   40.90720   39.60224   -0.09280    1.74312       -7632.61098
  Nb       14   41.02251   39.71755    0.02251    1.63188       -7632.55025
  Nb       15   41.06964   39.76468    0.06964    1.58862       -7632.52610
  Nb       16   40.92621   39.62125   -0.07379    1.72361       -7632.60129
  Mo       17   42.05890   40.75395    0.05890    1.68088       -8090.59922
  Mo       18   41.97507   40.67012   -0.02493    1.77163       -8090.65336
  Mo       19   42.15327   40.84832    0.15327    1.58967       -8090.55624
  Mo       20   41.96271   40.65775   -0.03729    1.78327       -8090.65694
  Mo       21   42.10035   40.79539    0.10035    1.64390       -8090.57788
  Mo       22   41.97780   40.67284   -0.02220    1.76698       -8090.64551
  Mo       23   42.22911   40.92415    0.22911    1.50963       -8090.49701
  Mo       24   42.09713   40.79217    0.09713    1.64978       -8090.57871
  Ta       25   72.77772   71.47276   -0.22228    1.77737      -31232.94206
  Ta       26   72.66574   71.36078   -0.33426    1.88580      -31233.00256
  Ta       27   72.79891   71.49395   -0.20109    1.76041      -31232.94084
  Ta       28   72.79826   71.49330   -0.20174    1.75734      -31232.92382
  Ta       29   72.83509   71.53014   -0.16491    1.72593      -31232.91593
  Ta       30   72.83901   71.53405   -0.16099    1.71532      -31232.89594
  Ta       31   72.78686   71.48190   -0.21314    1.77134      -31232.93878
  Ta       32   72.65550   71.35054   -0.34450    1.89687      -31233.01335
  Ti       33   22.29712   20.99216    0.29712    1.57144       -1704.38223
  Ti       34   22.42857   21.12361    0.42857    1.43908       -1704.30974
  Ti       35   22.45875   21.15379    0.45875    1.41650       -1704.29928
  Ti       36   22.31541   21.01045    0.31541    1.55280       -1704.38270
  Ti       37   22.40970   21.10474    0.40970    1.46079       -1704.32996
  Ti       38   22.23406   20.92910    0.23406    1.63563       -1704.42645
  Ti       39   22.15058   20.84562    0.15058    1.72498       -1704.49218
  Ti       40   22.32314   21.01818    0.32314    1.55185       -1704.37553
