 Atom   Index      Q          Qmt        dQ        Vmad        Local Energy
  W         1   73.78916   72.48788   -0.21084    1.79921      -32312.53319
  W         2   73.74581   72.44454   -0.25419    1.83614      -32312.54864
  W         3   73.89545   72.59418   -0.10455    1.69849      -32312.47084
  W         4   73.89098   72.58971   -0.10902    1.70349      -32312.47763
  W         5   73.88300   72.58173   -0.11700    1.71147      -32312.48347
  W         6   73.72999   72.42872   -0.27001    1.85866      -32312.55982
  W         7   73.72316   72.42189   -0.27684    1.87193      -32312.58937
  W         8   73.99213   72.69086   -0.00787    1.59661      -32312.41329
  W         9   73.88565   72.58438   -0.11435    1.71416      -32312.48314
  W        10   73.81246   72.51119   -0.18754    1.78661      -32312.53189
  W        11   73.77194   72.47067   -0.22806    1.82327      -32312.54274
  W        12   74.03526   72.73399    0.03526    1.55726      -32312.38329
  W        13   73.88677   72.58550   -0.11323    1.70272      -32312.46917
  W        14   73.88591   72.58464   -0.11409    1.72142      -32312.49432
  W        15   73.87248   72.57121   -0.12752    1.71945      -32312.47674
  W        16   73.87951   72.57823   -0.12049    1.71703      -32312.48501
  W        17   73.75937   72.45810   -0.24063    1.83534      -32312.55641
  W        18   73.85680   72.55553   -0.14320    1.73733      -32312.48675
  W        19   73.80507   72.50379   -0.19493    1.79563      -32312.54062
  W        20   73.69441   72.39314   -0.30559    1.90661      -32312.61412
  W        21   73.76728   72.46601   -0.23272    1.83446      -32312.55524
  W        22   73.74376   72.44249   -0.25624    1.84369      -32312.55720
  W        23   73.82089   72.51962   -0.17911    1.76680      -32312.50411
  W        24   73.94231   72.64104   -0.05769    1.64101      -32312.42734
  W        25   73.86266   72.56139   -0.13734    1.72783      -32312.48396
  W        26   73.88068   72.57941   -0.11932    1.70790      -32312.47081
  W        27   73.79962   72.49835   -0.20038    1.79301      -32312.54325
  W        28   73.71912   72.41785   -0.28088    1.88296      -32312.59685
  W        29   73.83215   72.53088   -0.16785    1.76388      -32312.52002
  W        30   73.82991   72.52864   -0.17009    1.76803      -32312.50934
  W        31   73.82741   72.52613   -0.17259    1.76220      -32312.50831
  W        32   73.85150   72.55023   -0.14850    1.74277      -32312.49925
  W        33   73.84967   72.54840   -0.15033    1.73997      -32312.49000
  W        34   73.85062   72.54935   -0.14938    1.74134      -32312.50043
  W        35   73.77207   72.47080   -0.22793    1.82708      -32312.55732
  W        36   73.96799   72.66672   -0.03201    1.62685      -32312.43311
  W        37   73.70602   72.40475   -0.29398    1.90046      -32312.61311
  W        38   73.81702   72.51575   -0.18298    1.77995      -32312.51725
  W        39   73.91680   72.61553   -0.08320    1.68311      -32312.47387
  W        40   73.81240   72.51113   -0.18760    1.78265      -32312.52440
  W        41   73.85564   72.55437   -0.14436    1.73674      -32312.49128
  W        42   73.84613   72.54486   -0.15387    1.75185      -32312.50892
  W        43   73.91843   72.61716   -0.08157    1.67880      -32312.45824
  W        44   73.70520   72.40393   -0.29480    1.89655      -32312.60747
  W        45   73.99212   72.69085   -0.00788    1.59979      -32312.41415
  W        46   73.91965   72.61838   -0.08035    1.67743      -32312.45723
  W        47   73.83880   72.53753   -0.16120    1.74667      -32312.48903
  W        48   73.76337   72.46210   -0.23663    1.83460      -32312.55401
  W        49   73.90475   72.60348   -0.09525    1.69084      -32312.46859
  W        50   73.77657   72.47530   -0.22343    1.81473      -32312.54626
  W        51   73.86620   72.56492   -0.13380    1.72349      -32312.47752
  W        52   73.84498   72.54371   -0.15502    1.75460      -32312.51508
  W        53   73.81513   72.51386   -0.18487    1.78065      -32312.52455
  W        54   73.86323   72.56196   -0.13677    1.72890      -32312.48254
  W        55   73.77594   72.47467   -0.22406    1.81439      -32312.54200
  W        56   73.93093   72.62966   -0.06907    1.66931      -32312.45454
  W        57   73.82650   72.52523   -0.17350    1.76095      -32312.51185
  W        58   73.80187   72.50060   -0.19813    1.79716      -32312.53692
  W        59   73.92194   72.62067   -0.07806    1.67561      -32312.46688
  W        60   73.95837   72.65710   -0.04163    1.64348      -32312.43657
  W        61   73.96777   72.66650   -0.03223    1.61043      -32312.40379
  W        62   73.92060   72.61933   -0.07940    1.66332      -32312.43919
  W        63   73.78497   72.48370   -0.21503    1.79801      -32312.52051
  W        64   73.82781   72.52654   -0.17219    1.76666      -32312.51968
  W        65   73.95077   72.64950   -0.04923    1.63467      -32312.42673
  W        66   73.78078   72.47950   -0.21922    1.81291      -32312.54344
  W        67   73.96594   72.66467   -0.03406    1.62687      -32312.42015
  W        68   73.86693   72.56566   -0.13307    1.73342      -32312.49442
  W        69   73.76206   72.46079   -0.23794    1.83606      -32312.55866
  W        70   73.60808   72.30681   -0.39192    1.99033      -32312.65387
  W        71   73.99261   72.69134   -0.00739    1.60266      -32312.41045
  W        72   73.98755   72.68628   -0.01245    1.60660      -32312.40940
  W        73   73.89153   72.59026   -0.10847    1.69475      -32312.44695
  W        74   73.90574   72.60447   -0.09426    1.69297      -32312.46789
  W        75   73.77451   72.47324   -0.22549    1.81409      -32312.53719
  W        76   73.86359   72.56232   -0.13641    1.72020      -32312.47410
  W        77   73.84035   72.53908   -0.15965    1.74955      -32312.50206
  W        78   73.89586   72.59459   -0.10414    1.69671      -32312.46408
  W        79   73.91377   72.61250   -0.08623    1.67227      -32312.45154
  W        80   73.87053   72.56926   -0.12947    1.72195      -32312.48517
  W        81   73.90179   72.60052   -0.09821    1.70731      -32312.49060
  W        82   73.86549   72.56422   -0.13451    1.72362      -32312.48582
  W        83   73.87738   72.57611   -0.12262    1.70060      -32312.46554
  W        84   73.72673   72.42546   -0.27327    1.87075      -32312.59124
  W        85   73.80981   72.50854   -0.19019    1.78981      -32312.53232
  W        86   73.83052   72.52925   -0.16948    1.76372      -32312.51487
  W        87   73.65633   72.35505   -0.34367    1.94478      -32312.62969
  W        88   73.89115   72.58988   -0.10885    1.71301      -32312.49322
  W        89   73.83249   72.53122   -0.16751    1.76915      -32312.52237
  W        90   73.71924   72.41796   -0.28076    1.88753      -32312.59280
  W        91   73.90725   72.60598   -0.09275    1.69653      -32312.47177
  W        92   73.91096   72.60969   -0.08904    1.68525      -32312.46998
  W        93   73.91174   72.61047   -0.08826    1.68647      -32312.47173
  W        94   73.76155   72.46028   -0.23845    1.83360      -32312.55924
  W        95   73.90932   72.60805   -0.09068    1.68241      -32312.46200
  W        96   73.77977   72.47850   -0.22023    1.81944      -32312.55228
  W        97   73.84428   72.54301   -0.15572    1.74550      -32312.49625
  W        98   73.88364   72.58237   -0.11636    1.70965      -32312.47884
  W        99   73.82225   72.52098   -0.17775    1.75954      -32312.48628
  W       100   73.77439   72.47312   -0.22561    1.81226      -32312.53435
  W       101   73.89082   72.58954   -0.10918    1.70413      -32312.47195
  W       102   73.87924   72.57797   -0.12076    1.71189      -32312.47207
  W       103   73.86246   72.56119   -0.13754    1.72664      -32312.48578
  W       104   73.84829   72.54702   -0.15171    1.74895      -32312.50780
  W       105   73.95611   72.65484   -0.04389    1.62261      -32312.41049
  W       106   73.89497   72.59369   -0.10503    1.69131      -32312.46164
  W       107   73.89005   72.58878   -0.10995    1.71037      -32312.47502
  W       108   73.78888   72.48760   -0.21112    1.80991      -32312.54152
  W       109   73.99543   72.69416   -0.00457    1.59983      -32312.40886
  W       110   73.90624   72.60497   -0.09376    1.68576      -32312.46126
  W       111   73.82406   72.52279   -0.17594    1.77497      -32312.52176
  W       112   73.79748   72.49621   -0.20252    1.79556      -32312.53735
  W       113   73.90796   72.60669   -0.09204    1.68689      -32312.45785
  W       114   73.73771   72.43644   -0.26229    1.85651      -32312.56240
  W       115   73.94179   72.64051   -0.05821    1.65113      -32312.44690
  W       116   73.93127   72.63000   -0.06873    1.65223      -32312.42914
  W       117   73.71551   72.41424   -0.28449    1.88126      -32312.59470
  W       118   73.84112   72.53985   -0.15888    1.74661      -32312.48838
  W       119   73.95191   72.65064   -0.04809    1.65067      -32312.44695
  W       120   73.76637   72.46509   -0.23363    1.82707      -32312.55721
  W       121   73.93787   72.63660   -0.06213    1.65975      -32312.44006
  W       122   73.94094   72.63967   -0.05906    1.65358      -32312.44413
  W       123   73.93944   72.63817   -0.06056    1.64974      -32312.43329
  W       124   73.80084   72.49957   -0.19916    1.79349      -32312.53328
  W       125   73.84677   72.54549   -0.15323    1.74070      -32312.49317
  W       126   73.76750   72.46622   -0.23250    1.82895      -32312.56025
  W       127   73.94713   72.64586   -0.05287    1.63369      -32312.41956
  W       128   73.85533   72.55405   -0.14467    1.75078      -32312.50939
  Nb      129   40.86178   39.56051   -0.13822    1.76759       -7632.61853
  Nb      130   41.01302   39.71175    0.01302    1.61787       -7632.51855
  Nb      131   40.87963   39.57836   -0.12037    1.75187       -7632.59912
  Nb      132   40.76573   39.46446   -0.23427    1.86094       -7632.66503
  Nb      133   40.90425   39.60298   -0.09575    1.71844       -7632.58060
  Nb      134   41.01190   39.71063    0.01190    1.61422       -7632.52170
  Nb      135   40.92376   39.62249   -0.07624    1.70240       -7632.57043
  Nb      136   40.88479   39.58352   -0.11521    1.74546       -7632.60456
  Nb      137   40.78312   39.48185   -0.21688    1.84521       -7632.64823
  Nb      138   40.96156   39.66029   -0.03844    1.65850       -7632.53486
  Nb      139   40.97841   39.67714   -0.02159    1.64789       -7632.52466
  Nb      140   41.06963   39.76836    0.06963    1.56192       -7632.49185
  Nb      141   40.97911   39.67784   -0.02089    1.64412       -7632.52919
  Nb      142   40.87451   39.57324   -0.12549    1.75350       -7632.60337
  Nb      143   41.09484   39.79357    0.09484    1.53558       -7632.47429
  Nb      144   40.85248   39.55121   -0.14752    1.77046       -7632.61212
  Nb      145   40.73700   39.43573   -0.26300    1.89032       -7632.68919
  Nb      146   41.10585   39.80458    0.10585    1.52305       -7632.45450
  Nb      147   40.89338   39.59211   -0.10662    1.73746       -7632.58801
  Nb      148   40.86171   39.56043   -0.13829    1.76717       -7632.62280
  Nb      149   41.01940   39.71813    0.01940    1.60513       -7632.50804
  Nb      150   40.84084   39.53957   -0.15916    1.78875       -7632.61796
  Nb      151   40.75029   39.44902   -0.24971    1.88489       -7632.69065
  Nb      152   40.98849   39.68722   -0.01151    1.64057       -7632.53392
  Nb      153   40.81499   39.51372   -0.18501    1.80714       -7632.63434
  Nb      154   41.02248   39.72121    0.02248    1.59718       -7632.50169
  Nb      155   40.79389   39.49262   -0.20611    1.83248       -7632.65858
  Nb      156   40.88540   39.58413   -0.11460    1.73639       -7632.59546
  Nb      157   40.78925   39.48798   -0.21075    1.83831       -7632.65972
  Nb      158   40.83031   39.52904   -0.16969    1.79005       -7632.61740
  Nb      159   40.73332   39.43205   -0.26668    1.89113       -7632.68001
  Nb      160   40.73900   39.43773   -0.26100    1.88175       -7632.67993
  Nb      161   40.97908   39.67781   -0.02092    1.65250       -7632.54109
  Nb      162   41.04800   39.74673    0.04800    1.57655       -7632.49230
  Nb      163   40.92013   39.61886   -0.07987    1.70957       -7632.58455
  Nb      164   40.87333   39.57206   -0.12667    1.75580       -7632.59904
  Nb      165   40.59514   39.29387   -0.40486    2.02884       -7632.75611
  Nb      166   40.90332   39.60204   -0.09668    1.72525       -7632.59433
  Nb      167   40.97430   39.67303   -0.02570    1.64775       -7632.53335
  Nb      168   40.99976   39.69849   -0.00024    1.62089       -7632.51500
  Nb      169   40.98999   39.68872   -0.01001    1.63630       -7632.53119
  Nb      170   40.87121   39.56994   -0.12879    1.75687       -7632.60995
  Nb      171   40.98920   39.68793   -0.01080    1.63840       -7632.53063
  Nb      172   40.98120   39.67993   -0.01880    1.63195       -7632.52991
  Nb      173   41.01856   39.71729    0.01856    1.60475       -7632.50469
  Nb      174   40.84453   39.54326   -0.15547    1.78691       -7632.62713
  Nb      175   40.82202   39.52075   -0.17798    1.80658       -7632.63040
  Nb      176   40.79278   39.49151   -0.20722    1.83552       -7632.65024
  Nb      177   40.89279   39.59152   -0.10721    1.73559       -7632.59066
  Nb      178   40.91522   39.61395   -0.08478    1.72145       -7632.59742
  Nb      179   40.78531   39.48403   -0.21469    1.84300       -7632.67394
  Nb      180   40.68265   39.38138   -0.31735    1.94332       -7632.71762
  Nb      181   40.98440   39.68313   -0.01560    1.63424       -7632.53233
  Nb      182   41.08228   39.78101    0.08228    1.54931       -7632.47607
  Nb      183   40.93451   39.63324   -0.06549    1.69558       -7632.56831
  Nb      184   40.85885   39.55758   -0.14115    1.76435       -7632.61601
  Nb      185   41.08218   39.78091    0.08218    1.54740       -7632.47817
  Nb      186   40.92235   39.62107   -0.07765    1.70840       -7632.58564
  Nb      187   40.91246   39.61119   -0.08754    1.71205       -7632.58105
  Nb      188   40.90000   39.59873   -0.10000    1.72393       -7632.57928
  Nb      189   40.86713   39.56586   -0.13287    1.76446       -7632.61633
  Nb      190   40.97193   39.67066   -0.02807    1.64411       -7632.53333
  Nb      191   40.94285   39.64157   -0.05715    1.67446       -7632.54210
  Nb      192   40.81885   39.51758   -0.18115    1.80524       -7632.63062
  Nb      193   40.83204   39.53077   -0.16796    1.79462       -7632.62903
  Nb      194   40.82075   39.51948   -0.17925    1.81205       -7632.63997
  Nb      195   40.83444   39.53317   -0.16556    1.79530       -7632.62565
  Nb      196   40.86724   39.56597   -0.13276    1.75814       -7632.60177
  Nb      197   40.94880   39.64753   -0.05120    1.67402       -7632.54880
  Nb      198   40.85230   39.55103   -0.14770    1.77799       -7632.61679
  Nb      199   40.83637   39.53510   -0.16363    1.78665       -7632.62621
  Nb      200   41.02755   39.72628    0.02755    1.59505       -7632.50231
  Nb      201   40.96525   39.66398   -0.03475    1.65981       -7632.53847
  Nb      202   41.01449   39.71322    0.01449    1.61264       -7632.51269
  Nb      203   40.83021   39.52894   -0.16979    1.78869       -7632.61801
  Nb      204   40.89337   39.59210   -0.10663    1.72883       -7632.57741
  Nb      205   40.88857   39.58730   -0.11143    1.73483       -7632.59098
  Nb      206   40.99234   39.69107   -0.00766    1.63604       -7632.53416
  Nb      207   40.90645   39.60518   -0.09355    1.72150       -7632.58214
  Nb      208   40.87148   39.57021   -0.12852    1.75957       -7632.60825
  Nb      209   41.03846   39.73719    0.03846    1.59340       -7632.51080
  Nb      210   40.97361   39.67234   -0.02639    1.65734       -7632.54301
  Nb      211   40.83238   39.53111   -0.16762    1.79753       -7632.62675
  Nb      212   40.94330   39.64203   -0.05670    1.67521       -7632.56132
  Nb      213   40.91498   39.61370   -0.08502    1.71700       -7632.59019
  Nb      214   40.73516   39.43389   -0.26484    1.88835       -7632.67299
  Nb      215   40.93868   39.63741   -0.06132    1.68973       -7632.56005
  Nb      216   41.01265   39.71137    0.01265    1.61869       -7632.52277
  Nb      217   40.76859   39.46732   -0.23141    1.85645       -7632.66241
  Nb      218   40.84643   39.54516   -0.15357    1.78583       -7632.62809
  Nb      219   41.03389   39.73262    0.03389    1.59563       -7632.50147
  Nb      220   40.90649   39.60522   -0.09351    1.71296       -7632.57837
  Nb      221   40.85424   39.55297   -0.14576    1.77130       -7632.61303
  Nb      222   40.83401   39.53274   -0.16599    1.79160       -7632.61833
  Nb      223   40.94333   39.64206   -0.05667    1.68171       -7632.56307
  Nb      224   40.89317   39.59190   -0.10683    1.72506       -7632.58173
  Nb      225   40.88583   39.58456   -0.11417    1.73986       -7632.60207
  Nb      226   40.97263   39.67136   -0.02737    1.65740       -7632.54601
  Nb      227   40.86847   39.56720   -0.13153    1.75918       -7632.59694
  Nb      228   40.87120   39.56992   -0.12880    1.75550       -7632.60455
  Nb      229   40.88277   39.58149   -0.11723    1.74057       -7632.58889
  Nb      230   40.79398   39.49271   -0.20602    1.82905       -7632.64680
  Nb      231   40.83389   39.53262   -0.16611    1.79937       -7632.63532
  Nb      232   40.80943   39.50816   -0.19057    1.82259       -7632.65024
  Nb      233   40.82267   39.52140   -0.17733    1.80464       -7632.62334
  Nb      234   40.93772   39.63645   -0.06228    1.69392       -7632.56685
  Nb      235   40.93939   39.63812   -0.06061    1.68311       -7632.55954
  Nb      236   40.84357   39.54230   -0.15643    1.77710       -7632.61236
  Nb      237   40.78979   39.48852   -0.21021    1.83417       -7632.64821
  Nb      238   40.85110   39.54983   -0.14890    1.77373       -7632.61455
  Nb      239   40.81797   39.51670   -0.18203    1.80769       -7632.63527
  Nb      240   40.96518   39.66391   -0.03482    1.66467       -7632.54399
  Nb      241   40.93531   39.63404   -0.06469    1.68939       -7632.56522
  Nb      242   40.91605   39.61478   -0.08395    1.71260       -7632.58170
  Nb      243   40.83923   39.53796   -0.16077    1.78691       -7632.61379
  Nb      244   40.86094   39.55967   -0.13906    1.76160       -7632.60824
  Nb      245   40.96018   39.65891   -0.03982    1.67688       -7632.56724
  Nb      246   40.75457   39.45330   -0.24543    1.87299       -7632.67490
  Nb      247   40.78584   39.48457   -0.21416    1.84136       -7632.65722
  Nb      248   40.86888   39.56761   -0.13112    1.75560       -7632.60712
  Nb      249   40.96823   39.66695   -0.03177    1.66120       -7632.54996
  Nb      250   40.96145   39.66018   -0.03855    1.66632       -7632.54129
  Nb      251   41.00597   39.70470    0.00597    1.62200       -7632.52604
  Nb      252   41.09368   39.79241    0.09368    1.53827       -7632.46672
  Nb      253   40.69035   39.38908   -0.30965    1.93981       -7632.71984
  Nb      254   40.94305   39.64178   -0.05695    1.67678       -7632.55929
  Nb      255   40.81525   39.51398   -0.18475    1.80604       -7632.62977
  Nb      256   40.98043   39.67916   -0.01957    1.64688       -7632.53810
  Mo      257   42.04981   40.74854    0.04981    1.67185       -8090.58003
  Mo      258   42.08888   40.78761    0.08888    1.63326       -8090.55820
  Mo      259   42.19865   40.89738    0.19865    1.51712       -8090.48582
  Mo      260   42.09027   40.78899    0.09027    1.62538       -8090.55373
  Mo      261   42.08261   40.78134    0.08261    1.63652       -8090.55609
  Mo      262   42.02148   40.72021    0.02148    1.69566       -8090.57885
  Mo      263   42.19469   40.89342    0.19469    1.51861       -8090.47825
  Mo      264   42.11785   40.81658    0.11785    1.59030       -8090.51531
  Mo      265   42.09854   40.79727    0.09854    1.62478       -8090.55158
  Mo      266   42.14072   40.83945    0.14072    1.57250       -8090.50962
  Mo      267   42.15184   40.85056    0.15184    1.56468       -8090.51031
  Mo      268   41.92419   40.62292   -0.07581    1.80345       -8090.65854
  Mo      269   42.07566   40.77439    0.07566    1.63493       -8090.54483
  Mo      270   41.98992   40.68865   -0.01008    1.73774       -8090.62317
  Mo      271   42.04082   40.73955    0.04082    1.66997       -8090.57771
  Mo      272   42.13819   40.83692    0.13819    1.57388       -8090.51618
  Mo      273   42.02857   40.72730    0.02857    1.68301       -8090.57908
  Mo      274   41.97443   40.67316   -0.02557    1.74984       -8090.62514
  Mo      275   41.95651   40.65524   -0.04349    1.76511       -8090.62512
  Mo      276   42.12950   40.82823    0.12950    1.58799       -8090.52342
  Mo      277   41.98037   40.67910   -0.01963    1.73935       -8090.61482
  Mo      278   42.05653   40.75526    0.05653    1.66475       -8090.56923
  Mo      279   41.96477   40.66350   -0.03523    1.75383       -8090.63004
  Mo      280   42.22848   40.92721    0.22848    1.47784       -8090.45294
  Mo      281   42.01458   40.71331    0.01458    1.69822       -8090.59091
  Mo      282   42.11366   40.81239    0.11366    1.60212       -8090.53134
  Mo      283   42.14175   40.84048    0.14175    1.56992       -8090.51120
  Mo      284   42.10335   40.80208    0.10335    1.61820       -8090.54901
  Mo      285   42.00125   40.69998    0.00125    1.71715       -8090.59517
  Mo      286   42.05867   40.75740    0.05867    1.65742       -8090.56790
  Mo      287   42.05500   40.75373    0.05500    1.66455       -8090.57433
  Mo      288   42.13518   40.83391    0.13518    1.58087       -8090.51425
  Mo      289   42.14262   40.84135    0.14262    1.57096       -8090.51149
  Mo      290   42.14735   40.84608    0.14735    1.57401       -8090.52018
  Mo      291   41.92053   40.61926   -0.07947    1.80264       -8090.64750
  Mo      292   41.84869   40.54742   -0.15131    1.88386       -8090.70244
  Mo      293   42.10900   40.80773    0.10900    1.60336       -8090.53154
  Mo      294   42.06482   40.76354    0.06482    1.65830       -8090.58368
  Mo      295   42.09909   40.79782    0.09909    1.61746       -8090.53828
  Mo      296   42.19658   40.89531    0.19658    1.52005       -8090.48681
  Mo      297   42.09772   40.79645    0.09772    1.62273       -8090.55067
  Mo      298   42.11152   40.81025    0.11152    1.60444       -8090.52914
  Mo      299   42.19454   40.89327    0.19454    1.51693       -8090.47526
  Mo      300   42.04886   40.74759    0.04886    1.67351       -8090.58000
  Mo      301   41.89544   40.59417   -0.10456    1.83143       -8090.67602
  Mo      302   42.05879   40.75752    0.05879    1.65407       -8090.56637
  Mo      303   42.15374   40.85247    0.15374    1.55998       -8090.50069
  Mo      304   42.13076   40.82949    0.13076    1.58568       -8090.52723
  Mo      305   41.88319   40.58192   -0.11681    1.84392       -8090.68277
  Mo      306   42.16875   40.86748    0.16875    1.54067       -8090.48647
  Mo      307   42.16225   40.86098    0.16225    1.55268       -8090.50500
  Mo      308   42.19563   40.89436    0.19563    1.51783       -8090.47930
  Mo      309   41.82970   40.52842   -0.17030    1.89464       -8090.69964
  Mo      310   42.06977   40.76850    0.06977    1.63250       -8090.53028
  Mo      311   41.96179   40.66052   -0.03821    1.76010       -8090.62436
  Mo      312   42.10753   40.80626    0.10753    1.61313       -8090.54430
  Mo      313   42.08563   40.78436    0.08563    1.63422       -8090.55472
  Mo      314   42.12821   40.82693    0.12821    1.58413       -8090.52126
  Mo      315   42.16016   40.85889    0.16016    1.54977       -8090.48941
  Mo      316   41.94090   40.63963   -0.05910    1.78063       -8090.62741
  Mo      317   42.04933   40.74806    0.04933    1.67167       -8090.58220
  Mo      318   42.12680   40.82553    0.12680    1.59504       -8090.53954
  Mo      319   42.03418   40.73291    0.03418    1.68751       -8090.58400
  Mo      320   42.01139   40.71012    0.01139    1.71177       -8090.60002
  Mo      321   42.04409   40.74282    0.04409    1.67161       -8090.56747
  Mo      322   42.04157   40.74030    0.04157    1.67858       -8090.57615
  Mo      323   42.22029   40.91902    0.22029    1.49760       -8090.47685
  Mo      324   42.15038   40.84911    0.15038    1.56907       -8090.52107
  Mo      325   42.08253   40.78125    0.08253    1.62844       -8090.55216
  Mo      326   42.17322   40.87194    0.17322    1.55091       -8090.50415
  Mo      327   42.15463   40.85336    0.15463    1.56047       -8090.51181
  Mo      328   42.02670   40.72543    0.02670    1.69126       -8090.58248
  Mo      329   42.02220   40.72093    0.02220    1.69846       -8090.58636
  Mo      330   42.05063   40.74936    0.05063    1.66865       -8090.57604
  Mo      331   42.14321   40.84194    0.14321    1.58145       -8090.53352
  Mo      332   42.19558   40.89430    0.19558    1.51754       -8090.47857
  Mo      333   42.15277   40.85150    0.15277    1.56503       -8090.51925
  Mo      334   41.94452   40.64325   -0.05548    1.78661       -8090.65552
  Mo      335   42.01337   40.71210    0.01337    1.70946       -8090.60154
  Mo      336   41.85198   40.55071   -0.14802    1.87346       -8090.69669
  Mo      337   42.21699   40.91572    0.21699    1.49177       -8090.46428
  Mo      338   42.06790   40.76663    0.06790    1.64296       -8090.55202
  Mo      339   42.01916   40.71789    0.01916    1.69942       -8090.59398
  Mo      340   41.82279   40.52152   -0.17721    1.90803       -8090.72666
  Mo      341   42.07841   40.77714    0.07841    1.63319       -8090.54578
  Mo      342   42.05999   40.75871    0.05999    1.66294       -8090.57302
  Mo      343   42.09343   40.79215    0.09343    1.62327       -8090.55408
  Mo      344   42.04635   40.74507    0.04635    1.67142       -8090.57387
  Mo      345   42.10713   40.80586    0.10713    1.61878       -8090.54775
  Mo      346   42.13954   40.83826    0.13954    1.56900       -8090.49740
  Mo      347   41.99528   40.69401   -0.00472    1.71643       -8090.59926
  Mo      348   42.09212   40.79085    0.09212    1.62406       -8090.55478
  Mo      349   42.04219   40.74092    0.04219    1.67440       -8090.56789
  Mo      350   42.16180   40.86053    0.16180    1.55481       -8090.50783
  Mo      351   41.93431   40.63304   -0.06569    1.79227       -8090.64612
  Mo      352   42.16334   40.86207    0.16334    1.55214       -8090.50373
  Mo      353   42.14768   40.84641    0.14768    1.56910       -8090.51007
  Mo      354   42.00037   40.69909    0.00037    1.71441       -8090.59320
  Mo      355   42.05639   40.75512    0.05639    1.65426       -8090.55710
  Mo      356   42.18944   40.88816    0.18944    1.52100       -8090.48244
  Mo      357   42.03018   40.72891    0.03018    1.67949       -8090.57672
  Mo      358   42.12869   40.82742    0.12869    1.59454       -8090.52878
  Mo      359   42.04845   40.74718    0.04845    1.67200       -8090.58045
  Mo      360   41.95980   40.65853   -0.04020    1.76777       -8090.64121
  Mo      361   42.23086   40.92959    0.23086    1.48033       -8090.46211
  Mo      362   42.03162   40.73035    0.03162    1.68733       -8090.59288
  Mo      363   42.17304   40.87177    0.17304    1.53378       -8090.48461
  Mo      364   42.11572   40.81445    0.11572    1.60114       -8090.52811
  Mo      365   42.11830   40.81703    0.11830    1.59367       -8090.52803
  Mo      366   42.03797   40.73670    0.03797    1.68668       -8090.59541
  Mo      367   42.15221   40.85094    0.15221    1.56662       -8090.50565
  Mo      368   42.00374   40.70247    0.00374    1.72011       -8090.60766
  Mo      369   42.01697   40.71569    0.01697    1.69435       -8090.57897
  Mo      370   42.19300   40.89173    0.19300    1.51941       -8090.47703
  Mo      371   42.04153   40.74025    0.04153    1.67132       -8090.56602
  Mo      372   42.04811   40.74684    0.04811    1.67433       -8090.57999
  Mo      373   42.02792   40.72664    0.02792    1.69434       -8090.58804
  Mo      374   42.04636   40.74509    0.04636    1.67171       -8090.57535
  Mo      375   42.19131   40.89003    0.19131    1.51265       -8090.47513
  Mo      376   42.20484   40.90357    0.20484    1.51572       -8090.48696
  Mo      377   42.19843   40.89716    0.19843    1.51197       -8090.47431
  Mo      378   42.11304   40.81177    0.11304    1.60328       -8090.53935
  Mo      379   42.08234   40.78106    0.08234    1.62032       -8090.53080
  Mo      380   41.92665   40.62538   -0.07335    1.80022       -8090.66034
  Mo      381   42.01942   40.71815    0.01942    1.70536       -8090.59944
  Mo      382   42.03217   40.73090    0.03217    1.68530       -8090.58889
  Mo      383   42.02775   40.72648    0.02775    1.69500       -8090.59890
  Mo      384   42.10133   40.80006    0.10133    1.61618       -8090.54449
  Ta      385   72.84920   71.54793   -0.15080    1.69236      -31232.87618
  Ta      386   72.72217   71.42090   -0.27783    1.81259      -31232.95954
  Ta      387   72.74436   71.44309   -0.25564    1.79198      -31232.93482
  Ta      388   72.80547   71.50420   -0.19453    1.72910      -31232.89775
  Ta      389   72.79971   71.49844   -0.20029    1.73551      -31232.90423
  Ta      390   72.74245   71.44118   -0.25755    1.78472      -31232.92387
  Ta      391   72.86480   71.56353   -0.13520    1.67555      -31232.87058
  Ta      392   72.66303   71.36176   -0.33697    1.86803      -31232.98195
  Ta      393   72.79224   71.49097   -0.20776    1.73165      -31232.89756
  Ta      394   72.79868   71.49741   -0.20132    1.73791      -31232.90814
  Ta      395   72.71497   71.41370   -0.28503    1.81813      -31232.94741
  Ta      396   72.58584   71.28457   -0.41416    1.94661      -31233.03401
  Ta      397   72.79678   71.49551   -0.20322    1.73703      -31232.89110
  Ta      398   72.61309   71.31182   -0.38691    1.92652      -31233.03118
  Ta      399   72.78354   71.48227   -0.21646    1.75648      -31232.91743
  Ta      400   72.70064   71.39937   -0.29936    1.82855      -31232.95426
  Ta      401   72.74569   71.44442   -0.25431    1.78609      -31232.93792
  Ta      402   72.74912   71.44785   -0.25088    1.79162      -31232.95198
  Ta      403   72.83570   71.53443   -0.16430    1.70237      -31232.86974
  Ta      404   72.81577   71.51450   -0.18423    1.71003      -31232.88657
  Ta      405   72.67614   71.37487   -0.32386    1.85186      -31232.97388
  Ta      406   72.89076   71.58949   -0.10924    1.63749      -31232.82830
  Ta      407   72.64394   71.34267   -0.35606    1.88733      -31233.00580
  Ta      408   72.71902   71.41775   -0.28098    1.81627      -31232.94856
  Ta      409   72.72444   71.42317   -0.27556    1.80606      -31232.93914
  Ta      410   72.71721   71.41594   -0.28279    1.81749      -31232.95193
  Ta      411   72.71086   71.40959   -0.28914    1.81817      -31232.96397
  Ta      412   72.66438   71.36310   -0.33562    1.86910      -31232.99038
  Ta      413   72.73954   71.43827   -0.26046    1.79559      -31232.94654
  Ta      414   72.81899   71.51772   -0.18101    1.72251      -31232.88773
  Ta      415   72.80018   71.49891   -0.19982    1.73108      -31232.90179
  Ta      416   72.55896   71.25768   -0.44104    1.97472      -31233.04439
  Ta      417   72.77806   71.47679   -0.22194    1.74948      -31232.91212
  Ta      418   72.83500   71.53373   -0.16500    1.69955      -31232.87039
  Ta      419   72.84971   71.54844   -0.15029    1.68257      -31232.86227
  Ta      420   72.61028   71.30900   -0.38972    1.93061      -31233.03084
  Ta      421   72.80737   71.50610   -0.19263    1.71904      -31232.88869
  Ta      422   72.83759   71.53632   -0.16241    1.69658      -31232.87945
  Ta      423   72.59702   71.29574   -0.40298    1.93574      -31233.04229
  Ta      424   72.76593   71.46466   -0.23407    1.76427      -31232.92126
  Ta      425   72.66563   71.36436   -0.33437    1.86661      -31232.98657
  Ta      426   72.61847   71.31720   -0.38153    1.91842      -31233.00802
  Ta      427   72.76260   71.46133   -0.23740    1.77217      -31232.92158
  Ta      428   72.75885   71.45757   -0.24115    1.77818      -31232.93735
  Ta      429   72.81058   71.50931   -0.18942    1.72122      -31232.88708
  Ta      430   72.85442   71.55315   -0.14558    1.67769      -31232.86671
  Ta      431   72.67224   71.37097   -0.32776    1.85668      -31232.97705
  Ta      432   72.73364   71.43237   -0.26636    1.80635      -31232.94394
  Ta      433   72.82437   71.52310   -0.17563    1.71317      -31232.88103
  Ta      434   72.80467   71.50340   -0.19533    1.73435      -31232.90391
  Ta      435   72.64912   71.34784   -0.35088    1.88180      -31232.99924
  Ta      436   72.76848   71.46721   -0.23152    1.76467      -31232.91546
  Ta      437   72.51439   71.21311   -0.48561    2.01904      -31233.08309
  Ta      438   72.66618   71.36491   -0.33382    1.86877      -31232.98788
  Ta      439   72.82770   71.52643   -0.17230    1.70360      -31232.87117
  Ta      440   72.65838   71.35711   -0.34162    1.87126      -31232.99611
  Ta      441   72.92479   71.62352   -0.07521    1.61379      -31232.82022
  Ta      442   72.81500   71.51372   -0.18500    1.71728      -31232.88945
  Ta      443   72.86288   71.56161   -0.13712    1.67855      -31232.85907
  Ta      444   72.78029   71.47902   -0.21971    1.75393      -31232.90940
  Ta      445   72.63636   71.33509   -0.36364    1.89882      -31233.01103
  Ta      446   72.67882   71.37755   -0.32118    1.85349      -31232.97956
  Ta      447   72.76591   71.46464   -0.23409    1.76793      -31232.91615
  Ta      448   72.57803   71.27676   -0.42197    1.95347      -31233.04649
  Ta      449   72.64226   71.34098   -0.35774    1.88628      -31232.99444
  Ta      450   72.71163   71.41036   -0.28837    1.81759      -31232.96251
  Ta      451   72.73398   71.43271   -0.26602    1.80162      -31232.94698
  Ta      452   72.74474   71.44347   -0.25526    1.79148      -31232.94805
  Ta      453   72.79268   71.49141   -0.20732    1.74054      -31232.89553
  Ta      454   72.84465   71.54338   -0.15535    1.69137      -31232.88509
  Ta      455   72.66961   71.36834   -0.33039    1.85503      -31232.96390
  Ta      456   72.66387   71.36260   -0.33613    1.86076      -31232.99216
  Ta      457   72.82052   71.51925   -0.17948    1.71954      -31232.88926
  Ta      458   72.78427   71.48300   -0.21573    1.74444      -31232.91143
  Ta      459   72.55508   71.25381   -0.44492    1.97789      -31233.05934
  Ta      460   72.77734   71.47607   -0.22266    1.76517      -31232.92642
  Ta      461   72.78480   71.48353   -0.21520    1.75199      -31232.92039
  Ta      462   72.79899   71.49771   -0.20101    1.72879      -31232.89810
  Ta      463   72.68369   71.38242   -0.31631    1.84975      -31232.97418
  Ta      464   72.80318   71.50191   -0.19682    1.73191      -31232.90251
  Ta      465   72.86555   71.56428   -0.13445    1.66816      -31232.85800
  Ta      466   72.69161   71.39034   -0.30839    1.84338      -31232.97633
  Ta      467   72.51602   71.21475   -0.48398    2.01537      -31233.07768
  Ta      468   72.75177   71.45050   -0.24823    1.77407      -31232.92133
  Ta      469   72.76125   71.45998   -0.23875    1.77851      -31232.93101
  Ta      470   72.59601   71.29474   -0.40399    1.93780      -31233.02384
  Ta      471   72.74173   71.44046   -0.25827    1.78882      -31232.92784
  Ta      472   72.71690   71.41563   -0.28310    1.82279      -31232.96631
  Ta      473   72.71590   71.41463   -0.28410    1.80982      -31232.94365
  Ta      474   72.79788   71.49661   -0.20212    1.74160      -31232.90655
  Ta      475   72.67434   71.37307   -0.32566    1.85235      -31232.97821
  Ta      476   72.76905   71.46778   -0.23095    1.76363      -31232.91994
  Ta      477   72.82336   71.52209   -0.17664    1.71147      -31232.88888
  Ta      478   72.72907   71.42780   -0.27093    1.79599      -31232.94395
  Ta      479   72.83363   71.53236   -0.16637    1.69872      -31232.86588
  Ta      480   72.67630   71.37503   -0.32370    1.86264      -31232.98772
  Ta      481   72.68596   71.38469   -0.31404    1.84146      -31232.96837
  Ta      482   72.74818   71.44691   -0.25182    1.78869      -31232.93657
  Ta      483   72.59785   71.29658   -0.40215    1.93256      -31233.01669
  Ta      484   72.61853   71.31726   -0.38147    1.91257      -31233.01533
  Ta      485   72.66620   71.36493   -0.33380    1.87284      -31232.98926
  Ta      486   72.64639   71.34512   -0.35361    1.89192      -31233.01009
  Ta      487   72.87882   71.57755   -0.12118    1.65299      -31232.84117
  Ta      488   72.74324   71.44197   -0.25676    1.78605      -31232.93081
  Ta      489   72.79463   71.49336   -0.20537    1.73982      -31232.90281
  Ta      490   72.69738   71.39611   -0.30262    1.83670      -31232.96031
  Ta      491   72.78314   71.48187   -0.21686    1.75474      -31232.92861
  Ta      492   72.81684   71.51557   -0.18316    1.71740      -31232.88402
  Ta      493   72.68900   71.38773   -0.31100    1.84009      -31232.96991
  Ta      494   72.77362   71.47235   -0.22638    1.76592      -31232.92485
  Ta      495   72.80632   71.50505   -0.19368    1.71979      -31232.88570
  Ta      496   72.75196   71.45069   -0.24804    1.78440      -31232.94104
  Ta      497   72.65505   71.35378   -0.34495    1.87895      -31232.98330
  Ta      498   72.82006   71.51879   -0.17994    1.70925      -31232.87160
  Ta      499   72.80759   71.50632   -0.19241    1.72033      -31232.89129
  Ta      500   72.72298   71.42171   -0.27702    1.80613      -31232.94093
  Ta      501   72.71932   71.41805   -0.28068    1.81660      -31232.94874
  Ta      502   72.78953   71.48825   -0.21047    1.74040      -31232.89692
  Ta      503   72.62553   71.32426   -0.37447    1.91155      -31233.01021
  Ta      504   72.66788   71.36661   -0.33212    1.86484      -31232.98521
  Ta      505   72.71712   71.41585   -0.28288    1.81426      -31232.95904
  Ta      506   72.79348   71.49221   -0.20652    1.74107      -31232.89388
  Ta      507   72.83190   71.53063   -0.16810    1.70631      -31232.88408
  Ta      508   72.86904   71.56777   -0.13096    1.66991      -31232.86456
  Ta      509   72.73825   71.43698   -0.26175    1.79647      -31232.94672
  Ta      510   72.70842   71.40715   -0.29158    1.82640      -31232.96627
  Ta      511   72.71266   71.41138   -0.28734    1.82596      -31232.96543
  Ta      512   72.77324   71.47197   -0.22676    1.75855      -31232.90604
  V       513   23.54014   22.23887    0.54014    1.39432       -1895.15732
  V       514   23.55925   22.25797    0.55925    1.38135       -1895.14073
  V       515   23.38362   22.08235    0.38362    1.56836       -1895.25386
  V       516   23.42715   22.12588    0.42715    1.51849       -1895.19665
  V       517   23.52348   22.22221    0.52348    1.42687       -1895.16262
  V       518   23.47933   22.17806    0.47933    1.46691       -1895.19051
  V       519   23.40596   22.10469    0.40596    1.54805       -1895.23645
  V       520   23.35869   22.05742    0.35869    1.59017       -1895.24428
  V       521   23.48248   22.18121    0.48248    1.46302       -1895.17375
  V       522   23.50396   22.20269    0.50396    1.44430       -1895.17130
  V       523   23.33170   22.03043    0.33170    1.62456       -1895.26370
  V       524   23.47066   22.16939    0.47066    1.47394       -1895.19633
  V       525   23.47903   22.17776    0.47903    1.46684       -1895.20436
  V       526   23.40794   22.10667    0.40794    1.54141       -1895.23419
  V       527   23.45166   22.15039    0.45166    1.49759       -1895.20407
  V       528   23.39159   22.09032    0.39159    1.56072       -1895.23962
  V       529   23.58220   22.28093    0.58220    1.35806       -1895.12571
  V       530   23.41931   22.11804    0.41931    1.53170       -1895.22316
  V       531   23.45100   22.14972    0.45100    1.50105       -1895.20775
  V       532   23.44756   22.14629    0.44756    1.49910       -1895.20062
  V       533   23.28287   21.98160    0.28287    1.67378       -1895.30176
  V       534   23.45911   22.15784    0.45911    1.49080       -1895.21156
  V       535   23.36219   22.06092    0.36219    1.59203       -1895.27186
  V       536   23.47270   22.17143    0.47270    1.47369       -1895.20093
  V       537   23.38204   22.08077    0.38204    1.57168       -1895.24318
  V       538   23.34661   22.04534    0.34661    1.60079       -1895.25767
  V       539   23.59096   22.28969    0.59096    1.35860       -1895.12247
  V       540   23.45548   22.15421    0.45548    1.49124       -1895.19334
  V       541   23.54091   22.23964    0.54091    1.39867       -1895.13142
  V       542   23.48686   22.18559    0.48686    1.46399       -1895.19991
  V       543   23.52184   22.22056    0.52184    1.42120       -1895.16505
  V       544   23.40310   22.10183    0.40310    1.54841       -1895.22147
  V       545   23.44512   22.14385    0.44512    1.50261       -1895.21783
  V       546   23.26046   21.95919    0.26046    1.69959       -1895.31622
  V       547   23.43752   22.13625    0.43752    1.50816       -1895.20197
  V       548   23.47653   22.17525    0.47653    1.46480       -1895.19238
  V       549   23.35095   22.04968    0.35095    1.60344       -1895.26226
  V       550   23.44369   22.14242    0.44369    1.50410       -1895.21104
  V       551   23.52549   22.22422    0.52549    1.41965       -1895.16953
  V       552   23.55037   22.24910    0.55037    1.39170       -1895.15554
  V       553   23.40653   22.10526    0.40653    1.54549       -1895.22673
  V       554   23.33451   22.03324    0.33451    1.62221       -1895.28774
  V       555   23.57126   22.26999    0.57126    1.37146       -1895.11923
  V       556   23.38967   22.08840    0.38967    1.56119       -1895.24975
  V       557   23.51961   22.21834    0.51961    1.43032       -1895.17819
  V       558   23.45756   22.15629    0.45756    1.49236       -1895.19729
  V       559   23.38941   22.08814    0.38941    1.56226       -1895.23250
  V       560   23.44939   22.14812    0.44939    1.49826       -1895.19211
  V       561   23.47535   22.17407    0.47535    1.47035       -1895.19776
  V       562   23.26453   21.96326    0.26453    1.69190       -1895.30834
  V       563   23.48737   22.18610    0.48737    1.45626       -1895.17834
  V       564   23.42233   22.12106    0.42233    1.52355       -1895.22541
  V       565   23.39540   22.09413    0.39540    1.55394       -1895.23430
  V       566   23.51909   22.21782    0.51909    1.42593       -1895.15289
  V       567   23.37918   22.07791    0.37918    1.57086       -1895.24380
  V       568   23.57912   22.27785    0.57912    1.36662       -1895.12099
  V       569   23.56204   22.26077    0.56204    1.38461       -1895.14229
  V       570   23.49681   22.19554    0.49681    1.45098       -1895.18271
  V       571   23.46956   22.16829    0.46956    1.47477       -1895.18820
  V       572   23.30972   22.00845    0.30972    1.64503       -1895.27583
  V       573   23.41596   22.11469    0.41596    1.53048       -1895.23009
  V       574   23.35991   22.05864    0.35991    1.59613       -1895.26417
  V       575   23.54352   22.24225    0.54352    1.40261       -1895.15815
  V       576   23.36433   22.06306    0.36433    1.58989       -1895.24702
  V       577   23.41638   22.11511    0.41638    1.53064       -1895.22103
  V       578   23.37487   22.07360    0.37487    1.58059       -1895.26651
  V       579   23.58908   22.28781    0.58908    1.35491       -1895.12229
  V       580   23.43760   22.13633    0.43760    1.51133       -1895.21292
  V       581   23.50565   22.20438    0.50565    1.44067       -1895.17848
  V       582   23.37583   22.07456    0.37583    1.56837       -1895.23039
  V       583   23.45164   22.15037    0.45164    1.48771       -1895.18234
  V       584   23.48246   22.18119    0.48246    1.46572       -1895.17208
  V       585   23.26354   21.96227    0.26354    1.68895       -1895.30202
  V       586   23.44796   22.14669    0.44796    1.50305       -1895.20581
  V       587   23.40504   22.10377    0.40504    1.54511       -1895.23101
  V       588   23.53929   22.23802    0.53929    1.40167       -1895.15963
  V       589   23.35295   22.05168    0.35295    1.59924       -1895.25462
  V       590   23.41682   22.11555    0.41682    1.53259       -1895.23611
  V       591   23.55641   22.25514    0.55641    1.38021       -1895.13497
  V       592   23.49995   22.19868    0.49995    1.44298       -1895.18389
  V       593   23.45186   22.15059    0.45186    1.49820       -1895.21234
  V       594   23.59025   22.28898    0.59025    1.35272       -1895.12217
  V       595   23.31272   22.01145    0.31272    1.64979       -1895.29491
  V       596   23.21864   21.91737    0.21864    1.74132       -1895.34783
  V       597   23.34136   22.04009    0.34136    1.61564       -1895.27110
  V       598   23.35021   22.04894    0.35021    1.60129       -1895.24773
  V       599   23.43260   22.13133    0.43260    1.51179       -1895.22025
  V       600   23.50193   22.20066    0.50193    1.44218       -1895.15881
  V       601   23.49924   22.19797    0.49924    1.44402       -1895.18841
  V       602   23.40133   22.10006    0.40133    1.54582       -1895.23073
  V       603   23.56457   22.26330    0.56457    1.37936       -1895.16074
  V       604   23.47703   22.17576    0.47703    1.46505       -1895.18287
  V       605   23.51357   22.21230    0.51357    1.43237       -1895.16667
  V       606   23.35363   22.05236    0.35363    1.59926       -1895.25117
  V       607   23.40586   22.10459    0.40586    1.54680       -1895.22785
  V       608   23.37459   22.07332    0.37459    1.57613       -1895.25574
  V       609   23.48061   22.17934    0.48061    1.46628       -1895.17673
  V       610   23.39398   22.09271    0.39398    1.55519       -1895.23285
  V       611   23.49165   22.19038    0.49165    1.45073       -1895.17854
  V       612   23.50536   22.20409    0.50536    1.43774       -1895.17662
  V       613   23.36915   22.06788    0.36915    1.57996       -1895.24379
  V       614   23.26850   21.96723    0.26850    1.69055       -1895.31026
  V       615   23.42077   22.11950    0.42077    1.52386       -1895.20030
  V       616   23.29189   21.99062    0.29189    1.65864       -1895.28486
  V       617   23.29958   21.99831    0.29958    1.65267       -1895.26984
  V       618   23.50105   22.19977    0.50105    1.44734       -1895.18472
  V       619   23.39616   22.09489    0.39616    1.55626       -1895.23608
  V       620   23.45492   22.15365    0.45492    1.49497       -1895.20796
  V       621   23.48391   22.18263    0.48391    1.45970       -1895.18090
  V       622   23.51575   22.21447    0.51575    1.43030       -1895.17113
  V       623   23.31303   22.01176    0.31303    1.63960       -1895.26961
  V       624   23.59889   22.29762    0.59889    1.33991       -1895.12184
  V       625   23.37555   22.07428    0.37555    1.57837       -1895.24162
  V       626   23.35726   22.05599    0.35726    1.59262       -1895.26884
  V       627   23.46272   22.16145    0.46272    1.48553       -1895.20610
  V       628   23.48342   22.18214    0.48342    1.45706       -1895.18606
  V       629   23.45763   22.15636    0.45763    1.48788       -1895.20735
  V       630   23.48701   22.18574    0.48701    1.45988       -1895.16513
  V       631   23.32566   22.02439    0.32566    1.62995       -1895.26519
  V       632   23.47535   22.17408    0.47535    1.47039       -1895.19093
  V       633   23.44848   22.14721    0.44848    1.50155       -1895.22485
  V       634   23.43608   22.13481    0.43608    1.51057       -1895.22320
  V       635   23.54433   22.24306    0.54433    1.39258       -1895.14538
  V       636   23.50923   22.20796    0.50923    1.43950       -1895.18500
  V       637   23.34032   22.03905    0.34032    1.61656       -1895.27134
  V       638   23.43259   22.13132    0.43259    1.51295       -1895.19500
  V       639   23.44745   22.14617    0.44745    1.50127       -1895.21976
  V       640   23.40632   22.10505    0.40632    1.54207       -1895.23232
