System Description            : WNbMoTaV, BCC structure                         
Number of Atoms in Unit Cell  : 160                                             
Number of Atomic Species      : 5                                               
Number of Atoms in Each Type  : 32(W), 32(Nb), 32(Mo), 32(Ta), 32(V)            
Energy Offset                 : -16231                                          
=======================================================================================
    Iter     Energy      3PV     Efermi   Rms_rho    Rms_pot   Mix  Alg  Alpha 
---------------------------------------------------------------------------------------
**       1  -0.853106  1839.097  0.58615  0.140E+01  0.132E+00  pot  B   0.1000
         2  -1.096592  1816.598  0.59621  0.767E-02  0.429E+00  pot  B   0.1000
         3  -1.223737  1811.255  0.60166  0.355E-02  0.377E+00  pot  B   0.1000
         4  -1.393294  1796.688  0.61124  0.478E-02  0.257E+00  pot  B   0.1000
         5  -1.491752  1779.842  0.61833  0.566E-02  0.327E+00  pot  B   0.1000
         6  -1.602994  1760.170  0.62330  0.667E-02  0.324E+00  pot  B   0.1000
         7  -1.682339  1743.367  0.62905  0.575E-02  0.166E+00  pot  B   0.1000
         8  -1.710370  1733.754  0.63284  0.349E-02  0.108E+00  pot  B   0.1000
         9  -1.724558  1728.106  0.63544  0.247E-02  0.841E-01  pot  B   0.1000
        10  -1.736474  1722.881  0.63730  0.258E-02  0.760E-01  pot  B   0.1000
        11  -1.747652  1717.427  0.63838  0.279E-02  0.454E-01  pot  B   0.1000
        12  -1.755126  1710.644  0.63999  0.360E-02  0.517E-01  pot  B   0.1000
        13  -1.756734  1708.862  0.64096  0.102E-02  0.361E-01  pot  B   0.1000
        14  -1.757351  1707.791  0.64191  0.674E-03  0.146E-01  pot  B   0.1000
        15  -1.757554  1707.489  0.64240  0.261E-03  0.706E-02  pot  B   0.1000
        16  -1.757695  1707.258  0.64342  0.270E-03  0.840E-02  pot  B   0.1000
        17  -1.757847  1707.304  0.64445  0.228E-03  0.572E-02  pot  B   0.1000
        18  -1.757933  1707.172  0.64586  0.261E-03  0.744E-02  pot  B   0.1000
        19  -1.757965  1707.318  0.64649  0.944E-04  0.638E-02  pot  B   0.1000
        20  -1.757970  1707.233  0.64679  0.772E-04  0.619E-02  pot  B   0.1000
        21  -1.757994  1707.166  0.64717  0.875E-04  0.465E-02  pot  B   0.1000
        22  -1.758005  1707.203  0.64737  0.447E-04  0.286E-02  pot  B   0.1000
        23  -1.758011  1707.151  0.64753  0.409E-04  0.226E-02  pot  B   0.1000
        24  -1.758015  1707.125  0.64761  0.264E-04  0.122E-02  pot  B   0.1000
        25  -1.758017  1707.089  0.64769  0.297E-04  0.125E-02  pot  B   0.1000
        26  -1.758018  1707.044  0.64774  0.272E-04  0.132E-02  pot  B   0.1000
        27  -1.758018  1707.016  0.64774  0.145E-04  0.691E-03  pot  B   0.1000
        28  -1.758018  1706.975  0.64778  0.247E-04  0.128E-02  pot  B   0.1000
        29  -1.758018  1706.925  0.64779  0.224E-04  0.511E-03  pot  B   0.1000
        30  -1.758017  1706.893  0.64780  0.167E-04  0.509E-03  pot  B   0.1000
        31  -1.758017  1706.858  0.64784  0.219E-04  0.488E-03  pot  B   0.1000
        32  -1.758017  1706.863  0.64783  0.610E-05  0.491E-03  pot  B   0.1000
        33  -1.758017  1706.850  0.64786  0.844E-05  0.355E-03  pot  B   0.1000
        34  -1.758017  1706.835  0.64789  0.102E-04  0.207E-03  pot  B   0.1000
        35  -1.758018  1706.830  0.64791  0.367E-05  0.220E-03  pot  B   0.1000
        36  -1.758018  1706.827  0.64793  0.415E-05  0.218E-03  pot  B   0.1000
        37  -1.758018  1706.821  0.64795  0.432E-05  0.123E-03  pot  B   0.1000
        38  -1.758019  1706.817  0.64797  0.310E-05  0.991E-04  pot  B   0.1000
        39  -1.758019  1706.815  0.64799  0.195E-05  0.133E-03  pot  B   0.1000
        40  -1.758019  1706.815  0.64799  0.172E-05  0.943E-04  pot  B   0.1000
        41  -1.758019  1706.813  0.64801  0.236E-05  0.103E-03  pot  B   0.1000
        42  -1.758019  1706.813  0.64801  0.109E-05  0.665E-04  pot  B   0.1000
        43  -1.758019  1706.811  0.64801  0.157E-05  0.465E-04  pot  B   0.1000
        44  -1.758019  1706.812  0.64801  0.829E-06  0.530E-04  pot  B   0.1000
        45  -1.758019  1706.811  0.64801  0.850E-06  0.479E-04  pot  B   0.1000
        46  -1.758019  1706.810  0.64802  0.907E-06  0.321E-04  pot  B   0.1000
        47  -1.758019  1706.809  0.64802  0.608E-06  0.350E-04  pot  B   0.1000
        48  -1.758019  1706.808  0.64802  0.663E-06  0.272E-04  pot  B   0.1000
        49  -1.758019  1706.807  0.64802  0.429E-06  0.206E-04  pot  B   0.1000
        50  -1.758019  1706.807  0.64802  0.300E-06  0.149E-04  pot  B   0.1000
        51  -1.758019  1706.806  0.64802  0.485E-06  0.184E-04  pot  B   0.1000
        52  -1.758019  1706.806  0.64802  0.260E-06  0.127E-04  pot  B   0.1000
        53  -1.758019  1706.806  0.64802  0.381E-06  0.895E-05  pot  B   0.1000
        54  -1.758019  1706.806  0.64802  0.130E-06  0.530E-05  pot  B   0.1000
        55  -1.758019  1706.805  0.64802  0.122E-06  0.710E-05  pot  B   0.1000
        56  -1.758019  1706.805  0.64803  0.146E-06  0.671E-05  pot  B   0.1000
        57  -1.758019  1706.805  0.64803  0.748E-07  0.587E-05  pot  B   0.1000
        58  -1.758019  1706.805  0.64803  0.764E-07  0.416E-05  pot  B   0.1000
        59  -1.758019  1706.805  0.64803  0.426E-07  0.357E-05  pot  B   0.1000
        60  -1.758019  1706.805  0.64803  0.649E-07  0.385E-05  pot  B   0.1000
        61  -1.758019  1706.805  0.64803  0.380E-07  0.245E-05  pot  B   0.1000
        62  -1.758019  1706.805  0.64803  0.265E-07  0.181E-05  pot  B   0.1000
        63  -1.758019  1706.805  0.64803  0.370E-07  0.252E-05  pot  B   0.1000
        64  -1.758019  1706.805  0.64803  0.262E-07  0.210E-05  pot  B   0.1000
        65  -1.758019  1706.805  0.64803  0.188E-07  0.111E-05  pot  B   0.1000
        66  -1.758019  1706.805  0.64803  0.198E-07  0.618E-06  pot  B   0.1000
        67  -1.758019  1706.805  0.64803  0.181E-07  0.500E-06  pot  B   0.1000
        68  -1.758019  1706.805  0.64803  0.175E-07  0.549E-06  pot  B   0.1000
        69  -1.758019  1706.805  0.64803  0.107E-07  0.120E-05  pot  B   0.1000
        70  -1.758019  1706.805  0.64803  0.171E-07  0.378E-06  pot  B   0.1000
        71  -1.758019  1706.805  0.64803  0.414E-08  0.242E-06  pot  B   0.1000
        72  -1.758019  1706.805  0.64803  0.301E-08  0.152E-06  pot  B   0.1000
        73  -1.758019  1706.805  0.64803  0.251E-08  0.162E-06  pot  B   0.1000
        74  -1.758019  1706.805  0.64803  0.272E-08  0.165E-06  pot  B   0.1000
        75  -1.758019  1706.805  0.64803  0.236E-08  0.132E-06  pot  B   0.1000
        76  -1.758019  1706.805  0.64803  0.313E-08  0.170E-06  pot  B   0.1000
        77  -1.758019  1706.805  0.64803  0.232E-08  0.149E-06  pot  B   0.1000
        78  -1.758019  1706.805  0.64803  0.189E-08  0.864E-07  pot  B   0.1000
        79  -1.758019  1706.805  0.64803  0.108E-08  0.802E-07  pot  B   0.1000
        80  -1.758019  1706.805  0.64803  0.885E-09  0.579E-07  pot  B   0.1000
        81  -1.758019  1706.805  0.64803  0.840E-09  0.582E-07  pot  B   0.1000
        82  -1.758019  1706.805  0.64803  0.747E-09  0.385E-07  pot  B   0.1000
        83  -1.758019  1706.805  0.64803  0.425E-09  0.406E-07  pot  B   0.1000
        84  -1.758019  1706.805  0.64803  0.394E-09  0.305E-07  pot  B   0.1000
        85  -1.758019  1706.805  0.64803  0.666E-09  0.188E-07  pot  B   0.1000
        86  -1.758019  1706.805  0.64803  0.563E-09  0.136E-07  pot  B   0.1000
        87  -1.758019  1706.805  0.64803  0.271E-09  0.174E-07  pot  B   0.1000
        88  -1.758019  1706.805  0.64803  0.292E-09  0.144E-07  pot  B   0.1000
        89  -1.758019  1706.805  0.64803  0.315E-09  0.171E-07  pot  B   0.1000
        90  -1.758019  1706.805  0.64803  0.192E-09  0.796E-08  pot  B   0.1000
**      91  -1.758019  1706.805  0.64803  0.497E-12  0.796E-08  pot  B   0.1000
