 Atom   Index      Q          Qmt        dQ        Vmad        Local Energy
  W         1   73.78026   72.47952   -0.21974    1.81183      -32312.54262
  W         2   73.98241   72.68167   -0.01759    1.61268      -32312.42214
  W         3   73.94634   72.64560   -0.05366    1.64956      -32312.43830
  W         4   73.84208   72.54134   -0.15792    1.75253      -32312.50671
  W         5   73.90794   72.60720   -0.09206    1.68269      -32312.45989
  W         6   73.73750   72.43676   -0.26250    1.85747      -32312.57704
  W         7   73.88900   72.58826   -0.11100    1.69573      -32312.46501
  W         8   73.75575   72.45501   -0.24425    1.83162      -32312.54480
  W         9   73.81169   72.51095   -0.18831    1.78557      -32312.52495
  W        10   73.86744   72.56670   -0.13256    1.73501      -32312.50348
  W        11   73.80238   72.50164   -0.19762    1.80121      -32312.54538
  W        12   73.99193   72.69119   -0.00807    1.59799      -32312.40359
  W        13   73.78990   72.48916   -0.21010    1.79731      -32312.51657
  W        14   73.81849   72.51775   -0.18151    1.77681      -32312.51554
  W        15   73.99638   72.69564   -0.00362    1.59661      -32312.40272
  W        16   73.89197   72.59123   -0.10803    1.69037      -32312.45820
  W        17   73.74430   72.44356   -0.25570    1.84764      -32312.55915
  W        18   73.86355   72.56281   -0.13645    1.72957      -32312.49813
  W        19   73.77255   72.47181   -0.22745    1.82734      -32312.55586
  W        20   73.71337   72.41264   -0.28663    1.87889      -32312.58074
  W        21   73.79704   72.49630   -0.20296    1.79088      -32312.52384
  W        22   73.80656   72.50582   -0.19344    1.78234      -32312.50715
  W        23   73.79296   72.49222   -0.20704    1.80171      -32312.52761
  W        24   73.83265   72.53191   -0.16735    1.76205      -32312.51363
  W        25   73.87437   72.57363   -0.12563    1.71139      -32312.47465
  W        26   73.79290   72.49216   -0.20710    1.80544      -32312.54983
  W        27   73.96106   72.66032   -0.03894    1.63852      -32312.44280
  W        28   73.89488   72.59414   -0.10512    1.69929      -32312.47319
  W        29   73.68766   72.38692   -0.31234    1.90470      -32312.59979
  W        30   73.79984   72.49910   -0.20016    1.79270      -32312.54097
  W        31   73.90149   72.60075   -0.09851    1.68727      -32312.45346
  W        32   73.94188   72.64114   -0.05812    1.65452      -32312.44032
  Nb       33   40.83893   39.53819   -0.16107    1.78110       -7632.60911
  Nb       34   40.99293   39.69219   -0.00707    1.63194       -7632.52328
  Nb       35   40.91121   39.61047   -0.08879    1.71332       -7632.57343
  Nb       36   40.83884   39.53810   -0.16116    1.79244       -7632.63398
  Nb       37   40.99475   39.69401   -0.00525    1.62830       -7632.52263
  Nb       38   40.82512   39.52438   -0.17488    1.79886       -7632.62454
  Nb       39   40.96440   39.66366   -0.03560    1.66158       -7632.54398
  Nb       40   40.97010   39.66936   -0.02990    1.65409       -7632.53584
  Nb       41   40.88479   39.58405   -0.11521    1.73856       -7632.58802
  Nb       42   40.88296   39.58222   -0.11704    1.74456       -7632.59096
  Nb       43   40.83320   39.53246   -0.16680    1.79617       -7632.63027
  Nb       44   40.79956   39.49882   -0.20044    1.82981       -7632.64902
  Nb       45   40.94870   39.64796   -0.05130    1.67114       -7632.55135
  Nb       46   40.95215   39.65141   -0.04785    1.68220       -7632.56509
  Nb       47   40.87957   39.57883   -0.12043    1.74396       -7632.59026
  Nb       48   41.06023   39.75949    0.06023    1.56923       -7632.49322
  Nb       49   41.00270   39.70196    0.00270    1.62036       -7632.51960
  Nb       50   41.00897   39.70823    0.00897    1.61605       -7632.51858
  Nb       51   40.88704   39.58630   -0.11296    1.73911       -7632.59304
  Nb       52   40.90964   39.60890   -0.09036    1.71584       -7632.58090
  Nb       53   40.94256   39.64182   -0.05744    1.68209       -7632.55443
  Nb       54   40.89825   39.59751   -0.10175    1.72910       -7632.58178
  Nb       55   41.01731   39.71657    0.01731    1.60622       -7632.51624
  Nb       56   41.05732   39.75658    0.05732    1.56561       -7632.48596
  Nb       57   40.93568   39.63494   -0.06432    1.69307       -7632.56440
  Nb       58   40.98846   39.68772   -0.01154    1.63978       -7632.53996
  Nb       59   40.88387   39.58313   -0.11613    1.73859       -7632.58971
  Nb       60   41.03141   39.73067    0.03141    1.59507       -7632.51269
  Nb       61   40.93431   39.63357   -0.06569    1.68648       -7632.55801
  Nb       62   40.80147   39.50073   -0.19853    1.81914       -7632.63903
  Nb       63   40.94089   39.64015   -0.05911    1.68515       -7632.55723
  Nb       64   40.87015   39.56941   -0.12985    1.74823       -7632.59627
  Mo       65   42.04683   40.74609    0.04683    1.66536       -8090.56513
  Mo       66   41.97488   40.67414   -0.02512    1.74470       -8090.61683
  Mo       67   42.11341   40.81267    0.11341    1.61002       -8090.54364
  Mo       68   41.92619   40.62545   -0.07381    1.79641       -8090.64797
  Mo       69   41.99943   40.69869   -0.00057    1.72212       -8090.60299
  Mo       70   42.02101   40.72027    0.02101    1.68995       -8090.58319
  Mo       71   42.07510   40.77436    0.07510    1.65257       -8090.57392
  Mo       72   41.76340   40.46266   -0.23660    1.96807       -8090.75887
  Mo       73   42.01122   40.71049    0.01122    1.70486       -8090.59382
  Mo       74   42.05622   40.75548    0.05622    1.66030       -8090.56292
  Mo       75   42.09258   40.79184    0.09258    1.62406       -8090.54501
  Mo       76   42.05334   40.75260    0.05334    1.66006       -8090.56691
  Mo       77   42.04400   40.74326    0.04400    1.67220       -8090.57216
  Mo       78   42.10695   40.80621    0.10695    1.59811       -8090.52199
  Mo       79   42.10138   40.80064    0.10138    1.61474       -8090.53648
  Mo       80   42.04350   40.74276    0.04350    1.67806       -8090.58299
  Mo       81   42.16353   40.86279    0.16353    1.55179       -8090.50430
  Mo       82   42.13515   40.83441    0.13515    1.57901       -8090.51705
  Mo       83   41.91076   40.61002   -0.08924    1.80583       -8090.65768
  Mo       84   42.12065   40.81991    0.12065    1.59608       -8090.52830
  Mo       85   42.12489   40.82415    0.12489    1.59598       -8090.53105
  Mo       86   42.07278   40.77204    0.07278    1.64453       -8090.56722
  Mo       87   42.05609   40.75535    0.05609    1.66819       -8090.58346
  Mo       88   41.93920   40.63846   -0.06080    1.77982       -8090.64573
  Mo       89   41.99013   40.68939   -0.00987    1.72933       -8090.61573
  Mo       90   42.09589   40.79515    0.09589    1.62613       -8090.54915
  Mo       91   41.98318   40.68244   -0.01682    1.73965       -8090.62209
  Mo       92   42.09774   40.79700    0.09774    1.61350       -8090.52811
  Mo       93   41.96763   40.66689   -0.03237    1.74826       -8090.61609
  Mo       94   42.21683   40.91609    0.21683    1.50203       -8090.48662
  Mo       95   41.93990   40.63916   -0.06010    1.78470       -8090.64580
  Mo       96   41.85031   40.54957   -0.14969    1.86982       -8090.70160
  Ta       97   72.74219   71.44145   -0.25781    1.78981      -31232.93717
  Ta       98   72.67511   71.37437   -0.32489    1.85108      -31232.96245
  Ta       99   72.83444   71.53370   -0.16556    1.70166      -31232.88137
  Ta      100   72.82334   71.52260   -0.17666    1.71155      -31232.88689
  Ta      101   72.81529   71.51456   -0.18471    1.71963      -31232.88295
  Ta      102   72.73379   71.43305   -0.26621    1.79602      -31232.94294
  Ta      103   72.77766   71.47692   -0.22234    1.75391      -31232.90725
  Ta      104   72.74019   71.43945   -0.25981    1.78949      -31232.92673
  Ta      105   72.79902   71.49828   -0.20098    1.73642      -31232.90068
  Ta      106   72.90953   71.60879   -0.09047    1.62114      -31232.81373
  Ta      107   72.82778   71.52704   -0.17222    1.70976      -31232.88495
  Ta      108   72.80922   71.50848   -0.19078    1.72277      -31232.88356
  Ta      109   72.79319   71.49246   -0.20681    1.74696      -31232.91834
  Ta      110   72.85980   71.55906   -0.14020    1.67445      -31232.86438
  Ta      111   72.79472   71.49398   -0.20528    1.73940      -31232.90734
  Ta      112   72.68812   71.38738   -0.31188    1.84934      -31232.98340
  Ta      113   72.68488   71.38414   -0.31512    1.85146      -31232.97727
  Ta      114   72.85234   71.55160   -0.14766    1.68315      -31232.87539
  Ta      115   72.73020   71.42946   -0.26980    1.80797      -31232.94417
  Ta      116   72.88781   71.58707   -0.11219    1.64839      -31232.84619
  Ta      117   72.70608   71.40534   -0.29392    1.82464      -31232.96132
  Ta      118   72.76699   71.46625   -0.23301    1.76361      -31232.91725
  Ta      119   72.66088   71.36014   -0.33912    1.86864      -31232.98430
  Ta      120   72.53727   71.23653   -0.46273    1.99087      -31233.07358
  Ta      121   72.83334   71.53260   -0.16666    1.70108      -31232.87861
  Ta      122   72.72763   71.42689   -0.27237    1.80497      -31232.93703
  Ta      123   72.65302   71.35228   -0.34698    1.88214      -31232.99831
  Ta      124   72.68882   71.38808   -0.31118    1.84642      -31232.97487
  Ta      125   72.80780   71.50706   -0.19220    1.72781      -31232.89864
  Ta      126   72.84453   71.54379   -0.15547    1.68976      -31232.86149
  Ta      127   72.73742   71.43668   -0.26258    1.79865      -31232.94066
  Ta      128   72.64721   71.34647   -0.35279    1.87848      -31233.00231
  V       129   23.51355   22.21281    0.51355    1.42623       -1895.17056
  V       130   23.27916   21.97842    0.27916    1.68038       -1895.31161
  V       131   23.28365   21.98291    0.28365    1.66607       -1895.29105
  V       132   23.55555   22.25481    0.55555    1.38872       -1895.15047
  V       133   23.26126   21.96052    0.26126    1.68778       -1895.30287
  V       134   23.44557   22.14483    0.44557    1.49814       -1895.21046
  V       135   23.39445   22.09371    0.39445    1.55297       -1895.24113
  V       136   23.49556   22.19482    0.49556    1.44843       -1895.18259
  V       137   23.57608   22.27534    0.57608    1.35812       -1895.12126
  V       138   23.54956   22.24882    0.54956    1.39052       -1895.14960
  V       139   23.40818   22.10744    0.40818    1.54019       -1895.23596
  V       140   23.40111   22.10037    0.40111    1.54619       -1895.23477
  V       141   23.49396   22.19322    0.49396    1.44649       -1895.16188
  V       142   23.52896   22.22822    0.52896    1.41548       -1895.15689
  V       143   23.38454   22.08380    0.38454    1.56015       -1895.24607
  V       144   23.34767   22.04693    0.34767    1.60531       -1895.27033
  V       145   23.61895   22.31821    0.61895    1.32016       -1895.10890
  V       146   23.41422   22.11348    0.41422    1.53491       -1895.21766
  V       147   23.40184   22.10110    0.40184    1.54634       -1895.24049
  V       148   23.45315   22.15241    0.45315    1.49341       -1895.20966
  V       149   23.31900   22.01826    0.31900    1.62893       -1895.26684
  V       150   23.35410   22.05336    0.35410    1.59404       -1895.25210
  V       151   23.45305   22.15231    0.45305    1.49285       -1895.18268
  V       152   23.45534   22.15460    0.45534    1.49052       -1895.21395
  V       153   23.40914   22.10840    0.40914    1.54154       -1895.23108
  V       154   23.28981   21.98907    0.28981    1.66949       -1895.30306
  V       155   23.54381   22.24307    0.54381    1.39508       -1895.14021
  V       156   23.45396   22.15322    0.45396    1.49524       -1895.20824
  V       157   23.48596   22.18522    0.48596    1.45373       -1895.17179
  V       158   23.28111   21.98037    0.28111    1.67525       -1895.30634
  V       159   23.49051   22.18977    0.49051    1.45738       -1895.19354
  V       160   23.49756   22.19682    0.49756    1.44036       -1895.16783
