 Atom   Index      Q          Qmt        dQ        Vmad        Local Energy
  W         1   73.98999   72.60270   -0.01001    1.78088      -32312.60594
  W         2   74.00155   72.61426    0.00155    1.77111      -32312.59935
  W         3   73.97138   72.58409   -0.02862    1.79712      -32312.62087
  W         4   73.95194   72.56466   -0.04806    1.81291      -32312.62363
  W         5   73.92297   72.53569   -0.07703    1.84786      -32312.65052
  W         6   73.97121   72.58393   -0.02879    1.79735      -32312.61085
  W         7   73.86728   72.47999   -0.13272    1.89513      -32312.66875
  W         8   73.99253   72.60524   -0.00747    1.77218      -32312.59709
  W         9   74.00148   72.61420    0.00148    1.77258      -32312.59821
  W        10   73.96734   72.58006   -0.03266    1.80094      -32312.60693
  W        11   73.97574   72.58846   -0.02426    1.79236      -32312.62045
  W        12   73.90477   72.51749   -0.09523    1.86332      -32312.64978
  W        13   73.93317   72.54588   -0.06683    1.83438      -32312.63950
  W        14   73.85333   72.46604   -0.14667    1.90723      -32312.67385
  W        15   73.96332   72.57603   -0.03668    1.81242      -32312.62726
  W        16   73.95198   72.56469   -0.04802    1.81978      -32312.62632
  Nb       17   40.98759   39.60030   -0.01241    1.81764       -7632.74579
  Nb       18   41.04496   39.65767    0.04496    1.76460       -7632.70143
  Nb       19   41.02818   39.64090    0.02818    1.77303       -7632.71163
  Nb       20   40.99820   39.61091   -0.00180    1.80431       -7632.73211
  Nb       21   41.01770   39.63041    0.01770    1.78645       -7632.72417
  Nb       22   40.99104   39.60375   -0.00896    1.81012       -7632.73456
  Nb       23   41.01380   39.62651    0.01380    1.79299       -7632.71662
  Nb       24   41.05153   39.66425    0.05153    1.75282       -7632.69068
  Nb       25   41.01058   39.62330    0.01058    1.79449       -7632.72385
  Nb       26   41.02308   39.63579    0.02308    1.78354       -7632.71598
  Nb       27   41.04332   39.65604    0.04332    1.76629       -7632.70209
  Nb       28   41.03945   39.65216    0.03945    1.77009       -7632.70979
  Nb       29   41.04450   39.65722    0.04450    1.76382       -7632.70218
  Nb       30   41.06190   39.67461    0.06190    1.73936       -7632.69201
  Nb       31   40.96077   39.57349   -0.03923    1.84397       -7632.75601
  Nb       32   40.98302   39.59573   -0.01698    1.82617       -7632.74165
  Mo       33   42.06292   40.67563    0.06292    1.82386       -8090.75244
  Mo       34   42.21088   40.82359    0.21088    1.68066       -8090.67399
  Mo       35   42.21289   40.82560    0.21289    1.67996       -8090.66927
  Mo       36   42.22293   40.83565    0.22293    1.67698       -8090.66894
  Mo       37   42.24371   40.85643    0.24371    1.65567       -8090.65555
  Mo       38   42.19580   40.80851    0.19580    1.70760       -8090.69025
  Mo       39   42.14129   40.75400    0.14129    1.74864       -8090.71397
  Mo       40   42.19243   40.80515    0.19243    1.70102       -8090.68686
  Mo       41   42.16751   40.78022    0.16751    1.73122       -8090.70402
  Mo       42   42.19152   40.80424    0.19152    1.70627       -8090.68693
  Mo       43   42.21108   40.82380    0.21108    1.68287       -8090.66782
  Mo       44   42.15170   40.76442    0.15170    1.74242       -8090.70311
  Mo       45   42.17950   40.79221    0.17950    1.71251       -8090.69162
  Mo       46   42.19569   40.80840    0.19569    1.69430       -8090.67627
  Mo       47   42.22098   40.83369    0.22098    1.67906       -8090.67180
  Mo       48   42.17405   40.78676    0.17405    1.72141       -8090.70065
  Ta       49   72.86004   71.47275   -0.13996    1.85606      -31233.07867
  Ta       50   72.80508   71.41779   -0.19492    1.90567      -31233.09553
  Ta       51   72.88144   71.49415   -0.11856    1.83974      -31233.05356
  Ta       52   72.85946   71.47217   -0.14054    1.85393      -31233.07297
  Ta       53   72.81109   71.42380   -0.18891    1.89268      -31233.08704
  Ta       54   72.84795   71.46066   -0.15205    1.87037      -31233.08128
  Ta       55   72.83907   71.45179   -0.16093    1.87495      -31233.08229
  Ta       56   72.87679   71.48951   -0.12321    1.83838      -31233.05909
  Ta       57   72.84500   71.45771   -0.15500    1.86399      -31233.07723
  Ta       58   72.83731   71.45002   -0.16269    1.87204      -31233.07877
  Ta       59   72.88163   71.49435   -0.11837    1.83427      -31233.06192
  Ta       60   72.77032   71.38304   -0.22968    1.93082      -31233.11392
  Ta       61   72.84649   71.45920   -0.15351    1.86419      -31233.06992
  Ta       62   72.83254   71.44525   -0.16746    1.87410      -31233.07143
  Ta       63   72.87106   71.48377   -0.12894    1.83952      -31233.06075
  Ta       64   72.84027   71.45298   -0.15973    1.87534      -31233.08583
