System Description            : WNbMoTaTi, BCC structure                        
Number of Atoms in Unit Cell  : 80                                              
Number of Atomic Species      : 5                                               
Number of Atoms in Each Type  : 16(W), 16(Nb), 16(Mo), 16(Ta), 16(Ti)           
Energy Offset                 : -16193                                          
=======================================================================================
    Iter     Energy      3PV     Efermi   Rms_rho    Rms_pot   Mix  Alg  Alpha 
---------------------------------------------------------------------------------------
**       1  -0.752928  1839.876  0.53884  0.140E+01  0.136E+00  pot  B   0.1000
         2  -1.037146  1816.524  0.57481  0.764E-02  0.315E+00  pot  B   0.1000
         3  -1.029198  1810.979  0.57821  0.208E-02  0.430E+00  pot  B   0.1000
         4  -1.348789  1777.038  0.59867  0.110E-01  0.348E+00  pot  B   0.1000
         5  -1.404974  1766.958  0.60748  0.342E-02  0.349E+00  pot  B   0.1000
         6  -1.472117  1757.300  0.61578  0.340E-02  0.247E+00  pot  B   0.1000
         7  -1.531965  1743.539  0.62713  0.485E-02  0.187E+00  pot  B   0.1000
         8  -1.563254  1731.177  0.63662  0.449E-02  0.863E-01  pot  B   0.1000
         9  -1.574916  1725.974  0.64092  0.213E-02  0.388E-01  pot  B   0.1000
        10  -1.584099  1721.819  0.64427  0.210E-02  0.585E-01  pot  B   0.1000
        11  -1.594506  1716.883  0.64817  0.266E-02  0.397E-01  pot  B   0.1000
        12  -1.602738  1709.926  0.65298  0.378E-02  0.260E-01  pot  B   0.1000
        13  -1.604025  1707.163  0.65547  0.157E-02  0.104E-01  pot  B   0.1000
        14  -1.604237  1706.620  0.65627  0.490E-03  0.643E-02  pot  B   0.1000
        15  -1.604305  1706.193  0.65715  0.222E-03  0.378E-02  pot  B   0.1000
        16  -1.604425  1706.001  0.65830  0.255E-03  0.340E-02  pot  B   0.1000
        17  -1.604516  1706.114  0.65934  0.222E-03  0.280E-02  pot  B   0.1000
        18  -1.604556  1706.041  0.66033  0.187E-03  0.147E-02  pot  B   0.1000
        19  -1.604556  1706.076  0.66059  0.484E-04  0.156E-02  pot  B   0.1000
        20  -1.604561  1706.108  0.66073  0.376E-04  0.122E-02  pot  B   0.1000
        21  -1.604564  1706.154  0.66083  0.264E-04  0.507E-03  pot  B   0.1000
        22  -1.604565  1706.178  0.66090  0.166E-04  0.487E-03  pot  B   0.1000
        23  -1.604567  1706.201  0.66097  0.183E-04  0.466E-03  pot  B   0.1000
        24  -1.604568  1706.197  0.66109  0.220E-04  0.227E-03  pot  B   0.1000
        25  -1.604569  1706.193  0.66114  0.823E-05  0.268E-03  pot  B   0.1000
        26  -1.604570  1706.183  0.66118  0.682E-05  0.121E-03  pot  B   0.1000
        27  -1.604570  1706.178  0.66120  0.508E-05  0.967E-04  pot  B   0.1000
        28  -1.604570  1706.179  0.66121  0.256E-05  0.717E-04  pot  B   0.1000
        29  -1.604570  1706.181  0.66122  0.299E-05  0.373E-04  pot  B   0.1000
        30  -1.604570  1706.185  0.66122  0.248E-05  0.419E-04  pot  B   0.1000
        31  -1.604570  1706.191  0.66122  0.293E-05  0.289E-04  pot  B   0.1000
        32  -1.604570  1706.196  0.66122  0.219E-05  0.270E-04  pot  B   0.1000
        33  -1.604570  1706.199  0.66122  0.157E-05  0.275E-04  pot  B   0.1000
        34  -1.604570  1706.199  0.66122  0.115E-05  0.387E-04  pot  B   0.1000
        35  -1.604570  1706.201  0.66122  0.743E-06  0.285E-04  pot  B   0.1000
        36  -1.604570  1706.202  0.66122  0.151E-05  0.138E-04  pot  B   0.1000
        37  -1.604570  1706.202  0.66122  0.710E-06  0.767E-05  pot  B   0.1000
        38  -1.604570  1706.202  0.66122  0.373E-06  0.792E-05  pot  B   0.1000
        39  -1.604570  1706.202  0.66122  0.306E-06  0.633E-05  pot  B   0.1000
        40  -1.604570  1706.202  0.66121  0.237E-06  0.633E-05  pot  B   0.1000
        41  -1.604570  1706.202  0.66121  0.289E-06  0.588E-05  pot  B   0.1000
        42  -1.604570  1706.202  0.66121  0.221E-06  0.351E-05  pot  B   0.1000
        43  -1.604570  1706.202  0.66121  0.153E-06  0.183E-05  pot  B   0.1000
        44  -1.604570  1706.202  0.66121  0.113E-06  0.241E-05  pot  B   0.1000
        45  -1.604570  1706.202  0.66121  0.796E-07  0.174E-05  pot  B   0.1000
        46  -1.604570  1706.202  0.66121  0.339E-07  0.178E-05  pot  B   0.1000
        47  -1.604570  1706.202  0.66121  0.291E-07  0.133E-05  pot  B   0.1000
        48  -1.604570  1706.203  0.66121  0.349E-07  0.805E-06  pot  B   0.1000
        49  -1.604570  1706.202  0.66121  0.314E-07  0.463E-06  pot  B   0.1000
        50  -1.604570  1706.202  0.66121  0.297E-07  0.707E-06  pot  B   0.1000
        51  -1.604570  1706.202  0.66121  0.310E-07  0.356E-06  pot  B   0.1000
        52  -1.604570  1706.202  0.66121  0.106E-07  0.306E-06  pot  B   0.1000
        53  -1.604570  1706.202  0.66121  0.161E-07  0.213E-06  pot  B   0.1000
        54  -1.604570  1706.202  0.66121  0.787E-08  0.162E-06  pot  B   0.1000
        55  -1.604570  1706.202  0.66121  0.877E-08  0.116E-06  pot  B   0.1000
        56  -1.604570  1706.202  0.66121  0.912E-08  0.102E-06  pot  B   0.1000
        57  -1.604570  1706.202  0.66121  0.719E-08  0.942E-07  pot  B   0.1000
        58  -1.604570  1706.202  0.66121  0.403E-08  0.156E-06  pot  B   0.1000
        59  -1.604570  1706.202  0.66121  0.240E-08  0.969E-07  pot  B   0.1000
        60  -1.604570  1706.202  0.66121  0.319E-08  0.377E-07  pot  B   0.1000
        61  -1.604570  1706.202  0.66121  0.360E-08  0.395E-07  pot  B   0.1000
        62  -1.604570  1706.202  0.66121  0.251E-08  0.329E-07  pot  B   0.1000
        63  -1.604570  1706.202  0.66121  0.127E-08  0.270E-07  pot  B   0.1000
        64  -1.604570  1706.202  0.66121  0.770E-09  0.190E-07  pot  B   0.1000
        65  -1.604570  1706.202  0.66121  0.888E-09  0.148E-07  pot  B   0.1000
        66  -1.604570  1706.202  0.66121  0.540E-09  0.116E-07  pot  B   0.1000
        67  -1.604570  1706.202  0.66121  0.225E-09  0.873E-08  pot  B   0.1000
**      68  -1.604570  1706.202  0.66121  0.464E-12  0.873E-08  pot  B   0.1000
