 Atom   Index      Q          Qmt        dQ        Vmad        Local Energy
  W         1   73.77527   72.47453   -0.22473    1.82057      -32312.55950
  W         2   73.72645   72.42571   -0.27355    1.86878      -32312.58072
  W         3   73.66252   72.36178   -0.33748    1.93047      -32312.61223
  W         4   73.91822   72.61748   -0.08178    1.67928      -32312.46956
  W         5   73.81779   72.51705   -0.18221    1.78035      -32312.52189
  W         6   73.84494   72.54420   -0.15506    1.74725      -32312.49879
  W         7   73.93242   72.63168   -0.06758    1.65862      -32312.43564
  W         8   73.85027   72.54953   -0.14973    1.74296      -32312.49594
  Nb        9   41.04278   39.74204    0.04278    1.58338       -7632.49789
  Nb       10   40.82655   39.52581   -0.17345    1.79742       -7632.62389
  Nb       11   41.03407   39.73333    0.03407    1.58987       -7632.50163
  Nb       12   40.80896   39.50822   -0.19104    1.81410       -7632.63674
  Nb       13   40.97706   39.67632   -0.02294    1.64804       -7632.54270
  Nb       14   40.86210   39.56136   -0.13790    1.76455       -7632.61236
  Nb       15   40.81675   39.51601   -0.18325    1.80805       -7632.63636
  Nb       16   40.78287   39.48213   -0.21713    1.84067       -7632.64805
  Mo       17   42.03376   40.73302    0.03376    1.68839       -8090.59137
  Mo       18   42.01622   40.71548    0.01622    1.70827       -8090.59574
  Mo       19   42.10915   40.80841    0.10915    1.61350       -8090.54644
  Mo       20   42.04046   40.73972    0.04046    1.67845       -8090.57585
  Mo       21   42.13306   40.83232    0.13306    1.58601       -8090.51820
  Mo       22   42.12242   40.82168    0.12242    1.59973       -8090.53288
  Mo       23   42.19241   40.89167    0.19241    1.52467       -8090.49767
  Mo       24   41.87289   40.57215   -0.12711    1.84961       -8090.68714
  Ta       25   72.73416   71.43342   -0.26584    1.79915      -31232.95205
  Ta       26   72.81542   71.51468   -0.18458    1.71592      -31232.88478
  Ta       27   72.67464   71.37390   -0.32536    1.85458      -31232.97809
  Ta       28   72.63587   71.33512   -0.36413    1.89596      -31232.99908
  Ta       29   72.88297   71.58223   -0.11703    1.65040      -31232.84190
  Ta       30   72.85732   71.55658   -0.14268    1.67502      -31232.85520
  Ta       31   72.53332   71.23257   -0.46668    1.99495      -31233.07128
  Ta       32   72.86618   71.56544   -0.13382    1.67216      -31232.86625
  V        33   23.43384   22.13310    0.43384    1.51747       -1895.21728
  V        34   23.50880   22.20806    0.50880    1.43486       -1895.16916
  V        35   23.47241   22.17167    0.47241    1.46832       -1895.18746
  V        36   23.48418   22.18344    0.48418    1.45444       -1895.17138
  V        37   23.50150   22.20076    0.50150    1.44132       -1895.17477
  V        38   23.50138   22.20064    0.50138    1.43634       -1895.16068
  V        39   23.46853   22.16779    0.46853    1.47734       -1895.20657
  V        40   23.43005   22.12931    0.43005    1.52000       -1895.22388
