 Atom   Index      Q          Qmt        dQ        Vmad        Local Energy
  W         1   73.89435   72.58903   -0.10565    1.72699      -32312.50258
  W         2   73.96196   72.65664   -0.03804    1.65434      -32312.45966
  W         3   73.90267   72.59735   -0.09733    1.72237      -32312.51293
  W         4   73.79139   72.48607   -0.20861    1.83752      -32312.57950
  W         5   73.88937   72.58405   -0.11063    1.72749      -32312.51840
  W         6   73.95892   72.65360   -0.04108    1.66546      -32312.46929
  W         7   73.87839   72.57307   -0.12161    1.73540      -32312.50994
  W         8   73.85319   72.54787   -0.14681    1.76332      -32312.53834
  Nb        9   41.03129   39.72597    0.03129    1.61221       -7632.52928
  Nb       10   40.82434   39.51902   -0.17566    1.82471       -7632.65263
  Nb       11   41.05183   39.74651    0.05183    1.59899       -7632.52516
  Nb       12   40.81562   39.51031   -0.18438    1.83011       -7632.64877
  Nb       13   40.94303   39.63771   -0.05697    1.71781       -7632.60183
  Nb       14   40.98380   39.67848   -0.01620    1.66331       -7632.57183
  Nb       15   40.81338   39.50806   -0.18662    1.83662       -7632.65729
  Nb       16   40.96822   39.66290   -0.03178    1.68161       -7632.57597
  Mo       17   42.07153   40.76621    0.07153    1.67654       -8090.60997
  Mo       18   41.98152   40.67621   -0.01848    1.77268       -8090.65858
  Mo       19   42.12123   40.81592    0.12123    1.62752       -8090.57623
  Mo       20   42.12398   40.81867    0.12398    1.61678       -8090.55607
  Mo       21   42.16606   40.86075    0.16606    1.57381       -8090.53922
  Mo       22   42.14940   40.84408    0.14940    1.58747       -8090.54245
  Mo       23   42.04839   40.74307    0.04839    1.69986       -8090.61546
  Mo       24   42.17260   40.86728    0.17260    1.57411       -8090.53746
  Ta       25   72.75311   71.44780   -0.24689    1.80233      -31232.94775
  Ta       26   72.69877   71.39345   -0.30123    1.85695      -31232.97629
  Ta       27   72.69269   71.38737   -0.30731    1.86710      -31233.01634
  Ta       28   72.75816   71.45284   -0.24184    1.80280      -31232.97766
  Ta       29   72.81096   71.50564   -0.18904    1.74969      -31232.94378
  Ta       30   72.74517   71.43985   -0.25483    1.81482      -31232.98089
  Ta       31   72.84671   71.54139   -0.15329    1.71164      -31232.90978
  Ta       32   72.67678   71.37146   -0.32322    1.87686      -31232.98786
  Ti       33   22.28053   20.97521    0.28053    1.59031       -1704.39321
  Ti       34   22.29124   20.98592    0.29124    1.58485       -1704.38713
  Ti       35   22.41729   21.11198    0.41729    1.44676       -1704.31366
  Ti       36   22.33191   21.02659    0.33191    1.54483       -1704.36628
  Ti       37   22.33576   21.03044    0.33576    1.53284       -1704.34857
  Ti       38   22.38607   21.08075    0.38607    1.49357       -1704.35981
  Ti       39   22.16523   20.85991    0.16523    1.69403       -1704.42858
  Ti       40   22.41317   21.10786    0.41317    1.47170       -1704.38466
