 Atom   Index      Q          Qmt        dQ        Vmad        Local Energy
  W         1   73.91121   72.60884   -0.08879    1.71052      -32312.51487
  W         2   73.94667   72.64431   -0.05333    1.66007      -32312.45641
  W         3   73.74631   72.44394   -0.25369    1.87164      -32312.59829
  W         4   73.94358   72.64122   -0.05642    1.67633      -32312.48579
  Nb        5   40.95474   39.65237   -0.04526    1.68865       -7632.57594
  Nb        6   40.95024   39.64787   -0.04976    1.69336       -7632.58469
  Nb        7   41.08233   39.77996    0.08233    1.56503       -7632.50948
  Nb        8   40.90265   39.60028   -0.09735    1.73934       -7632.59968
  Mo        9   42.05846   40.75609    0.05846    1.68100       -8090.60812
  Mo       10   42.04926   40.74689    0.04926    1.69221       -8090.60707
  Mo       11   42.07520   40.77283    0.07520    1.66483       -8090.59238
  Mo       12   42.05755   40.75518    0.05755    1.68285       -8090.60748
  Ta       13   72.80897   71.50660   -0.19103    1.74753      -31232.92477
  Ta       14   72.85875   71.55638   -0.14125    1.70282      -31232.90521
  Ta       15   72.64840   71.34603   -0.35160    1.89359      -31232.98712
  Ta       16   72.76502   71.46265   -0.23498    1.77999      -31232.92787
  Ti       17   22.24287   20.94050    0.24287    1.63140       -1704.43249
  Ti       18   22.44974   21.14737    0.44974    1.43186       -1704.33030
  Ti       19   22.22853   20.92616    0.22853    1.63324       -1704.40479
  Ti       20   22.31953   21.01717    0.31953    1.56141       -1704.41970
