 Atom   Index      Q          Qmt        dQ        Vmad        Local Energy
  W         1   73.94131   72.63993   -0.05869    1.65926      -32312.44557
  W         2   73.86202   72.56065   -0.13798    1.73077      -32312.48797
  W         3   73.77234   72.47096   -0.22766    1.81583      -32312.54864
  W         4   73.85008   72.54870   -0.14992    1.73994      -32312.49457
  W         5   73.89666   72.59528   -0.10334    1.70685      -32312.47621
  W         6   73.95234   72.65097   -0.04766    1.64206      -32312.43544
  W         7   73.89965   72.59827   -0.10035    1.69348      -32312.46363
  W         8   73.88513   72.58375   -0.11487    1.70841      -32312.47354
  Nb        9   40.91204   39.61066   -0.08796    1.71061       -7632.57964
  Nb       10   40.90759   39.60621   -0.09241    1.71872       -7632.57652
  Nb       11   40.78344   39.48206   -0.21656    1.84838       -7632.67204
  Nb       12   40.97183   39.67046   -0.02817    1.65798       -7632.53441
  Nb       13   40.79693   39.49555   -0.20307    1.82918       -7632.65602
  Nb       14   40.80907   39.50770   -0.19093    1.81630       -7632.64193
  Nb       15   40.81930   39.51792   -0.18070    1.80577       -7632.64414
  Nb       16   40.81617   39.51479   -0.18383    1.80783       -7632.64752
  Mo       17   42.16452   40.86314    0.16452    1.55387       -8090.50256
  Mo       18   42.06568   40.76430    0.06568    1.65968       -8090.57600
  Mo       19   42.06077   40.75939    0.06077    1.65737       -8090.56568
  Mo       20   42.12477   40.82339    0.12477    1.59561       -8090.53256
  Mo       21   42.16089   40.85951    0.16089    1.55389       -8090.50402
  Mo       22   42.04598   40.74460    0.04598    1.67229       -8090.57336
  Mo       23   41.98935   40.68797   -0.01065    1.73402       -8090.61340
  Mo       24   42.03882   40.73745    0.03882    1.67960       -8090.58426
  Ta       25   72.64713   71.34575   -0.35287    1.89089      -31233.00661
  Ta       26   72.67744   71.37606   -0.32256    1.85386      -31232.98027
  Ta       27   72.61145   71.31007   -0.38855    1.92422      -31233.02994
  Ta       28   72.82441   71.52304   -0.17559    1.71181      -31232.87043
  Ta       29   72.83512   71.53375   -0.16488    1.69732      -31232.87479
  Ta       30   72.68244   71.38106   -0.31756    1.84911      -31232.98810
  Ta       31   72.77239   71.47101   -0.22761    1.76253      -31232.92450
  Ta       32   72.72282   71.42144   -0.27718    1.81552      -31232.95414
  V        33   23.50394   22.20256    0.50394    1.43610       -1895.14626
  V        34   23.44444   22.14307    0.44444    1.49568       -1895.17982
  V        35   23.51418   22.21280    0.51418    1.42568       -1895.15137
  V        36   23.45719   22.15581    0.45719    1.49433       -1895.22679
  V        37   23.41012   22.10874    0.41012    1.54788       -1895.24374
  V        38   23.50742   22.20604    0.50742    1.43252       -1895.17106
  V        39   23.44103   22.13966    0.44103    1.50385       -1895.18280
  V        40   23.42179   22.12041    0.42179    1.52515       -1895.22728
