 Atom   Index      Q          Qmt        dQ        Vmad        Local Energy
  W         1   73.94531   72.55815   -0.05469    1.82224      -32312.62976
  W         2   73.98709   72.59993   -0.01291    1.78186      -32312.60905
  W         3   73.98111   72.59395   -0.01889    1.79082      -32312.61758
  W         4   73.99018   72.60302   -0.00982    1.78611      -32312.61195
  W         5   73.95865   72.57149   -0.04135    1.81516      -32312.63069
  W         6   74.05620   72.66904    0.05620    1.71703      -32312.57261
  W         7   73.98384   72.59668   -0.01616    1.78701      -32312.60986
  W         8   73.95361   72.56645   -0.04639    1.81374      -32312.63081
  W         9   73.92309   72.53592   -0.07691    1.83766      -32312.63379
  W        10   73.93189   72.54473   -0.06811    1.82992      -32312.63683
  W        11   73.93942   72.55226   -0.06058    1.82945      -32312.63218
  W        12   73.92573   72.53857   -0.07427    1.84306      -32312.64288
  W        13   73.95632   72.56916   -0.04368    1.81324      -32312.62466
  W        14   73.94406   72.55690   -0.05594    1.81837      -32312.62065
  W        15   73.96813   72.58096   -0.03187    1.80001      -32312.61876
  W        16   73.91318   72.52601   -0.08682    1.84904      -32312.63851
  Nb       17   41.02870   39.64154    0.02870    1.77622       -7632.70785
  Nb       18   40.97807   39.59091   -0.02193    1.82560       -7632.73534
  Nb       19   40.95085   39.56369   -0.04915    1.84647       -7632.74714
  Nb       20   40.97937   39.59221   -0.02063    1.81647       -7632.72906
  Nb       21   40.99043   39.60327   -0.00957    1.81360       -7632.73256
  Nb       22   41.02606   39.63890    0.02606    1.77749       -7632.70743
  Nb       23   40.96425   39.57709   -0.03575    1.83577       -7632.74815
  Nb       24   41.01139   39.62423    0.01139    1.79741       -7632.73203
  Nb       25   40.98842   39.60126   -0.01158    1.81759       -7632.73773
  Nb       26   40.98911   39.60195   -0.01089    1.81527       -7632.73636
  Nb       27   41.00262   39.61546    0.00262    1.79698       -7632.71995
  Nb       28   40.97759   39.59043   -0.02241    1.82202       -7632.73702
  Nb       29   40.99946   39.61230   -0.00054    1.80563       -7632.73200
  Nb       30   41.06110   39.67394    0.06110    1.74832       -7632.69523
  Nb       31   41.03815   39.65099    0.03815    1.76591       -7632.70631
  Nb       32   40.99194   39.60478   -0.00806    1.81287       -7632.73854
  Mo       33   42.18508   40.79791    0.18508    1.71168       -8090.69324
  Mo       34   42.22798   40.84082    0.22798    1.66829       -8090.66253
  Mo       35   42.17069   40.78353    0.17069    1.72243       -8090.68910
  Mo       36   42.11416   40.72699    0.11416    1.77499       -8090.71582
  Mo       37   42.21867   40.83151    0.21867    1.68214       -8090.67143
  Mo       38   42.21989   40.83273    0.21989    1.67945       -8090.66935
  Mo       39   42.13621   40.74905    0.13621    1.75417       -8090.71185
  Mo       40   42.20292   40.81576    0.20292    1.68800       -8090.67623
  Mo       41   42.17028   40.78312    0.17028    1.72493       -8090.69681
  Mo       42   42.17140   40.78424    0.17140    1.72408       -8090.69089
  Mo       43   42.14451   40.75735    0.14451    1.74935       -8090.71279
  Mo       44   42.13848   40.75132    0.13848    1.75772       -8090.71855
  Mo       45   42.15026   40.76310    0.15026    1.73663       -8090.69909
  Mo       46   42.12431   40.73715    0.12431    1.76279       -8090.71390
  Mo       47   42.14421   40.75705    0.14421    1.74789       -8090.70069
  Mo       48   42.17493   40.78777    0.17493    1.71762       -8090.69130
  Ta       49   72.87443   71.48727   -0.12557    1.84347      -31233.06641
  Ta       50   72.95087   71.56370   -0.04913    1.76988      -31233.02644
  Ta       51   72.93378   71.54662   -0.06622    1.78735      -31233.03343
  Ta       52   72.79316   71.40600   -0.20684    1.91655      -31233.10699
  Ta       53   72.82797   71.44081   -0.17203    1.88112      -31233.08863
  Ta       54   72.86692   71.47976   -0.13308    1.85096      -31233.06794
  Ta       55   72.90417   71.51701   -0.09583    1.81140      -31233.03851
  Ta       56   72.89963   71.51247   -0.10037    1.81392      -31233.03876
  Ta       57   72.82721   71.44005   -0.17279    1.88431      -31233.08818
  Ta       58   72.94298   71.55582   -0.05702    1.77751      -31233.01920
  Ta       59   72.87213   71.48497   -0.12787    1.84427      -31233.06512
  Ta       60   72.86564   71.47848   -0.13436    1.84766      -31233.07033
  Ta       61   72.79369   71.40653   -0.20631    1.92026      -31233.11376
  Ta       62   72.88901   71.50185   -0.11099    1.82884      -31233.05409
  Ta       63   72.83756   71.45040   -0.16244    1.87379      -31233.08457
  Ta       64   72.89156   71.50440   -0.10844    1.82559      -31233.05163
