 Atom   Index      Q          Qmt        dQ        Vmad        Local Energy
  W         1   73.98679   72.59940   -0.01321    1.78402      -32312.60572
  W         2   73.98513   72.59775   -0.01487    1.78050      -32312.59848
  W         3   73.90195   72.51457   -0.09805    1.85960      -32312.64849
  W         4   73.92985   72.54247   -0.07015    1.84303      -32312.64999
  W         5   73.91285   72.52547   -0.08715    1.85471      -32312.64945
  W         6   73.95181   72.56443   -0.04819    1.81039      -32312.61510
  W         7   73.90490   72.51751   -0.09510    1.85910      -32312.64551
  W         8   73.90269   72.51531   -0.09731    1.85937      -32312.65110
  W         9   74.01354   72.62615    0.01354    1.75636      -32312.58925
  W        10   73.91384   72.52646   -0.08616    1.84926      -32312.63855
  W        11   73.90307   72.51569   -0.09693    1.85470      -32312.64474
  W        12   73.99474   72.60736   -0.00526    1.77954      -32312.60652
  W        13   73.93403   72.54665   -0.06597    1.83501      -32312.63650
  W        14   74.00035   72.61297    0.00035    1.77418      -32312.60239
  W        15   73.91852   72.53114   -0.08148    1.85057      -32312.64674
  W        16   73.97300   72.58561   -0.02700    1.80428      -32312.62458
  W        17   73.99128   72.60390   -0.00872    1.77876      -32312.60656
  W        18   73.98488   72.59750   -0.01512    1.78032      -32312.60527
  W        19   73.92833   72.54095   -0.07167    1.84503      -32312.64763
  W        20   73.87654   72.48916   -0.12346    1.88097      -32312.65888
  W        21   74.01699   72.62961    0.01699    1.75432      -32312.59596
  W        22   73.90265   72.51527   -0.09735    1.85657      -32312.64673
  W        23   73.90264   72.51526   -0.09736    1.86242      -32312.65672
  W        24   73.99645   72.60906   -0.00355    1.77933      -32312.61138
  W        25   73.89305   72.50566   -0.10695    1.87418      -32312.66043
  W        26   73.98206   72.59468   -0.01794    1.78660      -32312.61081
  W        27   73.94025   72.55287   -0.05975    1.82261      -32312.62829
  W        28   73.99411   72.60673   -0.00589    1.78078      -32312.60869
  W        29   73.87100   72.48362   -0.12900    1.88984      -32312.66593
  W        30   73.95536   72.56798   -0.04464    1.81615      -32312.63487
  W        31   73.95523   72.56785   -0.04477    1.80943      -32312.61747
  W        32   74.01774   72.63035    0.01774    1.76216      -32312.60357
  Nb       33   41.03158   39.64420    0.03158    1.77689       -7632.71004
  Nb       34   40.94690   39.55952   -0.05310    1.85449       -7632.75373
  Nb       35   41.01407   39.62669    0.01407    1.79194       -7632.71711
  Nb       36   40.90537   39.51799   -0.09463    1.88947       -7632.77768
  Nb       37   40.98257   39.59518   -0.01743    1.82428       -7632.74421
  Nb       38   41.10062   39.71324    0.10062    1.70808       -7632.67156
  Nb       39   40.99391   39.60653   -0.00609    1.81033       -7632.72881
  Nb       40   40.90045   39.51307   -0.09955    1.89667       -7632.78159
  Nb       41   41.01804   39.63065    0.01804    1.78898       -7632.71499
  Nb       42   40.99721   39.60983   -0.00279    1.80757       -7632.73228
  Nb       43   41.03173   39.64435    0.03173    1.77335       -7632.71119
  Nb       44   41.08038   39.69300    0.08038    1.72607       -7632.68776
  Nb       45   41.04237   39.65499    0.04237    1.76418       -7632.70355
  Nb       46   41.00143   39.61404    0.00143    1.80527       -7632.72779
  Nb       47   41.03324   39.64586    0.03324    1.77463       -7632.70811
  Nb       48   41.06063   39.67325    0.06063    1.75209       -7632.70121
  Nb       49   41.01070   39.62332    0.01070    1.79516       -7632.72084
  Nb       50   41.07807   39.69068    0.07807    1.73276       -7632.68128
  Nb       51   41.07428   39.68690    0.07428    1.73620       -7632.68900
  Nb       52   41.09843   39.71105    0.09843    1.70870       -7632.67082
  Nb       53   41.02362   39.63624    0.02362    1.78332       -7632.71502
  Nb       54   41.04411   39.65673    0.04411    1.76512       -7632.70358
  Nb       55   41.04958   39.66220    0.04958    1.75477       -7632.69862
  Nb       56   41.03256   39.64518    0.03256    1.77429       -7632.70945
  Nb       57   41.07064   39.68326    0.07064    1.73130       -7632.68409
  Nb       58   40.98117   39.59379   -0.01883    1.81777       -7632.73248
  Nb       59   41.05487   39.66748    0.05487    1.74871       -7632.69211
  Nb       60   41.02120   39.63382    0.02120    1.78463       -7632.71553
  Nb       61   40.99913   39.61175   -0.00087    1.80379       -7632.72747
  Nb       62   40.99413   39.60675   -0.00587    1.80786       -7632.73099
  Nb       63   41.12584   39.73845    0.12584    1.69289       -7632.66436
  Nb       64   40.92075   39.53337   -0.07925    1.87598       -7632.76721
  Mo       65   42.17109   40.78371    0.17109    1.72360       -8090.69905
  Mo       66   42.17158   40.78420    0.17158    1.70942       -8090.67933
  Mo       67   42.14680   40.75942    0.14680    1.74324       -8090.70430
  Mo       68   42.10773   40.72035    0.10773    1.77890       -8090.72510
  Mo       69   42.21936   40.83198    0.21936    1.68195       -8090.67972
  Mo       70   42.19113   40.80375    0.19113    1.70165       -8090.68569
  Mo       71   42.13155   40.74416    0.13155    1.75622       -8090.71135
  Mo       72   42.18686   40.79948    0.18686    1.70947       -8090.68934
  Mo       73   42.11156   40.72418    0.11156    1.77730       -8090.72414
  Mo       74   42.08874   40.70136    0.08874    1.79454       -8090.72576
  Mo       75   42.19119   40.80381    0.19119    1.70392       -8090.68307
  Mo       76   42.17711   40.78973    0.17711    1.71896       -8090.69854
  Mo       77   42.22122   40.83384    0.22122    1.67714       -8090.68097
  Mo       78   42.22511   40.83773    0.22511    1.67632       -8090.67607
  Mo       79   42.13761   40.75023    0.13761    1.75398       -8090.70993
  Mo       80   42.15643   40.76905    0.15643    1.73849       -8090.70589
  Mo       81   42.21521   40.82783    0.21521    1.68256       -8090.67737
  Mo       82   42.13718   40.74979    0.13718    1.75749       -8090.71209
  Mo       83   42.17414   40.78676    0.17414    1.71567       -8090.68740
  Mo       84   42.10644   40.71906    0.10644    1.78082       -8090.72235
  Mo       85   42.11569   40.72831    0.11569    1.78084       -8090.72559
  Mo       86   42.16134   40.77395    0.16134    1.73126       -8090.69896
  Mo       87   42.17394   40.78655    0.17394    1.72399       -8090.69650
  Mo       88   42.16342   40.77604    0.16342    1.72717       -8090.69769
  Mo       89   42.14154   40.75416    0.14154    1.74963       -8090.70213
  Mo       90   42.11504   40.72766    0.11504    1.77169       -8090.72013
  Mo       91   42.27604   40.88866    0.27604    1.63301       -8090.65570
  Mo       92   42.20258   40.81520    0.20258    1.69347       -8090.67468
  Mo       93   42.12539   40.73801    0.12539    1.76534       -8090.71385
  Mo       94   42.17176   40.78438    0.17176    1.71555       -8090.69316
  Mo       95   42.17666   40.78927    0.17666    1.71381       -8090.68291
  Mo       96   42.17735   40.78997    0.17735    1.71308       -8090.68897
  Ta       97   72.93940   71.55202   -0.06060    1.78076      -31233.02175
  Ta       98   72.88492   71.49754   -0.11508    1.82912      -31233.05519
  Ta       99   72.84766   71.46027   -0.15234    1.87359      -31233.08426
  Ta      100   72.90866   71.52127   -0.09134    1.81401      -31233.04515
  Ta      101   72.86748   71.48010   -0.13252    1.84258      -31233.06207
  Ta      102   72.90095   71.51357   -0.09905    1.81648      -31233.04364
  Ta      103   72.91884   71.53146   -0.08116    1.80088      -31233.03114
  Ta      104   72.87510   71.48772   -0.12490    1.84603      -31233.06429
  Ta      105   72.83977   71.45239   -0.16023    1.87649      -31233.08466
  Ta      106   72.82151   71.43412   -0.17849    1.88893      -31233.09056
  Ta      107   72.89269   71.50531   -0.10731    1.82550      -31233.05350
  Ta      108   72.81502   71.42764   -0.18498    1.89509      -31233.09436
  Ta      109   72.84106   71.45368   -0.15894    1.87113      -31233.07814
  Ta      110   72.85962   71.47223   -0.14038    1.85740      -31233.06672
  Ta      111   72.86577   71.47839   -0.13423    1.84992      -31233.06245
  Ta      112   72.87139   71.48401   -0.12861    1.85002      -31233.06713
  Ta      113   72.80426   71.41688   -0.19574    1.90175      -31233.09945
  Ta      114   72.88962   71.50224   -0.11038    1.82799      -31233.05470
  Ta      115   72.85734   71.46996   -0.14266    1.85437      -31233.06284
  Ta      116   72.87781   71.49042   -0.12219    1.84207      -31233.06033
  Ta      117   72.87335   71.48597   -0.12665    1.84181      -31233.06529
  Ta      118   72.92631   71.53893   -0.07369    1.79424      -31233.02939
  Ta      119   72.82435   71.43697   -0.17565    1.88979      -31233.09212
  Ta      120   72.84493   71.45754   -0.15507    1.86934      -31233.08000
  Ta      121   72.82764   71.44025   -0.17236    1.88065      -31233.08673
  Ta      122   72.82582   71.43844   -0.17418    1.88535      -31233.08814
  Ta      123   72.84858   71.46120   -0.15142    1.86261      -31233.07324
  Ta      124   72.79922   71.41183   -0.20078    1.91040      -31233.10301
  Ta      125   72.91130   71.52391   -0.08870    1.80550      -31233.03193
  Ta      126   72.89228   71.50490   -0.10772    1.82636      -31233.04835
  Ta      127   72.82816   71.44078   -0.17184    1.88513      -31233.08987
  Ta      128   72.89516   71.50777   -0.10484    1.82391      -31233.04428
