System Description            : WNbMoTaTi, BCC structure                        
Number of Atoms in Unit Cell  : 80                                              
Number of Atomic Species      : 5                                               
Number of Atoms in Each Type  : 16(W), 16(Nb), 16(Mo), 16(Ta), 16(Ti)           
Energy Offset                 : -16193                                          
=======================================================================================
    Iter     Energy      3PV     Efermi   Rms_rho    Rms_pot   Mix  Alg  Alpha 
---------------------------------------------------------------------------------------
**       1  -0.754752  1839.810  0.53716  0.140E+01  0.165E+00  pot  B   0.1000
         2  -0.896773  1816.672  0.57800  0.774E-02  0.547E+00  pot  B   0.1000
         3  -1.104462  1813.286  0.57777  0.194E-02  0.205E+00  pot  B   0.1000
         4  -1.222685  1787.970  0.59385  0.837E-02  0.513E+00  pot  B   0.1000
         5  -1.409580  1771.180  0.60639  0.561E-02  0.277E+00  pot  B   0.1000
         6  -1.450193  1760.244  0.61533  0.384E-02  0.259E+00  pot  B   0.1000
         7  -1.529924  1742.883  0.62780  0.599E-02  0.186E+00  pot  B   0.1000
         8  -1.564634  1731.021  0.63687  0.439E-02  0.704E-01  pot  B   0.1000
         9  -1.580733  1724.240  0.64341  0.314E-02  0.374E-01  pot  B   0.1000
        10  -1.587696  1720.102  0.64637  0.212E-02  0.650E-01  pot  B   0.1000
        11  -1.600587  1712.625  0.65188  0.399E-02  0.320E-01  pot  B   0.1000
        12  -1.604153  1707.699  0.65567  0.274E-02  0.166E-01  pot  B   0.1000
        13  -1.604420  1706.790  0.65664  0.594E-03  0.106E-01  pot  B   0.1000
        14  -1.604578  1706.387  0.65747  0.324E-03  0.522E-02  pot  B   0.1000
        15  -1.604646  1706.222  0.65811  0.153E-03  0.443E-02  pot  B   0.1000
        16  -1.604770  1706.030  0.65938  0.264E-03  0.529E-02  pot  B   0.1000
        17  -1.604848  1705.919  0.66049  0.235E-03  0.392E-02  pot  B   0.1000
        18  -1.604882  1706.006  0.66123  0.139E-03  0.224E-02  pot  B   0.1000
        19  -1.604880  1705.935  0.66147  0.653E-04  0.266E-02  pot  B   0.1000
        20  -1.604890  1706.007  0.66165  0.394E-04  0.824E-03  pot  B   0.1000
        21  -1.604896  1706.086  0.66179  0.396E-04  0.739E-03  pot  B   0.1000
        22  -1.604898  1706.164  0.66186  0.332E-04  0.678E-03  pot  B   0.1000
        23  -1.604899  1706.170  0.66198  0.327E-04  0.453E-03  pot  B   0.1000
        24  -1.604901  1706.204  0.66201  0.182E-04  0.178E-03  pot  B   0.1000
        25  -1.604901  1706.200  0.66205  0.649E-05  0.163E-03  pot  B   0.1000
        26  -1.604902  1706.196  0.66208  0.584E-05  0.168E-03  pot  B   0.1000
        27  -1.604902  1706.195  0.66212  0.785E-05  0.643E-04  pot  B   0.1000
        28  -1.604903  1706.194  0.66213  0.334E-05  0.516E-04  pot  B   0.1000
        29  -1.604903  1706.195  0.66213  0.621E-06  0.450E-04  pot  B   0.1000
        30  -1.604903  1706.195  0.66213  0.796E-06  0.291E-04  pot  B   0.1000
        31  -1.604902  1706.196  0.66213  0.705E-06  0.430E-04  pot  B   0.1000
        32  -1.604902  1706.197  0.66214  0.658E-06  0.220E-04  pot  B   0.1000
        33  -1.604902  1706.199  0.66214  0.111E-05  0.202E-04  pot  B   0.1000
        34  -1.604902  1706.200  0.66214  0.535E-06  0.103E-04  pot  B   0.1000
        35  -1.604902  1706.200  0.66214  0.280E-06  0.855E-05  pot  B   0.1000
        36  -1.604902  1706.199  0.66214  0.339E-06  0.575E-05  pot  B   0.1000
        37  -1.604902  1706.199  0.66214  0.334E-06  0.697E-05  pot  B   0.1000
        38  -1.604902  1706.199  0.66214  0.314E-06  0.473E-05  pot  B   0.1000
        39  -1.604902  1706.199  0.66214  0.168E-06  0.227E-05  pot  B   0.1000
        40  -1.604902  1706.199  0.66214  0.109E-06  0.250E-05  pot  B   0.1000
        41  -1.604902  1706.199  0.66214  0.103E-06  0.238E-05  pot  B   0.1000
        42  -1.604902  1706.199  0.66214  0.117E-06  0.321E-05  pot  B   0.1000
        43  -1.604902  1706.199  0.66214  0.890E-07  0.222E-05  pot  B   0.1000
        44  -1.604902  1706.199  0.66214  0.324E-07  0.142E-05  pot  B   0.1000
        45  -1.604902  1706.199  0.66214  0.370E-07  0.677E-06  pot  B   0.1000
        46  -1.604902  1706.199  0.66214  0.139E-07  0.506E-06  pot  B   0.1000
        47  -1.604902  1706.199  0.66214  0.171E-07  0.398E-06  pot  B   0.1000
        48  -1.604902  1706.199  0.66214  0.137E-07  0.289E-06  pot  B   0.1000
        49  -1.604902  1706.199  0.66214  0.103E-07  0.212E-06  pot  B   0.1000
        50  -1.604902  1706.199  0.66214  0.324E-08  0.171E-06  pot  B   0.1000
        51  -1.604902  1706.199  0.66214  0.347E-08  0.215E-06  pot  B   0.1000
        52  -1.604902  1706.199  0.66214  0.298E-08  0.154E-06  pot  B   0.1000
        53  -1.604902  1706.199  0.66214  0.424E-08  0.838E-07  pot  B   0.1000
        54  -1.604902  1706.199  0.66214  0.268E-08  0.427E-07  pot  B   0.1000
        55  -1.604902  1706.199  0.66214  0.227E-08  0.571E-07  pot  B   0.1000
        56  -1.604902  1706.199  0.66214  0.754E-09  0.760E-07  pot  B   0.1000
        57  -1.604902  1706.199  0.66214  0.248E-08  0.321E-07  pot  B   0.1000
        58  -1.604902  1706.199  0.66214  0.215E-08  0.234E-07  pot  B   0.1000
        59  -1.604902  1706.199  0.66214  0.191E-08  0.170E-07  pot  B   0.1000
        60  -1.604902  1706.199  0.66214  0.126E-08  0.980E-08  pot  B   0.1000
**      61  -1.604902  1706.199  0.66214  0.467E-12  0.980E-08  pot  B   0.1000
