 Atom   Index      Q          Qmt        dQ        Vmad        Local Energy
  W         1   73.90437   72.59850   -0.09563    1.72587      -32312.51354
  W         2   73.96294   72.65707   -0.03706    1.66125      -32312.47115
  W         3   73.86645   72.56058   -0.13355    1.75715      -32312.53150
  W         4   73.80319   72.49732   -0.19681    1.82273      -32312.57936
  Nb        5   41.00657   39.70071    0.00657    1.64858       -7632.56193
  Nb        6   40.82005   39.51419   -0.17995    1.83440       -7632.66731
  Nb        7   40.88823   39.58237   -0.11177    1.76494       -7632.63361
  Nb        8   40.86117   39.55531   -0.13883    1.78684       -7632.63570
  Mo        9   42.04624   40.74038    0.04624    1.69671       -8090.60714
  Mo       10   42.16349   40.85762    0.16349    1.58483       -8090.54300
  Mo       11   42.21243   40.90657    0.21243    1.52955       -8090.51038
  Mo       12   42.09637   40.79051    0.09637    1.64268       -8090.57139
  Ta       13   72.83424   71.52838   -0.16576    1.72156      -31232.90693
  Ta       14   72.76594   71.46008   -0.23406    1.79230      -31232.95265
  Ta       15   72.71535   71.40948   -0.28465    1.83890      -31232.98210
  Ta       16   72.66840   71.36253   -0.33160    1.88527      -31233.00389
  Ti       17   22.30287   20.99700    0.30287    1.56313       -1704.36668
  Ti       18   22.29654   20.99068    0.29654    1.58115       -1704.40723
  Ti       19   22.41719   21.11133    0.41719    1.45816       -1704.32539
  Ti       20   22.36798   21.06212    0.36798    1.50218       -1704.34406
