 Atom   Index      Q          Qmt        dQ        Vmad        Local Energy
  W         1   73.81351   72.50933   -0.18649    1.80822      -32312.56412
  W         2   73.83220   72.52802   -0.16780    1.79252      -32312.55741
  W         3   73.86328   72.55910   -0.13672    1.75025      -32312.51624
  W         4   73.85877   72.55459   -0.14123    1.75089      -32312.51338
  W         5   73.90021   72.59603   -0.09979    1.70879      -32312.48744
  W         6   73.90347   72.59929   -0.09653    1.71629      -32312.50269
  W         7   73.97840   72.67422   -0.02160    1.64443      -32312.46037
  W         8   73.90347   72.59929   -0.09653    1.72108      -32312.51212
  W         9   73.79473   72.49055   -0.20527    1.81568      -32312.56502
  W        10   73.75486   72.45069   -0.24514    1.86346      -32312.59060
  W        11   73.89894   72.59476   -0.10106    1.72210      -32312.50368
  W        12   73.87537   72.57119   -0.12463    1.73936      -32312.51699
  W        13   73.91162   72.60744   -0.08838    1.69562      -32312.48376
  W        14   73.79622   72.49204   -0.20378    1.81796      -32312.56813
  W        15   73.97666   72.67249   -0.02334    1.63002      -32312.43839
  W        16   73.73963   72.43545   -0.26037    1.88489      -32312.60706
  Nb       17   40.87307   39.56890   -0.12693    1.77370       -7632.62429
  Nb       18   41.04424   39.74006    0.04424    1.60383       -7632.51325
  Nb       19   41.09725   39.79307    0.09725    1.55510       -7632.49533
  Nb       20   41.03329   39.72911    0.03329    1.61957       -7632.53902
  Nb       21   40.88517   39.58100   -0.11483    1.76748       -7632.62535
  Nb       22   40.85444   39.55026   -0.14556    1.78519       -7632.61388
  Nb       23   40.99185   39.68767   -0.00815    1.66632       -7632.57525
  Nb       24   41.04863   39.74445    0.04863    1.60287       -7632.53317
  Nb       25   41.02746   39.72328    0.02746    1.62648       -7632.54621
  Nb       26   41.00624   39.70206    0.00624    1.64299       -7632.54368
  Nb       27   40.90161   39.59743   -0.09839    1.75022       -7632.61372
  Nb       28   40.93881   39.63463   -0.06119    1.70494       -7632.58507
  Nb       29   40.78587   39.48169   -0.21413    1.86105       -7632.66946
  Nb       30   40.85990   39.55572   -0.14010    1.78292       -7632.61676
  Nb       31   40.82986   39.52568   -0.17014    1.81590       -7632.64713
  Nb       32   40.97139   39.66721   -0.02861    1.67069       -7632.56595
  Mo       33   42.03625   40.73207    0.03625    1.71538       -8090.62531
  Mo       34   42.03278   40.72860    0.03278    1.71314       -8090.61466
  Mo       35   42.14284   40.83866    0.14284    1.58520       -8090.53637
  Mo       36   41.97777   40.67359   -0.02223    1.76608       -8090.64742
  Mo       37   42.10275   40.79857    0.10275    1.64023       -8090.57595
  Mo       38   42.02117   40.71699    0.02117    1.72739       -8090.63522
  Mo       39   42.08088   40.77670    0.08088    1.67531       -8090.61157
  Mo       40   42.18671   40.88253    0.18671    1.54527       -8090.51526
  Mo       41   42.06928   40.76510    0.06928    1.67614       -8090.59895
  Mo       42   42.13198   40.82780    0.13198    1.60301       -8090.55425
  Mo       43   42.10392   40.79974    0.10392    1.64013       -8090.58079
  Mo       44   42.08192   40.77774    0.08192    1.66146       -8090.58621
  Mo       45   42.26342   40.95924    0.26342    1.47504       -8090.47694
  Mo       46   42.09700   40.79282    0.09700    1.64131       -8090.57863
  Mo       47   41.99623   40.69205   -0.00377    1.74503       -8090.64782
  Mo       48   41.92125   40.61707   -0.07875    1.82743       -8090.69147
  Ta       49   72.89814   71.59396   -0.10186    1.66690      -31232.87423
  Ta       50   72.75679   71.45261   -0.24321    1.79903      -31232.95180
  Ta       51   72.77819   71.47401   -0.22181    1.77074      -31232.93182
  Ta       52   72.80644   71.50226   -0.19356    1.74627      -31232.91645
  Ta       53   72.89725   71.59307   -0.10275    1.66192      -31232.86805
  Ta       54   72.81393   71.50975   -0.18607    1.74731      -31232.93367
  Ta       55   72.79228   71.48810   -0.20772    1.76016      -31232.92085
  Ta       56   72.76908   71.46490   -0.23092    1.78535      -31232.94967
  Ta       57   72.85007   71.54589   -0.14993    1.70321      -31232.89090
  Ta       58   72.88378   71.57960   -0.11622    1.67759      -31232.88362
  Ta       59   72.83787   71.53369   -0.16213    1.72412      -31232.91499
  Ta       60   72.84909   71.54491   -0.15091    1.71127      -31232.91264
  Ta       61   72.85893   71.55475   -0.14107    1.70005      -31232.90301
  Ta       62   72.75109   71.44691   -0.24891    1.81050      -31232.96983
  Ta       63   72.89191   71.58773   -0.10809    1.65847      -31232.86329
  Ta       64   72.74878   71.44460   -0.25122    1.80301      -31232.94381
  Ti       65   22.13714   20.83296    0.13714    1.72695       -1704.45376
  Ti       66   22.41617   21.11200    0.41617    1.45970       -1704.34861
  Ti       67   22.20365   20.89948    0.20365    1.66964       -1704.44667
  Ti       68   22.26678   20.96260    0.26678    1.61281       -1704.42844
  Ti       69   22.33291   21.02873    0.33291    1.55612       -1704.43051
  Ti       70   22.32490   21.02072    0.32490    1.54068       -1704.37088
  Ti       71   22.35847   21.05429    0.35847    1.51069       -1704.35718
  Ti       72   22.36656   21.06238    0.36656    1.51680       -1704.39859
  Ti       73   22.39090   21.08672    0.39090    1.49005       -1704.37017
  Ti       74   22.26877   20.96460    0.26877    1.60212       -1704.39704
  Ti       75   22.28880   20.98462    0.28880    1.57922       -1704.37939
  Ti       76   22.10836   20.80418    0.10836    1.76429       -1704.49016
  Ti       77   22.33156   21.02738    0.33156    1.53053       -1704.35487
  Ti       78   22.24705   20.94287    0.24705    1.63913       -1704.45228
  Ti       79   22.32434   21.02016    0.32434    1.54630       -1704.37413
  Ti       80   22.25342   20.94925    0.25342    1.61905       -1704.42375
