System Description            : WNbMoTaTi, BCC structure                        
Number of Atoms in Unit Cell  : 40                                              
Number of Atomic Species      : 5                                               
Number of Atoms in Each Type  : 8(W), 8(Nb), 8(Mo), 8(Ta), 8(Ti)                
Energy Offset                 : -16193                                          
=======================================================================================
    Iter     Energy      3PV     Efermi   Rms_rho    Rms_pot   Mix  Alg  Alpha 
---------------------------------------------------------------------------------------
**       1  -0.747894  1839.899  0.54027  0.140E+01  0.136E+00  pot  B   0.1000
         2  -0.955921  1816.571  0.57823  0.754E-02  0.436E+00  pot  B   0.1000
         3  -1.076495  1813.070  0.57834  0.188E-02  0.281E+00  pot  B   0.1000
         4  -1.316980  1784.099  0.59639  0.944E-02  0.339E+00  pot  B   0.1000
         5  -1.372345  1771.572  0.60658  0.412E-02  0.331E+00  pot  B   0.1000
         6  -1.505338  1752.979  0.61944  0.625E-02  0.156E+00  pot  B   0.1000
         7  -1.562110  1733.180  0.63409  0.689E-02  0.424E-01  pot  B   0.1000
         8  -1.574319  1725.790  0.64026  0.313E-02  0.419E-01  pot  B   0.1000
         9  -1.592713  1717.971  0.64803  0.428E-02  0.321E-01  pot  B   0.1000
        10  -1.601909  1710.750  0.65300  0.378E-02  0.173E-01  pot  B   0.1000
        11  -1.603806  1707.401  0.65563  0.190E-02  0.988E-02  pot  B   0.1000
        12  -1.604100  1706.454  0.65682  0.641E-03  0.383E-02  pot  B   0.1000
        13  -1.604248  1706.247  0.65798  0.300E-03  0.327E-02  pot  B   0.1000
        14  -1.604390  1706.082  0.65958  0.316E-03  0.241E-02  pot  B   0.1000
        15  -1.604430  1706.201  0.66066  0.232E-03  0.143E-02  pot  B   0.1000
        16  -1.604433  1706.181  0.66108  0.662E-04  0.610E-03  pot  B   0.1000
        17  -1.604435  1706.193  0.66124  0.281E-04  0.463E-03  pot  B   0.1000
        18  -1.604440  1706.198  0.66144  0.307E-04  0.357E-03  pot  B   0.1000
        19  -1.604441  1706.185  0.66156  0.207E-04  0.213E-03  pot  B   0.1000
        20  -1.604442  1706.199  0.66159  0.994E-05  0.119E-03  pot  B   0.1000
        21  -1.604442  1706.194  0.66161  0.676E-05  0.675E-04  pot  B   0.1000
        22  -1.604442  1706.200  0.66162  0.506E-05  0.343E-04  pot  B   0.1000
        23  -1.604442  1706.200  0.66163  0.110E-05  0.257E-04  pot  B   0.1000
        24  -1.604442  1706.201  0.66163  0.154E-05  0.201E-04  pot  B   0.1000
        25  -1.604442  1706.201  0.66164  0.190E-05  0.967E-05  pot  B   0.1000
        26  -1.604442  1706.202  0.66164  0.540E-06  0.518E-05  pot  B   0.1000
        27  -1.604442  1706.203  0.66164  0.378E-06  0.484E-05  pot  B   0.1000
        28  -1.604442  1706.204  0.66164  0.210E-06  0.270E-05  pot  B   0.1000
        29  -1.604442  1706.204  0.66164  0.110E-06  0.132E-05  pot  B   0.1000
        30  -1.604442  1706.205  0.66164  0.839E-07  0.971E-06  pot  B   0.1000
        31  -1.604442  1706.205  0.66164  0.116E-06  0.134E-05  pot  B   0.1000
        32  -1.604442  1706.205  0.66164  0.373E-07  0.856E-06  pot  B   0.1000
        33  -1.604442  1706.205  0.66164  0.205E-07  0.556E-06  pot  B   0.1000
        34  -1.604442  1706.205  0.66164  0.121E-07  0.307E-06  pot  B   0.1000
        35  -1.604442  1706.205  0.66164  0.128E-07  0.362E-06  pot  B   0.1000
        36  -1.604442  1706.205  0.66164  0.135E-07  0.125E-06  pot  B   0.1000
        37  -1.604442  1706.205  0.66164  0.868E-08  0.901E-07  pot  B   0.1000
        38  -1.604442  1706.205  0.66164  0.210E-08  0.648E-07  pot  B   0.1000
        39  -1.604442  1706.205  0.66164  0.349E-08  0.501E-07  pot  B   0.1000
        40  -1.604442  1706.205  0.66164  0.279E-08  0.401E-07  pot  B   0.1000
        41  -1.604442  1706.205  0.66164  0.170E-08  0.298E-07  pot  B   0.1000
        42  -1.604442  1706.205  0.66164  0.232E-08  0.180E-07  pot  B   0.1000
        43  -1.604442  1706.205  0.66164  0.164E-08  0.108E-07  pot  B   0.1000
        44  -1.604442  1706.205  0.66164  0.505E-09  0.122E-07  pot  B   0.1000
        45  -1.604442  1706.205  0.66164  0.126E-09  0.101E-07  pot  B   0.1000
        46  -1.604442  1706.205  0.66164  0.970E-10  0.855E-08  pot  B   0.1000
**      47  -1.604442  1706.205  0.66164  0.106E-11  0.855E-08  pot  B   0.1000
