 Atom   Index      Q          Qmt        dQ        Vmad        Local Energy
  W         1   73.94083   72.64028   -0.05917    1.65599      -32312.45271
  W         2   73.85683   72.55628   -0.14317    1.73507      -32312.49371
  W         3   73.76715   72.46660   -0.23285    1.82076      -32312.53569
  W         4   73.80266   72.50210   -0.19734    1.79894      -32312.53960
  W         5   73.96833   72.66777   -0.03167    1.61732      -32312.40875
  W         6   73.82586   72.52531   -0.17414    1.76778      -32312.51875
  W         7   74.06373   72.76318    0.06373    1.52384      -32312.36097
  W         8   73.76514   72.46459   -0.23486    1.82773      -32312.55009
  W         9   73.80218   72.50163   -0.19782    1.78854      -32312.53044
  W        10   73.85089   72.55034   -0.14911    1.73989      -32312.48822
  W        11   73.77874   72.47818   -0.22126    1.81121      -32312.53335
  W        12   73.73597   72.43542   -0.26403    1.86248      -32312.58041
  W        13   73.82295   72.52240   -0.17705    1.77566      -32312.52292
  W        14   73.87672   72.57616   -0.12328    1.71308      -32312.47918
  W        15   73.92331   72.62276   -0.07669    1.67696      -32312.46903
  W        16   73.89155   72.59100   -0.10845    1.70510      -32312.48803
  Nb       17   40.76098   39.46042   -0.23902    1.86237       -7632.67627
  Nb       18   40.88114   39.58059   -0.11886    1.73989       -7632.58698
  Nb       19   40.89751   39.59695   -0.10249    1.72653       -7632.58660
  Nb       20   40.85716   39.55660   -0.14284    1.76628       -7632.60881
  Nb       21   40.79459   39.49404   -0.20541    1.82780       -7632.64619
  Nb       22   40.76371   39.46315   -0.23629    1.85995       -7632.66457
  Nb       23   40.88783   39.58727   -0.11217    1.74247       -7632.59804
  Nb       24   40.90158   39.60102   -0.09842    1.72652       -7632.59421
  Nb       25   40.91710   39.61654   -0.08290    1.70770       -7632.57925
  Nb       26   40.93215   39.63160   -0.06785    1.69729       -7632.57402
  Nb       27   40.90740   39.60684   -0.09260    1.71701       -7632.58008
  Nb       28   40.92874   39.62819   -0.07126    1.68772       -7632.55488
  Nb       29   40.91438   39.61382   -0.08562    1.70641       -7632.57936
  Nb       30   41.02092   39.72036    0.02092    1.59778       -7632.50947
  Nb       31   40.96410   39.66355   -0.03590    1.65215       -7632.53083
  Nb       32   41.04349   39.74294    0.04349    1.58688       -7632.51596
  Mo       33   41.92239   40.62184   -0.07761    1.79948       -8090.65965
  Mo       34   42.16330   40.86274    0.16330    1.55655       -8090.51795
  Mo       35   41.97477   40.67422   -0.02523    1.74085       -8090.60767
  Mo       36   42.11051   40.80996    0.11051    1.60029       -8090.52541
  Mo       37   42.09211   40.79156    0.09211    1.61478       -8090.52546
  Mo       38   42.04237   40.74181    0.04237    1.68504       -8090.59348
  Mo       39   41.99182   40.69126   -0.00818    1.72775       -8090.60796
  Mo       40   41.88377   40.58321   -0.11623    1.84087       -8090.68029
  Mo       41   41.91454   40.61399   -0.08546    1.80929       -8090.66237
  Mo       42   42.15491   40.85436    0.15491    1.56078       -8090.50379
  Mo       43   42.06890   40.76834    0.06890    1.64321       -8090.54772
  Mo       44   42.04589   40.74534    0.04589    1.66254       -8090.56292
  Mo       45   42.10195   40.80139    0.10195    1.61343       -8090.53284
  Mo       46   42.07849   40.77794    0.07849    1.63081       -8090.53619
  Mo       47   41.97534   40.67479   -0.02466    1.74393       -8090.60889
  Mo       48   42.03083   40.73028    0.03083    1.68589       -8090.57735
  Ta       49   72.85993   71.55937   -0.14007    1.68000      -31232.86497
  Ta       50   72.85476   71.55421   -0.14524    1.68510      -31232.86567
  Ta       51   72.84647   71.54592   -0.15353    1.69058      -31232.87913
  Ta       52   72.57890   71.27835   -0.42110    1.94966      -31233.04286
  Ta       53   72.83719   71.53663   -0.16281    1.70404      -31232.88874
  Ta       54   72.84928   71.54872   -0.15072    1.68586      -31232.86877
  Ta       55   72.76739   71.46683   -0.23261    1.76886      -31232.93339
  Ta       56   72.69896   71.39841   -0.30104    1.83920      -31232.96515
  Ta       57   72.88425   71.58369   -0.11575    1.65330      -31232.85342
  Ta       58   72.76931   71.46876   -0.23069    1.75614      -31232.90078
  Ta       59   72.68199   71.38144   -0.31801    1.85482      -31232.98675
  Ta       60   72.75575   71.45519   -0.24425    1.77629      -31232.91859
  Ta       61   72.76616   71.46561   -0.23384    1.77262      -31232.92043
  Ta       62   72.87572   71.57517   -0.12428    1.65758      -31232.86710
  Ta       63   72.67816   71.37761   -0.32184    1.84991      -31232.96671
  Ta       64   72.65311   71.35256   -0.34689    1.88075      -31232.98879
  V        65   23.52887   22.22832    0.52887    1.41403       -1895.15591
  V        66   23.46431   22.16376    0.46431    1.48669       -1895.20300
  V        67   23.44008   22.13953    0.44008    1.50451       -1895.20150
  V        68   23.46736   22.16681    0.46736    1.47611       -1895.18437
  V        69   23.44701   22.14646    0.44701    1.50270       -1895.21337
  V        70   23.36804   22.06749    0.36804    1.58095       -1895.24438
  V        71   23.44084   22.14029    0.44084    1.50152       -1895.19785
  V        72   23.42423   22.12367    0.42423    1.52578       -1895.21955
  V        73   23.36412   22.06357    0.36412    1.58664       -1895.25490
  V        74   23.44375   22.14319    0.44375    1.50156       -1895.20253
  V        75   23.63246   22.33191    0.63246    1.31365       -1895.11270
  V        76   23.35325   22.05270    0.35325    1.58987       -1895.25198
  V        77   23.36136   22.06081    0.36136    1.58242       -1895.25701
  V        78   23.37430   22.07374    0.37430    1.57439       -1895.24653
  V        79   23.48054   22.17999    0.48054    1.46548       -1895.19955
  V        80   23.45459   22.15404    0.45459    1.49145       -1895.20876
