 Atom   Index      Q          Qmt        dQ        Vmad        Local Energy
  W         1   73.67579   72.37465   -0.32421    1.92325      -32312.61627
  W         2   73.95035   72.64921   -0.04965    1.64204      -32312.42544
  W         3   73.83965   72.53851   -0.16035    1.76174      -32312.52390
  W         4   73.71195   72.41081   -0.28805    1.88841      -32312.59608
  W         5   73.96185   72.66071   -0.03815    1.62986      -32312.42222
  W         6   73.87385   72.57271   -0.12615    1.72720      -32312.49231
  W         7   73.82729   72.52616   -0.17271    1.76816      -32312.51283
  W         8   73.82898   72.52784   -0.17102    1.76584      -32312.51715
  W         9   73.70221   72.40108   -0.29779    1.89439      -32312.59752
  W        10   73.78289   72.48175   -0.21711    1.81265      -32312.54529
  W        11   73.82438   72.52325   -0.17562    1.77425      -32312.52179
  W        12   73.60869   72.30756   -0.39131    1.98938      -32312.66124
  W        13   73.83831   72.53717   -0.16169    1.75765      -32312.50867
  W        14   73.77991   72.47877   -0.22009    1.81761      -32312.55069
  W        15   73.89524   72.59410   -0.10476    1.69406      -32312.46716
  W        16   74.00455   72.70341    0.00455    1.57982      -32312.38925
  W        17   73.82389   72.52275   -0.17611    1.76995      -32312.51581
  W        18   73.84226   72.54112   -0.15774    1.74922      -32312.49340
  W        19   74.01152   72.71039    0.01152    1.57520      -32312.38684
  W        20   73.94579   72.64466   -0.05421    1.63576      -32312.41707
  W        21   73.82489   72.52375   -0.17511    1.76693      -32312.51521
  W        22   73.93947   72.63833   -0.06053    1.65967      -32312.45189
  W        23   73.77456   72.47343   -0.22544    1.81762      -32312.54028
  W        24   73.91983   72.61869   -0.08017    1.66613      -32312.44111
  W        25   73.95963   72.65849   -0.04037    1.63396      -32312.43012
  W        26   73.91827   72.61713   -0.08173    1.67097      -32312.44271
  W        27   73.82588   72.52474   -0.17412    1.76340      -32312.51215
  W        28   73.82771   72.52657   -0.17229    1.76859      -32312.51592
  W        29   74.01509   72.71395    0.01509    1.58226      -32312.40322
  W        30   73.82839   72.52725   -0.17161    1.76335      -32312.50620
  W        31   73.78764   72.48651   -0.21236    1.80251      -32312.53775
  W        32   73.90918   72.60804   -0.09082    1.67607      -32312.45348
  Nb       33   40.94457   39.64343   -0.05543    1.68342       -7632.55552
  Nb       34   40.98194   39.68080   -0.01806    1.64392       -7632.53431
  Nb       35   40.81162   39.51048   -0.18838    1.81469       -7632.64861
  Nb       36   40.94283   39.64169   -0.05717    1.67807       -7632.55844
  Nb       37   40.99791   39.69677   -0.00209    1.62147       -7632.51440
  Nb       38   40.90031   39.59917   -0.09969    1.72077       -7632.58169
  Nb       39   41.01132   39.71018    0.01132    1.60993       -7632.51985
  Nb       40   40.87082   39.56968   -0.12918    1.75960       -7632.61136
  Nb       41   41.01559   39.71446    0.01559    1.61200       -7632.51374
  Nb       42   40.93364   39.63250   -0.06636    1.69445       -7632.56748
  Nb       43   40.77994   39.47881   -0.22006    1.84642       -7632.65867
  Nb       44   40.94852   39.64738   -0.05148    1.67357       -7632.55226
  Nb       45   41.10397   39.80283    0.10397    1.52320       -7632.46568
  Nb       46   40.75931   39.45817   -0.24069    1.86206       -7632.66071
  Nb       47   40.91596   39.61482   -0.08404    1.70820       -7632.57028
  Nb       48   40.84290   39.54177   -0.15710    1.78168       -7632.61449
  Nb       49   40.89064   39.58950   -0.10936    1.72952       -7632.58208
  Nb       50   40.86461   39.56347   -0.13539    1.76044       -7632.60268
  Nb       51   40.82250   39.52136   -0.17750    1.80503       -7632.62813
  Nb       52   40.77823   39.47710   -0.22177    1.84656       -7632.65460
  Nb       53   40.96200   39.66087   -0.03800    1.66733       -7632.55206
  Nb       54   40.89478   39.59365   -0.10522    1.72796       -7632.58488
  Nb       55   40.77385   39.47271   -0.22615    1.85480       -7632.66571
  Nb       56   40.97722   39.67608   -0.02278    1.64688       -7632.53108
  Nb       57   40.86828   39.56715   -0.13172    1.76184       -7632.61306
  Nb       58   40.91941   39.61827   -0.08059    1.71056       -7632.57948
  Nb       59   40.84499   39.54386   -0.15501    1.78047       -7632.61641
  Nb       60   40.76207   39.46093   -0.23793    1.86192       -7632.66724
  Nb       61   40.85228   39.55114   -0.14772    1.77086       -7632.60307
  Nb       62   40.81450   39.51336   -0.18550    1.81507       -7632.65183
  Nb       63   40.91090   39.60977   -0.08910    1.71308       -7632.56965
  Nb       64   41.11785   39.81671    0.11785    1.51405       -7632.45706
  Mo       65   42.16297   40.86183    0.16297    1.54952       -8090.50207
  Mo       66   42.17110   40.86996    0.17110    1.55066       -8090.50285
  Mo       67   42.16118   40.86004    0.16118    1.55375       -8090.51376
  Mo       68   41.95267   40.65154   -0.04733    1.76889       -8090.63052
  Mo       69   41.96303   40.66189   -0.03697    1.76243       -8090.63620
  Mo       70   42.08285   40.78171    0.08285    1.63333       -8090.54487
  Mo       71   42.12675   40.82561    0.12675    1.58160       -8090.51164
  Mo       72   41.98126   40.68012   -0.01874    1.73637       -8090.61580
  Mo       73   42.10024   40.79910    0.10024    1.61723       -8090.54491
  Mo       74   41.85436   40.55322   -0.14564    1.87112       -8090.69279
  Mo       75   42.10085   40.79971    0.10085    1.61692       -8090.54472
  Mo       76   42.05876   40.75762    0.05876    1.65859       -8090.57021
  Mo       77   42.00748   40.70634    0.00748    1.71261       -8090.59738
  Mo       78   42.05954   40.75840    0.05954    1.66246       -8090.56860
  Mo       79   41.92449   40.62335   -0.07551    1.80017       -8090.64424
  Mo       80   41.97896   40.67782   -0.02104    1.74627       -8090.62738
  Mo       81   41.99151   40.69037   -0.00849    1.72343       -8090.59665
  Mo       82   42.01721   40.71607    0.01721    1.71023       -8090.60307
  Mo       83   41.96797   40.66683   -0.03203    1.75392       -8090.62623
  Mo       84   42.12663   40.82549    0.12663    1.58791       -8090.51985
  Mo       85   41.99546   40.69432   -0.00454    1.72809       -8090.61268
  Mo       86   41.89344   40.59230   -0.10656    1.83765       -8090.68676
  Mo       87   42.08983   40.78869    0.08983    1.63078       -8090.55439
  Mo       88   42.07314   40.77200    0.07314    1.64905       -8090.57104
  Mo       89   42.04792   40.74679    0.04792    1.67162       -8090.57894
  Mo       90   41.99888   40.69775   -0.00112    1.71569       -8090.59584
  Mo       91   42.07093   40.76979    0.07093    1.64625       -8090.57342
  Mo       92   42.15096   40.84982    0.15096    1.56854       -8090.51618
  Mo       93   41.99775   40.69662   -0.00225    1.71923       -8090.59783
  Mo       94   42.04391   40.74277    0.04391    1.67575       -8090.56721
  Mo       95   42.19059   40.88945    0.19059    1.52854       -8090.49942
  Mo       96   41.95634   40.65520   -0.04366    1.76514       -8090.63152
  Ta       97   72.89877   71.59764   -0.10123    1.64502      -31232.85490
  Ta       98   72.76620   71.46506   -0.23380    1.76807      -31232.92780
  Ta       99   72.78357   71.48243   -0.21643    1.75194      -31232.91346
  Ta      100   72.77232   71.47118   -0.22768    1.76037      -31232.91904
  Ta      101   72.89470   71.59356   -0.10530    1.63895      -31232.83544
  Ta      102   72.57546   71.27432   -0.42454    1.96124      -31233.04196
  Ta      103   72.97237   71.67123   -0.02763    1.56696      -31232.80215
  Ta      104   72.82288   71.52174   -0.17712    1.70864      -31232.88591
  Ta      105   72.85872   71.55758   -0.14128    1.66734      -31232.85758
  Ta      106   72.75192   71.45078   -0.24808    1.78321      -31232.92789
  Ta      107   72.82227   71.52113   -0.17773    1.71406      -31232.89415
  Ta      108   72.73005   71.42891   -0.26995    1.80100      -31232.94782
  Ta      109   72.77913   71.47800   -0.22087    1.74897      -31232.89386
  Ta      110   72.77883   71.47769   -0.22117    1.75320      -31232.91625
  Ta      111   72.63734   71.33620   -0.36266    1.89445      -31233.01227
  Ta      112   72.64365   71.34252   -0.35635    1.88858      -31232.99644
  Ta      113   72.82556   71.52442   -0.17444    1.71728      -31232.89648
  Ta      114   72.62511   71.32397   -0.37489    1.90548      -31232.99685
  Ta      115   72.78815   71.48701   -0.21185    1.74487      -31232.91649
  Ta      116   72.63947   71.33833   -0.36053    1.89070      -31233.00708
  Ta      117   72.56917   71.26803   -0.43083    1.96313      -31233.05149
  Ta      118   72.72105   71.41991   -0.27895    1.81261      -31232.94956
  Ta      119   72.73514   71.43400   -0.26486    1.79486      -31232.93215
  Ta      120   72.84687   71.54573   -0.15313    1.68448      -31232.86587
  Ta      121   72.59695   71.29581   -0.40305    1.93222      -31233.02923
  Ta      122   72.81268   71.51154   -0.18732    1.72020      -31232.89667
  Ta      123   72.60071   71.29957   -0.39929    1.92736      -31233.02525
  Ta      124   72.88694   71.58580   -0.11306    1.64628      -31232.84349
  Ta      125   72.83620   71.53506   -0.16380    1.70106      -31232.88509
  Ta      126   72.63494   71.33380   -0.36506    1.89841      -31233.00885
  Ta      127   72.68698   71.38584   -0.31302    1.85016      -31232.96826
  Ta      128   72.70366   71.40253   -0.29634    1.83967      -31232.97396
  V       129   23.54631   22.24517    0.54631    1.39797       -1895.14844
  V       130   23.43540   22.13427    0.43540    1.51047       -1895.20728
  V       131   23.47566   22.17453    0.47566    1.47164       -1895.18149
  V       132   23.59596   22.29482    0.59596    1.34457       -1895.11797
  V       133   23.51586   22.21472    0.51586    1.42769       -1895.15103
  V       134   23.43093   22.12979    0.43093    1.51407       -1895.20895
  V       135   23.55440   22.25326    0.55440    1.38811       -1895.14667
  V       136   23.32955   22.02841    0.32955    1.62255       -1895.26709
  V       137   23.37735   22.07621    0.37735    1.56894       -1895.24376
  V       138   23.40647   22.10534    0.40647    1.54319       -1895.22923
  V       139   23.51620   22.21507    0.51620    1.42673       -1895.16327
  V       140   23.43223   22.13109    0.43223    1.51851       -1895.21226
  V       141   23.50349   22.20235    0.50349    1.44408       -1895.16503
  V       142   23.37168   22.07054    0.37168    1.58305       -1895.25896
  V       143   23.54407   22.24293    0.54407    1.39916       -1895.15066
  V       144   23.45404   22.15291    0.45404    1.49012       -1895.21075
  V       145   23.40337   22.10223    0.40337    1.54833       -1895.23790
  V       146   23.45988   22.15874    0.45988    1.49142       -1895.21538
  V       147   23.44174   22.14061    0.44174    1.51031       -1895.20530
  V       148   23.49517   22.19403    0.49517    1.44710       -1895.16940
  V       149   23.51726   22.21612    0.51726    1.42568       -1895.16404
  V       150   23.48221   22.18107    0.48221    1.46400       -1895.18772
  V       151   23.33576   22.03462    0.33576    1.61669       -1895.27739
  V       152   23.42457   22.12343    0.42457    1.52331       -1895.21824
  V       153   23.40139   22.10026    0.40139    1.54689       -1895.23671
  V       154   23.54989   22.24875    0.54989    1.39228       -1895.15078
  V       155   23.47788   22.17674    0.47788    1.46478       -1895.16785
  V       156   23.33968   22.03854    0.33968    1.60923       -1895.26823
  V       157   23.45557   22.15443    0.45557    1.48958       -1895.20518
  V       158   23.42739   22.12625    0.42739    1.51805       -1895.22728
  V       159   23.46972   22.16858    0.46972    1.47742       -1895.19825
  V       160   23.45714   22.15600    0.45714    1.48860       -1895.19787
