System Description            : WNbMoTaV, BCC structure                         
Number of Atoms in Unit Cell  : 80                                              
Number of Atomic Species      : 5                                               
Number of Atoms in Each Type  : 16(W), 16(Nb), 16(Mo), 16(Ta), 16(V)            
Energy Offset                 : -16231                                          
=======================================================================================
    Iter     Energy      3PV     Efermi   Rms_rho    Rms_pot   Mix  Alg  Alpha 
---------------------------------------------------------------------------------------
**       1  -0.877036  1838.968  0.58882  0.140E+01  0.119E+00  pot  B   0.1000
         2  -1.210698  1816.484  0.59701  0.773E-02  0.192E+00  pot  B   0.1000
         3  -1.313567  1803.104  0.60947  0.436E-02  0.366E+00  pot  B   0.1000
         4  -1.386701  1791.736  0.61219  0.410E-02  0.416E+00  pot  B   0.1000
         5  -1.571301  1771.233  0.62127  0.684E-02  0.232E+00  pot  B   0.1000
         6  -1.644187  1748.587  0.62734  0.764E-02  0.358E+00  pot  B   0.1000
         7  -1.692887  1737.953  0.63291  0.373E-02  0.161E+00  pot  B   0.1000
         8  -1.709958  1732.140  0.63456  0.220E-02  0.138E+00  pot  B   0.1000
         9  -1.728773  1726.702  0.63808  0.259E-02  0.672E-01  pot  B   0.1000
        10  -1.742948  1720.006  0.64030  0.335E-02  0.731E-01  pot  B   0.1000
        11  -1.752945  1712.590  0.64146  0.388E-02  0.541E-01  pot  B   0.1000
        12  -1.756377  1709.136  0.64221  0.188E-02  0.447E-01  pot  B   0.1000
        13  -1.757912  1708.190  0.64321  0.622E-03  0.137E-01  pot  B   0.1000
        14  -1.758234  1707.541  0.64411  0.476E-03  0.784E-02  pot  B   0.1000
        15  -1.758352  1707.227  0.64478  0.225E-03  0.713E-02  pot  B   0.1000
        16  -1.758545  1707.161  0.64614  0.289E-03  0.458E-02  pot  B   0.1000
        17  -1.758690  1706.946  0.64799  0.356E-03  0.456E-02  pot  B   0.1000
        18  -1.758691  1706.965  0.64875  0.118E-03  0.625E-02  pot  B   0.1000
        19  -1.758714  1706.887  0.64919  0.828E-04  0.255E-02  pot  B   0.1000
        20  -1.758719  1706.921  0.64931  0.383E-04  0.168E-02  pot  B   0.1000
        21  -1.758722  1706.889  0.64942  0.381E-04  0.208E-02  pot  B   0.1000
        22  -1.758725  1706.889  0.64950  0.288E-04  0.202E-02  pot  B   0.1000
        23  -1.758726  1706.883  0.64954  0.206E-04  0.129E-02  pot  B   0.1000
        24  -1.758727  1706.901  0.64956  0.163E-04  0.940E-03  pot  B   0.1000
        25  -1.758727  1706.876  0.64963  0.344E-04  0.624E-03  pot  B   0.1000
        26  -1.758727  1706.874  0.64965  0.939E-05  0.594E-03  pot  B   0.1000
        27  -1.758727  1706.866  0.64968  0.115E-04  0.345E-03  pot  B   0.1000
        28  -1.758726  1706.859  0.64969  0.833E-05  0.177E-03  pot  B   0.1000
        29  -1.758726  1706.852  0.64969  0.582E-05  0.130E-03  pot  B   0.1000
        30  -1.758726  1706.838  0.64972  0.979E-05  0.226E-03  pot  B   0.1000
        31  -1.758726  1706.836  0.64972  0.212E-05  0.235E-03  pot  B   0.1000
        32  -1.758726  1706.831  0.64974  0.426E-05  0.119E-03  pot  B   0.1000
        33  -1.758726  1706.826  0.64975  0.268E-05  0.850E-04  pot  B   0.1000
        34  -1.758726  1706.821  0.64977  0.312E-05  0.144E-03  pot  B   0.1000
        35  -1.758727  1706.819  0.64978  0.219E-05  0.127E-03  pot  B   0.1000
        36  -1.758727  1706.815  0.64979  0.224E-05  0.103E-03  pot  B   0.1000
        37  -1.758727  1706.813  0.64980  0.134E-05  0.266E-04  pot  B   0.1000
        38  -1.758727  1706.812  0.64980  0.834E-06  0.381E-04  pot  B   0.1000
        39  -1.758727  1706.811  0.64981  0.945E-06  0.331E-04  pot  B   0.1000
        40  -1.758727  1706.811  0.64981  0.654E-06  0.206E-04  pot  B   0.1000
        41  -1.758727  1706.811  0.64981  0.453E-06  0.236E-04  pot  B   0.1000
        42  -1.758727  1706.811  0.64981  0.362E-06  0.131E-04  pot  B   0.1000
        43  -1.758727  1706.811  0.64981  0.172E-06  0.885E-05  pot  B   0.1000
        44  -1.758727  1706.811  0.64981  0.116E-06  0.852E-05  pot  B   0.1000
        45  -1.758727  1706.812  0.64981  0.107E-06  0.487E-05  pot  B   0.1000
        46  -1.758727  1706.812  0.64981  0.686E-07  0.427E-05  pot  B   0.1000
        47  -1.758727  1706.812  0.64982  0.130E-06  0.317E-05  pot  B   0.1000
        48  -1.758727  1706.812  0.64982  0.639E-07  0.473E-05  pot  B   0.1000
        49  -1.758727  1706.812  0.64982  0.989E-07  0.283E-05  pot  B   0.1000
        50  -1.758727  1706.812  0.64982  0.470E-07  0.207E-05  pot  B   0.1000
        51  -1.758727  1706.812  0.64982  0.288E-07  0.131E-05  pot  B   0.1000
        52  -1.758727  1706.812  0.64982  0.282E-07  0.101E-05  pot  B   0.1000
        53  -1.758727  1706.812  0.64982  0.231E-07  0.931E-06  pot  B   0.1000
        54  -1.758727  1706.812  0.64982  0.246E-07  0.712E-06  pot  B   0.1000
        55  -1.758727  1706.812  0.64982  0.207E-07  0.831E-06  pot  B   0.1000
        56  -1.758727  1706.812  0.64982  0.981E-08  0.590E-06  pot  B   0.1000
        57  -1.758727  1706.812  0.64982  0.101E-07  0.426E-06  pot  B   0.1000
        58  -1.758727  1706.812  0.64982  0.629E-08  0.544E-06  pot  B   0.1000
        59  -1.758727  1706.812  0.64982  0.488E-08  0.227E-06  pot  B   0.1000
        60  -1.758727  1706.812  0.64982  0.271E-08  0.173E-06  pot  B   0.1000
        61  -1.758727  1706.812  0.64982  0.262E-08  0.911E-07  pot  B   0.1000
        62  -1.758727  1706.812  0.64982  0.176E-08  0.672E-07  pot  B   0.1000
        63  -1.758727  1706.812  0.64982  0.148E-08  0.896E-07  pot  B   0.1000
        64  -1.758727  1706.812  0.64982  0.107E-08  0.562E-07  pot  B   0.1000
        65  -1.758727  1706.812  0.64982  0.152E-08  0.323E-07  pot  B   0.1000
        66  -1.758727  1706.812  0.64982  0.107E-08  0.242E-07  pot  B   0.1000
        67  -1.758727  1706.812  0.64982  0.110E-08  0.185E-07  pot  B   0.1000
        68  -1.758727  1706.812  0.64982  0.906E-09  0.221E-07  pot  B   0.1000
        69  -1.758727  1706.812  0.64982  0.787E-09  0.474E-07  pot  B   0.1000
        70  -1.758727  1706.812  0.64982  0.525E-09  0.279E-07  pot  B   0.1000
        71  -1.758727  1706.812  0.64982  0.410E-09  0.214E-07  pot  B   0.1000
        72  -1.758727  1706.812  0.64982  0.288E-09  0.123E-07  pot  B   0.1000
        73  -1.758727  1706.812  0.64982  0.181E-09  0.726E-08  pot  B   0.1000
**      74  -1.758727  1706.812  0.64982  0.113E-11  0.726E-08  pot  B   0.1000
