System Description            : WNbMoTaTi, BCC structure                        
Number of Atoms in Unit Cell  : 40                                              
Number of Atomic Species      : 5                                               
Number of Atoms in Each Type  : 8(W), 8(Nb), 8(Mo), 8(Ta), 8(Ti)                
Energy Offset                 : -16193                                          
=======================================================================================
    Iter     Energy      3PV     Efermi   Rms_rho    Rms_pot   Mix  Alg  Alpha 
---------------------------------------------------------------------------------------
**       1  -0.748849  1839.832  0.53224  0.140E+01  0.212E+00  pot  B   0.1000
         2  -0.413787  1817.305  0.57811  0.788E-02  0.875E+00  pot  B   0.1000
         3  -1.103768  1814.255  0.57758  0.193E-02  0.135E+00  pot  B   0.1000
         4  -1.229621  1787.189  0.59702  0.889E-02  0.413E+00  pot  B   0.1000
         5  -1.402386  1772.886  0.60512  0.477E-02  0.238E+00  pot  B   0.1000
         6  -1.528649  1747.675  0.62298  0.841E-02  0.103E+00  pot  B   0.1000
         7  -1.556595  1732.822  0.63426  0.528E-02  0.753E-01  pot  B   0.1000
         8  -1.579979  1724.320  0.64223  0.396E-02  0.287E-01  pot  B   0.1000
         9  -1.594753  1716.685  0.64853  0.394E-02  0.190E-01  pot  B   0.1000
        10  -1.601991  1708.958  0.65478  0.423E-02  0.298E-01  pot  B   0.1000
        11  -1.603029  1706.784  0.65669  0.129E-02  0.118E-01  pot  B   0.1000
        12  -1.603198  1706.455  0.65750  0.302E-03  0.790E-02  pot  B   0.1000
        13  -1.603367  1706.227  0.65861  0.321E-03  0.491E-02  pot  B   0.1000
        14  -1.603445  1706.120  0.65955  0.175E-03  0.393E-02  pot  B   0.1000
        15  -1.603559  1706.211  0.66119  0.335E-03  0.741E-03  pot  B   0.1000
        16  -1.603543  1706.182  0.66156  0.638E-04  0.125E-02  pot  B   0.1000
        17  -1.603546  1706.184  0.66173  0.263E-04  0.317E-03  pot  B   0.1000
        18  -1.603550  1706.180  0.66191  0.293E-04  0.246E-03  pot  B   0.1000
        19  -1.603552  1706.187  0.66206  0.261E-04  0.149E-03  pot  B   0.1000
        20  -1.603552  1706.194  0.66209  0.946E-05  0.139E-03  pot  B   0.1000
        21  -1.603552  1706.209  0.66210  0.811E-05  0.893E-04  pot  B   0.1000
        22  -1.603552  1706.213  0.66210  0.500E-05  0.451E-04  pot  B   0.1000
        23  -1.603552  1706.211  0.66211  0.128E-05  0.257E-04  pot  B   0.1000
        24  -1.603552  1706.205  0.66212  0.204E-05  0.127E-04  pot  B   0.1000
        25  -1.603552  1706.202  0.66213  0.122E-05  0.721E-05  pot  B   0.1000
        26  -1.603552  1706.202  0.66213  0.442E-06  0.722E-05  pot  B   0.1000
        27  -1.603552  1706.203  0.66213  0.603E-06  0.427E-05  pot  B   0.1000
        28  -1.603552  1706.205  0.66213  0.772E-06  0.221E-05  pot  B   0.1000
        29  -1.603552  1706.206  0.66213  0.182E-06  0.135E-05  pot  B   0.1000
        30  -1.603552  1706.206  0.66213  0.553E-07  0.146E-05  pot  B   0.1000
        31  -1.603552  1706.206  0.66214  0.975E-07  0.666E-06  pot  B   0.1000
        32  -1.603552  1706.206  0.66214  0.553E-07  0.709E-06  pot  B   0.1000
        33  -1.603552  1706.206  0.66214  0.227E-07  0.570E-06  pot  B   0.1000
        34  -1.603552  1706.206  0.66214  0.489E-07  0.319E-06  pot  B   0.1000
        35  -1.603552  1706.206  0.66214  0.293E-07  0.301E-06  pot  B   0.1000
        36  -1.603552  1706.206  0.66214  0.132E-07  0.280E-06  pot  B   0.1000
        37  -1.603552  1706.206  0.66214  0.103E-07  0.886E-07  pot  B   0.1000
        38  -1.603552  1706.206  0.66214  0.541E-08  0.591E-07  pot  B   0.1000
        39  -1.603552  1706.206  0.66214  0.495E-08  0.364E-07  pot  B   0.1000
        40  -1.603552  1706.206  0.66214  0.274E-08  0.178E-07  pot  B   0.1000
        41  -1.603552  1706.206  0.66214  0.777E-09  0.186E-07  pot  B   0.1000
        42  -1.603552  1706.206  0.66214  0.100E-08  0.134E-07  pot  B   0.1000
        43  -1.603552  1706.206  0.66214  0.957E-09  0.737E-08  pot  B   0.1000
**      44  -1.603552  1706.206  0.66214  0.415E-12  0.737E-08  pot  B   0.1000
