 Atom   Index      Q          Qmt        dQ        Vmad        Local Energy
  W         1   73.87894   72.57424   -0.12106    1.73996      -32312.50588
  W         2   73.93936   72.63465   -0.06064    1.67549      -32312.47359
  W         3   73.87130   72.56660   -0.12870    1.74598      -32312.51781
  W         4   73.93248   72.62778   -0.06752    1.69109      -32312.48272
  W         5   73.84360   72.53889   -0.15640    1.76985      -32312.52539
  W         6   73.85074   72.54603   -0.14926    1.76435      -32312.52519
  W         7   73.91049   72.60579   -0.08951    1.70643      -32312.48825
  W         8   73.87294   72.56824   -0.12706    1.75187      -32312.53218
  W         9   73.90658   72.60188   -0.09342    1.71780      -32312.50829
  W        10   73.84755   72.54285   -0.15245    1.78065      -32312.54921
  W        11   73.84505   72.54035   -0.15495    1.77107      -32312.54290
  W        12   73.87713   72.57243   -0.12287    1.74894      -32312.52490
  W        13   73.87925   72.57454   -0.12075    1.72766      -32312.49136
  W        14   73.96057   72.65586   -0.03943    1.65753      -32312.46494
  W        15   73.90245   72.59775   -0.09755    1.72660      -32312.51803
  W        16   73.86111   72.55641   -0.13889    1.75249      -32312.51812
  W        17   73.98309   72.67839   -0.01691    1.64073      -32312.46078
  W        18   73.84234   72.53764   -0.15766    1.77728      -32312.53533
  W        19   73.88548   72.58077   -0.11452    1.73266      -32312.50698
  W        20   73.89220   72.58749   -0.10780    1.71915      -32312.49350
  W        21   73.84720   72.54250   -0.15280    1.77660      -32312.54440
  W        22   73.93563   72.63092   -0.06437    1.68977      -32312.48700
  W        23   73.84853   72.54383   -0.15147    1.77903      -32312.54910
  W        24   73.89261   72.58790   -0.10739    1.73135      -32312.51488
  W        25   73.86824   72.56353   -0.13176    1.75692      -32312.53201
  W        26   73.74341   72.43871   -0.25659    1.87378      -32312.60487
  W        27   73.91122   72.60652   -0.08878    1.71259      -32312.50010
  W        28   73.88674   72.58203   -0.11326    1.73217      -32312.51018
  W        29   73.91421   72.60951   -0.08579    1.69264      -32312.48606
  W        30   73.95724   72.65254   -0.04276    1.66048      -32312.46363
  W        31   73.87768   72.57298   -0.12232    1.74753      -32312.53203
  W        32   73.90137   72.59666   -0.09863    1.71721      -32312.50436
  W        33   73.91762   72.61292   -0.08238    1.70910      -32312.51056
  W        34   73.85432   72.54961   -0.14568    1.76737      -32312.53843
  W        35   73.88584   72.58113   -0.11416    1.72353      -32312.49995
  W        36   73.76735   72.46265   -0.23265    1.85562      -32312.59162
  W        37   73.91125   72.60654   -0.08875    1.69440      -32312.47350
  W        38   73.95792   72.65322   -0.04208    1.65311      -32312.44684
  W        39   73.86893   72.56423   -0.13107    1.74249      -32312.50801
  W        40   73.83074   72.52604   -0.16926    1.79542      -32312.55345
  W        41   73.93770   72.63300   -0.06230    1.68064      -32312.47910
  W        42   73.87730   72.57259   -0.12270    1.73748      -32312.50642
  W        43   73.85654   72.55184   -0.14346    1.76700      -32312.53804
  W        44   73.84757   72.54287   -0.15243    1.77132      -32312.53434
  W        45   73.82336   72.51866   -0.17664    1.79283      -32312.54310
  W        46   73.89003   72.58532   -0.10997    1.72351      -32312.49765
  W        47   73.79073   72.48602   -0.20927    1.82215      -32312.56540
  W        48   73.72072   72.41602   -0.27928    1.89966      -32312.62118
  W        49   73.91627   72.61157   -0.08373    1.69988      -32312.49091
  W        50   73.88699   72.58229   -0.11301    1.73136      -32312.51118
  W        51   73.77603   72.47132   -0.22397    1.85184      -32312.59617
  W        52   73.84214   72.53743   -0.15786    1.78307      -32312.54711
  W        53   73.91936   72.61465   -0.08064    1.69800      -32312.48883
  W        54   73.92942   72.62472   -0.07058    1.67673      -32312.47077
  W        55   73.79772   72.49302   -0.20228    1.83650      -32312.58904
  W        56   73.96969   72.66498   -0.03031    1.64586      -32312.45081
  W        57   73.86850   72.56380   -0.13150    1.73687      -32312.50355
  W        58   73.79278   72.48808   -0.20722    1.82414      -32312.57081
  W        59   73.91558   72.61088   -0.08442    1.70446      -32312.49475
  W        60   73.82801   72.52330   -0.17199    1.79033      -32312.55337
  W        61   73.90855   72.60384   -0.09145    1.70802      -32312.48760
  W        62   73.84825   72.54355   -0.15175    1.77620      -32312.54298
  W        63   73.94820   72.64349   -0.05180    1.66576      -32312.46614
  W        64   73.85069   72.54599   -0.14931    1.76687      -32312.53338
  Nb       65   40.95798   39.65328   -0.04202    1.68605       -7632.56814
  Nb       66   40.97347   39.66877   -0.02653    1.67067       -7632.55719
  Nb       67   40.88807   39.58336   -0.11193    1.75363       -7632.61437
  Nb       68   40.89221   39.58750   -0.10779    1.75411       -7632.61989
  Nb       69   40.92410   39.61940   -0.07590    1.71958       -7632.58963
  Nb       70   40.92999   39.62529   -0.07001    1.72422       -7632.60531
  Nb       71   40.78689   39.48219   -0.21311    1.85945       -7632.67602
  Nb       72   40.85095   39.54624   -0.14905    1.80104       -7632.64728
  Nb       73   40.87912   39.57442   -0.12088    1.75959       -7632.60898
  Nb       74   41.00657   39.70187    0.00657    1.64430       -7632.54723
  Nb       75   41.02074   39.71603    0.02074    1.62971       -7632.55014
  Nb       76   40.88171   39.57701   -0.11829    1.76357       -7632.63251
  Nb       77   40.98480   39.68010   -0.01520    1.66250       -7632.55811
  Nb       78   40.91184   39.60713   -0.08816    1.73540       -7632.61220
  Nb       79   40.86220   39.55749   -0.13780    1.78612       -7632.63753
  Nb       80   40.91840   39.61369   -0.08160    1.72758       -7632.59348
  Nb       81   41.03668   39.73198    0.03668    1.60947       -7632.52682
  Nb       82   40.86724   39.56254   -0.13276    1.78670       -7632.63920
  Nb       83   40.98498   39.68028   -0.01502    1.65882       -7632.56787
  Nb       84   40.89657   39.59187   -0.10343    1.74429       -7632.60830
  Nb       85   41.00962   39.70492    0.00962    1.63558       -7632.53996
  Nb       86   40.94431   39.63961   -0.05569    1.70196       -7632.58645
  Nb       87   40.97446   39.66975   -0.02554    1.67847       -7632.58075
  Nb       88   40.99836   39.69366   -0.00164    1.64891       -7632.55635
  Nb       89   40.96263   39.65792   -0.03737    1.68581       -7632.58337
  Nb       90   40.90365   39.59895   -0.09635    1.74999       -7632.62076
  Nb       91   40.82383   39.51913   -0.17617    1.82299       -7632.66219
  Nb       92   40.84972   39.54502   -0.15028    1.79352       -7632.62942
  Nb       93   40.87049   39.56579   -0.12951    1.77489       -7632.63161
  Nb       94   41.00763   39.70293    0.00763    1.64558       -7632.54668
  Nb       95   41.00079   39.69609    0.00079    1.65044       -7632.55750
  Nb       96   40.97700   39.67229   -0.02300    1.67254       -7632.56634
  Nb       97   40.87122   39.56652   -0.12878    1.78680       -7632.64199
  Nb       98   41.01791   39.71321    0.01791    1.63159       -7632.54840
  Nb       99   40.90754   39.60283   -0.09246    1.73809       -7632.60300
  Nb      100   40.98852   39.68381   -0.01148    1.65645       -7632.55791
  Nb      101   40.86638   39.56168   -0.13362    1.78366       -7632.63994
  Nb      102   40.85554   39.55084   -0.14446    1.79313       -7632.63727
  Nb      103   40.92567   39.62097   -0.07433    1.71912       -7632.58778
  Nb      104   40.88621   39.58150   -0.11379    1.76143       -7632.62417
  Nb      105   40.99890   39.69419   -0.00110    1.65832       -7632.56876
  Nb      106   40.92816   39.62345   -0.07184    1.72481       -7632.60303
  Nb      107   40.96485   39.66014   -0.03515    1.68163       -7632.56515
  Nb      108   40.93402   39.62932   -0.06598    1.71821       -7632.59766
  Nb      109   40.95818   39.65348   -0.04182    1.68833       -7632.57808
  Nb      110   40.94364   39.63894   -0.05636    1.71194       -7632.59704
  Nb      111   40.90500   39.60030   -0.09500    1.73861       -7632.59596
  Nb      112   41.00147   39.69677    0.00147    1.65082       -7632.55387
  Nb      113   41.01548   39.71077    0.01548    1.64087       -7632.55226
  Nb      114   41.02379   39.71908    0.02379    1.62371       -7632.54090
  Nb      115   40.91995   39.61524   -0.08005    1.73078       -7632.60223
  Nb      116   41.00669   39.70199    0.00669    1.63640       -7632.54594
  Nb      117   40.97596   39.67126   -0.02404    1.67323       -7632.57672
  Nb      118   40.86569   39.56099   -0.13431    1.77815       -7632.63451
  Nb      119   40.90957   39.60486   -0.09043    1.74526       -7632.62110
  Nb      120   40.91875   39.61405   -0.08125    1.73182       -7632.60871
  Nb      121   40.99426   39.68956   -0.00574    1.66133       -7632.56699
  Nb      122   40.99925   39.69455   -0.00075    1.64933       -7632.55435
  Nb      123   41.04242   39.73771    0.04242    1.60314       -7632.52118
  Nb      124   40.94154   39.63683   -0.05846    1.70150       -7632.57157
  Nb      125   40.88803   39.58333   -0.11197    1.76538       -7632.62942
  Nb      126   40.91140   39.60670   -0.08860    1.73460       -7632.59883
  Nb      127   40.87440   39.56969   -0.12560    1.77717       -7632.64011
  Nb      128   40.99466   39.68996   -0.00534    1.65570       -7632.56294
  Mo      129   42.10117   40.79647    0.10117    1.63586       -8090.56962
  Mo      130   42.11715   40.81245    0.11715    1.63297       -8090.57636
  Mo      131   42.08157   40.77686    0.08157    1.66811       -8090.60213
  Mo      132   41.98523   40.68052   -0.01477    1.76289       -8090.65192
  Mo      133   42.09275   40.78804    0.09275    1.65155       -8090.58531
  Mo      134   42.17111   40.86641    0.17111    1.56889       -8090.53789
  Mo      135   42.06332   40.75861    0.06332    1.69379       -8090.62521
  Mo      136   42.09343   40.78873    0.09343    1.65212       -8090.59087
  Mo      137   41.99691   40.69220   -0.00309    1.75543       -8090.65730
  Mo      138   42.12351   40.81880    0.12351    1.62257       -8090.57273
  Mo      139   42.19989   40.89519    0.19989    1.54588       -8090.52235
  Mo      140   42.11784   40.81314    0.11784    1.62176       -8090.56647
  Mo      141   42.07307   40.76837    0.07307    1.67120       -8090.59604
  Mo      142   42.13629   40.83159    0.13629    1.61431       -8090.56893
  Mo      143   42.04133   40.73662    0.04133    1.71266       -8090.63154
  Mo      144   42.06406   40.75936    0.06406    1.67257       -8090.59746
  Mo      145   42.12872   40.82402    0.12872    1.60750       -8090.54600
  Mo      146   42.10605   40.80135    0.10605    1.64253       -8090.58443
  Mo      147   42.04235   40.73765    0.04235    1.69996       -8090.60992
  Mo      148   42.05419   40.74948    0.05419    1.68994       -8090.60525
  Mo      149   42.00796   40.70325    0.00796    1.72420       -8090.61866
  Mo      150   42.06593   40.76122    0.06593    1.68311       -8090.61231
  Mo      151   42.11574   40.81103    0.11574    1.61876       -8090.55698
  Mo      152   42.14809   40.84339    0.14809    1.58422       -8090.54031
  Mo      153   42.13508   40.83038    0.13508    1.60059       -8090.54250
  Mo      154   42.07421   40.76951    0.07421    1.67277       -8090.60451
  Mo      155   42.10515   40.80044    0.10515    1.64040       -8090.57223
  Mo      156   42.03883   40.73413    0.03883    1.70301       -8090.61374
  Mo      157   42.16710   40.86239    0.16710    1.58132       -8090.54910
  Mo      158   41.97566   40.67095   -0.02434    1.77919       -8090.67088
  Mo      159   42.14021   40.83551    0.14021    1.60085       -8090.55918
  Mo      160   41.91714   40.61243   -0.08286    1.83312       -8090.69657
  Mo      161   42.07756   40.77286    0.07756    1.66311       -8090.59110
  Mo      162   42.12246   40.81776    0.12246    1.62118       -8090.57037
  Mo      163   41.97606   40.67136   -0.02394    1.76604       -8090.64506
  Mo      164   42.06466   40.75996    0.06466    1.68469       -8090.61160
  Mo      165   42.13080   40.82610    0.13080    1.61152       -8090.55552
  Mo      166   42.09627   40.79157    0.09627    1.64615       -8090.58854
  Mo      167   42.15486   40.85015    0.15486    1.58733       -8090.54785
  Mo      168   42.11795   40.81325    0.11795    1.62018       -8090.55539
  Mo      169   42.14164   40.83693    0.14164    1.59472       -8090.55149
  Mo      170   42.08030   40.77560    0.08030    1.65985       -8090.58890
  Mo      171   42.07568   40.77098    0.07568    1.68219       -8090.62072
  Mo      172   42.13704   40.83234    0.13704    1.60292       -8090.55562
  Mo      173   42.06951   40.76480    0.06951    1.67531       -8090.59629
  Mo      174   42.08819   40.78348    0.08819    1.65258       -8090.58314
  Mo      175   42.00280   40.69809    0.00280    1.74840       -8090.65042
  Mo      176   42.05962   40.75491    0.05962    1.68832       -8090.60577
  Mo      177   41.98460   40.67989   -0.01540    1.76849       -8090.65963
  Mo      178   42.15482   40.85011    0.15482    1.58384       -8090.53239
  Mo      179   42.13528   40.83058    0.13528    1.60556       -8090.55451
  Mo      180   42.15686   40.85215    0.15686    1.57954       -8090.54496
  Mo      181   42.18124   40.87653    0.18124    1.55779       -8090.52161
  Mo      182   42.10230   40.79759    0.10230    1.64576       -8090.57733
  Mo      183   42.09443   40.78973    0.09443    1.65459       -8090.59132
  Mo      184   42.07452   40.76982    0.07452    1.66856       -8090.58886
  Mo      185   41.95877   40.65407   -0.04123    1.79384       -8090.68336
  Mo      186   42.19086   40.88616    0.19086    1.54912       -8090.51922
  Mo      187   42.16006   40.85535    0.16006    1.58519       -8090.55135
  Mo      188   42.03479   40.73008    0.03479    1.71426       -8090.62417
  Mo      189   42.11425   40.80955    0.11425    1.63027       -8090.56668
  Mo      190   42.00616   40.70145    0.00616    1.74320       -8090.64443
  Mo      191   42.08929   40.78458    0.08929    1.65831       -8090.58761
  Mo      192   42.13535   40.83064    0.13535    1.59704       -8090.53711
  Ta      193   72.84736   71.54265   -0.15264    1.71514      -31232.90821
  Ta      194   72.71508   71.41038   -0.28492    1.84426      -31232.98807
  Ta      195   72.70365   71.39895   -0.29635    1.85572      -31232.98453
  Ta      196   72.85144   71.54674   -0.14856    1.70633      -31232.88656
  Ta      197   72.72460   71.41990   -0.27540    1.83540      -31232.98169
  Ta      198   72.80056   71.49586   -0.19944    1.74962      -31232.92904
  Ta      199   72.88870   71.58400   -0.11130    1.67148      -31232.88510
  Ta      200   72.73272   71.42802   -0.26728    1.82416      -31232.96630
  Ta      201   72.85692   71.55221   -0.14308    1.69948      -31232.89234
  Ta      202   72.68465   71.37995   -0.31535    1.86493      -31232.99866
  Ta      203   72.85330   71.54860   -0.14670    1.69855      -31232.89283
  Ta      204   72.80563   71.50092   -0.19437    1.75102      -31232.92100
  Ta      205   72.72706   71.42236   -0.27294    1.83040      -31232.97573
  Ta      206   72.76395   71.45925   -0.23605    1.79513      -31232.95611
  Ta      207   72.83862   71.53392   -0.16138    1.72122      -31232.90489
  Ta      208   72.50799   71.20328   -0.49201    2.04391      -31233.09178
  Ta      209   72.67794   71.37323   -0.32206    1.88286      -31233.01001
  Ta      210   72.85138   71.54668   -0.14862    1.70973      -31232.90018
  Ta      211   72.84591   71.54120   -0.15409    1.70838      -31232.89751
  Ta      212   72.71864   71.41394   -0.28136    1.83845      -31232.97663
  Ta      213   72.78501   71.48030   -0.21499    1.77067      -31232.94226
  Ta      214   72.80420   71.49950   -0.19580    1.75127      -31232.92448
  Ta      215   72.74635   71.44165   -0.25365    1.81343      -31232.95732
  Ta      216   72.77488   71.47018   -0.22512    1.78718      -31232.95047
  Ta      217   72.75503   71.45032   -0.24497    1.80289      -31232.95587
  Ta      218   72.79893   71.49423   -0.20107    1.75770      -31232.93438
  Ta      219   72.67383   71.36912   -0.32617    1.88491      -31233.01369
  Ta      220   72.83208   71.52738   -0.16792    1.72312      -31232.91408
  Ta      221   72.81098   71.50628   -0.18902    1.75436      -31232.93651
  Ta      222   72.86886   71.56415   -0.13114    1.68815      -31232.88738
  Ta      223   72.74396   71.43925   -0.25604    1.81501      -31232.96939
  Ta      224   72.78447   71.47977   -0.21553    1.77338      -31232.93745
  Ta      225   72.88068   71.57598   -0.11932    1.68199      -31232.88496
  Ta      226   72.83527   71.53056   -0.16473    1.72306      -31232.90744
  Ta      227   72.83874   71.53404   -0.16126    1.72317      -31232.91120
  Ta      228   72.72434   71.41963   -0.27566    1.82689      -31232.96845
  Ta      229   72.69328   71.38858   -0.30672    1.86537      -31232.98981
  Ta      230   72.82253   71.51782   -0.17747    1.72728      -31232.91342
  Ta      231   72.78437   71.47966   -0.21563    1.76421      -31232.91670
  Ta      232   72.81199   71.50728   -0.18801    1.73999      -31232.91218
  Ta      233   72.77019   71.46549   -0.22981    1.78633      -31232.95343
  Ta      234   72.69632   71.39162   -0.30368    1.86326      -31232.99261
  Ta      235   72.75289   71.44819   -0.24711    1.80597      -31232.95757
  Ta      236   72.93969   71.63499   -0.06031    1.62367      -31232.84523
  Ta      237   72.71661   71.41190   -0.28339    1.84075      -31232.98984
  Ta      238   72.77560   71.47090   -0.22440    1.78387      -31232.94444
  Ta      239   72.76711   71.46240   -0.23289    1.78013      -31232.93706
  Ta      240   72.83286   71.52816   -0.16714    1.72129      -31232.89386
  Ta      241   72.73626   71.43156   -0.26374    1.82528      -31232.97088
  Ta      242   72.75251   71.44780   -0.24749    1.81132      -31232.96311
  Ta      243   72.72997   71.42527   -0.27003    1.82520      -31232.97171
  Ta      244   72.68084   71.37614   -0.31916    1.87377      -31233.00486
  Ta      245   72.80028   71.49557   -0.19972    1.75526      -31232.93606
  Ta      246   72.82673   71.52203   -0.17327    1.72655      -31232.91722
  Ta      247   72.83699   71.53228   -0.16301    1.72271      -31232.90719
  Ta      248   72.84864   71.54394   -0.15136    1.70167      -31232.88761
  Ta      249   72.71847   71.41376   -0.28153    1.84000      -31232.98418
  Ta      250   72.75595   71.45125   -0.24405    1.80372      -31232.96565
  Ta      251   72.86850   71.56379   -0.13150    1.68226      -31232.88047
  Ta      252   72.82226   71.51755   -0.17774    1.74316      -31232.93181
  Ta      253   72.80571   71.50100   -0.19429    1.75266      -31232.93296
  Ta      254   72.82315   71.51845   -0.17685    1.73667      -31232.90681
  Ta      255   72.82870   71.52400   -0.17130    1.73134      -31232.91831
  Ta      256   72.75775   71.45304   -0.24225    1.80343      -31232.96671
  Ti      257   22.18142   20.87671    0.18142    1.68696       -1704.44275
  Ti      258   22.41159   21.10688    0.41159    1.47409       -1704.35670
  Ti      259   22.34273   21.03803    0.34273    1.53514       -1704.40465
  Ti      260   22.35702   21.05232    0.35702    1.51419       -1704.37904
  Ti      261   22.34138   21.03667    0.34138    1.52797       -1704.36950
  Ti      262   22.29542   20.99071    0.29542    1.58118       -1704.40485
  Ti      263   22.16024   20.85554    0.16024    1.70248       -1704.45123
  Ti      264   22.33955   21.03484    0.33955    1.53825       -1704.39995
  Ti      265   22.35447   21.04976    0.35447    1.52001       -1704.35430
  Ti      266   22.24662   20.94191    0.24662    1.63255       -1704.44518
  Ti      267   22.39217   21.08747    0.39217    1.47310       -1704.31966
  Ti      268   22.31791   21.01321    0.31791    1.55837       -1704.38218
  Ti      269   22.41743   21.11273    0.41743    1.46065       -1704.34536
  Ti      270   22.41025   21.10554    0.41025    1.46240       -1704.33588
  Ti      271   22.21992   20.91521    0.21992    1.65331       -1704.43673
  Ti      272   22.26472   20.96002    0.26472    1.59531       -1704.36969
  Ti      273   22.32583   21.02113    0.32583    1.54939       -1704.39387
  Ti      274   22.23869   20.93399    0.23869    1.63467       -1704.42152
  Ti      275   22.27116   20.96646    0.27116    1.60248       -1704.39521
  Ti      276   22.27840   20.97370    0.27840    1.58570       -1704.37715
  Ti      277   22.30349   20.99878    0.30349    1.56994       -1704.40232
  Ti      278   22.27357   20.96887    0.27357    1.59378       -1704.40799
  Ti      279   22.42634   21.12164    0.42634    1.44167       -1704.32240
  Ti      280   22.39115   21.08645    0.39115    1.48482       -1704.34643
  Ti      281   22.41536   21.11066    0.41536    1.45952       -1704.33795
  Ti      282   22.38417   21.07947    0.38417    1.49458       -1704.37496
  Ti      283   22.32229   21.01758    0.32229    1.54729       -1704.37374
  Ti      284   22.38384   21.07914    0.38384    1.48820       -1704.35825
  Ti      285   22.36401   21.05931    0.36401    1.51228       -1704.35929
  Ti      286   22.31896   21.01426    0.31896    1.54537       -1704.37161
  Ti      287   22.35481   21.05011    0.35481    1.51985       -1704.37112
  Ti      288   22.30115   20.99645    0.30115    1.57529       -1704.39145
  Ti      289   22.31725   21.01255    0.31725    1.55470       -1704.37514
  Ti      290   22.36672   21.06201    0.36672    1.51074       -1704.38764
  Ti      291   22.28193   20.97722    0.28193    1.58802       -1704.37741
  Ti      292   22.24310   20.93840    0.24310    1.62371       -1704.39721
  Ti      293   22.37506   21.07036    0.37506    1.50162       -1704.37751
  Ti      294   22.28449   20.97978    0.28449    1.57802       -1704.38514
  Ti      295   22.42269   21.11799    0.42269    1.45778       -1704.33412
  Ti      296   22.31029   21.00558    0.31029    1.56557       -1704.39454
  Ti      297   22.21927   20.91457    0.21927    1.66898       -1704.47074
  Ti      298   22.33869   21.03398    0.33869    1.54116       -1704.38005
  Ti      299   22.25905   20.95435    0.25905    1.62071       -1704.42533
  Ti      300   22.29310   20.98840    0.29310    1.57992       -1704.39711
  Ti      301   22.34673   21.04202    0.34673    1.52558       -1704.36147
  Ti      302   22.25803   20.95332    0.25803    1.61369       -1704.41043
  Ti      303   22.20302   20.89832    0.20302    1.66558       -1704.43146
  Ti      304   22.36101   21.05631    0.36101    1.50722       -1704.35730
  Ti      305   22.26083   20.95613    0.26083    1.61048       -1704.41106
  Ti      306   22.30694   21.00223    0.30694    1.55352       -1704.36021
  Ti      307   22.44139   21.13668    0.44139    1.43093       -1704.30956
  Ti      308   22.37983   21.07512    0.37983    1.50637       -1704.38094
  Ti      309   22.32902   21.02432    0.32902    1.54721       -1704.36784
  Ti      310   22.42167   21.11697    0.42167    1.45887       -1704.34398
  Ti      311   22.31424   21.00954    0.31424    1.56647       -1704.40404
  Ti      312   22.27422   20.96951    0.27422    1.59439       -1704.41320
  Ti      313   22.21224   20.90753    0.21224    1.66045       -1704.45442
  Ti      314   22.32350   21.01880    0.32350    1.55890       -1704.40522
  Ti      315   22.30092   20.99621    0.30092    1.56618       -1704.37541
  Ti      316   22.37789   21.07318    0.37789    1.48966       -1704.32808
  Ti      317   22.22156   20.91685    0.22156    1.64353       -1704.41575
  Ti      318   22.27019   20.96548    0.27019    1.60106       -1704.40297
  Ti      319   22.23163   20.92693    0.23163    1.64482       -1704.44365
  Ti      320   22.27276   20.96806    0.27276    1.60153       -1704.40971
