System Description            : WNbMoTaTi, BCC structure                        
Number of Atoms in Unit Cell  : 40                                              
Number of Atomic Species      : 5                                               
Number of Atoms in Each Type  : 8(W), 8(Nb), 8(Mo), 8(Ta), 8(Ti)                
Energy Offset                 : -16193                                          
=======================================================================================
    Iter     Energy      3PV     Efermi   Rms_rho    Rms_pot   Mix  Alg  Alpha 
---------------------------------------------------------------------------------------
**       1  -0.755136  1839.831  0.53299  0.140E+01  0.122E+00  pot  B   0.1000
         2  -0.967980  1816.589  0.57896  0.753E-02  0.463E+00  pot  B   0.1000
         3  -1.078006  1813.239  0.57753  0.239E-02  0.259E+00  pot  B   0.1000
         4  -1.167416  1782.800  0.59749  0.997E-02  0.487E+00  pot  B   0.1000
         5  -1.385707  1771.416  0.60447  0.387E-02  0.262E+00  pot  B   0.1000
         6  -1.518043  1751.541  0.61903  0.675E-02  0.135E+00  pot  B   0.1000
         7  -1.562275  1732.681  0.63258  0.664E-02  0.553E-01  pot  B   0.1000
         8  -1.579564  1724.521  0.64032  0.356E-02  0.298E-01  pot  B   0.1000
         9  -1.593166  1717.579  0.64676  0.369E-02  0.433E-01  pot  B   0.1000
        10  -1.602281  1709.385  0.65294  0.439E-02  0.354E-01  pot  B   0.1000
        11  -1.603939  1707.151  0.65491  0.132E-02  0.146E-01  pot  B   0.1000
        12  -1.604233  1706.381  0.65602  0.568E-03  0.663E-02  pot  B   0.1000
        13  -1.604335  1706.246  0.65676  0.184E-03  0.259E-02  pot  B   0.1000
        14  -1.604444  1706.047  0.65792  0.239E-03  0.267E-02  pot  B   0.1000
        15  -1.604563  1706.133  0.65962  0.354E-03  0.947E-03  pot  B   0.1000
        16  -1.604545  1706.148  0.65999  0.680E-04  0.825E-03  pot  B   0.1000
        17  -1.604547  1706.190  0.66010  0.235E-04  0.641E-03  pot  B   0.1000
        18  -1.604551  1706.218  0.66024  0.265E-04  0.439E-03  pot  B   0.1000
        19  -1.604554  1706.214  0.66043  0.302E-04  0.311E-03  pot  B   0.1000
        20  -1.604555  1706.202  0.66051  0.132E-04  0.122E-03  pot  B   0.1000
        21  -1.604555  1706.202  0.66052  0.415E-05  0.560E-04  pot  B   0.1000
        22  -1.604555  1706.197  0.66053  0.316E-05  0.427E-04  pot  B   0.1000
        23  -1.604555  1706.196  0.66053  0.242E-05  0.267E-04  pot  B   0.1000
        24  -1.604555  1706.197  0.66054  0.121E-05  0.196E-04  pot  B   0.1000
        25  -1.604555  1706.197  0.66054  0.355E-06  0.158E-04  pot  B   0.1000
        26  -1.604555  1706.197  0.66054  0.588E-06  0.846E-05  pot  B   0.1000
        27  -1.604555  1706.196  0.66055  0.618E-06  0.622E-05  pot  B   0.1000
        28  -1.604555  1706.195  0.66055  0.436E-06  0.472E-05  pot  B   0.1000
        29  -1.604555  1706.195  0.66055  0.386E-06  0.246E-05  pot  B   0.1000
        30  -1.604555  1706.194  0.66056  0.164E-06  0.125E-05  pot  B   0.1000
        31  -1.604555  1706.194  0.66056  0.742E-07  0.116E-05  pot  B   0.1000
        32  -1.604555  1706.194  0.66056  0.392E-07  0.811E-06  pot  B   0.1000
        33  -1.604555  1706.194  0.66056  0.179E-07  0.426E-06  pot  B   0.1000
        34  -1.604555  1706.194  0.66056  0.227E-07  0.216E-06  pot  B   0.1000
        35  -1.604555  1706.194  0.66056  0.247E-07  0.151E-06  pot  B   0.1000
        36  -1.604555  1706.195  0.66056  0.197E-07  0.733E-07  pot  B   0.1000
        37  -1.604555  1706.195  0.66056  0.901E-08  0.428E-07  pot  B   0.1000
        38  -1.604555  1706.195  0.66056  0.462E-08  0.381E-07  pot  B   0.1000
        39  -1.604555  1706.195  0.66056  0.308E-08  0.418E-07  pot  B   0.1000
        40  -1.604555  1706.195  0.66056  0.320E-08  0.303E-07  pot  B   0.1000
        41  -1.604555  1706.195  0.66056  0.397E-08  0.140E-07  pot  B   0.1000
        42  -1.604555  1706.195  0.66056  0.198E-08  0.115E-07  pot  B   0.1000
        43  -1.604555  1706.195  0.66056  0.530E-09  0.826E-08  pot  B   0.1000
**      44  -1.604555  1706.195  0.66056  0.463E-12  0.826E-08  pot  B   0.1000
