 Atom   Index      Q          Qmt        dQ        Vmad        Local Energy
  W         1   73.96643   72.57965   -0.03357    1.80074      -32312.62207
  W         2   73.95441   72.56764   -0.04559    1.81982      -32312.63558
  W         3   73.93895   72.55218   -0.06105    1.82836      -32312.63526
  W         4   73.91742   72.53064   -0.08258    1.84610      -32312.64679
  W         5   73.97906   72.59229   -0.02094    1.78264      -32312.60370
  W         6   73.99922   72.61245   -0.00078    1.76591      -32312.59124
  W         7   73.93566   72.54889   -0.06434    1.83778      -32312.64581
  W         8   73.97608   72.58931   -0.02392    1.79850      -32312.62324
  W         9   73.92002   72.53325   -0.07998    1.84459      -32312.63628
  W        10   73.98992   72.60314   -0.01008    1.78441      -32312.61295
  W        11   73.91874   72.53197   -0.08126    1.84671      -32312.63997
  W        12   73.92692   72.54015   -0.07308    1.83221      -32312.63756
  W        13   73.96841   72.58164   -0.03159    1.79805      -32312.61700
  W        14   73.92035   72.53358   -0.07965    1.85164      -32312.64937
  W        15   73.92776   72.54099   -0.07224    1.83379      -32312.63670
  W        16   73.96550   72.57873   -0.03450    1.80671      -32312.62736
  Nb       17   41.02883   39.64206    0.02883    1.77800       -7632.70893
  Nb       18   40.96709   39.58032   -0.03291    1.83541       -7632.75280
  Nb       19   41.05110   39.66432    0.05110    1.75916       -7632.69973
  Nb       20   40.97091   39.58413   -0.02909    1.83106       -7632.73881
  Nb       21   41.02483   39.63805    0.02483    1.78540       -7632.71915
  Nb       22   41.03512   39.64835    0.03512    1.76624       -7632.70345
  Nb       23   41.02311   39.63634    0.02311    1.78608       -7632.71443
  Nb       24   41.03424   39.64747    0.03424    1.77237       -7632.70658
  Nb       25   41.03780   39.65103    0.03780    1.76261       -7632.70177
  Nb       26   41.00454   39.61777    0.00454    1.80190       -7632.71912
  Nb       27   41.02323   39.63646    0.02323    1.77668       -7632.70720
  Nb       28   41.02656   39.63979    0.02656    1.77820       -7632.70806
  Nb       29   41.00830   39.62152    0.00830    1.79543       -7632.71612
  Nb       30   41.04303   39.65626    0.04303    1.76412       -7632.70238
  Nb       31   41.03290   39.64613    0.03290    1.76888       -7632.70818
  Nb       32   41.03329   39.64651    0.03329    1.76704       -7632.70150
  Mo       33   42.22289   40.83612    0.22289    1.67663       -8090.66900
  Mo       34   42.12577   40.73900    0.12577    1.76220       -8090.71803
  Mo       35   42.20281   40.81604    0.20281    1.69224       -8090.67813
  Mo       36   42.16308   40.77631    0.16308    1.72069       -8090.68610
  Mo       37   42.14489   40.75811    0.14489    1.74171       -8090.70675
  Mo       38   42.17616   40.78939    0.17616    1.71841       -8090.70251
  Mo       39   42.25702   40.87025    0.25702    1.64011       -8090.64661
  Mo       40   42.16428   40.77751    0.16428    1.73002       -8090.69710
  Mo       41   42.13342   40.74664    0.13342    1.76111       -8090.71643
  Mo       42   42.16797   40.78120    0.16797    1.72845       -8090.70188
  Mo       43   42.16954   40.78277    0.16954    1.72581       -8090.70291
  Mo       44   42.16413   40.77735    0.16413    1.72233       -8090.68462
  Mo       45   42.23632   40.84954    0.23632    1.66124       -8090.66261
  Mo       46   42.20619   40.81941    0.20619    1.68782       -8090.67440
  Mo       47   42.15593   40.76915    0.15593    1.73647       -8090.70356
  Mo       48   42.17126   40.78449    0.17126    1.71921       -8090.68691
  Ta       49   72.81959   71.43282   -0.18041    1.89008      -31233.09200
  Ta       50   72.88206   71.49528   -0.11794    1.83697      -31233.06874
  Ta       51   72.78067   71.39389   -0.21933    1.92420      -31233.12082
  Ta       52   72.86285   71.47608   -0.13715    1.85037      -31233.06324
  Ta       53   72.82554   71.43877   -0.17446    1.88714      -31233.09627
  Ta       54   72.86507   71.47830   -0.13493    1.84867      -31233.05983
  Ta       55   72.86822   71.48145   -0.13178    1.84625      -31233.07063
  Ta       56   72.77402   71.38725   -0.22598    1.93752      -31233.11944
  Ta       57   72.84877   71.46200   -0.15123    1.86477      -31233.07840
  Ta       58   72.82693   71.44016   -0.17307    1.88477      -31233.08561
  Ta       59   72.84922   71.46245   -0.15078    1.86458      -31233.08313
  Ta       60   72.83189   71.44512   -0.16811    1.87585      -31233.08413
  Ta       61   72.86865   71.48188   -0.13135    1.84703      -31233.07268
  Ta       62   72.86996   71.48318   -0.13004    1.84430      -31233.06236
  Ta       63   72.90315   71.51638   -0.09685    1.81318      -31233.03460
  Ta       64   72.91203   71.52526   -0.08797    1.80854      -31233.05175
