 Atom   Index      Q          Qmt        dQ        Vmad        Local Energy
  W         1   73.71724   72.41591   -0.28276    1.88645      -32312.59940
  W         2   73.72379   72.42246   -0.27621    1.86886      -32312.57543
  W         3   73.72773   72.42640   -0.27227    1.85617      -32312.55764
  W         4   73.87404   72.57271   -0.12596    1.72094      -32312.49154
  W         5   73.81936   72.51803   -0.18064    1.76359      -32312.50602
  W         6   73.69888   72.39755   -0.30112    1.90298      -32312.60838
  W         7   73.93903   72.63769   -0.06097    1.64701      -32312.43083
  W         8   73.95483   72.65349   -0.04517    1.62531      -32312.41405
  W         9   73.92697   72.62564   -0.07303    1.65904      -32312.43675
  W        10   73.77473   72.47339   -0.22527    1.82465      -32312.54621
  W        11   73.94024   72.63890   -0.05976    1.64564      -32312.42808
  W        12   73.84268   72.54135   -0.15732    1.75241      -32312.50114
  W        13   73.72993   72.42860   -0.27007    1.86885      -32312.58305
  W        14   73.75949   72.45816   -0.24051    1.84450      -32312.56454
  W        15   73.69913   72.39779   -0.30087    1.89970      -32312.60209
  W        16   73.97514   72.67380   -0.02486    1.61362      -32312.41530
  W        17   73.88373   72.58240   -0.11627    1.70549      -32312.46369
  W        18   73.95251   72.65118   -0.04749    1.64181      -32312.43588
  W        19   73.91075   72.60941   -0.08925    1.66811      -32312.43820
  W        20   73.95630   72.65496   -0.04370    1.63569      -32312.42422
  W        21   73.80978   72.50845   -0.19022    1.78361      -32312.52472
  W        22   73.90457   72.60323   -0.09543    1.68750      -32312.45825
  W        23   73.60782   72.30648   -0.39218    1.98847      -32312.65343
  W        24   73.82158   72.52024   -0.17842    1.77437      -32312.51822
  W        25   73.76102   72.45968   -0.23898    1.83774      -32312.55860
  W        26   73.97724   72.67590   -0.02276    1.61203      -32312.40776
  W        27   73.91156   72.61023   -0.08844    1.67348      -32312.44491
  W        28   73.98063   72.67930   -0.01937    1.61542      -32312.42273
  W        29   73.70900   72.40767   -0.29100    1.89586      -32312.61165
  W        30   73.93030   72.62896   -0.06970    1.66602      -32312.46104
  W        31   73.75676   72.45543   -0.24324    1.82641      -32312.54555
  W        32   73.93733   72.63600   -0.06267    1.65790      -32312.44589
  Nb       33   40.94619   39.64485   -0.05381    1.68007       -7632.55819
  Nb       34   40.82978   39.52844   -0.17022    1.80100       -7632.63560
  Nb       35   40.85512   39.55378   -0.14488    1.77537       -7632.61004
  Nb       36   40.94764   39.64631   -0.05236    1.68474       -7632.55827
  Nb       37   40.97555   39.67421   -0.02445    1.64042       -7632.52300
  Nb       38   40.73579   39.43445   -0.26421    1.89128       -7632.68285
  Nb       39   41.01191   39.71058    0.01191    1.60620       -7632.50399
  Nb       40   40.89663   39.59529   -0.10337    1.72962       -7632.58244
  Nb       41   41.08949   39.78816    0.08949    1.53641       -7632.46918
  Nb       42   40.82762   39.52628   -0.17238    1.80434       -7632.63445
  Nb       43   40.90321   39.60188   -0.09679    1.72061       -7632.58217
  Nb       44   40.90083   39.59949   -0.09917    1.72955       -7632.59167
  Nb       45   41.02319   39.72186    0.02319    1.59420       -7632.50241
  Nb       46   40.88589   39.58455   -0.11411    1.74262       -7632.59380
  Nb       47   40.89647   39.59513   -0.10353    1.73418       -7632.59418
  Nb       48   40.81835   39.51701   -0.18165    1.80727       -7632.64059
  Nb       49   41.09274   39.79141    0.09274    1.53825       -7632.46937
  Nb       50   40.82981   39.52847   -0.17019    1.79461       -7632.63278
  Nb       51   40.88424   39.58290   -0.11576    1.73789       -7632.59299
  Nb       52   40.79540   39.49407   -0.20460    1.82599       -7632.64765
  Nb       53   40.90478   39.60345   -0.09522    1.72494       -7632.57553
  Nb       54   40.91523   39.61390   -0.08477    1.71119       -7632.57959
  Nb       55   40.84942   39.54808   -0.15058    1.77469       -7632.62117
  Nb       56   40.93218   39.63084   -0.06782    1.69926       -7632.57486
  Nb       57   40.95575   39.65441   -0.04425    1.66432       -7632.54980
  Nb       58   40.61755   39.31622   -0.38245    2.00972       -7632.75900
  Nb       59   40.75836   39.45702   -0.24164    1.86656       -7632.66746
  Nb       60   40.93075   39.62941   -0.06925    1.69536       -7632.56413
  Nb       61   40.76111   39.45978   -0.23889    1.86627       -7632.67622
  Nb       62   40.90550   39.60416   -0.09450    1.72386       -7632.58790
  Nb       63   40.85346   39.55212   -0.14654    1.77719       -7632.60892
  Nb       64   40.71102   39.40969   -0.28898    1.91683       -7632.70106
  Mo       65   42.05618   40.75484    0.05618    1.65648       -8090.56071
  Mo       66   42.15727   40.85593    0.15727    1.56808       -8090.51792
  Mo       67   41.93132   40.62998   -0.06868    1.79520       -8090.65189
  Mo       68   42.15076   40.84942    0.15076    1.55829       -8090.50028
  Mo       69   42.03242   40.73109    0.03242    1.68801       -8090.59432
  Mo       70   41.99990   40.69857   -0.00010    1.71966       -8090.59981
  Mo       71   42.13970   40.83837    0.13970    1.58356       -8090.53538
  Mo       72   42.04733   40.74599    0.04733    1.67536       -8090.57083
  Mo       73   41.99386   40.69253   -0.00614    1.73469       -8090.61926
  Mo       74   42.05023   40.74889    0.05023    1.67283       -8090.58181
  Mo       75   42.05568   40.75435    0.05568    1.66468       -8090.57694
  Mo       76   42.07081   40.76947    0.07081    1.64846       -8090.56588
  Mo       77   42.11349   40.81215    0.11349    1.60121       -8090.52697
  Mo       78   42.02142   40.72008    0.02142    1.69991       -8090.59316
  Mo       79   42.19138   40.89004    0.19138    1.53241       -8090.50246
  Mo       80   41.99682   40.69548   -0.00318    1.72200       -8090.59856
  Mo       81   42.12837   40.82703    0.12837    1.58363       -8090.52540
  Mo       82   41.87551   40.57418   -0.12449    1.84537       -8090.67921
  Mo       83   42.07166   40.77032    0.07166    1.63989       -8090.55318
  Mo       84   42.08784   40.78650    0.08784    1.64302       -8090.56710
  Mo       85   42.03829   40.73695    0.03829    1.68555       -8090.58703
  Mo       86   42.10431   40.80297    0.10431    1.61773       -8090.54375
  Mo       87   42.10388   40.80255    0.10388    1.60707       -8090.53601
  Mo       88   42.07627   40.77494    0.07627    1.63597       -8090.54482
  Mo       89   42.23295   40.93162    0.23295    1.47995       -8090.45556
  Mo       90   42.05826   40.75692    0.05826    1.65030       -8090.55844
  Mo       91   42.16751   40.86618    0.16751    1.55506       -8090.51459
  Mo       92   42.12389   40.82255    0.12389    1.57355       -8090.50685
  Mo       93   42.12128   40.81994    0.12128    1.60149       -8090.54276
  Mo       94   42.02444   40.72311    0.02444    1.69352       -8090.58350
  Mo       95   42.13649   40.83515    0.13649    1.58142       -8090.51708
  Mo       96   42.07300   40.77167    0.07300    1.63637       -8090.55020
  Ta       97   72.81039   71.50905   -0.18961    1.72982      -31232.88910
  Ta       98   72.81562   71.51428   -0.18438    1.72100      -31232.89299
  Ta       99   72.74670   71.44536   -0.25330    1.79033      -31232.94358
  Ta      100   72.58995   71.28862   -0.41005    1.94140      -31233.03298
  Ta      101   72.82580   71.52447   -0.17420    1.71857      -31232.89961
  Ta      102   72.79705   71.49572   -0.20295    1.74478      -31232.90521
  Ta      103   72.76778   71.46644   -0.23222    1.76767      -31232.91635
  Ta      104   72.83447   71.53313   -0.16553    1.70905      -31232.89087
  Ta      105   72.69346   71.39212   -0.30654    1.83596      -31232.96500
  Ta      106   72.81188   71.51054   -0.18812    1.72281      -31232.89410
  Ta      107   72.74280   71.44146   -0.25720    1.78280      -31232.92657
  Ta      108   72.72311   71.42178   -0.27689    1.81323      -31232.95275
  Ta      109   72.87958   71.57825   -0.12042    1.65193      -31232.84865
  Ta      110   72.79754   71.49621   -0.20246    1.73503      -31232.90224
  Ta      111   72.85921   71.55788   -0.14079    1.68342      -31232.87569
  Ta      112   72.86135   71.56002   -0.13865    1.66383      -31232.85353
  Ta      113   72.68755   71.38622   -0.31245    1.84478      -31232.97135
  Ta      114   72.58711   71.28577   -0.41289    1.94304      -31233.02880
  Ta      115   72.78916   71.48782   -0.21084    1.74959      -31232.91560
  Ta      116   72.73608   71.43475   -0.26392    1.79760      -31232.93805
  Ta      117   72.66693   71.36559   -0.33307    1.86159      -31232.97399
  Ta      118   72.79743   71.49610   -0.20257    1.73919      -31232.89711
  Ta      119   72.86959   71.56826   -0.13041    1.66692      -31232.85402
  Ta      120   72.75477   71.45344   -0.24523    1.77591      -31232.91682
  Ta      121   72.59924   71.29790   -0.40076    1.93583      -31233.02217
  Ta      122   72.75803   71.45669   -0.24197    1.77573      -31232.94044
  Ta      123   72.80434   71.50300   -0.19566    1.73890      -31232.91532
  Ta      124   72.70371   71.40238   -0.29629    1.83676      -31232.98102
  Ta      125   72.69528   71.39394   -0.30472    1.84058      -31232.97476
  Ta      126   72.61297   71.31164   -0.38703    1.91993      -31233.02804
  Ta      127   72.72393   71.42260   -0.27607    1.80757      -31232.94353
  Ta      128   72.91246   71.61112   -0.08754    1.61367      -31232.82228
  V       129   23.23450   21.93316    0.23450    1.72335       -1895.32752
  V       130   23.45459   22.15325    0.45459    1.49584       -1895.20402
  V       131   23.38674   22.08541    0.38674    1.56400       -1895.23653
  V       132   23.47425   22.17291    0.47425    1.47480       -1895.18716
  V       133   23.53855   22.23722    0.53855    1.40315       -1895.14087
  V       134   23.39315   22.09181    0.39315    1.56076       -1895.24928
  V       135   23.58360   22.28227    0.58360    1.35850       -1895.12860
  V       136   23.30236   22.00103    0.30236    1.64952       -1895.29247
  V       137   23.49682   22.19549    0.49682    1.44715       -1895.16092
  V       138   23.56778   22.26645    0.56778    1.37676       -1895.12588
  V       139   23.51201   22.21067    0.51201    1.43019       -1895.15377
  V       140   23.47482   22.17348    0.47482    1.47346       -1895.20117
  V       141   23.33385   22.03251    0.33385    1.61805       -1895.28007
  V       142   23.39605   22.09471    0.39605    1.55582       -1895.24564
  V       143   23.55243   22.25109    0.55243    1.39414       -1895.14270
  V       144   23.51643   22.21509    0.51643    1.42700       -1895.15439
  V       145   23.51181   22.21048    0.51181    1.43154       -1895.15979
  V       146   23.40971   22.10838    0.40971    1.53956       -1895.24184
  V       147   23.39335   22.09201    0.39335    1.55318       -1895.23550
  V       148   23.42418   22.12284    0.42418    1.53156       -1895.22602
  V       149   23.44382   22.14248    0.44382    1.50019       -1895.20359
  V       150   23.35503   22.05369    0.35503    1.59491       -1895.26609
  V       151   23.36602   22.06469    0.36602    1.58312       -1895.25251
  V       152   23.58312   22.28178    0.58312    1.35666       -1895.12914
  V       153   23.37611   22.07477    0.37611    1.57220       -1895.22653
  V       154   23.36480   22.06347    0.36480    1.58751       -1895.24434
  V       155   23.48214   22.18080    0.48214    1.46543       -1895.18995
  V       156   23.53345   22.23212    0.53345    1.41352       -1895.15916
  V       157   23.50529   22.20395    0.50529    1.43874       -1895.15631
  V       158   23.38346   22.08213    0.38346    1.57337       -1895.26033
  V       159   23.43428   22.13295    0.43428    1.51230       -1895.22495
  V       160   23.37268   22.07134    0.37268    1.57712       -1895.25130
