 Atom   Index      Q          Qmt        dQ        Vmad        Local Energy
  W         1   73.84773   72.54396   -0.15227    1.76998      -32312.53410
  W         2   73.89933   72.59556   -0.10067    1.72210      -32312.51331
  W         3   73.86629   72.56252   -0.13371    1.74909      -32312.51784
  W         4   73.81495   72.51117   -0.18505    1.81328      -32312.56793
  W         5   73.91274   72.60897   -0.08726    1.70060      -32312.48638
  W         6   73.88003   72.57626   -0.11997    1.74803      -32312.52663
  W         7   73.88793   72.58416   -0.11207    1.73154      -32312.51692
  W         8   73.81829   72.51452   -0.18171    1.79939      -32312.55180
  Nb        9   41.00105   39.69728    0.00105    1.64604       -7632.55775
  Nb       10   40.94341   39.63964   -0.05659    1.70616       -7632.58970
  Nb       11   40.94326   39.63949   -0.05674    1.70683       -7632.59080
  Nb       12   40.97973   39.67596   -0.02027    1.66811       -7632.56376
  Nb       13   40.92633   39.62256   -0.07367    1.71901       -7632.58861
  Nb       14   40.91280   39.60903   -0.08720    1.73462       -7632.60185
  Nb       15   40.89595   39.59218   -0.10405    1.75145       -7632.61346
  Nb       16   40.99087   39.68710   -0.00913    1.66045       -7632.55830
  Mo       17   42.01357   40.70980    0.01357    1.72640       -8090.63048
  Mo       18   42.11899   40.81522    0.11899    1.62419       -8090.56271
  Mo       19   42.02849   40.72472    0.02849    1.71891       -8090.63121
  Mo       20   42.14664   40.84287    0.14664    1.59121       -8090.54705
  Mo       21   42.08946   40.78569    0.08946    1.65431       -8090.59068
  Mo       22   42.08607   40.78230    0.08607    1.65243       -8090.58733
  Mo       23   42.05419   40.75042    0.05419    1.68894       -8090.61640
  Mo       24   42.15837   40.85460    0.15837    1.57801       -8090.53554
  Ta       25   72.77417   71.47040   -0.22583    1.77832      -31232.92950
  Ta       26   72.71771   71.41394   -0.28229    1.83858      -31232.98186
  Ta       27   72.69320   71.38943   -0.30680    1.85715      -31232.99828
  Ta       28   72.78909   71.48532   -0.21091    1.76556      -31232.94071
  Ta       29   72.85013   71.54636   -0.14987    1.70655      -31232.88862
  Ta       30   72.82371   71.51994   -0.17629    1.73333      -31232.90669
  Ta       31   72.77934   71.47557   -0.22066    1.77375      -31232.94114
  Ta       32   72.80459   71.50082   -0.19541    1.74822      -31232.91978
  Ti       33   22.34034   21.03657    0.34034    1.52624       -1704.35589
  Ti       34   22.22408   20.92030    0.22408    1.63357       -1704.39199
  Ti       35   22.34437   21.04060    0.34437    1.52999       -1704.37407
  Ti       36   22.31261   21.00884    0.31261    1.55177       -1704.37899
  Ti       37   22.33131   21.02754    0.33131    1.54715       -1704.40134
  Ti       38   22.31473   21.01095    0.31473    1.57203       -1704.42071
  Ti       39   22.32722   21.02345    0.32722    1.54332       -1704.37904
  Ti       40   22.35695   21.05318    0.35695    1.52139       -1704.38253
