 Atom   Index      Q          Qmt        dQ        Vmad        Local Energy
  W         1   73.78606   72.48151   -0.21394    1.82956      -32312.57624
  W         2   73.81914   72.51458   -0.18086    1.80146      -32312.56594
  W         3   73.81592   72.51136   -0.18408    1.81218      -32312.57050
  W         4   73.85541   72.55085   -0.14459    1.76711      -32312.53863
  W         5   73.95615   72.65159   -0.04385    1.65908      -32312.46611
  W         6   73.97592   72.67136   -0.02408    1.64362      -32312.45257
  W         7   73.85916   72.55460   -0.14084    1.76359      -32312.53302
  W         8   73.95670   72.65214   -0.04330    1.65971      -32312.46132
  W         9   73.86999   72.56543   -0.13001    1.74782      -32312.51873
  W        10   73.85675   72.55219   -0.14325    1.76018      -32312.52560
  W        11   73.85984   72.55528   -0.14016    1.76042      -32312.52978
  W        12   73.80882   72.50426   -0.19118    1.82337      -32312.57870
  W        13   73.85426   72.54971   -0.14574    1.76102      -32312.52482
  W        14   73.92485   72.62029   -0.07515    1.69259      -32312.48669
  W        15   73.98836   72.68381   -0.01164    1.62639      -32312.43904
  W        16   73.86670   72.56214   -0.13330    1.75245      -32312.52506
  Nb       17   40.87591   39.57135   -0.12409    1.76653       -7632.62195
  Nb       18   40.90479   39.60024   -0.09521    1.74544       -7632.60269
  Nb       19   41.05107   39.74651    0.05107    1.59803       -7632.52321
  Nb       20   40.86725   39.56269   -0.13275    1.77947       -7632.62344
  Nb       21   41.04127   39.73671    0.04127    1.60378       -7632.53243
  Nb       22   40.92908   39.62452   -0.07092    1.72281       -7632.60581
  Nb       23   41.01233   39.70778    0.01233    1.64077       -7632.55821
  Nb       24   41.00905   39.70449    0.00905    1.64434       -7632.55112
  Nb       25   40.89071   39.58615   -0.10929    1.75600       -7632.61649
  Nb       26   40.95624   39.65169   -0.04376    1.70012       -7632.60430
  Nb       27   40.91461   39.61005   -0.08539    1.73032       -7632.60071
  Nb       28   40.93385   39.62930   -0.06615    1.71627       -7632.59568
  Nb       29   40.74963   39.44507   -0.25037    1.89842       -7632.70204
  Nb       30   40.77126   39.46670   -0.22874    1.87493       -7632.68386
  Nb       31   40.81138   39.50682   -0.18862    1.83309       -7632.65054
  Nb       32   40.97036   39.66581   -0.02964    1.68385       -7632.58121
  Mo       33   42.14721   40.84265    0.14721    1.59484       -8090.55587
  Mo       34   42.20580   40.90125    0.20580    1.52878       -8090.50870
  Mo       35   42.08118   40.77662    0.08118    1.66820       -8090.59236
  Mo       36   42.17806   40.87350    0.17806    1.55787       -8090.52390
  Mo       37   42.04745   40.74289    0.04745    1.69831       -8090.60370
  Mo       38   42.06376   40.75920    0.06376    1.68356       -8090.59951
  Mo       39   42.14379   40.83923    0.14379    1.60173       -8090.55882
  Mo       40   42.06804   40.76349    0.06804    1.67413       -8090.59749
  Mo       41   42.17869   40.87413    0.17869    1.56906       -8090.53384
  Mo       42   42.16884   40.86428    0.16884    1.57303       -8090.53352
  Mo       43   42.11057   40.80602    0.11057    1.62826       -8090.56461
  Mo       44   42.09323   40.78868    0.09323    1.65058       -8090.57853
  Mo       45   42.09079   40.78623    0.09079    1.65293       -8090.58492
  Mo       46   42.11380   40.80924    0.11380    1.63745       -8090.58634
  Mo       47   42.04852   40.74396    0.04852    1.69426       -8090.60764
  Mo       48   42.14634   40.84179    0.14634    1.58932       -8090.53330
  Ta       49   72.72720   71.42264   -0.27280    1.82232      -31232.96323
  Ta       50   72.88006   71.57550   -0.11994    1.68403      -31232.90507
  Ta       51   72.70653   71.40197   -0.29347    1.84637      -31232.98446
  Ta       52   72.81306   71.50850   -0.18694    1.73667      -31232.91481
  Ta       53   72.77842   71.47386   -0.22158    1.77921      -31232.94829
  Ta       54   72.77431   71.46975   -0.22569    1.77478      -31232.94265
  Ta       55   72.81179   71.50723   -0.18821    1.74401      -31232.91155
  Ta       56   72.70315   71.39859   -0.29685    1.84916      -31232.98747
  Ta       57   72.74888   71.44432   -0.25112    1.80724      -31232.95580
  Ta       58   72.72155   71.41699   -0.27845    1.83194      -31232.97456
  Ta       59   72.75325   71.44869   -0.24675    1.80305      -31232.95234
  Ta       60   72.81539   71.51083   -0.18461    1.74565      -31232.93093
  Ta       61   72.78526   71.48070   -0.21474    1.77239      -31232.94529
  Ta       62   72.72617   71.42162   -0.27383    1.83059      -31232.98165
  Ta       63   72.73356   71.42900   -0.26644    1.81562      -31232.96866
  Ta       64   72.68618   71.38162   -0.31382    1.86338      -31232.98322
  Ti       65   22.40739   21.10283    0.40739    1.47804       -1704.38147
  Ti       66   22.27982   20.97526    0.27982    1.59150       -1704.38184
  Ti       67   22.28801   20.98345    0.28801    1.57223       -1704.35615
  Ti       68   22.17816   20.87360    0.17816    1.69371       -1704.44870
  Ti       69   22.33025   21.02569    0.33025    1.55387       -1704.40886
  Ti       70   22.34127   21.03671    0.34127    1.54194       -1704.38294
  Ti       71   22.27404   20.96948    0.27404    1.59235       -1704.38761
  Ti       72   22.19585   20.89129    0.19585    1.66432       -1704.40943
  Ti       73   22.32951   21.02495    0.32951    1.55104       -1704.40463
  Ti       74   22.31396   21.00940    0.31396    1.55876       -1704.38069
  Ti       75   22.37175   21.06720    0.37175    1.50473       -1704.37538
  Ti       76   22.31774   21.01318    0.31774    1.55956       -1704.38935
  Ti       77   22.35418   21.04962    0.35418    1.51958       -1704.36062
  Ti       78   22.40273   21.09817    0.40273    1.47922       -1704.36516
  Ti       79   22.31699   21.01244    0.31699    1.55728       -1704.38291
  Ti       80   22.50467   21.20011    0.50467    1.37603       -1704.31378
