 Atom   Index      Q          Qmt        dQ        Vmad        Local Energy
  W         1   73.94515   72.64272   -0.05485    1.67884      -32312.48968
  W         2   73.91293   72.61050   -0.08707    1.70677      -32312.50729
  W         3   73.91924   72.61680   -0.08076    1.69733      -32312.48850
  W         4   73.95960   72.65717   -0.04040    1.66299      -32312.47962
  Nb        5   40.99727   39.69484   -0.00273    1.65438       -7632.55275
  Nb        6   40.96874   39.66631   -0.03126    1.67534       -7632.57153
  Nb        7   40.87373   39.57130   -0.12627    1.76535       -7632.60998
  Nb        8   40.83662   39.53419   -0.16338    1.80096       -7632.63563
  Mo        9   42.08566   40.78323    0.08566    1.64792       -8090.57741
  Mo       10   42.08792   40.78549    0.08792    1.64144       -8090.55779
  Mo       11   41.99051   40.68808   -0.00949    1.74602       -8090.62804
  Mo       12   42.01488   40.71245    0.01488    1.72490       -8090.61930
  Ta       13   72.85781   71.55538   -0.14219    1.70094      -31232.90134
  Ta       14   72.76813   71.46570   -0.23187    1.79099      -31232.96679
  Ta       15   72.72978   71.42735   -0.27022    1.81947      -31232.98010
  Ta       16   72.78005   71.47762   -0.21995    1.78085      -31232.96020
  Ti       17   22.33294   21.03051    0.33294    1.52864       -1704.33261
  Ti       18   22.33518   21.03275    0.33518    1.54511       -1704.41033
  Ti       19   22.29143   20.98900    0.29143    1.57402       -1704.39675
  Ti       20   22.31242   21.00999    0.31242    1.56708       -1704.40657
