 Atom   Index      Q          Qmt        dQ        Vmad        Local Energy
  W         1   73.92189   72.62143   -0.07811    1.66969      -32312.44969
  W         2   73.79986   72.49940   -0.20014    1.80350      -32312.54702
  W         3   73.68985   72.38940   -0.31015    1.90822      -32312.60954
  W         4   73.96964   72.66919   -0.03036    1.61393      -32312.41383
  W         5   73.81992   72.51946   -0.18008    1.76825      -32312.50240
  W         6   73.75145   72.45099   -0.24855    1.84687      -32312.56374
  W         7   73.80201   72.50155   -0.19799    1.78362      -32312.52058
  W         8   73.74827   72.44782   -0.25173    1.84726      -32312.57174
  Nb        9   40.90145   39.60099   -0.09855    1.72696       -7632.58024
  Nb       10   40.93201   39.63156   -0.06799    1.69092       -7632.55349
  Nb       11   40.83993   39.53947   -0.16007    1.78771       -7632.62240
  Nb       12   40.84423   39.54377   -0.15577    1.78259       -7632.62100
  Nb       13   40.82664   39.52618   -0.17336    1.80048       -7632.63310
  Nb       14   40.95788   39.65742   -0.04212    1.66270       -7632.55489
  Nb       15   40.83070   39.53024   -0.16930    1.79674       -7632.62501
  Nb       16   40.99311   39.69265   -0.00689    1.63831       -7632.54070
  Mo       17   42.11525   40.81479    0.11525    1.59502       -8090.52907
  Mo       18   42.04290   40.74245    0.04290    1.66934       -8090.57418
  Mo       19   41.98041   40.67995   -0.01959    1.74505       -8090.62466
  Mo       20   42.06222   40.76177    0.06222    1.66465       -8090.58159
  Mo       21   41.99815   40.69769   -0.00185    1.71458       -8090.60489
  Mo       22   41.99834   40.69788   -0.00166    1.71490       -8090.60462
  Mo       23   42.22462   40.92416    0.22462    1.48310       -8090.45912
  Mo       24   42.09613   40.79567    0.09613    1.62620       -8090.54529
  Ta       25   72.64120   71.34074   -0.35880    1.88968      -31232.99422
  Ta       26   72.69357   71.39312   -0.30643    1.83976      -31232.96610
  Ta       27   72.91047   71.61002   -0.08953    1.62742      -31232.83067
  Ta       28   72.81234   71.51188   -0.18766    1.71799      -31232.88970
  Ta       29   72.70495   71.40449   -0.29505    1.82150      -31232.95130
  Ta       30   72.79882   71.49837   -0.20118    1.73074      -31232.90078
  Ta       31   72.90866   71.60821   -0.09134    1.63093      -31232.83839
  Ta       32   72.84863   71.54817   -0.15137    1.68382      -31232.86583
  V        33   23.41145   22.11099    0.41145    1.53830       -1895.23246
  V        34   23.35808   22.05762    0.35808    1.59477       -1895.26458
  V        35   23.45377   22.15332    0.45377    1.49299       -1895.20313
  V        36   23.60875   22.30829    0.60875    1.33296       -1895.11002
  V        37   23.45949   22.15903    0.45949    1.48192       -1895.18606
  V        38   23.40546   22.10500    0.40546    1.54450       -1895.23327
  V        39   23.37802   22.07756    0.37802    1.56811       -1895.24833
  V        40   23.45949   22.15903    0.45949    1.48049       -1895.18624
