System Description            : WNbMoTa, BCC structure                          
Number of Atoms in Unit Cell  : 128                                             
Number of Atomic Species      : 4                                               
Number of Atoms in Each Type  : 32(W), 32(Nb), 32(Mo), 32(Ta)                   
Energy Offset                 : -19816                                          
=======================================================================================
    Iter     Energy      3PV     Efermi   Rms_rho    Rms_pot   Mix  Alg  Alpha 
---------------------------------------------------------------------------------------
**       1  -0.264419  2293.598  0.59427  0.140E+01  0.108E+00  pot  B   0.1000
         2  -0.624710  2265.260  0.60748  0.757E-02  0.164E+00  pot  B   0.1000
         3  -0.831240  2241.538  0.61978  0.631E-02  0.260E+00  pot  B   0.1000
         4  -1.170038  2184.310  0.64169  0.150E-01  0.130E+00  pot  B   0.1000
         5  -1.200561  2170.545  0.65749  0.399E-02  0.924E-01  pot  B   0.1000
         6  -1.225835  2161.197  0.66819  0.322E-02  0.541E-01  pot  B   0.1000
         7  -1.246124  2151.754  0.67420  0.340E-02  0.467E-01  pot  B   0.1000
         8  -1.267396  2140.207  0.67937  0.466E-02  0.336E-01  pot  B   0.1000
         9  -1.274628  2132.685  0.68293  0.323E-02  0.232E-01  pot  B   0.1000
        10  -1.276288  2129.383  0.68496  0.161E-02  0.104E-01  pot  B   0.1000
        11  -1.276483  2128.796  0.68578  0.376E-03  0.455E-02  pot  B   0.1000
        12  -1.276615  2128.576  0.68659  0.225E-03  0.566E-02  pot  B   0.1000
        13  -1.276757  2128.390  0.68771  0.260E-03  0.304E-02  pot  B   0.1000
        14  -1.276880  2128.274  0.68947  0.365E-03  0.112E-02  pot  B   0.1000
        15  -1.276879  2128.241  0.69001  0.101E-03  0.723E-03  pot  B   0.1000
        16  -1.276881  2128.261  0.69015  0.270E-04  0.835E-03  pot  B   0.1000
        17  -1.276884  2128.258  0.69032  0.312E-04  0.598E-03  pot  B   0.1000
        18  -1.276887  2128.301  0.69050  0.345E-04  0.527E-03  pot  B   0.1000
        19  -1.276887  2128.284  0.69059  0.202E-04  0.298E-03  pot  B   0.1000
        20  -1.276888  2128.296  0.69064  0.107E-04  0.173E-03  pot  B   0.1000
        21  -1.276888  2128.293  0.69066  0.523E-05  0.123E-03  pot  B   0.1000
        22  -1.276888  2128.288  0.69068  0.556E-05  0.745E-04  pot  B   0.1000
        23  -1.276888  2128.285  0.69069  0.373E-05  0.522E-04  pot  B   0.1000
        24  -1.276888  2128.282  0.69070  0.206E-05  0.321E-04  pot  B   0.1000
        25  -1.276887  2128.281  0.69070  0.796E-06  0.237E-04  pot  B   0.1000
        26  -1.276887  2128.280  0.69070  0.608E-06  0.229E-04  pot  B   0.1000
        27  -1.276887  2128.279  0.69071  0.906E-06  0.153E-04  pot  B   0.1000
        28  -1.276887  2128.278  0.69071  0.489E-06  0.116E-04  pot  B   0.1000
        29  -1.276887  2128.278  0.69071  0.267E-06  0.904E-05  pot  B   0.1000
        30  -1.276887  2128.278  0.69071  0.188E-06  0.862E-05  pot  B   0.1000
        31  -1.276887  2128.277  0.69072  0.339E-06  0.627E-05  pot  B   0.1000
        32  -1.276887  2128.277  0.69072  0.148E-06  0.526E-05  pot  B   0.1000
        33  -1.276887  2128.277  0.69072  0.105E-06  0.343E-05  pot  B   0.1000
        34  -1.276887  2128.277  0.69072  0.602E-07  0.256E-05  pot  B   0.1000
        35  -1.276887  2128.277  0.69072  0.625E-07  0.187E-05  pot  B   0.1000
        36  -1.276887  2128.277  0.69072  0.878E-07  0.991E-06  pot  B   0.1000
        37  -1.276887  2128.277  0.69073  0.666E-07  0.595E-06  pot  B   0.1000
        38  -1.276887  2128.277  0.69073  0.227E-07  0.481E-06  pot  B   0.1000
        39  -1.276887  2128.277  0.69073  0.131E-07  0.255E-06  pot  B   0.1000
        40  -1.276887  2128.277  0.69073  0.133E-07  0.222E-06  pot  B   0.1000
        41  -1.276887  2128.277  0.69073  0.159E-07  0.149E-06  pot  B   0.1000
        42  -1.276887  2128.277  0.69073  0.779E-08  0.161E-06  pot  B   0.1000
        43  -1.276887  2128.277  0.69073  0.435E-08  0.615E-07  pot  B   0.1000
        44  -1.276887  2128.277  0.69073  0.228E-08  0.712E-07  pot  B   0.1000
        45  -1.276887  2128.277  0.69073  0.177E-08  0.505E-07  pot  B   0.1000
        46  -1.276887  2128.277  0.69073  0.189E-08  0.509E-07  pot  B   0.1000
        47  -1.276887  2128.277  0.69073  0.198E-08  0.366E-07  pot  B   0.1000
        48  -1.276887  2128.277  0.69073  0.116E-08  0.242E-07  pot  B   0.1000
        49  -1.276887  2128.277  0.69073  0.527E-09  0.182E-07  pot  B   0.1000
        50  -1.276887  2128.277  0.69073  0.288E-09  0.170E-07  pot  B   0.1000
        51  -1.276887  2128.277  0.69073  0.399E-09  0.141E-07  pot  B   0.1000
        52  -1.276887  2128.277  0.69073  0.549E-09  0.870E-08  pot  B   0.1000
**      53  -1.276887  2128.277  0.69073  0.473E-12  0.870E-08  pot  B   0.1000
