 Atom   Index      Q          Qmt        dQ        Vmad        Local Energy
  W         1   73.93332   72.54610   -0.06668    1.82882      -32312.63298
  W         2   73.97391   72.58668   -0.02609    1.78843      -32312.61005
  W         3   74.00934   72.62211    0.00934    1.75584      -32312.58847
  W         4   73.93683   72.54960   -0.06317    1.82848      -32312.63292
  W         5   73.93498   72.54775   -0.06502    1.82786      -32312.63253
  W         6   73.95371   72.56649   -0.04629    1.82182      -32312.63619
  W         7   73.93540   72.54818   -0.06460    1.83701      -32312.63950
  W         8   73.94779   72.56057   -0.05221    1.82653      -32312.64298
  W         9   73.96353   72.57630   -0.03647    1.80066      -32312.61934
  W        10   74.01542   72.62819    0.01542    1.76734      -32312.60490
  W        11   73.99704   72.60981   -0.00296    1.77560      -32312.61069
  W        12   74.00208   72.61486    0.00208    1.76346      -32312.59407
  W        13   73.98402   72.59680   -0.01598    1.78536      -32312.60534
  W        14   73.95459   72.56736   -0.04541    1.81263      -32312.62364
  W        15   73.98512   72.59789   -0.01488    1.77744      -32312.60228
  W        16   73.95606   72.56883   -0.04394    1.80650      -32312.62076
  W        17   73.95476   72.56754   -0.04524    1.81694      -32312.62418
  W        18   73.93592   72.54869   -0.06408    1.83071      -32312.63681
  W        19   73.97535   72.58812   -0.02465    1.79997      -32312.62104
  W        20   73.98978   72.60256   -0.01022    1.77864      -32312.60479
  W        21   74.03610   72.64888    0.03610    1.73369      -32312.58017
  W        22   73.95627   72.56904   -0.04373    1.80908      -32312.61915
  W        23   73.87732   72.49009   -0.12268    1.88125      -32312.66012
  W        24   74.01498   72.62775    0.01498    1.75021      -32312.58619
  W        25   73.92938   72.54216   -0.07062    1.83204      -32312.63462
  W        26   73.92408   72.53685   -0.07592    1.84533      -32312.64836
  W        27   73.98653   72.59931   -0.01347    1.78530      -32312.61056
  W        28   73.99276   72.60554   -0.00724    1.78400      -32312.61020
  W        29   73.97677   72.58955   -0.02323    1.79437      -32312.61447
  W        30   73.91683   72.52961   -0.08317    1.84542      -32312.64441
  W        31   73.95359   72.56636   -0.04641    1.81745      -32312.62821
  W        32   73.98252   72.59529   -0.01748    1.78546      -32312.60712
  Nb       33   40.93669   39.54946   -0.06331    1.86750       -7632.76110
  Nb       34   41.05426   39.66704    0.05426    1.75467       -7632.69816
  Nb       35   41.06246   39.67524    0.06246    1.74804       -7632.69350
  Nb       36   40.95799   39.57077   -0.04201    1.84748       -7632.75536
  Nb       37   40.98404   39.59681   -0.01596    1.81661       -7632.73417
  Nb       38   40.93542   39.54820   -0.06458    1.86464       -7632.75807
  Nb       39   40.97399   39.58676   -0.02601    1.82936       -7632.74503
  Nb       40   40.99820   39.61098   -0.00180    1.80427       -7632.72469
  Nb       41   41.03993   39.65271    0.03993    1.76726       -7632.70876
  Nb       42   41.01202   39.62480    0.01202    1.79716       -7632.72163
  Nb       43   41.02510   39.63787    0.02510    1.78687       -7632.71706
  Nb       44   41.01273   39.62551    0.01273    1.78737       -7632.71681
  Nb       45   40.93349   39.54627   -0.06651    1.86274       -7632.76706
  Nb       46   41.02251   39.63529    0.02251    1.78417       -7632.71736
  Nb       47   41.08912   39.70189    0.08912    1.72372       -7632.67959
  Nb       48   41.01923   39.63200    0.01923    1.78385       -7632.71357
  Nb       49   41.00992   39.62269    0.00992    1.79744       -7632.72134
  Nb       50   41.02619   39.63896    0.02619    1.78055       -7632.71539
  Nb       51   40.96114   39.57392   -0.03886    1.83787       -7632.73808
  Nb       52   41.05413   39.66690    0.05413    1.75437       -7632.69646
  Nb       53   41.05169   39.66446    0.05169    1.75996       -7632.70452
  Nb       54   41.01114   39.62391    0.01114    1.79330       -7632.72345
  Nb       55   40.98805   39.60082   -0.01195    1.81108       -7632.72945
  Nb       56   40.98002   39.59279   -0.01998    1.82558       -7632.73448
  Nb       57   40.95574   39.56851   -0.04426    1.84796       -7632.75300
  Nb       58   41.02204   39.63481    0.02204    1.77907       -7632.70782
  Nb       59   40.98548   39.59826   -0.01452    1.81784       -7632.73481
  Nb       60   41.00348   39.61626    0.00348    1.80473       -7632.72564
  Nb       61   41.00173   39.61450    0.00173    1.80535       -7632.72774
  Nb       62   40.94716   39.55993   -0.05284    1.85270       -7632.75615
  Nb       63   41.10410   39.71687    0.10410    1.71282       -7632.67172
  Nb       64   41.00703   39.61981    0.00703    1.79956       -7632.72581
  Mo       65   42.20982   40.82259    0.20982    1.69262       -8090.67795
  Mo       66   42.21682   40.82960    0.21682    1.67974       -8090.66774
  Mo       67   42.11251   40.72528    0.11251    1.77209       -8090.71776
  Mo       68   42.14764   40.76041    0.14764    1.74043       -8090.70853
  Mo       69   42.21122   40.82399    0.21122    1.68755       -8090.67751
  Mo       70   42.15699   40.76976    0.15699    1.73128       -8090.69995
  Mo       71   42.08084   40.69361    0.08084    1.80709       -8090.74009
  Mo       72   42.13484   40.74761    0.13484    1.75386       -8090.70699
  Mo       73   42.19816   40.81093    0.19816    1.70111       -8090.68646
  Mo       74   42.15911   40.77188    0.15911    1.73077       -8090.69620
  Mo       75   42.12013   40.73290    0.12013    1.76914       -8090.71997
  Mo       76   42.17891   40.79169    0.17891    1.71052       -8090.68097
  Mo       77   42.11274   40.72551    0.11274    1.77697       -8090.72736
  Mo       78   42.18887   40.80164    0.18887    1.70364       -8090.68101
  Mo       79   42.18324   40.79601    0.18324    1.71108       -8090.69146
  Mo       80   42.19657   40.80935    0.19657    1.70344       -8090.68613
  Mo       81   42.17361   40.78638    0.17361    1.71890       -8090.69730
  Mo       82   42.18559   40.79837    0.18559    1.70945       -8090.68131
  Mo       83   42.18855   40.80132    0.18855    1.70556       -8090.68146
  Mo       84   42.08543   40.69820    0.08543    1.80431       -8090.73609
  Mo       85   42.20505   40.81782    0.20505    1.69874       -8090.68595
  Mo       86   42.08152   40.69430    0.08152    1.80475       -8090.73353
  Mo       87   42.22560   40.83838    0.22560    1.67153       -8090.67243
  Mo       88   42.07266   40.68543    0.07266    1.81647       -8090.74635
  Mo       89   42.14804   40.76082    0.14804    1.74746       -8090.71207
  Mo       90   42.18763   40.80041    0.18763    1.70938       -8090.69399
  Mo       91   42.18366   40.79644    0.18366    1.71000       -8090.68933
  Mo       92   42.20451   40.81729    0.20451    1.69346       -8090.68007
  Mo       93   42.15869   40.77146    0.15869    1.73577       -8090.70620
  Mo       94   42.27270   40.88547    0.27270    1.63034       -8090.64449
  Mo       95   42.22773   40.84050    0.22773    1.66917       -8090.66845
  Mo       96   42.24449   40.85727    0.24449    1.65202       -8090.65952
  Ta       97   72.83455   71.44732   -0.16545    1.86896      -31233.08033
  Ta       98   72.89954   71.51231   -0.10046    1.82392      -31233.04713
  Ta       99   72.85563   71.46841   -0.14437    1.86007      -31233.07508
  Ta      100   72.84418   71.45695   -0.15582    1.86869      -31233.08386
  Ta      101   72.86591   71.47868   -0.13409    1.85013      -31233.07058
  Ta      102   72.84836   71.46113   -0.15164    1.86798      -31233.07897
  Ta      103   72.84472   71.45749   -0.15528    1.87010      -31233.08335
  Ta      104   72.84808   71.46085   -0.15192    1.86236      -31233.07195
  Ta      105   72.86949   71.48227   -0.13051    1.84539      -31233.06323
  Ta      106   72.85917   71.47195   -0.14083    1.84993      -31233.06411
  Ta      107   72.88523   71.49801   -0.11477    1.83062      -31233.05604
  Ta      108   72.87995   71.49272   -0.12005    1.84087      -31233.05780
  Ta      109   72.87388   71.48665   -0.12612    1.84160      -31233.05885
  Ta      110   72.86868   71.48146   -0.13132    1.84745      -31233.06581
  Ta      111   72.86316   71.47593   -0.13684    1.85310      -31233.06835
  Ta      112   72.87582   71.48860   -0.12418    1.84063      -31233.06073
  Ta      113   72.86661   71.47938   -0.13339    1.84102      -31233.06414
  Ta      114   72.88159   71.49436   -0.11841    1.82923      -31233.05629
  Ta      115   72.74468   71.35745   -0.25532    1.96115      -31233.13299
  Ta      116   72.90353   71.51630   -0.09647    1.80930      -31233.03856
  Ta      117   72.79905   71.41182   -0.20095    1.90686      -31233.10412
  Ta      118   72.85077   71.46354   -0.14923    1.86037      -31233.07186
  Ta      119   72.87171   71.48448   -0.12829    1.84725      -31233.06345
  Ta      120   72.91518   71.52795   -0.08482    1.80315      -31233.03916
  Ta      121   72.82637   71.43914   -0.17363    1.88448      -31233.08125
  Ta      122   72.81654   71.42932   -0.18346    1.89720      -31233.09218
  Ta      123   72.81472   71.42750   -0.18528    1.89401      -31233.09676
  Ta      124   72.91486   71.52763   -0.08514    1.80182      -31233.02989
  Ta      125   72.83051   71.44329   -0.16949    1.87900      -31233.08545
  Ta      126   72.90416   71.51693   -0.09584    1.81303      -31233.04741
  Ta      127   72.88734   71.50011   -0.11266    1.82506      -31233.05041
  Ta      128   72.84982   71.46260   -0.15018    1.86266      -31233.07631
