System Description            : WNbMoTaTi, BCC structure                        
Number of Atoms in Unit Cell  : 320                                             
Number of Atomic Species      : 5                                               
Number of Atoms in Each Type  : 64(W), 64(Nb), 64(Mo), 64(Ta), 64(Ti)           
Energy Offset                 : -16193                                          
=======================================================================================
    Iter     Energy      3PV     Efermi   Rms_rho    Rms_pot   Mix  Alg  Alpha 
---------------------------------------------------------------------------------------
**       1  -0.750150  1839.840  0.54373  0.140E+01  0.175E+00  pot  B   0.1000
         2  -0.769048  1816.791  0.57493  0.778E-02  0.114E+01  pot  B   0.1000
         3  -1.049106  1815.246  0.57674  0.244E-02  0.465E+00  pot  B   0.1000
         4  -1.051745  1801.651  0.58680  0.523E-02  0.113E+01  pot  B   0.1000
         5  -1.083989  1792.837  0.59398  0.312E-02  0.983E+00  pot  B   0.1000
         6  -1.346423  1776.580  0.60476  0.554E-02  0.496E+00  pot  B   0.1000
         7  -1.448760  1763.477  0.61398  0.454E-02  0.382E+00  pot  B   0.1000
         8  -1.512954  1748.292  0.62495  0.529E-02  0.272E+00  pot  B   0.1000
         9  -1.552441  1735.522  0.63425  0.455E-02  0.179E+00  pot  B   0.1000
        10  -1.566560  1729.659  0.63938  0.238E-02  0.109E+00  pot  B   0.1000
        11  -1.579029  1724.628  0.64331  0.233E-02  0.649E-01  pot  B   0.1000
        12  -1.589552  1719.559  0.64705  0.261E-02  0.683E-01  pot  B   0.1000
        13  -1.596915  1714.487  0.65098  0.273E-02  0.747E-01  pot  B   0.1000
        14  -1.598039  1715.089  0.65017  0.820E-03  0.111E+00  pot  B   0.1000
        15  -1.603276  1707.935  0.65529  0.299E-02  0.605E-01  pot  B   0.1000
        16  -1.603768  1707.573  0.65629  0.637E-03  0.535E-01  pot  B   0.1000
        17  -1.604249  1706.263  0.65746  0.602E-03  0.213E-01  pot  B   0.1000
        18  -1.604483  1706.245  0.65767  0.199E-03  0.764E-02  pot  B   0.1000
        19  -1.604558  1706.345  0.65832  0.206E-03  0.168E-01  pot  B   0.1000
        20  -1.604592  1706.277  0.65843  0.833E-04  0.103E-01  pot  B   0.1000
        21  -1.604652  1706.245  0.65893  0.129E-03  0.105E-01  pot  B   0.1000
        22  -1.604729  1706.370  0.65960  0.149E-03  0.707E-02  pot  B   0.1000
        23  -1.604762  1706.371  0.66017  0.136E-03  0.927E-02  pot  B   0.1000
        24  -1.604800  1706.323  0.66085  0.146E-03  0.525E-02  pot  B   0.1000
        25  -1.604817  1706.388  0.66122  0.592E-04  0.320E-02  pot  B   0.1000
        26  -1.604830  1706.450  0.66146  0.506E-04  0.319E-02  pot  B   0.1000
        27  -1.604827  1706.376  0.66158  0.329E-04  0.626E-02  pot  B   0.1000
        28  -1.604839  1706.402  0.66176  0.303E-04  0.166E-02  pot  B   0.1000
        29  -1.604836  1706.387  0.66178  0.196E-04  0.405E-02  pot  B   0.1000
        30  -1.604840  1706.377  0.66185  0.228E-04  0.191E-02  pot  B   0.1000
        31  -1.604842  1706.367  0.66195  0.165E-04  0.133E-02  pot  B   0.1000
        32  -1.604843  1706.355  0.66200  0.915E-05  0.142E-02  pot  B   0.1000
        33  -1.604844  1706.342  0.66204  0.854E-05  0.153E-02  pot  B   0.1000
        34  -1.604845  1706.317  0.66208  0.103E-04  0.546E-03  pot  B   0.1000
        35  -1.604845  1706.299  0.66213  0.109E-04  0.102E-02  pot  B   0.1000
        36  -1.604846  1706.287  0.66217  0.734E-05  0.940E-03  pot  B   0.1000
        37  -1.604847  1706.279  0.66221  0.702E-05  0.485E-03  pot  B   0.1000
        38  -1.604847  1706.257  0.66225  0.105E-04  0.335E-03  pot  B   0.1000
        39  -1.604847  1706.237  0.66228  0.110E-04  0.746E-03  pot  B   0.1000
        40  -1.604847  1706.238  0.66229  0.306E-05  0.314E-03  pot  B   0.1000
        41  -1.604847  1706.228  0.66231  0.619E-05  0.668E-03  pot  B   0.1000
        42  -1.604847  1706.226  0.66231  0.350E-05  0.411E-03  pot  B   0.1000
        43  -1.604847  1706.222  0.66232  0.233E-05  0.233E-03  pot  B   0.1000
        44  -1.604847  1706.220  0.66232  0.186E-05  0.207E-03  pot  B   0.1000
        45  -1.604847  1706.217  0.66233  0.171E-05  0.184E-03  pot  B   0.1000
        46  -1.604847  1706.213  0.66233  0.236E-05  0.154E-03  pot  B   0.1000
        47  -1.604847  1706.211  0.66233  0.113E-05  0.141E-03  pot  B   0.1000
        48  -1.604847  1706.211  0.66233  0.822E-06  0.120E-03  pot  B   0.1000
        49  -1.604847  1706.209  0.66234  0.770E-06  0.806E-04  pot  B   0.1000
        50  -1.604847  1706.207  0.66234  0.132E-05  0.549E-04  pot  B   0.1000
        51  -1.604847  1706.205  0.66234  0.113E-05  0.626E-04  pot  B   0.1000
        52  -1.604847  1706.206  0.66234  0.397E-06  0.796E-04  pot  B   0.1000
        53  -1.604847  1706.204  0.66234  0.105E-05  0.648E-04  pot  B   0.1000
        54  -1.604847  1706.204  0.66234  0.464E-06  0.728E-04  pot  B   0.1000
        55  -1.604847  1706.204  0.66234  0.540E-06  0.515E-04  pot  B   0.1000
        56  -1.604847  1706.203  0.66235  0.432E-06  0.380E-04  pot  B   0.1000
        57  -1.604847  1706.203  0.66235  0.280E-06  0.296E-04  pot  B   0.1000
        58  -1.604847  1706.203  0.66235  0.173E-06  0.314E-04  pot  B   0.1000
        59  -1.604847  1706.203  0.66235  0.223E-06  0.184E-04  pot  B   0.1000
        60  -1.604847  1706.203  0.66235  0.163E-06  0.275E-04  pot  B   0.1000
        61  -1.604847  1706.203  0.66235  0.138E-06  0.188E-04  pot  B   0.1000
        62  -1.604847  1706.203  0.66235  0.102E-06  0.945E-05  pot  B   0.1000
        63  -1.604847  1706.203  0.66235  0.171E-06  0.913E-05  pot  B   0.1000
        64  -1.604847  1706.203  0.66235  0.627E-07  0.142E-04  pot  B   0.1000
        65  -1.604847  1706.203  0.66235  0.162E-06  0.776E-05  pot  B   0.1000
        66  -1.604847  1706.204  0.66235  0.119E-06  0.141E-04  pot  B   0.1000
        67  -1.604847  1706.204  0.66235  0.881E-07  0.938E-05  pot  B   0.1000
        68  -1.604847  1706.204  0.66235  0.112E-06  0.745E-05  pot  B   0.1000
        69  -1.604847  1706.204  0.66235  0.154E-06  0.621E-05  pot  B   0.1000
        70  -1.604847  1706.204  0.66235  0.402E-07  0.768E-05  pot  B   0.1000
        71  -1.604847  1706.204  0.66235  0.154E-06  0.430E-05  pot  B   0.1000
        72  -1.604847  1706.204  0.66235  0.732E-07  0.583E-05  pot  B   0.1000
        73  -1.604847  1706.204  0.66235  0.423E-07  0.759E-05  pot  B   0.1000
        74  -1.604847  1706.205  0.66235  0.492E-07  0.442E-05  pot  B   0.1000
        75  -1.604847  1706.205  0.66235  0.100E-06  0.263E-05  pot  B   0.1000
        76  -1.604847  1706.205  0.66235  0.194E-07  0.462E-05  pot  B   0.1000
        77  -1.604847  1706.205  0.66234  0.605E-07  0.216E-05  pot  B   0.1000
        78  -1.604847  1706.205  0.66234  0.406E-07  0.246E-05  pot  B   0.1000
        79  -1.604847  1706.205  0.66234  0.212E-07  0.452E-05  pot  B   0.1000
        80  -1.604847  1706.205  0.66234  0.240E-07  0.190E-05  pot  B   0.1000
        81  -1.604847  1706.205  0.66234  0.230E-07  0.115E-05  pot  B   0.1000
        82  -1.604847  1706.205  0.66234  0.884E-08  0.202E-05  pot  B   0.1000
        83  -1.604847  1706.205  0.66234  0.165E-07  0.102E-05  pot  B   0.1000
        84  -1.604847  1706.205  0.66234  0.909E-08  0.153E-05  pot  B   0.1000
        85  -1.604847  1706.205  0.66234  0.759E-08  0.164E-05  pot  B   0.1000
        86  -1.604847  1706.205  0.66234  0.645E-08  0.111E-05  pot  B   0.1000
        87  -1.604847  1706.205  0.66234  0.562E-08  0.676E-06  pot  B   0.1000
        88  -1.604847  1706.205  0.66234  0.414E-08  0.881E-06  pot  B   0.1000
        89  -1.604847  1706.205  0.66234  0.402E-08  0.504E-06  pot  B   0.1000
        90  -1.604847  1706.205  0.66234  0.544E-08  0.455E-06  pot  B   0.1000
        91  -1.604847  1706.205  0.66234  0.798E-08  0.911E-06  pot  B   0.1000
        92  -1.604847  1706.205  0.66234  0.356E-08  0.507E-06  pot  B   0.1000
        93  -1.604847  1706.205  0.66234  0.690E-08  0.442E-06  pot  B   0.1000
        94  -1.604847  1706.205  0.66234  0.598E-08  0.432E-06  pot  B   0.1000
        95  -1.604847  1706.205  0.66234  0.586E-08  0.378E-06  pot  B   0.1000
        96  -1.604847  1706.205  0.66234  0.728E-08  0.467E-06  pot  B   0.1000
        97  -1.604847  1706.205  0.66234  0.501E-08  0.492E-06  pot  B   0.1000
        98  -1.604847  1706.205  0.66234  0.244E-08  0.474E-06  pot  B   0.1000
        99  -1.604847  1706.205  0.66234  0.584E-08  0.364E-06  pot  B   0.1000
       100  -1.604847  1706.205  0.66234  0.508E-08  0.444E-06  pot  B   0.1000
       101  -1.604847  1706.205  0.66234  0.232E-08  0.200E-06  pot  B   0.1000
       102  -1.604847  1706.205  0.66234  0.483E-08  0.192E-06  pot  B   0.1000
       103  -1.604847  1706.205  0.66234  0.335E-08  0.331E-06  pot  B   0.1000
       104  -1.604847  1706.205  0.66234  0.188E-08  0.185E-06  pot  B   0.1000
       105  -1.604847  1706.205  0.66234  0.310E-08  0.201E-06  pot  B   0.1000
       106  -1.604847  1706.205  0.66234  0.140E-08  0.142E-06  pot  B   0.1000
       107  -1.604847  1706.205  0.66234  0.188E-08  0.103E-06  pot  B   0.1000
       108  -1.604847  1706.205  0.66234  0.204E-08  0.151E-06  pot  B   0.1000
       109  -1.604847  1706.205  0.66234  0.893E-09  0.168E-06  pot  B   0.1000
       110  -1.604847  1706.205  0.66234  0.816E-09  0.130E-06  pot  B   0.1000
       111  -1.604847  1706.205  0.66234  0.776E-09  0.105E-06  pot  B   0.1000
       112  -1.604847  1706.205  0.66234  0.614E-09  0.126E-06  pot  B   0.1000
       113  -1.604847  1706.205  0.66234  0.419E-09  0.754E-07  pot  B   0.1000
       114  -1.604847  1706.205  0.66234  0.528E-09  0.515E-07  pot  B   0.1000
       115  -1.604847  1706.205  0.66234  0.319E-09  0.937E-07  pot  B   0.1000
       116  -1.604847  1706.205  0.66234  0.334E-09  0.550E-07  pot  B   0.1000
       117  -1.604847  1706.205  0.66234  0.405E-09  0.490E-07  pot  B   0.1000
       118  -1.604847  1706.205  0.66234  0.351E-09  0.487E-07  pot  B   0.1000
       119  -1.604847  1706.205  0.66234  0.271E-09  0.345E-07  pot  B   0.1000
       120  -1.604847  1706.205  0.66234  0.640E-09  0.368E-07  pot  B   0.1000
       121  -1.604847  1706.205  0.66234  0.422E-09  0.442E-07  pot  B   0.1000
       122  -1.604847  1706.205  0.66234  0.392E-09  0.497E-07  pot  B   0.1000
       123  -1.604847  1706.205  0.66234  0.216E-09  0.407E-07  pot  B   0.1000
       124  -1.604847  1706.205  0.66234  0.632E-09  0.406E-07  pot  B   0.1000
       125  -1.604847  1706.205  0.66234  0.164E-09  0.358E-07  pot  B   0.1000
       126  -1.604847  1706.205  0.66234  0.443E-09  0.198E-07  pot  B   0.1000
       127  -1.604847  1706.205  0.66234  0.587E-09  0.462E-07  pot  B   0.1000
       128  -1.604847  1706.205  0.66234  0.144E-09  0.304E-07  pot  B   0.1000
       129  -1.604847  1706.205  0.66234  0.267E-09  0.172E-07  pot  B   0.1000
       130  -1.604847  1706.205  0.66234  0.429E-09  0.198E-07  pot  B   0.1000
       131  -1.604847  1706.205  0.66234  0.107E-09  0.143E-07  pot  B   0.1000
       132  -1.604847  1706.205  0.66234  0.365E-09  0.139E-07  pot  B   0.1000
       133  -1.604847  1706.205  0.66234  0.226E-09  0.180E-07  pot  B   0.1000
       134  -1.604847  1706.205  0.66234  0.162E-09  0.195E-07  pot  B   0.1000
       135  -1.604847  1706.205  0.66234  0.933E-10  0.149E-07  pot  B   0.1000
       136  -1.604847  1706.205  0.66234  0.204E-09  0.148E-07  pot  B   0.1000
       137  -1.604847  1706.205  0.66234  0.489E-10  0.146E-07  pot  B   0.1000
       138  -1.604847  1706.205  0.66234  0.132E-09  0.579E-08  pot  B   0.1000
**     139  -1.604847  1706.205  0.66234  0.144E-11  0.579E-08  pot  B   0.1000
**     140  -1.604847  1706.205  0.66234  0.144E-11  0.579E-08  pot  B   0.1000
