 Atom   Index      Q          Qmt        dQ        Vmad        Local Energy
  W         1   73.70146   72.40030   -0.29854    1.89215      -32312.58586
  W         2   73.74536   72.44420   -0.25464    1.85249      -32312.56546
  W         3   73.90816   72.60699   -0.09184    1.68080      -32312.45554
  W         4   73.86091   72.55975   -0.13909    1.73283      -32312.48745
  W         5   73.86080   72.55963   -0.13920    1.73709      -32312.50346
  W         6   73.85895   72.55778   -0.14105    1.72989      -32312.48446
  W         7   73.85715   72.55599   -0.14285    1.73389      -32312.49255
  W         8   73.76578   72.46461   -0.23422    1.82592      -32312.54561
  W         9   73.79791   72.49675   -0.20209    1.80647      -32312.55647
  W        10   73.81701   72.51585   -0.18299    1.77706      -32312.52111
  W        11   73.96810   72.66694   -0.03190    1.62732      -32312.42610
  W        12   73.95298   72.65182   -0.04702    1.64864      -32312.44355
  W        13   73.87672   72.57556   -0.12328    1.70597      -32312.47220
  W        14   73.79363   72.49247   -0.20637    1.80522      -32312.54398
  W        15   73.90265   72.60148   -0.09735    1.69731      -32312.46807
  W        16   73.81240   72.51123   -0.18760    1.77184      -32312.50337
  W        17   73.93214   72.63098   -0.06786    1.65439      -32312.43681
  W        18   73.92432   72.62315   -0.07568    1.66352      -32312.44582
  W        19   73.77566   72.47450   -0.22434    1.82026      -32312.54842
  W        20   73.90974   72.60858   -0.09026    1.67997      -32312.45607
  W        21   73.86344   72.56228   -0.13656    1.72358      -32312.48054
  W        22   73.82366   72.52250   -0.17634    1.77714      -32312.52587
  W        23   73.92660   72.62544   -0.07340    1.66448      -32312.44089
  W        24   73.86352   72.56236   -0.13648    1.72880      -32312.49459
  W        25   73.70411   72.40295   -0.29589    1.89986      -32312.60981
  W        26   73.87019   72.56902   -0.12981    1.71589      -32312.47875
  W        27   73.69545   72.39428   -0.30455    1.89557      -32312.59311
  W        28   73.84426   72.54310   -0.15574    1.74457      -32312.49804
  W        29   73.81227   72.51111   -0.18773    1.77666      -32312.51099
  W        30   73.85190   72.55074   -0.14810    1.73869      -32312.49237
  W        31   73.83889   72.53772   -0.16111    1.75466      -32312.50753
  W        32   73.93335   72.63219   -0.06665    1.65857      -32312.44124
  W        33   73.86621   72.56504   -0.13379    1.72469      -32312.48650
  W        34   73.77406   72.47289   -0.22594    1.81638      -32312.53969
  W        35   73.86062   72.55946   -0.13938    1.73351      -32312.48681
  W        36   73.95952   72.65836   -0.04048    1.63324      -32312.42799
  W        37   73.90013   72.59896   -0.09987    1.68596      -32312.44757
  W        38   73.71049   72.40933   -0.28951    1.88068      -32312.58659
  W        39   73.77380   72.47264   -0.22620    1.82748      -32312.55304
  W        40   73.79849   72.49733   -0.20151    1.79377      -32312.53139
  W        41   73.70637   72.40521   -0.29363    1.89501      -32312.59979
  W        42   73.95814   72.65698   -0.04186    1.64316      -32312.44573
  W        43   73.98238   72.68122   -0.01762    1.60417      -32312.40402
  W        44   73.82768   72.52652   -0.17232    1.77686      -32312.52845
  W        45   73.91132   72.61015   -0.08868    1.67979      -32312.45339
  W        46   73.87136   72.57020   -0.12864    1.72729      -32312.49614
  W        47   73.73364   72.43248   -0.26636    1.86492      -32312.58364
  W        48   73.95536   72.65419   -0.04464    1.64172      -32312.43248
  W        49   73.84188   72.54071   -0.15812    1.75561      -32312.50834
  W        50   73.94919   72.64803   -0.05081    1.64926      -32312.43779
  W        51   73.70619   72.40503   -0.29381    1.88924      -32312.59117
  W        52   73.93128   72.63012   -0.06872    1.67054      -32312.45808
  W        53   73.82714   72.52598   -0.17286    1.77015      -32312.52027
  W        54   73.96981   72.66865   -0.03019    1.62097      -32312.41983
  W        55   73.95627   72.65510   -0.04373    1.62818      -32312.42141
  W        56   73.87075   72.56959   -0.12925    1.71767      -32312.48200
  W        57   73.82099   72.51983   -0.17901    1.76948      -32312.50810
  W        58   73.88077   72.57960   -0.11923    1.70408      -32312.47110
  W        59   73.73037   72.42921   -0.26963    1.86185      -32312.56713
  W        60   73.82316   72.52199   -0.17684    1.77786      -32312.52665
  W        61   73.85833   72.55717   -0.14167    1.73893      -32312.49605
  W        62   73.74083   72.43966   -0.25917    1.85588      -32312.57507
  W        63   73.69461   72.39345   -0.30539    1.90725      -32312.61223
  W        64   73.68410   72.38293   -0.31590    1.91201      -32312.60126
  W        65   73.90704   72.60588   -0.09296    1.69089      -32312.46583
  W        66   73.80359   72.50242   -0.19641    1.78379      -32312.52186
  W        67   73.82989   72.52873   -0.17011    1.76344      -32312.51295
  W        68   73.82012   72.51896   -0.17988    1.78081      -32312.53251
  W        69   73.89069   72.58953   -0.10931    1.70266      -32312.47415
  W        70   73.94694   72.64577   -0.05306    1.64068      -32312.42576
  W        71   73.89033   72.58917   -0.10967    1.70139      -32312.46636
  W        72   73.84178   72.54062   -0.15822    1.75297      -32312.50546
  W        73   73.98115   72.67998   -0.01885    1.61198      -32312.41534
  W        74   73.73999   72.43883   -0.26001    1.85055      -32312.56323
  W        75   73.90986   72.60870   -0.09014    1.68244      -32312.45904
  W        76   73.97131   72.67015   -0.02869    1.62887      -32312.43926
  W        77   73.78669   72.48552   -0.21331    1.80983      -32312.55408
  W        78   73.78127   72.48010   -0.21873    1.81491      -32312.54689
  W        79   73.94073   72.63956   -0.05927    1.64981      -32312.43645
  W        80   73.78593   72.48477   -0.21407    1.80420      -32312.53596
  W        81   73.95450   72.65333   -0.04550    1.64203      -32312.43252
  W        82   73.96153   72.66036   -0.03847    1.62669      -32312.42336
  W        83   73.99317   72.69201   -0.00683    1.60698      -32312.41258
  W        84   73.78211   72.48095   -0.21789    1.81054      -32312.54249
  W        85   73.69812   72.39696   -0.30188    1.89320      -32312.58742
  W        86   73.86163   72.56047   -0.13837    1.72780      -32312.48291
  W        87   73.79700   72.49584   -0.20300    1.79139      -32312.53244
  W        88   74.00728   72.70612    0.00728    1.58482      -32312.39636
  W        89   73.73457   72.43341   -0.26543    1.85475      -32312.56782
  W        90   73.90658   72.60542   -0.09342    1.68431      -32312.46201
  W        91   73.69678   72.39561   -0.30322    1.90145      -32312.61177
  W        92   73.92571   72.62455   -0.07429    1.66825      -32312.45608
  W        93   73.77683   72.47567   -0.22317    1.81511      -32312.54154
  W        94   73.86460   72.56344   -0.13540    1.73166      -32312.48930
  W        95   73.87397   72.57280   -0.12603    1.72503      -32312.49156
  W        96   73.75867   72.45751   -0.24133    1.83577      -32312.56045
  W        97   73.87922   72.57806   -0.12078    1.71170      -32312.47803
  W        98   73.79811   72.49695   -0.20189    1.78669      -32312.51573
  W        99   73.89634   72.59517   -0.10366    1.69125      -32312.46295
  W       100   73.84210   72.54094   -0.15790    1.75081      -32312.49762
  W       101   73.77074   72.46957   -0.22926    1.82350      -32312.54717
  W       102   73.85493   72.55377   -0.14507    1.73412      -32312.48908
  W       103   74.05467   72.75351    0.05467    1.53212      -32312.35955
  W       104   73.90639   72.60522   -0.09361    1.68584      -32312.45778
  W       105   73.84905   72.54789   -0.15095    1.74512      -32312.50067
  W       106   73.86918   72.56802   -0.13082    1.72326      -32312.49081
  W       107   73.96274   72.66158   -0.03726    1.63520      -32312.43871
  W       108   73.92740   72.62623   -0.07260    1.66953      -32312.45255
  W       109   73.97745   72.67629   -0.02255    1.62209      -32312.42854
  W       110   73.79600   72.49484   -0.20400    1.79956      -32312.53769
  W       111   73.96431   72.66314   -0.03569    1.63475      -32312.43411
  W       112   73.81647   72.51531   -0.18353    1.77004      -32312.49803
  W       113   73.90388   72.60271   -0.09612    1.68194      -32312.45293
  W       114   73.90306   72.60190   -0.09694    1.69001      -32312.46298
  W       115   73.89474   72.59357   -0.10526    1.69723      -32312.47067
  W       116   73.86845   72.56729   -0.13155    1.71768      -32312.46782
  W       117   73.81033   72.50917   -0.18967    1.79057      -32312.54080
  W       118   73.70723   72.40607   -0.29277    1.89471      -32312.59952
  W       119   73.82577   72.52460   -0.17423    1.77251      -32312.52240
  W       120   73.89347   72.59230   -0.10653    1.69815      -32312.46880
  W       121   73.86554   72.56437   -0.13446    1.72671      -32312.48718
  W       122   73.80698   72.50582   -0.19302    1.78590      -32312.51812
  W       123   74.01622   72.71505    0.01622    1.57447      -32312.39795
  W       124   73.96034   72.65917   -0.03966    1.62305      -32312.41369
  W       125   73.82609   72.52493   -0.17391    1.77286      -32312.52302
  W       126   73.95655   72.65539   -0.04345    1.63588      -32312.42944
  W       127   73.78962   72.48846   -0.21038    1.80600      -32312.54327
  W       128   73.84525   72.54409   -0.15475    1.74433      -32312.48920
  Nb      129   40.88812   39.58696   -0.11188    1.74002       -7632.59599
  Nb      130   40.86376   39.56260   -0.13624    1.76146       -7632.59924
  Nb      131   40.79056   39.48940   -0.20944    1.83467       -7632.65232
  Nb      132   40.85538   39.55422   -0.14462    1.77148       -7632.60687
  Nb      133   40.93668   39.63552   -0.06332    1.69094       -7632.56517
  Nb      134   40.88541   39.58424   -0.11459    1.74198       -7632.59778
  Nb      135   41.00844   39.70728    0.00844    1.61114       -7632.51646
  Nb      136   40.94432   39.64316   -0.05568    1.68756       -7632.57010
  Nb      137   40.86033   39.55917   -0.13967    1.76315       -7632.61416
  Nb      138   40.97778   39.67661   -0.02222    1.65003       -7632.53772
  Nb      139   40.87454   39.57337   -0.12546    1.74923       -7632.59782
  Nb      140   40.84994   39.54878   -0.15006    1.77574       -7632.61511
  Nb      141   40.86517   39.56400   -0.13483    1.76419       -7632.61281
  Nb      142   40.97311   39.67194   -0.02689    1.65266       -7632.54008
  Nb      143   40.99457   39.69341   -0.00543    1.63646       -7632.52969
  Nb      144   40.95372   39.65256   -0.04628    1.67087       -7632.54999
  Nb      145   40.91464   39.61348   -0.08536    1.70330       -7632.56697
  Nb      146   40.78008   39.47892   -0.21992    1.84668       -7632.66689
  Nb      147   41.08050   39.77933    0.08050    1.54155       -7632.47573
  Nb      148   40.86268   39.56151   -0.13732    1.75959       -7632.61044
  Nb      149   40.90565   39.60448   -0.09435    1.72170       -7632.58372
  Nb      150   40.91590   39.61473   -0.08410    1.71247       -7632.57432
  Nb      151   40.85698   39.55581   -0.14302    1.76994       -7632.62027
  Nb      152   40.96665   39.66549   -0.03335    1.65488       -7632.52830
  Nb      153   40.97453   39.67336   -0.02547    1.65141       -7632.53172
  Nb      154   40.87319   39.57203   -0.12681    1.75263       -7632.60738
  Nb      155   40.91024   39.60908   -0.08976    1.71429       -7632.58004
  Nb      156   40.86658   39.56542   -0.13342    1.76178       -7632.60387
  Nb      157   40.85988   39.55872   -0.14012    1.76803       -7632.61168
  Nb      158   40.91360   39.61244   -0.08640    1.70603       -7632.57058
  Nb      159   41.07202   39.77086    0.07202    1.55584       -7632.47908
  Nb      160   40.80361   39.50245   -0.19639    1.82058       -7632.64675
  Nb      161   40.82845   39.52729   -0.17155    1.79576       -7632.62451
  Nb      162   40.82551   39.52435   -0.17449    1.79422       -7632.63376
  Nb      163   40.95684   39.65568   -0.04316    1.67577       -7632.56152
  Nb      164   40.85522   39.55406   -0.14478    1.77138       -7632.62595
  Nb      165   40.89103   39.58986   -0.10897    1.73636       -7632.59041
  Nb      166   40.86949   39.56833   -0.13051    1.75566       -7632.61253
  Nb      167   40.80107   39.49991   -0.19893    1.82680       -7632.64885
  Nb      168   40.96057   39.65941   -0.03943    1.66008       -7632.54533
  Nb      169   40.87645   39.57529   -0.12355    1.75140       -7632.61364
  Nb      170   40.83884   39.53767   -0.16116    1.78971       -7632.62597
  Nb      171   40.93901   39.63784   -0.06099    1.68302       -7632.55992
  Nb      172   40.84344   39.54228   -0.15656    1.78803       -7632.62970
  Nb      173   40.92049   39.61933   -0.07951    1.70205       -7632.56884
  Nb      174   40.90567   39.60451   -0.09433    1.72541       -7632.58987
  Nb      175   40.76447   39.46331   -0.23553    1.86179       -7632.66254
  Nb      176   41.01974   39.71858    0.01974    1.60670       -7632.51372
  Nb      177   41.06378   39.76262    0.06378    1.56375       -7632.48231
  Nb      178   40.75223   39.45107   -0.24777    1.87174       -7632.67939
  Nb      179   40.77696   39.47579   -0.22304    1.84906       -7632.66661
  Nb      180   40.90720   39.60603   -0.09280    1.71525       -7632.56848
  Nb      181   40.90899   39.60782   -0.09101    1.71823       -7632.58496
  Nb      182   40.82373   39.52257   -0.17627    1.80919       -7632.63854
  Nb      183   40.79036   39.48919   -0.20964    1.83289       -7632.65485
  Nb      184   40.81804   39.51688   -0.18196    1.80989       -7632.63007
  Nb      185   40.76159   39.46042   -0.23841    1.86821       -7632.68561
  Nb      186   40.84759   39.54643   -0.15241    1.77937       -7632.62262
  Nb      187   40.73405   39.43289   -0.26595    1.89239       -7632.69137
  Nb      188   41.09765   39.79648    0.09765    1.52888       -7632.46277
  Nb      189   40.84712   39.54596   -0.15288    1.77469       -7632.60918
  Nb      190   40.83473   39.53356   -0.16527    1.78552       -7632.60928
  Nb      191   40.92510   39.62393   -0.07490    1.70343       -7632.57187
  Nb      192   40.92945   39.62828   -0.07055    1.70213       -7632.56389
  Nb      193   40.96033   39.65916   -0.03967    1.66936       -7632.55783
  Nb      194   40.93059   39.62942   -0.06941    1.68494       -7632.55405
  Nb      195   40.84303   39.54186   -0.15697    1.78169       -7632.62118
  Nb      196   40.87464   39.57348   -0.12536    1.73944       -7632.58916
  Nb      197   41.03476   39.73360    0.03476    1.59747       -7632.51164
  Nb      198   40.81885   39.51769   -0.18115    1.80589       -7632.63691
  Nb      199   40.94596   39.64480   -0.05404    1.67858       -7632.55235
  Nb      200   40.87079   39.56963   -0.12921    1.75186       -7632.60006
  Nb      201   40.82151   39.52035   -0.17849    1.80232       -7632.62945
  Nb      202   40.78676   39.48560   -0.21324    1.83760       -7632.65026
  Nb      203   40.85087   39.54971   -0.14913    1.77282       -7632.60404
  Nb      204   41.04083   39.73967    0.04083    1.58941       -7632.50231
  Nb      205   41.01592   39.71476    0.01592    1.60578       -7632.51048
  Nb      206   40.84080   39.53963   -0.15920    1.79144       -7632.62580
  Nb      207   40.94117   39.64000   -0.05883    1.67419       -7632.54882
  Nb      208   41.03385   39.73268    0.03385    1.59304       -7632.50108
  Nb      209   40.89261   39.59145   -0.10739    1.73055       -7632.58873
  Nb      210   40.93609   39.63493   -0.06391    1.68385       -7632.55735
  Nb      211   40.90728   39.60612   -0.09272    1.71824       -7632.57099
  Nb      212   40.97232   39.67116   -0.02768    1.65686       -7632.54855
  Nb      213   40.82854   39.52738   -0.17146    1.79437       -7632.61622
  Nb      214   40.94747   39.64631   -0.05253    1.68030       -7632.56163
  Nb      215   40.81687   39.51571   -0.18313    1.80722       -7632.63713
  Nb      216   41.01915   39.71799    0.01915    1.60314       -7632.50383
  Nb      217   40.99281   39.69165   -0.00719    1.62603       -7632.52417
  Nb      218   40.94823   39.64707   -0.05177    1.67579       -7632.56558
  Nb      219   40.84098   39.53981   -0.15902    1.78091       -7632.61406
  Nb      220   40.84536   39.54419   -0.15464    1.78019       -7632.62220
  Nb      221   40.99539   39.69423   -0.00461    1.63494       -7632.53514
  Nb      222   40.90355   39.60239   -0.09645    1.71902       -7632.58104
  Nb      223   41.00837   39.70721    0.00837    1.61353       -7632.50554
  Nb      224   40.95975   39.65859   -0.04025    1.66584       -7632.54200
  Nb      225   41.02302   39.72186    0.02302    1.60123       -7632.50654
  Nb      226   40.97480   39.67363   -0.02520    1.64218       -7632.52811
  Nb      227   40.89934   39.59817   -0.10066    1.72473       -7632.58072
  Nb      228   40.96636   39.66520   -0.03364    1.65342       -7632.53350
  Nb      229   40.91610   39.61494   -0.08390    1.70846       -7632.57679
  Nb      230   40.82972   39.52856   -0.17028    1.79924       -7632.63554
  Nb      231   40.88659   39.58542   -0.11341    1.73738       -7632.59529
  Nb      232   40.89160   39.59043   -0.10840    1.73556       -7632.59491
  Nb      233   40.97141   39.67025   -0.02859    1.65871       -7632.54933
  Nb      234   40.80516   39.50400   -0.19484    1.81924       -7632.64680
  Nb      235   40.89641   39.59525   -0.10359    1.73641       -7632.59243
  Nb      236   40.93364   39.63247   -0.06636    1.69999       -7632.57653
  Nb      237   40.90976   39.60859   -0.09024    1.72011       -7632.57748
  Nb      238   40.88618   39.58502   -0.11382    1.73604       -7632.58918
  Nb      239   40.83883   39.53767   -0.16117    1.78901       -7632.62024
  Nb      240   40.95884   39.65768   -0.04116    1.66189       -7632.53981
  Nb      241   41.00920   39.70804    0.00920    1.61689       -7632.51474
  Nb      242   40.78199   39.48082   -0.21801    1.84796       -7632.66750
  Nb      243   40.87323   39.57207   -0.12677    1.75774       -7632.60220
  Nb      244   40.93870   39.63754   -0.06130    1.68336       -7632.55282
  Nb      245   40.88579   39.58463   -0.11421    1.74183       -7632.59351
  Nb      246   40.84995   39.54879   -0.15005    1.77765       -7632.62002
  Nb      247   40.86475   39.56358   -0.13525    1.76202       -7632.60238
  Nb      248   40.79355   39.49238   -0.20645    1.83828       -7632.66636
  Nb      249   40.81081   39.50964   -0.18919    1.81306       -7632.63035
  Nb      250   40.75807   39.45691   -0.24193    1.87001       -7632.67869
  Nb      251   40.99992   39.69876   -0.00008    1.62073       -7632.51903
  Nb      252   40.81191   39.51074   -0.18809    1.81686       -7632.63701
  Nb      253   40.91168   39.61052   -0.08832    1.72166       -7632.58623
  Nb      254   40.84751   39.54635   -0.15249    1.78221       -7632.62703
  Nb      255   40.89582   39.59466   -0.10418    1.72648       -7632.58297
  Nb      256   40.84778   39.54661   -0.15222    1.78322       -7632.62189
  Mo      257   41.92263   40.62146   -0.07737    1.80527       -8090.65944
  Mo      258   41.94674   40.64558   -0.05326    1.77712       -8090.63898
  Mo      259   42.15051   40.84934    0.15051    1.56721       -8090.51154
  Mo      260   42.13079   40.82963    0.13079    1.58433       -8090.51761
  Mo      261   42.01120   40.71004    0.01120    1.70857       -8090.59876
  Mo      262   41.88831   40.58714   -0.11169    1.84567       -8090.68976
  Mo      263   42.09996   40.79880    0.09996    1.61507       -8090.53588
  Mo      264   42.10523   40.80407    0.10523    1.61500       -8090.54569
  Mo      265   42.07821   40.77705    0.07821    1.63655       -8090.55635
  Mo      266   42.16716   40.86600    0.16716    1.54085       -8090.48820
  Mo      267   41.97107   40.66990   -0.02893    1.75341       -8090.62034
  Mo      268   41.94265   40.64148   -0.05735    1.78412       -8090.64830
  Mo      269   42.08957   40.78840    0.08957    1.62412       -8090.54788
  Mo      270   42.08687   40.78570    0.08687    1.63189       -8090.54962
  Mo      271   42.02702   40.72586    0.02702    1.67992       -8090.57307
  Mo      272   41.89962   40.59846   -0.10038    1.82758       -8090.67692
  Mo      273   42.18699   40.88583    0.18699    1.52691       -8090.48762
  Mo      274   42.12703   40.82587    0.12703    1.58535       -8090.51309
  Mo      275   42.05170   40.75054    0.05170    1.66816       -8090.57158
  Mo      276   42.15200   40.85083    0.15200    1.56641       -8090.51107
  Mo      277   42.02824   40.72708    0.02824    1.69499       -8090.59562
  Mo      278   42.08658   40.78542    0.08658    1.63033       -8090.54698
  Mo      279   42.06125   40.76009    0.06125    1.66188       -8090.57150
  Mo      280   42.00566   40.70450    0.00566    1.71996       -8090.60675
  Mo      281   41.97909   40.67792   -0.02091    1.74106       -8090.61537
  Mo      282   42.06584   40.76468    0.06584    1.65647       -8090.56861
  Mo      283   42.02692   40.72576    0.02692    1.69387       -8090.59259
  Mo      284   41.97009   40.66893   -0.02991    1.75836       -8090.63553
  Mo      285   42.06452   40.76336    0.06452    1.65618       -8090.56444
  Mo      286   42.18811   40.88695    0.18811    1.51966       -8090.47780
  Mo      287   42.07688   40.77572    0.07688    1.62999       -8090.54330
  Mo      288   42.17334   40.87218    0.17334    1.54251       -8090.49262
  Mo      289   42.00622   40.70506    0.00622    1.71878       -8090.60731
  Mo      290   42.05638   40.75522    0.05638    1.66377       -8090.57022
  Mo      291   42.12075   40.81959    0.12075    1.58573       -8090.52058
  Mo      292   41.97755   40.67639   -0.02245    1.74564       -8090.61784
  Mo      293   42.02678   40.72562    0.02678    1.69945       -8090.60003
  Mo      294   42.08605   40.78489    0.08605    1.62708       -8090.54466
  Mo      295   41.99852   40.69736   -0.00148    1.71908       -8090.60114
  Mo      296   42.04303   40.74187    0.04303    1.67285       -8090.57490
  Mo      297   41.98681   40.68564   -0.01319    1.73816       -8090.61545
  Mo      298   42.10490   40.80373    0.10490    1.61104       -8090.52899
  Mo      299   41.96121   40.66004   -0.03879    1.76532       -8090.63659
  Mo      300   42.08555   40.78439    0.08555    1.62482       -8090.53917
  Mo      301   42.09405   40.79288    0.09405    1.61690       -8090.54297
  Mo      302   42.06191   40.76075    0.06191    1.65050       -8090.55402
  Mo      303   42.11250   40.81134    0.11250    1.59387       -8090.52537
  Mo      304   42.02202   40.72086    0.02202    1.69369       -8090.59193
  Mo      305   42.08327   40.78211    0.08327    1.62916       -8090.54047
  Mo      306   42.11992   40.81876    0.11992    1.59755       -8090.53057
  Mo      307   42.04858   40.74742    0.04858    1.66595       -8090.56818
  Mo      308   42.07254   40.77137    0.07254    1.65066       -8090.57245
  Mo      309   41.99145   40.69029   -0.00855    1.72878       -8090.61194
  Mo      310   42.21434   40.91317    0.21434    1.50223       -8090.47585
  Mo      311   42.14493   40.84376    0.14493    1.56440       -8090.50262
  Mo      312   42.04333   40.74217    0.04333    1.66726       -8090.56738
  Mo      313   42.09433   40.79316    0.09433    1.62346       -8090.54070
  Mo      314   42.13952   40.83836    0.13952    1.57979       -8090.52114
  Mo      315   41.98706   40.68590   -0.01294    1.73630       -8090.61708
  Mo      316   41.96057   40.65940   -0.03943    1.76016       -8090.63475
  Mo      317   42.11021   40.80904    0.11021    1.59865       -8090.52342
  Mo      318   41.96584   40.66468   -0.03416    1.75751       -8090.63785
  Mo      319   42.09970   40.79854    0.09970    1.61010       -8090.52550
  Mo      320   42.10942   40.80826    0.10942    1.60328       -8090.52559
  Mo      321   42.05888   40.75771    0.05888    1.65971       -8090.57705
  Mo      322   41.96606   40.66490   -0.03394    1.75774       -8090.63433
  Mo      323   42.05647   40.75531    0.05647    1.66065       -8090.56471
  Mo      324   42.01922   40.71806    0.01922    1.70125       -8090.58949
  Mo      325   42.13230   40.83113    0.13230    1.58570       -8090.52434
  Mo      326   41.91734   40.61618   -0.08266    1.80726       -8090.65913
  Mo      327   41.97816   40.67700   -0.02184    1.74557       -8090.62390
  Mo      328   42.16470   40.86354    0.16470    1.54059       -8090.48871
  Mo      329   42.08930   40.78814    0.08930    1.62914       -8090.54869
  Mo      330   42.09890   40.79774    0.09890    1.61439       -8090.53754
  Mo      331   42.10457   40.80341    0.10457    1.61871       -8090.54382
  Mo      332   41.97480   40.67364   -0.02520    1.74796       -8090.62615
  Mo      333   42.07505   40.77388    0.07505    1.63594       -8090.54750
  Mo      334   42.16237   40.86120    0.16237    1.55346       -8090.51023
  Mo      335   42.11575   40.81458    0.11575    1.59527       -8090.53366
  Mo      336   42.01925   40.71809    0.01925    1.70668       -8090.59934
  Mo      337   42.17320   40.87204    0.17320    1.53468       -8090.47878
  Mo      338   41.91991   40.61874   -0.08009    1.80204       -8090.64797
  Mo      339   41.94243   40.64126   -0.05757    1.78241       -8090.64917
  Mo      340   41.93794   40.63677   -0.06206    1.79121       -8090.65085
  Mo      341   41.92254   40.62138   -0.07746    1.80536       -8090.66111
  Mo      342   41.99416   40.69300   -0.00584    1.73339       -8090.61869
  Mo      343   41.85479   40.55363   -0.14521    1.86966       -8090.70219
  Mo      344   41.99861   40.69744   -0.00139    1.72773       -8090.61587
  Mo      345   42.11409   40.81293    0.11409    1.59635       -8090.52000
  Mo      346   42.06264   40.76148    0.06264    1.66041       -8090.57281
  Mo      347   42.09479   40.79362    0.09479    1.63105       -8090.55633
  Mo      348   42.14299   40.84183    0.14299    1.57934       -8090.52530
  Mo      349   42.04792   40.74676    0.04792    1.67408       -8090.57772
  Mo      350   42.08523   40.78407    0.08523    1.62594       -8090.54581
  Mo      351   42.02057   40.71941    0.02057    1.70689       -8090.59808
  Mo      352   42.11528   40.81411    0.11528    1.60858       -8090.54055
  Mo      353   42.04419   40.74302    0.04419    1.67988       -8090.58249
  Mo      354   42.14289   40.84173    0.14289    1.57328       -8090.51298
  Mo      355   41.97269   40.67152   -0.02731    1.75146       -8090.62880
  Mo      356   42.17576   40.87460    0.17576    1.54177       -8090.49225
  Mo      357   42.16243   40.86127    0.16243    1.55350       -8090.50570
  Mo      358   42.18598   40.88481    0.18598    1.52753       -8090.48392
  Mo      359   41.88514   40.58397   -0.11486    1.84021       -8090.67796
  Mo      360   42.13093   40.82977    0.13093    1.58554       -8090.51825
  Mo      361   42.11980   40.81863    0.11980    1.60366       -8090.54018
  Mo      362   42.18697   40.88581    0.18697    1.52500       -8090.48280
  Mo      363   42.04039   40.73923    0.04039    1.67969       -8090.57329
  Mo      364   41.76319   40.46203   -0.23681    1.96318       -8090.75548
  Mo      365   42.15609   40.85493    0.15609    1.55444       -8090.50171
  Mo      366   42.13977   40.83861    0.13977    1.57314       -8090.51735
  Mo      367   42.07716   40.77599    0.07716    1.63675       -8090.55245
  Mo      368   42.06640   40.76523    0.06640    1.65870       -8090.57013
  Mo      369   42.01327   40.71211    0.01327    1.70797       -8090.59765
  Mo      370   42.00952   40.70836    0.00952    1.70682       -8090.59398
  Mo      371   42.07912   40.77796    0.07912    1.63377       -8090.55001
  Mo      372   41.90050   40.59933   -0.09950    1.82247       -8090.66796
  Mo      373   42.20228   40.90112    0.20228    1.50736       -8090.46632
  Mo      374   42.15111   40.84994    0.15111    1.56593       -8090.51080
  Mo      375   42.13355   40.83238    0.13355    1.59019       -8090.53710
  Mo      376   42.09654   40.79537    0.09654    1.62566       -8090.55625
  Mo      377   41.88044   40.57927   -0.11956    1.83943       -8090.67079
  Mo      378   42.11647   40.81531    0.11647    1.60467       -8090.54020
  Mo      379   42.01101   40.70985    0.01101    1.70248       -8090.59292
  Mo      380   42.19540   40.89424    0.19540    1.52229       -8090.49100
  Mo      381   41.94218   40.64102   -0.05782    1.78022       -8090.64406
  Mo      382   42.16872   40.86755    0.16872    1.54633       -8090.50284
  Mo      383   42.04908   40.74791    0.04908    1.66718       -8090.57273
  Mo      384   41.90953   40.60837   -0.09047    1.81297       -8090.66205
  Ta      385   72.78665   71.48549   -0.21335    1.75085      -31232.91972
  Ta      386   72.89363   71.59246   -0.10637    1.64375      -31232.84137
  Ta      387   72.85029   71.54912   -0.14971    1.67899      -31232.86144
  Ta      388   72.78452   71.48336   -0.21548    1.75017      -31232.91686
  Ta      389   72.88645   71.58529   -0.11355    1.64763      -31232.83681
  Ta      390   72.66034   71.35917   -0.33966    1.87833      -31233.00889
  Ta      391   72.75426   71.45309   -0.24574    1.77944      -31232.93356
  Ta      392   72.79001   71.48885   -0.20999    1.74473      -31232.92086
  Ta      393   72.69099   71.38983   -0.30901    1.83997      -31232.97339
  Ta      394   72.77776   71.47659   -0.22224    1.74995      -31232.90421
  Ta      395   72.79044   71.48928   -0.20956    1.74979      -31232.91814
  Ta      396   72.84016   71.53900   -0.15984    1.69414      -31232.87605
  Ta      397   72.67143   71.37027   -0.32857    1.85973      -31232.98620
  Ta      398   72.50775   71.20659   -0.49225    2.02568      -31233.08218
  Ta      399   72.88763   71.58646   -0.11237    1.64811      -31232.83438
  Ta      400   72.75392   71.45276   -0.24608    1.78125      -31232.92416
  Ta      401   72.73728   71.43611   -0.26272    1.79541      -31232.93890
  Ta      402   72.56058   71.25941   -0.43942    1.97276      -31233.05609
  Ta      403   72.75846   71.45730   -0.24154    1.77997      -31232.93154
  Ta      404   72.69051   71.38935   -0.30949    1.83665      -31232.96262
  Ta      405   72.80583   71.50467   -0.19417    1.72569      -31232.89239
  Ta      406   72.55882   71.25766   -0.44118    1.97116      -31233.05753
  Ta      407   72.55840   71.25723   -0.44160    1.98005      -31233.06080
  Ta      408   72.66627   71.36510   -0.33373    1.86970      -31232.99538
  Ta      409   72.79884   71.49767   -0.20116    1.73766      -31232.90266
  Ta      410   72.67076   71.36960   -0.32924    1.86185      -31232.98107
  Ta      411   72.93090   71.62974   -0.06910    1.60596      -31232.82014
  Ta      412   72.55959   71.25842   -0.44041    1.97098      -31233.04913
  Ta      413   72.74729   71.44612   -0.25271    1.78542      -31232.93605
  Ta      414   72.70740   71.40624   -0.29260    1.82742      -31232.96886
  Ta      415   72.85218   71.55101   -0.14782    1.68468      -31232.86585
  Ta      416   72.81431   71.51315   -0.18569    1.72406      -31232.88595
  Ta      417   72.78422   71.48305   -0.21578    1.75435      -31232.90568
  Ta      418   72.69294   71.39177   -0.30706    1.84014      -31232.97495
  Ta      419   72.82967   71.52850   -0.17033    1.71132      -31232.88758
  Ta      420   72.79530   71.49413   -0.20470    1.74369      -31232.91990
  Ta      421   72.70951   71.40835   -0.29049    1.82309      -31232.95327
  Ta      422   72.75046   71.44930   -0.24954    1.78022      -31232.92478
  Ta      423   72.60681   71.30565   -0.39319    1.92808      -31233.02821
  Ta      424   72.68873   71.38757   -0.31127    1.84602      -31232.96521
  Ta      425   72.71187   71.41071   -0.28813    1.83420      -31232.97522
  Ta      426   72.75314   71.45198   -0.24686    1.77973      -31232.93272
  Ta      427   72.58067   71.27951   -0.41933    1.94935      -31233.03719
  Ta      428   72.78957   71.48841   -0.21043    1.74250      -31232.89847
  Ta      429   72.64598   71.34481   -0.35402    1.88110      -31233.00004
  Ta      430   72.86930   71.56813   -0.13070    1.66779      -31232.86741
  Ta      431   72.87582   71.57465   -0.12418    1.65450      -31232.83955
  Ta      432   72.88726   71.58610   -0.11274    1.65131      -31232.84865
  Ta      433   72.60941   71.30825   -0.39059    1.91881      -31233.01296
  Ta      434   72.75904   71.45788   -0.24096    1.77726      -31232.93103
  Ta      435   72.77254   71.47138   -0.22746    1.76827      -31232.91966
  Ta      436   72.78552   71.48436   -0.21448    1.75261      -31232.91535
  Ta      437   72.71636   71.41520   -0.28364    1.81732      -31232.94880
  Ta      438   72.72775   71.42658   -0.27225    1.80579      -31232.94631
  Ta      439   72.87360   71.57243   -0.12640    1.66794      -31232.86265
  Ta      440   72.69483   71.39366   -0.30517    1.83786      -31232.96543
  Ta      441   72.67150   71.37034   -0.32850    1.86676      -31232.99360
  Ta      442   72.63559   71.33443   -0.36441    1.89446      -31233.00173
  Ta      443   72.80523   71.50406   -0.19477    1.72235      -31232.87951
  Ta      444   72.88116   71.58000   -0.11884    1.65474      -31232.84428
  Ta      445   72.65196   71.35079   -0.34804    1.88331      -31232.99961
  Ta      446   72.81950   71.51833   -0.18050    1.71218      -31232.88551
  Ta      447   72.71218   71.41101   -0.28782    1.82159      -31232.97379
  Ta      448   72.71025   71.40909   -0.28975    1.82333      -31232.95776
  Ta      449   72.73522   71.43405   -0.26478    1.79754      -31232.93912
  Ta      450   72.80883   71.50767   -0.19117    1.72881      -31232.89588
  Ta      451   72.76298   71.46182   -0.23702    1.77094      -31232.92568
  Ta      452   72.69344   71.39227   -0.30656    1.84456      -31232.96900
  Ta      453   72.66647   71.36530   -0.33353    1.86946      -31232.98289
  Ta      454   72.78688   71.48571   -0.21312    1.73930      -31232.89278
  Ta      455   72.67939   71.37822   -0.32061    1.85665      -31232.98905
  Ta      456   72.89613   71.59496   -0.10387    1.64353      -31232.84540
  Ta      457   72.70601   71.40485   -0.29399    1.82251      -31232.96528
  Ta      458   72.66503   71.36387   -0.33497    1.87103      -31232.99178
  Ta      459   72.71441   71.41324   -0.28559    1.82259      -31232.95834
  Ta      460   72.73983   71.43867   -0.26017    1.79544      -31232.94495
  Ta      461   72.73712   71.43595   -0.26288    1.79737      -31232.93917
  Ta      462   72.70799   71.40683   -0.29201    1.82189      -31232.96075
  Ta      463   72.80154   71.50037   -0.19846    1.73215      -31232.89549
  Ta      464   72.62736   71.32619   -0.37264    1.90017      -31233.01021
  Ta      465   72.81602   71.51485   -0.18398    1.71754      -31232.88756
  Ta      466   72.79099   71.48983   -0.20901    1.74482      -31232.90745
  Ta      467   72.71662   71.41546   -0.28338    1.81411      -31232.95053
  Ta      468   72.81249   71.51133   -0.18751    1.72295      -31232.88735
  Ta      469   72.85483   71.55367   -0.14517    1.68446      -31232.86848
  Ta      470   72.71178   71.41061   -0.28822    1.82393      -31232.96304
  Ta      471   72.62509   71.32392   -0.37491    1.91028      -31233.00849
  Ta      472   72.58917   71.28801   -0.41083    1.93805      -31233.02544
  Ta      473   72.70853   71.40737   -0.29147    1.82550      -31232.96235
  Ta      474   72.76618   71.46502   -0.23382    1.77009      -31232.92567
  Ta      475   72.64612   71.34495   -0.35388    1.88645      -31232.98172
  Ta      476   72.89872   71.59755   -0.10128    1.63816      -31232.83202
  Ta      477   72.83436   71.53319   -0.16564    1.69447      -31232.87305
  Ta      478   72.70591   71.40475   -0.29409    1.83594      -31232.97144
  Ta      479   72.75979   71.45863   -0.24021    1.76855      -31232.92058
  Ta      480   72.74057   71.43941   -0.25943    1.78732      -31232.93980
  Ta      481   72.79681   71.49564   -0.20319    1.73393      -31232.89844
  Ta      482   72.68461   71.38345   -0.31539    1.84902      -31232.97783
  Ta      483   72.84121   71.54004   -0.15879    1.68991      -31232.87212
  Ta      484   72.85338   71.55221   -0.14662    1.67847      -31232.84719
  Ta      485   72.64950   71.34834   -0.35050    1.88443      -31232.99537
  Ta      486   72.72612   71.42496   -0.27388    1.81391      -31232.95843
  Ta      487   72.66034   71.35918   -0.33966    1.87125      -31232.98750
  Ta      488   72.75548   71.45432   -0.24452    1.77543      -31232.91605
  Ta      489   72.70643   71.40526   -0.29357    1.82667      -31232.95367
  Ta      490   72.88297   71.58180   -0.11703    1.65345      -31232.84439
  Ta      491   72.72466   71.42350   -0.27534    1.80870      -31232.95140
  Ta      492   72.91014   71.60898   -0.08986    1.61882      -31232.82637
  Ta      493   72.70467   71.40351   -0.29533    1.82922      -31232.97040
  Ta      494   72.72033   71.41916   -0.27967    1.80849      -31232.94704
  Ta      495   72.70838   71.40721   -0.29162    1.82888      -31232.95579
  Ta      496   72.75885   71.45769   -0.24115    1.77131      -31232.91720
  Ta      497   72.76092   71.45976   -0.23908    1.77564      -31232.94045
  Ta      498   72.87911   71.57795   -0.12089    1.65430      -31232.85101
  Ta      499   72.68525   71.38409   -0.31475    1.84618      -31232.96639
  Ta      500   72.75781   71.45664   -0.24219    1.77292      -31232.93126
  Ta      501   72.77938   71.47821   -0.22062    1.75504      -31232.91434
  Ta      502   72.76490   71.46373   -0.23510    1.76635      -31232.92310
  Ta      503   72.71079   71.40963   -0.28921    1.82131      -31232.95995
  Ta      504   72.78065   71.47949   -0.21935    1.74938      -31232.89891
  Ta      505   72.70917   71.40800   -0.29083    1.82588      -31232.95320
  Ta      506   72.68995   71.38879   -0.31005    1.84536      -31232.96945
  Ta      507   72.67452   71.37336   -0.32548    1.85668      -31232.97911
  Ta      508   72.75546   71.45430   -0.24454    1.78321      -31232.93648
  Ta      509   72.75599   71.45483   -0.24401    1.77752      -31232.92752
  Ta      510   72.83258   71.53141   -0.16742    1.70339      -31232.88350
  Ta      511   72.57731   71.27615   -0.42269    1.95600      -31233.04314
  Ta      512   72.68988   71.38871   -0.31012    1.84721      -31232.97909
  V       513   23.48049   22.17933    0.48049    1.46860       -1895.19971
  V       514   23.38841   22.08724    0.38841    1.55840       -1895.24674
  V       515   23.43483   22.13367    0.43483    1.51878       -1895.22941
  V       516   23.38572   22.08456    0.38572    1.56433       -1895.24124
  V       517   23.42986   22.12869    0.42986    1.51842       -1895.20962
  V       518   23.49622   22.19506    0.49622    1.45458       -1895.18468
  V       519   23.40855   22.10739    0.40855    1.53770       -1895.21645
  V       520   23.55281   22.25165    0.55281    1.38503       -1895.14478
  V       521   23.38577   22.08460    0.38577    1.56364       -1895.23756
  V       522   23.39170   22.09053    0.39170    1.55949       -1895.23592
  V       523   23.56115   22.25999    0.56115    1.38430       -1895.13686
  V       524   23.43813   22.13697    0.43813    1.51377       -1895.22080
  V       525   23.29738   21.99622    0.29738    1.65717       -1895.28419
  V       526   23.32516   22.02400    0.32516    1.62773       -1895.27604
  V       527   23.47782   22.17666    0.47782    1.46640       -1895.18316
  V       528   23.50669   22.20552    0.50669    1.44189       -1895.17289
  V       529   23.44994   22.14878    0.44994    1.49296       -1895.20363
  V       530   23.44880   22.14764    0.44880    1.49345       -1895.18880
  V       531   23.57757   22.27640    0.57757    1.36254       -1895.12848
  V       532   23.50037   22.19921    0.50037    1.44681       -1895.16702
  V       533   23.58640   22.28524    0.58640    1.35326       -1895.12610
  V       534   23.36661   22.06545    0.36661    1.58348       -1895.25278
  V       535   23.35955   22.05839    0.35955    1.59575       -1895.25384
  V       536   23.37934   22.07818    0.37934    1.57127       -1895.25208
  V       537   23.29790   21.99674    0.29790    1.65375       -1895.28048
  V       538   23.42894   22.12778    0.42894    1.51289       -1895.20752
  V       539   23.44035   22.13919    0.44035    1.50756       -1895.20892
  V       540   23.42496   22.12380    0.42496    1.52306       -1895.20256
  V       541   23.45039   22.14923    0.45039    1.49862       -1895.21362
  V       542   23.54196   22.24080    0.54196    1.39667       -1895.14875
  V       543   23.38049   22.07933    0.38049    1.56668       -1895.22106
  V       544   23.29696   21.99580    0.29696    1.66086       -1895.30578
  V       545   23.41990   22.11874    0.41990    1.52364       -1895.22270
  V       546   23.46990   22.16874    0.46990    1.47266       -1895.20046
  V       547   23.48526   22.18410    0.48526    1.45976       -1895.18052
  V       548   23.40718   22.10602    0.40718    1.54460       -1895.23827
  V       549   23.53672   22.23556    0.53672    1.40916       -1895.15395
  V       550   23.57231   22.27115    0.57231    1.37012       -1895.13377
  V       551   23.45623   22.15506    0.45623    1.48956       -1895.18861
  V       552   23.44109   22.13993    0.44109    1.50515       -1895.20922
  V       553   23.50509   22.20392    0.50509    1.44038       -1895.18053
  V       554   23.27631   21.97515    0.27631    1.68410       -1895.31982
  V       555   23.37327   22.07211    0.37327    1.58107       -1895.26677
  V       556   23.53737   22.23621    0.53737    1.40221       -1895.14682
  V       557   23.45031   22.14914    0.45031    1.49405       -1895.20778
  V       558   23.59892   22.29775    0.59892    1.34197       -1895.10696
  V       559   23.36656   22.06539    0.36656    1.58801       -1895.25767
  V       560   23.50493   22.20376    0.50493    1.43503       -1895.17694
  V       561   23.41705   22.11588    0.41705    1.52942       -1895.21164
  V       562   23.41864   22.11747    0.41864    1.53801       -1895.22379
  V       563   23.39085   22.08969    0.39085    1.55938       -1895.24746
  V       564   23.57978   22.27862    0.57978    1.36226       -1895.12912
  V       565   23.41762   22.11645    0.41762    1.53230       -1895.23167
  V       566   23.39054   22.08937    0.39054    1.56234       -1895.24368
  V       567   23.60753   22.30637    0.60753    1.33342       -1895.09103
  V       568   23.36840   22.06724    0.36840    1.58483       -1895.24837
  V       569   23.48098   22.17982    0.48098    1.46058       -1895.18639
  V       570   23.47122   22.17006    0.47122    1.47450       -1895.19399
  V       571   23.51975   22.21859    0.51975    1.42862       -1895.16278
  V       572   23.46184   22.16068    0.46184    1.48490       -1895.20685
  V       573   23.32878   22.02762    0.32878    1.62100       -1895.26680
  V       574   23.42857   22.12741    0.42857    1.51971       -1895.22078
  V       575   23.34443   22.04327    0.34443    1.60599       -1895.28010
  V       576   23.48040   22.17924    0.48040    1.47081       -1895.19629
  V       577   23.54033   22.23917    0.54033    1.40526       -1895.16112
  V       578   23.18033   21.87917    0.18033    1.78126       -1895.37617
  V       579   23.53772   22.23656    0.53772    1.41017       -1895.15971
  V       580   23.40435   22.10319    0.40435    1.54303       -1895.23147
  V       581   23.56844   22.26728    0.56844    1.37115       -1895.11339
  V       582   23.38077   22.07961    0.38077    1.57095       -1895.24939
  V       583   23.49032   22.18916    0.49032    1.45163       -1895.17935
  V       584   23.43843   22.13727    0.43843    1.51557       -1895.22750
  V       585   23.46335   22.16218    0.46335    1.48166       -1895.19524
  V       586   23.56520   22.26404    0.56520    1.37666       -1895.14024
  V       587   23.42910   22.12794    0.42910    1.51145       -1895.20228
  V       588   23.30352   22.00236    0.30352    1.64998       -1895.29827
  V       589   23.34331   22.04214    0.34331    1.61262       -1895.27715
  V       590   23.48037   22.17920    0.48037    1.46383       -1895.17853
  V       591   23.55525   22.25409    0.55525    1.38600       -1895.12402
  V       592   23.47933   22.17816    0.47933    1.46436       -1895.18693
  V       593   23.47838   22.17722    0.47838    1.46635       -1895.18844
  V       594   23.57657   22.27540    0.57657    1.36397       -1895.12746
  V       595   23.38705   22.08589    0.38705    1.56509       -1895.24018
  V       596   23.50472   22.20356    0.50472    1.44415       -1895.16518
  V       597   23.40965   22.10848    0.40965    1.54014       -1895.22708
  V       598   23.49248   22.19132    0.49248    1.44619       -1895.16943
  V       599   23.40521   22.10404    0.40521    1.54482       -1895.22572
  V       600   23.51204   22.21088    0.51204    1.43512       -1895.18109
  V       601   23.44285   22.14169    0.44285    1.50582       -1895.21247
  V       602   23.27266   21.97150    0.27266    1.68510       -1895.31359
  V       603   23.40932   22.10815    0.40932    1.53893       -1895.22839
  V       604   23.48961   22.18844    0.48961    1.45404       -1895.18166
  V       605   23.59975   22.29859    0.59975    1.33971       -1895.11696
  V       606   23.53766   22.23650    0.53766    1.40462       -1895.15360
  V       607   23.50572   22.20456    0.50572    1.44002       -1895.17485
  V       608   23.48907   22.18791    0.48907    1.46178       -1895.18734
  V       609   23.26509   21.96393    0.26509    1.69041       -1895.30189
  V       610   23.53977   22.23860    0.53977    1.40098       -1895.13571
  V       611   23.37450   22.07334    0.37450    1.57201       -1895.23824
  V       612   23.50036   22.19920    0.50036    1.44659       -1895.16737
  V       613   23.50668   22.20552    0.50668    1.43670       -1895.16808
  V       614   23.40810   22.10694    0.40810    1.54358       -1895.23415
  V       615   23.60844   22.30727    0.60844    1.33430       -1895.11948
  V       616   23.39051   22.08935    0.39051    1.56173       -1895.24275
  V       617   23.31363   22.01246    0.31363    1.63816       -1895.28643
  V       618   23.37948   22.07832    0.37948    1.56780       -1895.24121
  V       619   23.46006   22.15890    0.46006    1.48417       -1895.18741
  V       620   23.45450   22.15333    0.45450    1.49500       -1895.20664
  V       621   23.40471   22.10354    0.40471    1.54290       -1895.22680
  V       622   23.56740   22.26624    0.56740    1.37436       -1895.14395
  V       623   23.50995   22.20879    0.50995    1.44311       -1895.17817
  V       624   23.31103   22.00987    0.31103    1.64407       -1895.30032
  V       625   23.56865   22.26749    0.56865    1.36761       -1895.12187
  V       626   23.48979   22.18863    0.48979    1.45439       -1895.18646
  V       627   23.40550   22.10434    0.40550    1.54461       -1895.22888
  V       628   23.46956   22.16839    0.46956    1.47610       -1895.19156
  V       629   23.43899   22.13783    0.43899    1.50844       -1895.20751
  V       630   23.43224   22.13108    0.43224    1.51148       -1895.20624
  V       631   23.48103   22.17987    0.48103    1.46288       -1895.17605
  V       632   23.45166   22.15050    0.45166    1.49921       -1895.19917
  V       633   23.27936   21.97819    0.27936    1.67847       -1895.32086
  V       634   23.47022   22.16906    0.47022    1.47499       -1895.18825
  V       635   23.47795   22.17678    0.47795    1.46861       -1895.18552
  V       636   23.41905   22.11789    0.41905    1.53139       -1895.23648
  V       637   23.43690   22.13574    0.43690    1.51833       -1895.22813
  V       638   23.49186   22.19070    0.49186    1.45163       -1895.17837
  V       639   23.53657   22.23541    0.53657    1.40238       -1895.15323
  V       640   23.51924   22.21808    0.51924    1.42292       -1895.16793
