 Atom   Index      Q          Qmt        dQ        Vmad        Local Energy
  W         1   74.06503   72.76404    0.06503    1.52798      -32312.36812
  W         2   73.74227   72.44129   -0.25773    1.85489      -32312.58011
  W         3   73.93275   72.63177   -0.06725    1.66495      -32312.45546
  W         4   74.00308   72.70210    0.00308    1.58408      -32312.39215
  W         5   73.86433   72.56334   -0.13567    1.73352      -32312.50269
  W         6   73.92304   72.62206   -0.07696    1.65598      -32312.43613
  W         7   73.84662   72.54563   -0.15338    1.74184      -32312.49199
  W         8   73.84241   72.54143   -0.15759    1.75972      -32312.51618
  W         9   73.83033   72.52935   -0.16967    1.75633      -32312.51021
  W        10   73.81030   72.50932   -0.18970    1.78049      -32312.52587
  W        11   73.82194   72.52096   -0.17806    1.76776      -32312.50765
  W        12   73.72659   72.42560   -0.27341    1.86849      -32312.57799
  W        13   73.67835   72.37736   -0.32165    1.91887      -32312.60562
  W        14   73.83397   72.53299   -0.16603    1.75340      -32312.49300
  W        15   73.80340   72.50242   -0.19660    1.79581      -32312.53500
  W        16   73.93960   72.63862   -0.06040    1.66236      -32312.45724
  W        17   74.04386   72.74288    0.04386    1.54673      -32312.37840
  W        18   73.87193   72.57094   -0.12807    1.72207      -32312.48659
  W        19   73.84524   72.54426   -0.15476    1.75606      -32312.51277
  W        20   73.86550   72.56451   -0.13450    1.72977      -32312.49433
  W        21   73.83166   72.53067   -0.16834    1.75610      -32312.49915
  W        22   73.82277   72.52179   -0.17723    1.76845      -32312.51803
  W        23   73.72891   72.42793   -0.27109    1.86785      -32312.57148
  W        24   73.88198   72.58099   -0.11802    1.70606      -32312.47385
  W        25   73.77998   72.47900   -0.22002    1.80469      -32312.53427
  W        26   73.80477   72.50379   -0.19523    1.79570      -32312.53892
  W        27   73.92816   72.62718   -0.07184    1.65950      -32312.43029
  W        28   73.99818   72.69720   -0.00182    1.58934      -32312.40101
  W        29   74.02393   72.72294    0.02393    1.56856      -32312.38748
  W        30   73.88281   72.58182   -0.11719    1.70547      -32312.46547
  W        31   73.89510   72.59412   -0.10490    1.69584      -32312.46636
  W        32   73.75943   72.45845   -0.24057    1.83517      -32312.55670
  W        33   73.84745   72.54647   -0.15255    1.74984      -32312.50784
  W        34   73.82475   72.52376   -0.17525    1.77453      -32312.52263
  W        35   73.93939   72.63840   -0.06061    1.65710      -32312.44588
  W        36   73.94324   72.64226   -0.05676    1.65002      -32312.43299
  W        37   73.78289   72.48191   -0.21711    1.81805      -32312.54497
  W        38   73.82571   72.52473   -0.17429    1.75649      -32312.49584
  W        39   73.92985   72.62887   -0.07015    1.66168      -32312.44536
  W        40   73.87095   72.56997   -0.12905    1.72363      -32312.48162
  W        41   73.77882   72.47784   -0.22118    1.80704      -32312.52353
  W        42   73.80817   72.50719   -0.19183    1.78875      -32312.52167
  W        43   73.97785   72.67686   -0.02215    1.61829      -32312.41498
  W        44   73.78717   72.48619   -0.21283    1.80415      -32312.53158
  W        45   73.97684   72.67586   -0.02316    1.61827      -32312.41465
  W        46   73.91510   72.61412   -0.08490    1.68546      -32312.46920
  W        47   73.77663   72.47565   -0.22337    1.81598      -32312.54869
  W        48   73.88849   72.58751   -0.11151    1.71094      -32312.48726
  W        49   73.94380   72.64282   -0.05620    1.65009      -32312.44305
  W        50   73.86990   72.56892   -0.13010    1.71318      -32312.46293
  W        51   73.77578   72.47480   -0.22422    1.82086      -32312.55230
  W        52   73.88505   72.58407   -0.11495    1.71133      -32312.48661
  W        53   73.81403   72.51305   -0.18597    1.79175      -32312.53725
  W        54   73.97948   72.67850   -0.02052    1.60849      -32312.40738
  W        55   73.73407   72.43309   -0.26593    1.85312      -32312.56099
  W        56   73.82611   72.52513   -0.17389    1.76043      -32312.49142
  W        57   73.86677   72.56579   -0.13323    1.72822      -32312.48711
  W        58   73.80311   72.50213   -0.19689    1.78313      -32312.51751
  W        59   73.78834   72.48736   -0.21166    1.80197      -32312.53701
  W        60   73.90415   72.60317   -0.09585    1.69218      -32312.47367
  W        61   73.93339   72.63241   -0.06661    1.66312      -32312.45797
  W        62   73.85755   72.55657   -0.14245    1.73951      -32312.50355
  W        63   73.79796   72.49698   -0.20204    1.80101      -32312.53900
  W        64   73.77206   72.47108   -0.22794    1.81887      -32312.54295
  W        65   73.97649   72.67551   -0.02351    1.62583      -32312.43101
  W        66   73.89849   72.59750   -0.10151    1.70051      -32312.48105
  W        67   73.90329   72.60231   -0.09671    1.69398      -32312.46979
  W        68   73.90988   72.60890   -0.09012    1.69208      -32312.47030
  W        69   73.92843   72.62745   -0.07157    1.66216      -32312.44423
  W        70   73.65719   72.35621   -0.34281    1.93812      -32312.62674
  W        71   73.85294   72.55196   -0.14706    1.73247      -32312.48964
  W        72   73.84460   72.54362   -0.15540    1.75596      -32312.51701
  W        73   73.78606   72.48508   -0.21394    1.80809      -32312.54046
  W        74   73.84410   72.54312   -0.15590    1.75549      -32312.51668
  W        75   73.87375   72.57277   -0.12625    1.71166      -32312.47161
  W        76   73.89387   72.59289   -0.10613    1.69117      -32312.45825
  W        77   73.96443   72.66344   -0.03557    1.62549      -32312.41948
  W        78   73.79054   72.48956   -0.20946    1.79823      -32312.53375
  W        79   73.69628   72.39530   -0.30372    1.90130      -32312.60123
  W        80   73.80965   72.50867   -0.19035    1.79244      -32312.54071
  W        81   73.83751   72.53653   -0.16249    1.75332      -32312.50091
  W        82   73.89871   72.59772   -0.10129    1.70028      -32312.47717
  W        83   73.86670   72.56572   -0.13330    1.72074      -32312.47982
  W        84   73.76696   72.46598   -0.23304    1.82893      -32312.55467
  W        85   73.92259   72.62161   -0.07741    1.67692      -32312.46616
  W        86   73.83908   72.53810   -0.16092    1.76238      -32312.51339
  W        87   73.87680   72.57581   -0.12320    1.71259      -32312.47785
  W        88   73.71603   72.41505   -0.28397    1.87511      -32312.57616
  W        89   73.88296   72.58198   -0.11704    1.70714      -32312.47910
  W        90   73.83858   72.53760   -0.16142    1.75645      -32312.50608
  W        91   74.03458   72.73360    0.03458    1.55066      -32312.37092
  W        92   73.93917   72.63818   -0.06083    1.64917      -32312.43653
  W        93   73.85956   72.55857   -0.14044    1.73794      -32312.50194
  W        94   73.87558   72.57460   -0.12442    1.71519      -32312.47988
  W        95   73.89865   72.59766   -0.10135    1.69472      -32312.46159
  W        96   73.82030   72.51932   -0.17970    1.76149      -32312.50242
  W        97   73.87098   72.56999   -0.12902    1.72596      -32312.48875
  W        98   73.70206   72.40107   -0.29794    1.88776      -32312.58765
  W        99   74.02349   72.72251    0.02349    1.56863      -32312.39209
  W       100   73.72887   72.42789   -0.27113    1.86246      -32312.57358
  W       101   73.78222   72.48123   -0.21778    1.81970      -32312.55121
  W       102   73.76613   72.46515   -0.23387    1.83484      -32312.56124
  W       103   73.93300   72.63202   -0.06700    1.66139      -32312.45322
  W       104   73.79123   72.49025   -0.20877    1.79966      -32312.53268
  W       105   73.83944   72.53846   -0.16056    1.75730      -32312.51065
  W       106   73.84146   72.54048   -0.15854    1.74899      -32312.49920
  W       107   73.84860   72.54762   -0.15140    1.74834      -32312.50023
  W       108   73.94966   72.64868   -0.05034    1.63360      -32312.42237
  W       109   73.68621   72.38523   -0.31379    1.90922      -32312.60127
  W       110   73.92759   72.62661   -0.07241    1.66658      -32312.44958
  W       111   73.77262   72.47163   -0.22738    1.82608      -32312.54937
  W       112   73.96411   72.66312   -0.03589    1.62745      -32312.42101
  W       113   73.76561   72.46463   -0.23439    1.82914      -32312.55033
  W       114   73.85492   72.55394   -0.14508    1.73458      -32312.48203
  W       115   73.72385   72.42287   -0.27615    1.87185      -32312.58683
  W       116   73.76784   72.46686   -0.23216    1.81985      -32312.54670
  W       117   73.85543   72.55445   -0.14457    1.74201      -32312.50088
  W       118   73.83569   72.53471   -0.16431    1.75076      -32312.49030
  W       119   73.89858   72.59760   -0.10142    1.68701      -32312.45448
  W       120   73.82088   72.51990   -0.17912    1.77676      -32312.52274
  W       121   73.79340   72.49242   -0.20660    1.79978      -32312.53129
  W       122   73.73687   72.43588   -0.26313    1.85929      -32312.57256
  W       123   73.74849   72.44751   -0.25151    1.85153      -32312.56503
  W       124   73.84859   72.54761   -0.15141    1.74566      -32312.49813
  W       125   73.86916   72.56818   -0.13084    1.72089      -32312.47829
  W       126   73.88973   72.58875   -0.11027    1.70595      -32312.47385
  W       127   73.78696   72.48598   -0.21304    1.81398      -32312.54568
  W       128   73.90307   72.60209   -0.09693    1.68420      -32312.45463
  W       129   73.74645   72.44547   -0.25355    1.84198      -32312.55428
  W       130   73.81918   72.51820   -0.18082    1.77284      -32312.51243
  W       131   73.71204   72.41106   -0.28796    1.87774      -32312.57890
  W       132   73.89853   72.59755   -0.10147    1.68886      -32312.45333
  W       133   73.80528   72.50430   -0.19472    1.78230      -32312.51994
  W       134   73.76946   72.46848   -0.23054    1.83499      -32312.56377
  W       135   73.92061   72.61962   -0.07939    1.66016      -32312.43392
  W       136   73.79010   72.48912   -0.20990    1.79436      -32312.52336
  W       137   73.84081   72.53982   -0.15919    1.74804      -32312.50332
  W       138   73.76626   72.46528   -0.23374    1.82604      -32312.54807
  W       139   73.96187   72.66088   -0.03813    1.62519      -32312.41932
  W       140   73.91380   72.61281   -0.08620    1.68420      -32312.47331
  W       141   73.91385   72.61287   -0.08615    1.67995      -32312.45923
  W       142   73.93890   72.63792   -0.06110    1.65888      -32312.44753
  W       143   73.93748   72.63650   -0.06252    1.66176      -32312.45499
  W       144   73.95112   72.65014   -0.04888    1.63360      -32312.42919
  W       145   73.72293   72.42195   -0.27707    1.86971      -32312.57054
  W       146   73.93080   72.62982   -0.06920    1.66719      -32312.45656
  W       147   73.87840   72.57742   -0.12160    1.70985      -32312.46632
  W       148   73.97886   72.67788   -0.02114    1.62562      -32312.42873
  W       149   73.80682   72.50584   -0.19318    1.78531      -32312.52308
  W       150   73.96010   72.65912   -0.03990    1.63124      -32312.42384
  W       151   73.91714   72.61615   -0.08286    1.67441      -32312.45636
  W       152   73.93377   72.63279   -0.06623    1.66010      -32312.43758
  W       153   73.95342   72.65243   -0.04658    1.63022      -32312.42122
  W       154   73.89833   72.59735   -0.10167    1.69501      -32312.46977
  W       155   73.85117   72.55019   -0.14883    1.74033      -32312.49406
  W       156   73.97786   72.67688   -0.02214    1.61313      -32312.41727
  W       157   73.82702   72.52604   -0.17298    1.75906      -32312.49610
  W       158   73.77756   72.47658   -0.22244    1.82096      -32312.55305
  W       159   73.90074   72.59976   -0.09926    1.69611      -32312.47281
  W       160   73.81995   72.51897   -0.18005    1.76777      -32312.50216
  W       161   73.77294   72.47196   -0.22706    1.82051      -32312.53886
  W       162   73.69668   72.39570   -0.30332    1.89506      -32312.59119
  W       163   73.96673   72.66575   -0.03327    1.63586      -32312.43505
  W       164   73.93584   72.63486   -0.06416    1.66258      -32312.44950
  W       165   73.90538   72.60439   -0.09462    1.68900      -32312.46742
  W       166   73.88667   72.58569   -0.11333    1.71313      -32312.48244
  W       167   73.83471   72.53373   -0.16529    1.76148      -32312.51357
  W       168   73.96045   72.65947   -0.03955    1.63384      -32312.42781
  W       169   73.71386   72.41288   -0.28614    1.87551      -32312.57059
  W       170   73.85439   72.55340   -0.14561    1.74261      -32312.49942
  W       171   73.89365   72.59266   -0.10635    1.69371      -32312.44905
  W       172   73.88887   72.58789   -0.11113    1.69748      -32312.46082
  W       173   73.78349   72.48251   -0.21651    1.81178      -32312.53961
  W       174   73.88336   72.58237   -0.11664    1.70481      -32312.46990
  W       175   73.80503   72.50405   -0.19497    1.78532      -32312.51795
  W       176   73.86348   72.56250   -0.13652    1.73531      -32312.49802
  W       177   73.97198   72.67099   -0.02802    1.61598      -32312.41435
  W       178   73.67271   72.37173   -0.32729    1.91656      -32312.60108
  W       179   73.82061   72.51962   -0.17939    1.77435      -32312.51868
  W       180   73.83654   72.53556   -0.16346    1.75940      -32312.51448
  W       181   73.84272   72.54174   -0.15728    1.75445      -32312.50811
  W       182   73.76539   72.46440   -0.23461    1.82968      -32312.55532
  W       183   73.70260   72.40162   -0.29740    1.89789      -32312.60543
  W       184   73.92447   72.62349   -0.07553    1.65418      -32312.43392
  W       185   73.85355   72.55257   -0.14645    1.74681      -32312.51872
  W       186   73.88881   72.58783   -0.11119    1.70240      -32312.47950
  W       187   73.84896   72.54798   -0.15104    1.74415      -32312.50347
  W       188   73.88413   72.58315   -0.11587    1.71370      -32312.48346
  W       189   73.84782   72.54683   -0.15218    1.74395      -32312.50070
  W       190   73.77951   72.47853   -0.22049    1.80997      -32312.53741
  W       191   73.81895   72.51797   -0.18105    1.78507      -32312.54332
  W       192   73.61932   72.31834   -0.38068    1.97693      -32312.65180
  W       193   73.90006   72.59908   -0.09994    1.69317      -32312.46547
  W       194   73.99527   72.69429   -0.00473    1.60048      -32312.41174
  W       195   73.78288   72.48190   -0.21712    1.81599      -32312.54485
  W       196   73.80082   72.49984   -0.19918    1.79734      -32312.53884
  W       197   73.91840   72.61742   -0.08160    1.67439      -32312.45852
  W       198   73.81661   72.51563   -0.18339    1.78362      -32312.52821
  W       199   73.80200   72.50102   -0.19800    1.79624      -32312.53239
  W       200   73.96669   72.66571   -0.03331    1.63685      -32312.44179
  W       201   73.81563   72.51465   -0.18437    1.78065      -32312.53080
  W       202   73.84200   72.54101   -0.15800    1.75807      -32312.51799
  W       203   73.80584   72.50486   -0.19416    1.78126      -32312.51074
  W       204   73.96243   72.66144   -0.03757    1.61743      -32312.40662
  W       205   73.95401   72.65303   -0.04599    1.63518      -32312.42600
  W       206   73.78514   72.48416   -0.21486    1.80770      -32312.54288
  W       207   73.76798   72.46700   -0.23202    1.83144      -32312.55840
  W       208   73.82551   72.52453   -0.17449    1.76157      -32312.50737
  W       209   73.85326   72.55228   -0.14674    1.73609      -32312.48901
  W       210   73.86916   72.56818   -0.13084    1.72887      -32312.49837
  W       211   73.87113   72.57015   -0.12887    1.72131      -32312.48147
  W       212   73.86000   72.55902   -0.14000    1.73263      -32312.49151
  W       213   73.92006   72.61907   -0.07994    1.66897      -32312.44367
  W       214   73.72977   72.42878   -0.27023    1.86252      -32312.57865
  W       215   73.85102   72.55004   -0.14898    1.74825      -32312.50218
  W       216   73.89640   72.59542   -0.10360    1.69411      -32312.46355
  W       217   73.69467   72.39369   -0.30533    1.90629      -32312.60061
  W       218   73.82898   72.52800   -0.17102    1.76756      -32312.51720
  W       219   73.88564   72.58465   -0.11436    1.71050      -32312.47208
  W       220   73.90884   72.60786   -0.09116    1.68219      -32312.46342
  W       221   73.87670   72.57572   -0.12330    1.72659      -32312.48966
  W       222   73.70334   72.40236   -0.29666    1.89067      -32312.58940
  W       223   73.81320   72.51222   -0.18680    1.78188      -32312.52163
  W       224   73.93992   72.63894   -0.06008    1.64225      -32312.41890
  W       225   73.79677   72.49579   -0.20323    1.78961      -32312.51538
  W       226   73.94935   72.64837   -0.05065    1.64770      -32312.44360
  W       227   73.84761   72.54663   -0.15239    1.74015      -32312.48646
  W       228   73.80962   72.50864   -0.19038    1.77744      -32312.50702
  W       229   73.78851   72.48753   -0.21149    1.80657      -32312.54215
  W       230   73.74999   72.44900   -0.25001    1.84090      -32312.55214
  W       231   73.92532   72.62434   -0.07468    1.67145      -32312.46590
  W       232   73.83869   72.53771   -0.16131    1.75410      -32312.50148
  W       233   74.00970   72.70872    0.00970    1.57815      -32312.38419
  W       234   73.85467   72.55369   -0.14533    1.73276      -32312.48377
  W       235   73.87695   72.57597   -0.12305    1.72147      -32312.48323
  W       236   73.94555   72.64457   -0.05445    1.63746      -32312.42078
  W       237   73.92073   72.61975   -0.07927    1.67096      -32312.45377
  W       238   73.89489   72.59391   -0.10511    1.69762      -32312.47038
  W       239   73.71367   72.41269   -0.28633    1.88939      -32312.60558
  W       240   73.79527   72.49429   -0.20473    1.80400      -32312.54189
  W       241   73.85346   72.55248   -0.14654    1.74700      -32312.51762
  W       242   73.91626   72.61528   -0.08374    1.68085      -32312.45834
  W       243   73.94224   72.64126   -0.05776    1.64700      -32312.43535
  W       244   73.61769   72.31671   -0.38231    1.97880      -32312.65197
  W       245   73.75692   72.45594   -0.24308    1.82605      -32312.54769
  W       246   74.02917   72.72819    0.02917    1.55810      -32312.37856
  W       247   73.78542   72.48443   -0.21458    1.80829      -32312.54767
  W       248   73.71781   72.41683   -0.28219    1.87125      -32312.57235
  W       249   73.90814   72.60715   -0.09186    1.69693      -32312.47751
  W       250   73.86252   72.56154   -0.13748    1.73623      -32312.49181
  W       251   73.75414   72.45316   -0.24586    1.84266      -32312.56305
  W       252   73.86218   72.56120   -0.13782    1.73653      -32312.50409
  W       253   73.75945   72.45847   -0.24055    1.83825      -32312.56244
  W       254   73.78822   72.48724   -0.21178    1.80436      -32312.53794
  W       255   73.75078   72.44980   -0.24922    1.84583      -32312.56380
  W       256   73.93464   72.63366   -0.06536    1.66136      -32312.45200
  Nb      257   40.76014   39.45916   -0.23986    1.86187       -7632.66260
  Nb      258   40.93035   39.62937   -0.06965    1.69345       -7632.56187
  Nb      259   40.85362   39.55264   -0.14638    1.76720       -7632.60325
  Nb      260   40.88983   39.58885   -0.11017    1.74057       -7632.58516
  Nb      261   41.04947   39.74849    0.04947    1.57171       -7632.49766
  Nb      262   40.66140   39.36042   -0.33860    1.96219       -7632.73098
  Nb      263   40.88855   39.58756   -0.11145    1.74006       -7632.59923
  Nb      264   41.04368   39.74270    0.04368    1.57957       -7632.49456
  Nb      265   40.82366   39.52268   -0.17634    1.80709       -7632.63701
  Nb      266   40.77384   39.47286   -0.22616    1.84943       -7632.65572
  Nb      267   40.86470   39.56372   -0.13530    1.75850       -7632.59893
  Nb      268   40.89997   39.59899   -0.10003    1.72580       -7632.57559
  Nb      269   40.97472   39.67374   -0.02528    1.64899       -7632.53036
  Nb      270   40.84689   39.54591   -0.15311    1.77399       -7632.61626
  Nb      271   40.94765   39.64666   -0.05235    1.67736       -7632.56165
  Nb      272   40.89397   39.59299   -0.10603    1.73053       -7632.57974
  Nb      273   40.93828   39.63730   -0.06172    1.68626       -7632.56273
  Nb      274   41.02093   39.71995    0.02093    1.59876       -7632.50457
  Nb      275   40.60366   39.30268   -0.39634    2.02776       -7632.77235
  Nb      276   40.83629   39.53530   -0.16371    1.79434       -7632.62050
  Nb      277   40.88747   39.58649   -0.11253    1.73634       -7632.58931
  Nb      278   40.85352   39.55254   -0.14648    1.77518       -7632.61864
  Nb      279   40.74884   39.44786   -0.25116    1.88110       -7632.68262
  Nb      280   40.98112   39.68013   -0.01888    1.64390       -7632.53001
  Nb      281   40.82147   39.52049   -0.17853    1.80581       -7632.63959
  Nb      282   40.92328   39.62230   -0.07672    1.70245       -7632.57713
  Nb      283   40.90053   39.59955   -0.09947    1.72279       -7632.57698
  Nb      284   41.13726   39.83628    0.13726    1.48879       -7632.44126
  Nb      285   40.93532   39.63433   -0.06468    1.68933       -7632.55461
  Nb      286   40.89466   39.59368   -0.10534    1.73439       -7632.60368
  Nb      287   40.88834   39.58735   -0.11166    1.73384       -7632.59126
  Nb      288   40.91361   39.61263   -0.08639    1.71587       -7632.58593
  Nb      289   40.84280   39.54182   -0.15720    1.78856       -7632.63348
  Nb      290   41.01343   39.71245    0.01343    1.61685       -7632.52698
  Nb      291   41.01341   39.71243    0.01341    1.60681       -7632.50709
  Nb      292   40.96704   39.66606   -0.03296    1.65599       -7632.54019
  Nb      293   40.89221   39.59123   -0.10779    1.73694       -7632.59834
  Nb      294   40.82148   39.52050   -0.17852    1.80496       -7632.63309
  Nb      295   40.85399   39.55300   -0.14601    1.76569       -7632.61093
  Nb      296   40.95557   39.65459   -0.04443    1.67073       -7632.55330
  Nb      297   40.84234   39.54136   -0.15766    1.78457       -7632.63167
  Nb      298   41.04806   39.74708    0.04806    1.57731       -7632.49306
  Nb      299   41.00447   39.70349    0.00447    1.62163       -7632.53063
  Nb      300   41.02109   39.72011    0.02109    1.59087       -7632.50214
  Nb      301   40.97066   39.66968   -0.02934    1.65885       -7632.53658
  Nb      302   40.99728   39.69630   -0.00272    1.62970       -7632.52651
  Nb      303   40.80044   39.49946   -0.19956    1.82247       -7632.65121
  Nb      304   40.87489   39.57391   -0.12511    1.74948       -7632.59856
  Nb      305   41.01525   39.71427    0.01525    1.61301       -7632.51699
  Nb      306   40.98841   39.68743   -0.01159    1.63502       -7632.53040
  Nb      307   40.72148   39.42050   -0.27852    1.90986       -7632.70368
  Nb      308   40.98376   39.68278   -0.01624    1.64409       -7632.53438
  Nb      309   40.90082   39.59984   -0.09918    1.72988       -7632.59221
  Nb      310   40.87325   39.57227   -0.12675    1.75937       -7632.61335
  Nb      311   40.94724   39.64626   -0.05276    1.67572       -7632.55599
  Nb      312   41.01631   39.71533    0.01631    1.60538       -7632.51339
  Nb      313   40.90424   39.60326   -0.09576    1.71689       -7632.58091
  Nb      314   40.89231   39.59133   -0.10769    1.73555       -7632.59701
  Nb      315   40.99964   39.69865   -0.00036    1.62682       -7632.52623
  Nb      316   40.84412   39.54314   -0.15588    1.78289       -7632.61095
  Nb      317   40.89658   39.59560   -0.10342    1.72888       -7632.59306
  Nb      318   40.71524   39.41425   -0.28476    1.91066       -7632.69821
  Nb      319   40.81382   39.51283   -0.18618    1.80894       -7632.63571
  Nb      320   40.88558   39.58460   -0.11442    1.74417       -7632.59737
  Nb      321   40.89833   39.59734   -0.10167    1.72787       -7632.59156
  Nb      322   40.88369   39.58271   -0.11631    1.74007       -7632.60031
  Nb      323   40.92759   39.62661   -0.07241    1.69892       -7632.56498
  Nb      324   40.68670   39.38572   -0.31330    1.93853       -7632.72710
  Nb      325   40.72757   39.42659   -0.27243    1.90231       -7632.69888
  Nb      326   40.89651   39.59553   -0.10349    1.72230       -7632.58134
  Nb      327   40.92991   39.62893   -0.07009    1.69159       -7632.56484
  Nb      328   40.91380   39.61282   -0.08620    1.72062       -7632.58696
  Nb      329   40.83254   39.53156   -0.16746    1.79345       -7632.63106
  Nb      330   40.82054   39.51956   -0.17946    1.80768       -7632.64138
  Nb      331   41.09334   39.79235    0.09334    1.53510       -7632.46840
  Nb      332   40.91437   39.61339   -0.08563    1.71054       -7632.56987
  Nb      333   40.83414   39.53316   -0.16586    1.78952       -7632.61459
  Nb      334   41.05303   39.75205    0.05303    1.58080       -7632.49815
  Nb      335   40.97480   39.67382   -0.02520    1.65770       -7632.54951
  Nb      336   40.93843   39.63744   -0.06157    1.67785       -7632.54837
  Nb      337   40.92096   39.61998   -0.07904    1.69696       -7632.56697
  Nb      338   41.00972   39.70874    0.00972    1.62038       -7632.52006
  Nb      339   41.04575   39.74476    0.04575    1.56957       -7632.48629
  Nb      340   40.88353   39.58255   -0.11647    1.73818       -7632.59665
  Nb      341   40.91483   39.61385   -0.08517    1.70537       -7632.56555
  Nb      342   40.91938   39.61840   -0.08062    1.70356       -7632.56469
  Nb      343   41.00418   39.70320    0.00418    1.62466       -7632.52997
  Nb      344   40.87000   39.56901   -0.13000    1.75213       -7632.59645
  Nb      345   40.95419   39.65321   -0.04581    1.66737       -7632.54760
  Nb      346   40.84604   39.54506   -0.15396    1.78159       -7632.61518
  Nb      347   40.91489   39.61391   -0.08511    1.70857       -7632.58106
  Nb      348   40.86479   39.56380   -0.13521    1.76459       -7632.60927
  Nb      349   40.81488   39.51389   -0.18512    1.81223       -7632.63047
  Nb      350   41.03967   39.73869    0.03967    1.58245       -7632.48954
  Nb      351   40.85043   39.54945   -0.14957    1.77116       -7632.61586
  Nb      352   41.03695   39.73597    0.03695    1.58971       -7632.49640
  Nb      353   40.85616   39.55517   -0.14384    1.76255       -7632.61197
  Nb      354   41.00527   39.70429    0.00527    1.62240       -7632.52075
  Nb      355   40.80411   39.50313   -0.19589    1.82315       -7632.64281
  Nb      356   40.85681   39.55583   -0.14319    1.77238       -7632.61942
  Nb      357   40.84569   39.54470   -0.15431    1.77980       -7632.61770
  Nb      358   40.95756   39.65657   -0.04244    1.66795       -7632.54359
  Nb      359   40.78103   39.48005   -0.21897    1.84779       -7632.66187
  Nb      360   40.81273   39.51175   -0.18727    1.81611       -7632.64584
  Nb      361   41.02841   39.72743    0.02841    1.60446       -7632.51361
  Nb      362   40.86396   39.56297   -0.13604    1.76199       -7632.60264
  Nb      363   40.79261   39.49163   -0.20739    1.83311       -7632.65594
  Nb      364   40.97850   39.67752   -0.02150    1.65255       -7632.54333
  Nb      365   40.75593   39.45495   -0.24407    1.86964       -7632.66916
  Nb      366   41.09263   39.79165    0.09263    1.54159       -7632.47496
  Nb      367   40.87187   39.57089   -0.12813    1.74958       -7632.58855
  Nb      368   40.86852   39.56753   -0.13148    1.75889       -7632.61776
  Nb      369   40.82601   39.52503   -0.17399    1.79539       -7632.61980
  Nb      370   40.92925   39.62827   -0.07075    1.70142       -7632.57356
  Nb      371   40.87231   39.57133   -0.12769    1.75623       -7632.61057
  Nb      372   41.02784   39.72685    0.02784    1.59631       -7632.50258
  Nb      373   40.87900   39.57801   -0.12100    1.75332       -7632.61392
  Nb      374   40.95437   39.65338   -0.04563    1.67044       -7632.54966
  Nb      375   40.92142   39.62044   -0.07858    1.70026       -7632.57643
  Nb      376   40.96942   39.66844   -0.03058    1.65740       -7632.54136
  Nb      377   41.00335   39.70237    0.00335    1.62346       -7632.52050
  Nb      378   40.79120   39.49022   -0.20880    1.84042       -7632.65315
  Nb      379   40.91453   39.61355   -0.08547    1.70652       -7632.57776
  Nb      380   40.89815   39.59717   -0.10185    1.72756       -7632.59522
  Nb      381   40.92476   39.62377   -0.07524    1.70476       -7632.57884
  Nb      382   40.86572   39.56473   -0.13428    1.76140       -7632.60922
  Nb      383   40.91223   39.61125   -0.08777    1.71672       -7632.57855
  Nb      384   40.65403   39.35305   -0.34597    1.97137       -7632.74148
  Nb      385   40.95175   39.65076   -0.04825    1.67734       -7632.55704
  Nb      386   40.85906   39.55807   -0.14094    1.76580       -7632.61191
  Nb      387   40.88513   39.58415   -0.11487    1.73777       -7632.58441
  Nb      388   40.93861   39.63763   -0.06139    1.68524       -7632.54775
  Nb      389   40.99891   39.69793   -0.00109    1.62628       -7632.51795
  Nb      390   40.81420   39.51322   -0.18580    1.81080       -7632.63610
  Nb      391   40.97759   39.67661   -0.02241    1.64733       -7632.52878
  Nb      392   40.93154   39.63056   -0.06846    1.68355       -7632.54978
  Nb      393   40.75157   39.45059   -0.24843    1.87033       -7632.67982
  Nb      394   40.91994   39.61896   -0.08006    1.70242       -7632.56047
  Nb      395   40.87330   39.57232   -0.12670    1.74935       -7632.59775
  Nb      396   40.77693   39.47594   -0.22307    1.84865       -7632.66374
  Nb      397   40.91723   39.61625   -0.08277    1.70367       -7632.56941
  Nb      398   41.01380   39.71282    0.01380    1.60865       -7632.50918
  Nb      399   40.84559   39.54461   -0.15441    1.77916       -7632.61555
  Nb      400   40.72601   39.42503   -0.27399    1.90438       -7632.69322
  Nb      401   40.99932   39.69834   -0.00068    1.62262       -7632.51679
  Nb      402   40.95055   39.64957   -0.04945    1.67918       -7632.56013
  Nb      403   41.05092   39.74994    0.05092    1.57710       -7632.49416
  Nb      404   40.73599   39.43501   -0.26401    1.89911       -7632.70095
  Nb      405   40.71154   39.41055   -0.28846    1.91187       -7632.70002
  Nb      406   40.84272   39.54174   -0.15728    1.78405       -7632.61962
  Nb      407   40.88789   39.58690   -0.11211    1.73841       -7632.59730
  Nb      408   40.81401   39.51303   -0.18599    1.81643       -7632.64754
  Nb      409   40.77028   39.46929   -0.22972    1.85306       -7632.66517
  Nb      410   40.91619   39.61520   -0.08381    1.71222       -7632.57782
  Nb      411   40.96453   39.66354   -0.03547    1.66015       -7632.54545
  Nb      412   40.85854   39.55756   -0.14146    1.77106       -7632.61411
  Nb      413   40.81963   39.51865   -0.18037    1.79919       -7632.62471
  Nb      414   40.93446   39.63347   -0.06554    1.69167       -7632.56961
  Nb      415   40.91051   39.60953   -0.08949    1.71731       -7632.57960
  Nb      416   40.83823   39.53724   -0.16177    1.78873       -7632.62532
  Nb      417   40.97436   39.67337   -0.02564    1.65223       -7632.53399
  Nb      418   40.82261   39.52163   -0.17739    1.80671       -7632.63711
  Nb      419   40.97683   39.67584   -0.02317    1.64598       -7632.52771
  Nb      420   40.96259   39.66161   -0.03741    1.66214       -7632.54738
  Nb      421   40.89602   39.59504   -0.10398    1.73243       -7632.59787
  Nb      422   40.68500   39.38402   -0.31500    1.94039       -7632.71537
  Nb      423   40.82036   39.51937   -0.17964    1.80334       -7632.63417
  Nb      424   40.92036   39.61938   -0.07964    1.70457       -7632.56757
  Nb      425   40.94442   39.64344   -0.05558    1.67724       -7632.56171
  Nb      426   40.99379   39.69281   -0.00621    1.63192       -7632.52321
  Nb      427   40.97832   39.67734   -0.02168    1.64029       -7632.52361
  Nb      428   40.82630   39.52532   -0.17370    1.80159       -7632.63925
  Nb      429   41.00968   39.70870    0.00968    1.61713       -7632.52140
  Nb      430   40.82442   39.52344   -0.17558    1.80502       -7632.63211
  Nb      431   40.93375   39.63277   -0.06625    1.69661       -7632.57196
  Nb      432   40.87643   39.57545   -0.12357    1.74578       -7632.59250
  Nb      433   40.87418   39.57319   -0.12582    1.75040       -7632.58870
  Nb      434   40.97793   39.67695   -0.02207    1.65153       -7632.54597
  Nb      435   40.92511   39.62413   -0.07489    1.69666       -7632.56434
  Nb      436   40.89589   39.59491   -0.10411    1.73089       -7632.59124
  Nb      437   40.85698   39.55600   -0.14302    1.77013       -7632.62190
  Nb      438   40.87463   39.57365   -0.12537    1.75707       -7632.60352
  Nb      439   40.99740   39.69642   -0.00260    1.61558       -7632.50286
  Nb      440   40.89299   39.59201   -0.10701    1.73161       -7632.59273
  Nb      441   40.98150   39.68052   -0.01850    1.63967       -7632.53397
  Nb      442   40.74081   39.43982   -0.25919    1.88756       -7632.67026
  Nb      443   40.94214   39.64116   -0.05786    1.67951       -7632.55200
  Nb      444   40.84779   39.54681   -0.15221    1.77322       -7632.61126
  Nb      445   40.92266   39.62167   -0.07734    1.70252       -7632.56985
  Nb      446   40.81711   39.51613   -0.18289    1.80776       -7632.63393
  Nb      447   40.87781   39.57683   -0.12219    1.73831       -7632.58979
  Nb      448   40.88931   39.58833   -0.11069    1.73720       -7632.59925
  Nb      449   41.01742   39.71644    0.01742    1.60413       -7632.50964
  Nb      450   40.87491   39.57393   -0.12509    1.75427       -7632.61279
  Nb      451   40.87730   39.57631   -0.12270    1.74878       -7632.60558
  Nb      452   40.94558   39.64459   -0.05442    1.68370       -7632.55221
  Nb      453   40.86285   39.56187   -0.13715    1.77210       -7632.62443
  Nb      454   40.81017   39.50919   -0.18983    1.81044       -7632.63183
  Nb      455   40.92628   39.62530   -0.07372    1.69760       -7632.55893
  Nb      456   40.92721   39.62623   -0.07279    1.69828       -7632.57684
  Nb      457   40.87816   39.57717   -0.12184    1.74525       -7632.59493
  Nb      458   40.86767   39.56669   -0.13233    1.76212       -7632.60571
  Nb      459   40.95505   39.65407   -0.04495    1.65930       -7632.54216
  Nb      460   40.86936   39.56838   -0.13064    1.75664       -7632.60513
  Nb      461   40.93317   39.63219   -0.06683    1.69217       -7632.56160
  Nb      462   40.94272   39.64173   -0.05728    1.68164       -7632.55477
  Nb      463   40.94714   39.64615   -0.05286    1.67656       -7632.56029
  Nb      464   40.82865   39.52767   -0.17135    1.79958       -7632.62962
  Nb      465   40.90554   39.60456   -0.09446    1.70811       -7632.57436
  Nb      466   40.85915   39.55817   -0.14085    1.76764       -7632.62370
  Nb      467   41.00449   39.70351    0.00449    1.62395       -7632.53145
  Nb      468   40.97028   39.66930   -0.02972    1.66069       -7632.55076
  Nb      469   40.87112   39.57014   -0.12888    1.75246       -7632.59251
  Nb      470   40.96418   39.66319   -0.03582    1.65966       -7632.54514
  Nb      471   40.91076   39.60978   -0.08924    1.71299       -7632.57435
  Nb      472   40.97577   39.67479   -0.02423    1.65124       -7632.54591
  Nb      473   40.93028   39.62930   -0.06972    1.69062       -7632.56751
  Nb      474   41.05609   39.75511    0.05609    1.57559       -7632.49747
  Nb      475   40.98876   39.68777   -0.01124    1.63371       -7632.52954
  Nb      476   40.96304   39.66206   -0.03696    1.66448       -7632.54008
  Nb      477   40.95636   39.65538   -0.04364    1.66334       -7632.54286
  Nb      478   40.83348   39.53250   -0.16652    1.79760       -7632.62974
  Nb      479   40.93059   39.62961   -0.06941    1.69151       -7632.57084
  Nb      480   40.90341   39.60243   -0.09659    1.72418       -7632.59237
  Nb      481   40.84889   39.54790   -0.15111    1.77779       -7632.61437
  Nb      482   40.99873   39.69775   -0.00127    1.62160       -7632.52015
  Nb      483   40.99599   39.69500   -0.00401    1.63041       -7632.52377
  Nb      484   40.87894   39.57796   -0.12106    1.74449       -7632.59449
  Nb      485   40.86294   39.56195   -0.13706    1.75974       -7632.60467
  Nb      486   40.90961   39.60863   -0.09039    1.71823       -7632.57831
  Nb      487   40.93117   39.63019   -0.06883    1.69254       -7632.56260
  Nb      488   40.81016   39.50918   -0.18984    1.81187       -7632.63953
  Nb      489   40.92098   39.62000   -0.07902    1.69763       -7632.56245
  Nb      490   40.98438   39.68340   -0.01562    1.64054       -7632.53871
  Nb      491   40.87010   39.56911   -0.12990    1.75394       -7632.59589
  Nb      492   40.91176   39.61078   -0.08824    1.72202       -7632.58761
  Nb      493   40.78739   39.48641   -0.21261    1.84166       -7632.65197
  Nb      494   40.75074   39.44976   -0.24926    1.87257       -7632.67819
  Nb      495   40.88365   39.58267   -0.11635    1.73939       -7632.59622
  Nb      496   40.79175   39.49077   -0.20825    1.83778       -7632.65134
  Nb      497   40.95902   39.65804   -0.04098    1.66740       -7632.54814
  Nb      498   40.77209   39.47110   -0.22791    1.85194       -7632.66878
  Nb      499   40.93139   39.63041   -0.06861    1.69732       -7632.57086
  Nb      500   40.86087   39.55989   -0.13913    1.76600       -7632.60550
  Nb      501   40.96360   39.66261   -0.03640    1.65422       -7632.53629
  Nb      502   40.84738   39.54640   -0.15262    1.77789       -7632.60202
  Nb      503   40.84288   39.54190   -0.15712    1.78321       -7632.62258
  Nb      504   40.76798   39.46700   -0.23202    1.85825       -7632.67092
  Nb      505   40.92176   39.62078   -0.07824    1.69933       -7632.56774
  Nb      506   40.98302   39.68204   -0.01698    1.64471       -7632.53826
  Nb      507   41.08073   39.77974    0.08073    1.54850       -7632.47588
  Nb      508   41.02133   39.72035    0.02133    1.61105       -7632.51992
  Nb      509   40.96061   39.65963   -0.03939    1.66791       -7632.54745
  Nb      510   41.00857   39.70758    0.00857    1.62164       -7632.52328
  Nb      511   40.84724   39.54626   -0.15276    1.77805       -7632.61596
  Nb      512   40.93111   39.63013   -0.06889    1.69734       -7632.56130
  Mo      513   42.10692   40.80593    0.10692    1.60672       -8090.53128
  Mo      514   42.00993   40.70894    0.00993    1.71503       -8090.60874
  Mo      515   42.21170   40.91072    0.21170    1.50266       -8090.46964
  Mo      516   42.14592   40.84493    0.14592    1.56775       -8090.51264
  Mo      517   42.00234   40.70136    0.00234    1.72221       -8090.61637
  Mo      518   42.13112   40.83013    0.13112    1.58088       -8090.51265
  Mo      519   41.91679   40.61581   -0.08321    1.80400       -8090.65650
  Mo      520   42.16457   40.86358    0.16457    1.55494       -8090.50534
  Mo      521   42.07503   40.77405    0.07503    1.63594       -8090.54672
  Mo      522   41.84016   40.53918   -0.15984    1.88808       -8090.71268
  Mo      523   42.13124   40.83026    0.13124    1.58427       -8090.52129
  Mo      524   42.08272   40.78174    0.08272    1.63518       -8090.55001
  Mo      525   42.08149   40.78051    0.08149    1.63495       -8090.55064
  Mo      526   42.03306   40.73208    0.03306    1.68119       -8090.57230
  Mo      527   42.15784   40.85686    0.15784    1.56394       -8090.51043
  Mo      528   42.10043   40.79945    0.10043    1.61275       -8090.53036
  Mo      529   42.03214   40.73116    0.03214    1.69295       -8090.59998
  Mo      530   42.00413   40.70315    0.00413    1.72591       -8090.61424
  Mo      531   41.97951   40.67853   -0.02049    1.74013       -8090.62066
  Mo      532   41.99667   40.69568   -0.00333    1.71891       -8090.59521
  Mo      533   42.03101   40.73003    0.03101    1.69157       -8090.59571
  Mo      534   42.24181   40.94083    0.24181    1.47846       -8090.46500
  Mo      535   41.93634   40.63536   -0.06366    1.79293       -8090.64861
  Mo      536   42.05940   40.75842    0.05940    1.65718       -8090.56066
  Mo      537   41.95509   40.65411   -0.04491    1.76270       -8090.61985
  Mo      538   42.06785   40.76687    0.06785    1.64106       -8090.55050
  Mo      539   42.08449   40.78351    0.08449    1.63852       -8090.55724
  Mo      540   41.99798   40.69700   -0.00202    1.72818       -8090.61370
  Mo      541   42.13469   40.83371    0.13469    1.57427       -8090.50315
  Mo      542   41.96218   40.66120   -0.03782    1.75741       -8090.62444
  Mo      543   42.21488   40.91390    0.21488    1.50408       -8090.48453
  Mo      544   42.03994   40.73896    0.03994    1.67118       -8090.56226
  Mo      545   42.11852   40.81754    0.11852    1.59537       -8090.52083
  Mo      546   42.14347   40.84248    0.14347    1.57669       -8090.52995
  Mo      547   42.06493   40.76394    0.06493    1.65163       -8090.55350
  Mo      548   42.01822   40.71724    0.01822    1.70654       -8090.60252
  Mo      549   42.09279   40.79181    0.09279    1.63375       -8090.56029
  Mo      550   42.12025   40.81927    0.12025    1.58825       -8090.51887
  Mo      551   41.98323   40.68224   -0.01677    1.74784       -8090.63310
  Mo      552   41.96681   40.66583   -0.03319    1.74577       -8090.61093
  Mo      553   41.99996   40.69898   -0.00004    1.72580       -8090.61349
  Mo      554   42.19002   40.88903    0.19002    1.52931       -8090.49788
  Mo      555   42.06637   40.76539    0.06637    1.64789       -8090.55506
  Mo      556   42.16200   40.86102    0.16200    1.54608       -8090.49321
  Mo      557   42.16765   40.86667    0.16765    1.54877       -8090.50042
  Mo      558   42.11459   40.81361    0.11459    1.59177       -8090.52079
  Mo      559   42.06256   40.76158    0.06256    1.65664       -8090.56207
  Mo      560   42.05872   40.75774    0.05872    1.65738       -8090.56477
  Mo      561   42.18886   40.88788    0.18886    1.52413       -8090.48920
  Mo      562   42.06559   40.76460    0.06559    1.65088       -8090.55699
  Mo      563   42.08956   40.78858    0.08956    1.63078       -8090.55042
  Mo      564   41.96877   40.66779   -0.03123    1.74690       -8090.61319
  Mo      565   42.07701   40.77603    0.07701    1.65118       -8090.57681
  Mo      566   42.15464   40.85366    0.15464    1.55668       -8090.49579
  Mo      567   42.02925   40.72827    0.02925    1.68874       -8090.57842
  Mo      568   42.13660   40.83562    0.13660    1.58222       -8090.52425
  Mo      569   42.03209   40.73111    0.03209    1.69098       -8090.58779
  Mo      570   42.09539   40.79441    0.09539    1.61644       -8090.53265
  Mo      571   42.11609   40.81511    0.11609    1.60685       -8090.54085
  Mo      572   42.03720   40.73622    0.03720    1.67858       -8090.58082
  Mo      573   42.06792   40.76693    0.06792    1.65462       -8090.56788
  Mo      574   42.09197   40.79099    0.09197    1.61383       -8090.53315
  Mo      575   41.98804   40.68705   -0.01196    1.73075       -8090.61491
  Mo      576   42.08571   40.78473    0.08571    1.62368       -8090.54169
  Mo      577   42.11686   40.81588    0.11686    1.59398       -8090.52630
  Mo      578   42.10785   40.80686    0.10785    1.61207       -8090.53980
  Mo      579   42.14494   40.84396    0.14494    1.57318       -8090.52057
  Mo      580   42.12539   40.82440    0.12539    1.59502       -8090.53419
  Mo      581   42.17358   40.87260    0.17358    1.54714       -8090.50654
  Mo      582   42.11337   40.81239    0.11337    1.60322       -8090.53391
  Mo      583   42.10556   40.80457    0.10556    1.60937       -8090.53596
  Mo      584   41.97762   40.67664   -0.02238    1.74286       -8090.61780
  Mo      585   41.93023   40.62925   -0.06977    1.79204       -8090.64589
  Mo      586   42.04932   40.74834    0.04932    1.67356       -8090.58639
  Mo      587   42.05082   40.74983    0.05082    1.66206       -8090.56010
  Mo      588   41.90226   40.60127   -0.09774    1.82459       -8090.67336
  Mo      589   42.00608   40.70510    0.00608    1.70951       -8090.59844
  Mo      590   42.05118   40.75020    0.05118    1.66580       -8090.56729
  Mo      591   42.10829   40.80731    0.10829    1.61470       -8090.54248
  Mo      592   42.20638   40.90540    0.20638    1.51135       -8090.48141
  Mo      593   42.08462   40.78364    0.08462    1.63236       -8090.55000
  Mo      594   42.04012   40.73914    0.04012    1.67910       -8090.57857
  Mo      595   41.98506   40.68408   -0.01494    1.74140       -8090.62110
  Mo      596   41.94349   40.64251   -0.05651    1.78170       -8090.65241
  Mo      597   42.05518   40.75419    0.05518    1.65974       -8090.56473
  Mo      598   42.20828   40.90730    0.20828    1.50650       -8090.47536
  Mo      599   42.11755   40.81656    0.11755    1.60064       -8090.53214
  Mo      600   42.20569   40.90471    0.20569    1.50557       -8090.46741
  Mo      601   42.15287   40.85189    0.15287    1.56680       -8090.51336
  Mo      602   41.99459   40.69361   -0.00541    1.73289       -8090.61921
  Mo      603   42.05790   40.75692    0.05790    1.65540       -8090.55902
  Mo      604   42.02589   40.72490    0.02589    1.69647       -8090.59407
  Mo      605   42.01716   40.71618    0.01716    1.69551       -8090.58444
  Mo      606   42.01980   40.71882    0.01980    1.70503       -8090.60284
  Mo      607   41.90425   40.60327   -0.09575    1.81487       -8090.66061
  Mo      608   42.11289   40.81191    0.11289    1.60333       -8090.52852
  Mo      609   42.01238   40.71140    0.01238    1.70327       -8090.59155
  Mo      610   42.07524   40.77425    0.07524    1.64697       -8090.56649
  Mo      611   42.11833   40.81735    0.11833    1.60056       -8090.52719
  Mo      612   42.18949   40.88851    0.18949    1.52614       -8090.48887
  Mo      613   42.11691   40.81592    0.11691    1.60305       -8090.53833
  Mo      614   42.07871   40.77773    0.07871    1.63076       -8090.55063
  Mo      615   42.20981   40.90882    0.20981    1.50129       -8090.46655
  Mo      616   42.04000   40.73902    0.04000    1.67385       -8090.56591
  Mo      617   42.16323   40.86224    0.16323    1.55871       -8090.51221
  Mo      618   42.03616   40.73518    0.03616    1.68385       -8090.58502
  Mo      619   42.09550   40.79452    0.09550    1.62141       -8090.54284
  Mo      620   42.09208   40.79110    0.09208    1.62986       -8090.55147
  Mo      621   41.99665   40.69566   -0.00335    1.72637       -8090.60911
  Mo      622   41.96085   40.65987   -0.03915    1.75926       -8090.62856
  Mo      623   42.12209   40.82111    0.12209    1.59006       -8090.51616
  Mo      624   42.26641   40.96543    0.26641    1.44557       -8090.44233
  Mo      625   42.15282   40.85184    0.15282    1.56614       -8090.51295
  Mo      626   42.01667   40.71569    0.01667    1.70207       -8090.59896
  Mo      627   42.05636   40.75537    0.05636    1.65895       -8090.56921
  Mo      628   41.95448   40.65350   -0.04552    1.77128       -8090.64184
  Mo      629   42.11296   40.81198    0.11296    1.60003       -8090.52735
  Mo      630   42.06968   40.76870    0.06968    1.65358       -8090.57002
  Mo      631   42.02558   40.72460    0.02558    1.69286       -8090.58004
  Mo      632   42.02722   40.72624    0.02722    1.68809       -8090.58728
  Mo      633   41.94722   40.64624   -0.05278    1.77183       -8090.63213
  Mo      634   41.94720   40.64622   -0.05280    1.77662       -8090.64357
  Mo      635   42.09512   40.79414    0.09512    1.62187       -8090.54105
  Mo      636   42.14294   40.84196    0.14294    1.57552       -8090.51839
  Mo      637   42.02248   40.72150    0.02248    1.69550       -8090.59754
  Mo      638   41.93224   40.63126   -0.06776    1.79560       -8090.65745
  Mo      639   42.00317   40.70219    0.00317    1.72089       -8090.60722
  Mo      640   42.12959   40.82860    0.12959    1.58919       -8090.53363
  Mo      641   42.11614   40.81516    0.11614    1.59325       -8090.52188
  Mo      642   42.05558   40.75460    0.05558    1.66739       -8090.57871
  Mo      643   41.94168   40.64070   -0.05832    1.77345       -8090.62941
  Mo      644   42.19978   40.89880    0.19978    1.51867       -8090.48345
  Mo      645   42.10473   40.80374    0.10473    1.62137       -8090.55419
  Mo      646   41.97250   40.67152   -0.02750    1.74459       -8090.61459
  Mo      647   42.18045   40.87947    0.18045    1.53748       -8090.49080
  Mo      648   42.04410   40.74312    0.04410    1.66878       -8090.57253
  Mo      649   41.99455   40.69356   -0.00545    1.73056       -8090.61508
  Mo      650   42.03417   40.73319    0.03417    1.68058       -8090.56901
  Mo      651   41.98383   40.68284   -0.01617    1.73886       -8090.61645
  Mo      652   41.84121   40.54022   -0.15879    1.88923       -8090.71107
  Mo      653   42.16809   40.86710    0.16809    1.54281       -8090.49749
  Mo      654   42.06390   40.76292    0.06390    1.65129       -8090.56264
  Mo      655   41.88549   40.58451   -0.11451    1.84929       -8090.69617
  Mo      656   42.05091   40.74993    0.05091    1.65974       -8090.56664
  Mo      657   42.03926   40.73828    0.03926    1.67020       -8090.56500
  Mo      658   42.15889   40.85791    0.15889    1.55456       -8090.49845
  Mo      659   42.13546   40.83448    0.13546    1.58158       -8090.51341
  Mo      660   41.98130   40.68032   -0.01870    1.73644       -8090.61463
  Mo      661   41.91533   40.61435   -0.08467    1.81242       -8090.65953
  Mo      662   42.09818   40.79720    0.09818    1.62230       -8090.54962
  Mo      663   42.13396   40.83298    0.13396    1.58004       -8090.51126
  Mo      664   41.89580   40.59482   -0.10420    1.83012       -8090.67758
  Mo      665   41.96863   40.66765   -0.03137    1.75224       -8090.62695
  Mo      666   42.11956   40.81858    0.11956    1.59568       -8090.52753
  Mo      667   42.12462   40.82364    0.12462    1.58595       -8090.51383
  Mo      668   42.13370   40.83272    0.13370    1.58921       -8090.52996
  Mo      669   42.10650   40.80552    0.10650    1.61167       -8090.54035
  Mo      670   42.26191   40.96092    0.26191    1.45715       -8090.44835
  Mo      671   41.91895   40.61797   -0.08105    1.80180       -8090.64695
  Mo      672   42.22872   40.92774    0.22872    1.48813       -8090.46599
  Mo      673   42.17042   40.86944    0.17042    1.55286       -8090.51365
  Mo      674   42.18005   40.87907    0.18005    1.53170       -8090.48858
  Mo      675   41.99398   40.69300   -0.00602    1.72483       -8090.61796
  Mo      676   42.12236   40.82138    0.12236    1.59419       -8090.52438
  Mo      677   42.05879   40.75781    0.05879    1.65450       -8090.56394
  Mo      678   42.08656   40.78558    0.08656    1.62156       -8090.53518
  Mo      679   42.09776   40.79678    0.09776    1.61378       -8090.53273
  Mo      680   42.10957   40.80859    0.10957    1.60688       -8090.52660
  Mo      681   42.00574   40.70476    0.00574    1.71687       -8090.60275
  Mo      682   41.85242   40.55144   -0.14758    1.87105       -8090.68878
  Mo      683   42.12803   40.82705    0.12803    1.59574       -8090.53939
  Mo      684   42.01479   40.71381    0.01479    1.70416       -8090.58439
  Mo      685   42.04192   40.74094    0.04192    1.67517       -8090.56621
  Mo      686   42.13161   40.83063    0.13161    1.58392       -8090.51200
  Mo      687   42.04519   40.74421    0.04519    1.66821       -8090.56145
  Mo      688   42.05389   40.75291    0.05389    1.67012       -8090.57754
  Mo      689   42.02940   40.72842    0.02940    1.68513       -8090.57790
  Mo      690   41.99738   40.69640   -0.00262    1.71402       -8090.58526
  Mo      691   42.14503   40.84405    0.14503    1.56773       -8090.50307
  Mo      692   42.08074   40.77976    0.08074    1.63216       -8090.54676
  Mo      693   41.98928   40.68830   -0.01072    1.73094       -8090.61243
  Mo      694   42.03631   40.73533    0.03631    1.67426       -8090.57168
  Mo      695   42.05148   40.75049    0.05148    1.66642       -8090.57555
  Mo      696   42.08879   40.78781    0.08879    1.62225       -8090.54420
  Mo      697   42.04913   40.74815    0.04913    1.66024       -8090.56426
  Mo      698   42.06289   40.76191    0.06289    1.65044       -8090.55867
  Mo      699   41.99935   40.69836   -0.00065    1.72387       -8090.60771
  Mo      700   41.96342   40.66244   -0.03658    1.75340       -8090.62535
  Mo      701   42.03871   40.73773    0.03871    1.68283       -8090.58419
  Mo      702   42.13947   40.83849    0.13947    1.57668       -8090.51341
  Mo      703   42.12668   40.82570    0.12668    1.58558       -8090.51959
  Mo      704   42.17283   40.87185    0.17283    1.54309       -8090.49740
  Mo      705   42.19693   40.89595    0.19693    1.52326       -8090.49015
  Mo      706   41.99486   40.69388   -0.00514    1.73296       -8090.61389
  Mo      707   41.96800   40.66702   -0.03200    1.75374       -8090.62906
  Mo      708   42.12732   40.82634    0.12732    1.58803       -8090.52978
  Mo      709   42.16586   40.86487    0.16586    1.55185       -8090.51103
  Mo      710   42.21408   40.91310    0.21408    1.49998       -8090.47410
  Mo      711   42.06883   40.76785    0.06883    1.65318       -8090.56723
  Mo      712   42.09122   40.79024    0.09122    1.62462       -8090.54075
  Mo      713   42.00855   40.70757    0.00855    1.70727       -8090.59725
  Mo      714   41.98297   40.68198   -0.01703    1.74562       -8090.62499
  Mo      715   42.09312   40.79214    0.09312    1.62293       -8090.54061
  Mo      716   42.16063   40.85964    0.16063    1.55445       -8090.51175
  Mo      717   41.86175   40.56076   -0.13825    1.86117       -8090.68663
  Mo      718   42.16912   40.86814    0.16912    1.55168       -8090.51285
  Mo      719   41.93746   40.63648   -0.06254    1.78874       -8090.65137
  Mo      720   41.98676   40.68578   -0.01324    1.73194       -8090.61326
  Mo      721   42.10639   40.80541    0.10639    1.62108       -8090.55627
  Mo      722   42.11092   40.80993    0.11092    1.60663       -8090.53635
  Mo      723   41.99387   40.69289   -0.00613    1.72436       -8090.60518
  Mo      724   42.10434   40.80336    0.10434    1.61515       -8090.55023
  Mo      725   41.98303   40.68205   -0.01697    1.73910       -8090.62500
  Mo      726   42.15413   40.85315    0.15413    1.56856       -8090.51295
  Mo      727   42.06612   40.76514    0.06612    1.65417       -8090.56894
  Mo      728   42.01661   40.71563    0.01661    1.70138       -8090.59103
  Mo      729   42.11322   40.81224    0.11322    1.59700       -8090.52758
  Mo      730   42.17514   40.87416    0.17514    1.54748       -8090.50535
  Mo      731   42.07490   40.77392    0.07490    1.64386       -8090.56014
  Mo      732   42.03135   40.73037    0.03135    1.68777       -8090.58172
  Mo      733   41.85541   40.55443   -0.14459    1.87138       -8090.69936
  Mo      734   42.16195   40.86097    0.16195    1.55445       -8090.50126
  Mo      735   42.00918   40.70820    0.00918    1.70993       -8090.60518
  Mo      736   42.02478   40.72380    0.02478    1.69813       -8090.59672
  Mo      737   42.11647   40.81548    0.11647    1.59479       -8090.52097
  Mo      738   42.02712   40.72614    0.02712    1.69387       -8090.59346
  Mo      739   42.08042   40.77944    0.08042    1.63566       -8090.55916
  Mo      740   42.11045   40.80947    0.11045    1.60398       -8090.53187
  Mo      741   42.12982   40.82884    0.12982    1.57564       -8090.49872
  Mo      742   41.86572   40.56474   -0.13428    1.85698       -8090.68600
  Mo      743   42.12333   40.82234    0.12333    1.58761       -8090.52241
  Mo      744   42.04243   40.74145    0.04243    1.67050       -8090.57852
  Mo      745   42.02092   40.71994    0.02092    1.69717       -8090.59474
  Mo      746   41.97608   40.67510   -0.02392    1.74590       -8090.62519
  Mo      747   42.09984   40.79885    0.09984    1.61506       -8090.53570
  Mo      748   42.15875   40.85777    0.15875    1.55127       -8090.49634
  Mo      749   42.04462   40.74364    0.04462    1.67337       -8090.57769
  Mo      750   42.11559   40.81461    0.11559    1.59929       -8090.53953
  Mo      751   42.14531   40.84433    0.14531    1.57095       -8090.52030
  Mo      752   41.96522   40.66423   -0.03478    1.76546       -8090.64171
  Mo      753   42.05501   40.75403    0.05501    1.65528       -8090.55076
  Mo      754   41.97819   40.67721   -0.02181    1.74587       -8090.62127
  Mo      755   41.89186   40.59088   -0.10814    1.83804       -8090.67712
  Mo      756   42.22131   40.92033    0.22131    1.48631       -8090.46283
  Mo      757   41.98380   40.68282   -0.01620    1.73024       -8090.60278
  Mo      758   41.98972   40.68874   -0.01028    1.72636       -8090.61181
  Mo      759   42.07708   40.77609    0.07708    1.63813       -8090.55326
  Mo      760   42.08797   40.78699    0.08797    1.63232       -8090.55460
  Mo      761   41.94578   40.64479   -0.05422    1.77904       -8090.63980
  Mo      762   42.00690   40.70592    0.00690    1.72337       -8090.61784
  Mo      763   42.05264   40.75166    0.05264    1.66283       -8090.57235
  Mo      764   42.12544   40.82445    0.12544    1.59478       -8090.53439
  Mo      765   42.08931   40.78833    0.08931    1.62987       -8090.55666
  Mo      766   42.05136   40.75037    0.05136    1.66563       -8090.56771
  Mo      767   41.91215   40.61116   -0.08785    1.81337       -8090.66040
  Mo      768   42.09598   40.79499    0.09598    1.62273       -8090.55313
  Ta      769   72.58618   71.28520   -0.41382    1.95058      -31233.04787
  Ta      770   72.80722   71.50624   -0.19278    1.73106      -31232.89105
  Ta      771   72.72047   71.41949   -0.27953    1.81218      -31232.95107
  Ta      772   72.77788   71.47690   -0.22212    1.75879      -31232.92717
  Ta      773   72.79349   71.49251   -0.20651    1.74898      -31232.90775
  Ta      774   72.96301   71.66203   -0.03699    1.57634      -31232.79146
  Ta      775   72.64213   71.34115   -0.35787    1.88249      -31232.98888
  Ta      776   72.77711   71.47613   -0.22289    1.76162      -31232.92064
  Ta      777   72.67992   71.37894   -0.32008    1.85909      -31232.98408
  Ta      778   72.81121   71.51022   -0.18879    1.72239      -31232.87974
  Ta      779   72.62731   71.32633   -0.37269    1.90200      -31232.99413
  Ta      780   72.79140   71.49041   -0.20860    1.74932      -31232.91707
  Ta      781   72.63963   71.33865   -0.36037    1.89508      -31233.00096
  Ta      782   72.75518   71.45420   -0.24482    1.77866      -31232.93361
  Ta      783   72.53964   71.23866   -0.46036    1.99482      -31233.06529
  Ta      784   72.89808   71.59710   -0.10192    1.63946      -31232.84083
  Ta      785   72.66176   71.36077   -0.33824    1.87024      -31232.98957
  Ta      786   72.72310   71.42212   -0.27690    1.80795      -31232.94687
  Ta      787   72.76467   71.46369   -0.23533    1.77335      -31232.92309
  Ta      788   72.71195   71.41097   -0.28805    1.82854      -31232.96268
  Ta      789   72.67743   71.37645   -0.32257    1.84591      -31232.97292
  Ta      790   72.86014   71.55916   -0.13986    1.67709      -31232.87452
  Ta      791   72.77475   71.47377   -0.22525    1.75601      -31232.92411
  Ta      792   72.89792   71.59693   -0.10208    1.64053      -31232.84782
  Ta      793   72.75244   71.45146   -0.24756    1.78499      -31232.93276
  Ta      794   72.73923   71.43825   -0.26077    1.79583      -31232.93524
  Ta      795   72.84103   71.54005   -0.15897    1.69175      -31232.86672
  Ta      796   72.79190   71.49092   -0.20810    1.74322      -31232.91351
  Ta      797   72.75471   71.45373   -0.24529    1.77001      -31232.91689
  Ta      798   72.70922   71.40824   -0.29078    1.82189      -31232.96305
  Ta      799   72.72827   71.42729   -0.27173    1.79806      -31232.93764
  Ta      800   72.69952   71.39854   -0.30048    1.83064      -31232.96626
  Ta      801   72.73348   71.43250   -0.26652    1.79484      -31232.93443
  Ta      802   72.71371   71.41273   -0.28629    1.82220      -31232.95461
  Ta      803   72.93106   71.63008   -0.06894    1.60603      -31232.82504
  Ta      804   72.78312   71.48214   -0.21688    1.74829      -31232.91281
  Ta      805   72.78408   71.48310   -0.21592    1.74717      -31232.91113
  Ta      806   72.81779   71.51681   -0.18221    1.71565      -31232.89302
  Ta      807   72.81297   71.51199   -0.18703    1.72127      -31232.89021
  Ta      808   72.89757   71.59659   -0.10243    1.64470      -31232.84075
  Ta      809   72.42581   71.12483   -0.57419    2.10358      -31233.13861
  Ta      810   72.76759   71.46660   -0.23241    1.76042      -31232.91511
  Ta      811   72.62366   71.32267   -0.37634    1.90443      -31233.00529
  Ta      812   72.73396   71.43298   -0.26604    1.79790      -31232.93704
  Ta      813   72.71951   71.41852   -0.28049    1.81039      -31232.95432
  Ta      814   72.63918   71.33820   -0.36082    1.89421      -31233.00247
  Ta      815   72.79863   71.49764   -0.20137    1.73172      -31232.89573
  Ta      816   72.87414   71.57315   -0.12586    1.65386      -31232.84508
  Ta      817   72.71590   71.41492   -0.28410    1.81748      -31232.95207
  Ta      818   72.54710   71.24611   -0.45290    1.97713      -31233.05948
  Ta      819   72.68807   71.38709   -0.31193    1.84219      -31232.96825
  Ta      820   72.75748   71.45650   -0.24252    1.78024      -31232.93049
  Ta      821   72.87763   71.57665   -0.12237    1.65400      -31232.84370
  Ta      822   72.72880   71.42782   -0.27120    1.80344      -31232.94406
  Ta      823   72.76626   71.46527   -0.23374    1.76998      -31232.92461
  Ta      824   72.64235   71.34137   -0.35765    1.89001      -31233.00200
  Ta      825   72.61018   71.30919   -0.38982    1.92220      -31233.02901
  Ta      826   72.79774   71.49676   -0.20226    1.73510      -31232.90318
  Ta      827   72.76141   71.46043   -0.23859    1.76621      -31232.92368
  Ta      828   72.67941   71.37843   -0.32059    1.85551      -31232.98316
  Ta      829   72.63170   71.33072   -0.36830    1.90219      -31233.00648
  Ta      830   72.73926   71.43828   -0.26074    1.79968      -31232.95201
  Ta      831   72.77743   71.47645   -0.22257    1.76671      -31232.93177
  Ta      832   72.77151   71.47052   -0.22849    1.76522      -31232.91458
  Ta      833   72.78373   71.48274   -0.21627    1.74622      -31232.91662
  Ta      834   72.83142   71.53043   -0.16858    1.70148      -31232.87464
  Ta      835   72.73498   71.43400   -0.26502    1.79683      -31232.93363
  Ta      836   72.77879   71.47781   -0.22121    1.74779      -31232.91082
  Ta      837   72.87267   71.57169   -0.12733    1.66436      -31232.85910
  Ta      838   72.76083   71.45984   -0.23917    1.76961      -31232.92814
  Ta      839   72.61830   71.31732   -0.38170    1.91525      -31233.01772
  Ta      840   72.61774   71.31676   -0.38226    1.91558      -31233.02746
  Ta      841   72.77121   71.47023   -0.22879    1.76317      -31232.92778
  Ta      842   72.71196   71.41098   -0.28804    1.82410      -31232.95745
  Ta      843   72.72035   71.41937   -0.27965    1.81153      -31232.94273
  Ta      844   72.82511   71.52413   -0.17489    1.70840      -31232.88530
  Ta      845   72.69034   71.38936   -0.30966    1.85098      -31232.99178
  Ta      846   72.76429   71.46331   -0.23571    1.76860      -31232.92005
  Ta      847   72.78893   71.48795   -0.21107    1.74778      -31232.90474
  Ta      848   72.73663   71.43565   -0.26337    1.79580      -31232.94421
  Ta      849   72.61149   71.31051   -0.38851    1.92043      -31233.00922
  Ta      850   72.94325   71.64226   -0.05675    1.59842      -31232.80661
  Ta      851   72.78358   71.48259   -0.21642    1.74576      -31232.90782
  Ta      852   72.68217   71.38119   -0.31783    1.84688      -31232.96846
  Ta      853   72.84450   71.54351   -0.15550    1.69407      -31232.87368
  Ta      854   72.64685   71.34587   -0.35315    1.88848      -31233.00512
  Ta      855   72.67468   71.37370   -0.32532    1.84857      -31232.97755
  Ta      856   72.71974   71.41876   -0.28026    1.81306      -31232.95199
  Ta      857   72.69061   71.38963   -0.30939    1.83847      -31232.95717
  Ta      858   72.53399   71.23301   -0.46601    2.00114      -31233.07504
  Ta      859   72.88983   71.58885   -0.11017    1.64060      -31232.83550
  Ta      860   72.71654   71.41556   -0.28346    1.81908      -31232.94740
  Ta      861   72.72799   71.42700   -0.27201    1.80395      -31232.94711
  Ta      862   72.79261   71.49163   -0.20739    1.73964      -31232.91075
  Ta      863   72.70882   71.40784   -0.29118    1.82949      -31232.96038
  Ta      864   72.74836   71.44738   -0.25164    1.78820      -31232.94194
  Ta      865   72.71967   71.41869   -0.28033    1.81740      -31232.96153
  Ta      866   72.66513   71.36415   -0.33487    1.86708      -31232.98498
  Ta      867   72.74483   71.44385   -0.25517    1.78910      -31232.93871
  Ta      868   72.63322   71.33224   -0.36678    1.90309      -31233.01956
  Ta      869   72.73211   71.43112   -0.26789    1.80600      -31232.94519
  Ta      870   72.77800   71.47702   -0.22200    1.74996      -31232.90021
  Ta      871   72.71060   71.40961   -0.28940    1.81792      -31232.95290
  Ta      872   72.73915   71.43817   -0.26085    1.79355      -31232.93153
  Ta      873   72.81546   71.51448   -0.18454    1.71686      -31232.88903
  Ta      874   72.71599   71.41501   -0.28401    1.81437      -31232.94669
  Ta      875   72.66796   71.36698   -0.33204    1.85964      -31232.96714
  Ta      876   72.73384   71.43286   -0.26616    1.79933      -31232.94786
  Ta      877   72.84848   71.54749   -0.15152    1.68358      -31232.86262
  Ta      878   72.68088   71.37990   -0.31912    1.85856      -31232.97989
  Ta      879   72.69952   71.39854   -0.30048    1.82943      -31232.96425
  Ta      880   72.74459   71.44361   -0.25541    1.78950      -31232.93612
  Ta      881   72.84614   71.54515   -0.15386    1.68923      -31232.88260
  Ta      882   72.86081   71.55982   -0.13919    1.66671      -31232.84190
  Ta      883   72.51909   71.21811   -0.48091    2.01589      -31233.07785
  Ta      884   72.86347   71.56249   -0.13653    1.66938      -31232.85407
  Ta      885   72.77201   71.47103   -0.22799    1.76468      -31232.92335
  Ta      886   72.80748   71.50650   -0.19252    1.72934      -31232.89033
  Ta      887   72.66355   71.36257   -0.33645    1.86343      -31232.98130
  Ta      888   72.73194   71.43095   -0.26806    1.79597      -31232.92847
  Ta      889   72.94790   71.64692   -0.05210    1.59406      -31232.80400
  Ta      890   72.70604   71.40505   -0.29396    1.82262      -31232.94828
  Ta      891   72.76076   71.45977   -0.23924    1.77627      -31232.93058
  Ta      892   72.60222   71.30124   -0.39778    1.92914      -31233.02012
  Ta      893   72.78221   71.48123   -0.21779    1.74825      -31232.91248
  Ta      894   72.89348   71.59250   -0.10652    1.64306      -31232.84213
  Ta      895   72.75288   71.45190   -0.24712    1.78472      -31232.94280
  Ta      896   72.74692   71.44593   -0.25308    1.78421      -31232.93612
  Ta      897   72.74814   71.44716   -0.25186    1.78377      -31232.92420
  Ta      898   72.91116   71.61018   -0.08884    1.62680      -31232.83575
  Ta      899   72.58919   71.28821   -0.41081    1.94316      -31233.03285
  Ta      900   72.67778   71.37680   -0.32222    1.86060      -31232.98105
  Ta      901   72.79556   71.49458   -0.20444    1.74000      -31232.89566
  Ta      902   72.47756   71.17658   -0.52244    2.05778      -31233.11237
  Ta      903   72.70996   71.40898   -0.29004    1.81920      -31232.94292
  Ta      904   72.93300   71.63202   -0.06700    1.60471      -31232.82406
  Ta      905   72.73862   71.43764   -0.26138    1.79905      -31232.94161
  Ta      906   72.71842   71.41744   -0.28158    1.81842      -31232.96221
  Ta      907   72.83487   71.53388   -0.16513    1.68802      -31232.86023
  Ta      908   72.80343   71.50244   -0.19657    1.73571      -31232.90308
  Ta      909   72.90942   71.60844   -0.09058    1.62382      -31232.82717
  Ta      910   72.70506   71.40408   -0.29494    1.82405      -31232.96060
  Ta      911   72.76568   71.46469   -0.23432    1.77732      -31232.93222
  Ta      912   72.72040   71.41942   -0.27960    1.81007      -31232.95267
  Ta      913   72.69991   71.39892   -0.30009    1.83275      -31232.95734
  Ta      914   72.60926   71.30828   -0.39074    1.91923      -31233.01358
  Ta      915   72.69474   71.39376   -0.30526    1.83761      -31232.96109
  Ta      916   72.82802   71.52704   -0.17198    1.70969      -31232.88691
  Ta      917   72.64064   71.33966   -0.35936    1.89450      -31233.01485
  Ta      918   72.70684   71.40586   -0.29316    1.82266      -31232.96323
  Ta      919   72.65759   71.35661   -0.34241    1.87352      -31232.98764
  Ta      920   72.82095   71.51996   -0.17905    1.71806      -31232.90471
  Ta      921   72.76270   71.46172   -0.23730    1.77157      -31232.93159
  Ta      922   72.76753   71.46654   -0.23247    1.75798      -31232.91524
  Ta      923   72.71186   71.41087   -0.28814    1.82033      -31232.96119
  Ta      924   72.75730   71.45631   -0.24270    1.77709      -31232.93550
  Ta      925   72.94452   71.64354   -0.05548    1.60059      -31232.80817
  Ta      926   72.80700   71.50602   -0.19300    1.72177      -31232.88920
  Ta      927   72.61606   71.31508   -0.38394    1.91945      -31233.01250
  Ta      928   72.76332   71.46234   -0.23668    1.76042      -31232.91154
  Ta      929   72.73917   71.43819   -0.26083    1.79594      -31232.94500
  Ta      930   72.60405   71.30307   -0.39595    1.92682      -31233.02063
  Ta      931   72.78151   71.48053   -0.21849    1.74643      -31232.89761
  Ta      932   72.71722   71.41624   -0.28278    1.81542      -31232.96044
  Ta      933   72.75167   71.45069   -0.24833    1.78739      -31232.94066
  Ta      934   72.78729   71.48631   -0.21271    1.73908      -31232.89852
  Ta      935   72.76970   71.46871   -0.23030    1.76374      -31232.92694
  Ta      936   72.90970   71.60872   -0.09030    1.62648      -31232.82816
  Ta      937   72.70403   71.40304   -0.29597    1.82468      -31232.94851
  Ta      938   72.71636   71.41538   -0.28364    1.82006      -31232.95676
  Ta      939   72.67485   71.37387   -0.32515    1.85920      -31232.98053
  Ta      940   72.82340   71.52242   -0.17660    1.71019      -31232.89038
  Ta      941   72.67091   71.36993   -0.32909    1.85575      -31232.97202
  Ta      942   72.90859   71.60761   -0.09141    1.62575      -31232.83303
  Ta      943   72.72861   71.42763   -0.27139    1.80758      -31232.95061
  Ta      944   72.80183   71.50085   -0.19817    1.73497      -31232.90078
  Ta      945   72.73238   71.43140   -0.26762    1.80152      -31232.95159
  Ta      946   72.81325   71.51227   -0.18675    1.71976      -31232.90316
  Ta      947   72.83073   71.52974   -0.16927    1.70435      -31232.87395
  Ta      948   72.86489   71.56391   -0.13511    1.67183      -31232.86611
  Ta      949   72.70567   71.40469   -0.29433    1.82773      -31232.95674
  Ta      950   72.69507   71.39409   -0.30493    1.82995      -31232.95036
  Ta      951   72.81129   71.51031   -0.18871    1.72470      -31232.88551
  Ta      952   72.93937   71.63839   -0.06063    1.59678      -31232.80455
  Ta      953   72.70807   71.40709   -0.29193    1.81827      -31232.94987
  Ta      954   72.75744   71.45646   -0.24256    1.77832      -31232.93356
  Ta      955   72.66367   71.36269   -0.33633    1.87309      -31232.99618
  Ta      956   72.69175   71.39077   -0.30825    1.84660      -31232.98572
  Ta      957   72.74205   71.44107   -0.25795    1.79156      -31232.93919
  Ta      958   72.76274   71.46176   -0.23726    1.76714      -31232.94019
  Ta      959   72.58017   71.27919   -0.41983    1.95125      -31233.03078
  Ta      960   72.85384   71.55285   -0.14616    1.68465      -31232.86845
  Ta      961   72.75844   71.45746   -0.24156    1.77638      -31232.93489
  Ta      962   72.67222   71.37123   -0.32778    1.86364      -31232.98032
  Ta      963   72.76043   71.45944   -0.23957    1.77567      -31232.92686
  Ta      964   72.82918   71.52820   -0.17082    1.70662      -31232.88117
  Ta      965   72.70666   71.40567   -0.29334    1.82438      -31232.95022
  Ta      966   72.72757   71.42659   -0.27243    1.80377      -31232.93917
  Ta      967   72.77009   71.46911   -0.22991    1.76371      -31232.91203
  Ta      968   72.59056   71.28958   -0.40944    1.93722      -31233.02410
  Ta      969   72.74186   71.44088   -0.25814    1.78744      -31232.92599
  Ta      970   72.61668   71.31570   -0.38332    1.91371      -31233.01413
  Ta      971   72.86212   71.56114   -0.13788    1.67112      -31232.85216
  Ta      972   72.78228   71.48129   -0.21772    1.75022      -31232.90487
  Ta      973   72.73985   71.43887   -0.26015    1.78993      -31232.93631
  Ta      974   72.79179   71.49081   -0.20821    1.73923      -31232.90733
  Ta      975   72.66893   71.36794   -0.33107    1.85662      -31232.98013
  Ta      976   72.73368   71.43270   -0.26632    1.79985      -31232.94138
  Ta      977   72.78817   71.48719   -0.21183    1.74023      -31232.89134
  Ta      978   72.86028   71.55930   -0.13972    1.68416      -31232.87438
  Ta      979   72.87711   71.57613   -0.12289    1.65533      -31232.84266
  Ta      980   72.62259   71.32161   -0.37741    1.91469      -31233.02653
  Ta      981   72.87949   71.57851   -0.12051    1.65819      -31232.86082
  Ta      982   72.78491   71.48392   -0.21509    1.75040      -31232.90970
  Ta      983   72.79547   71.49448   -0.20453    1.73552      -31232.90110
  Ta      984   72.82710   71.52612   -0.17290    1.70753      -31232.87217
  Ta      985   72.68020   71.37921   -0.31980    1.84950      -31232.96618
  Ta      986   72.58009   71.27911   -0.41991    1.94928      -31233.04529
  Ta      987   72.74084   71.43986   -0.25916    1.79790      -31232.94407
  Ta      988   72.83271   71.53173   -0.16729    1.70507      -31232.88561
  Ta      989   72.71114   71.41016   -0.28886    1.81659      -31232.94469
  Ta      990   72.81444   71.51345   -0.18556    1.71697      -31232.89307
  Ta      991   72.86290   71.56192   -0.13710    1.66890      -31232.84917
  Ta      992   72.87004   71.56906   -0.12996    1.66192      -31232.84140
  Ta      993   72.79702   71.49604   -0.20298    1.73942      -31232.90748
  Ta      994   72.78005   71.47907   -0.21995    1.75833      -31232.91688
  Ta      995   72.82812   71.52713   -0.17188    1.70816      -31232.88219
  Ta      996   72.73845   71.43747   -0.26155    1.78937      -31232.92698
  Ta      997   72.80071   71.49972   -0.19929    1.72929      -31232.89988
  Ta      998   72.78904   71.48805   -0.21096    1.74025      -31232.90864
  Ta      999   72.89755   71.59657   -0.10245    1.63937      -31232.83893
  Ta     1000   72.75923   71.45825   -0.24077    1.77398      -31232.92386
  Ta     1001   72.72104   71.42006   -0.27896    1.81044      -31232.94313
  Ta     1002   72.81254   71.51156   -0.18746    1.73049      -31232.90365
  Ta     1003   72.74880   71.44781   -0.25120    1.78334      -31232.93661
  Ta     1004   72.54392   71.24293   -0.45608    1.98569      -31233.07283
  Ta     1005   72.79471   71.49373   -0.20529    1.73310      -31232.89662
  Ta     1006   72.66322   71.36224   -0.33678    1.86315      -31232.98228
  Ta     1007   72.65946   71.35848   -0.34054    1.86921      -31232.98570
  Ta     1008   72.64354   71.34256   -0.35646    1.89026      -31233.00414
  Ta     1009   72.85226   71.55128   -0.14774    1.68340      -31232.86113
  Ta     1010   72.73904   71.43806   -0.26096    1.79987      -31232.95098
  Ta     1011   72.77551   71.47453   -0.22449    1.76293      -31232.92262
  Ta     1012   72.90246   71.60148   -0.09754    1.62482      -31232.82604
  Ta     1013   72.82990   71.52892   -0.17010    1.70407      -31232.87860
  Ta     1014   72.70623   71.40524   -0.29377    1.83542      -31232.96501
  Ta     1015   72.79626   71.49527   -0.20374    1.73588      -31232.90022
  Ta     1016   72.77851   71.47753   -0.22149    1.75220      -31232.91591
  Ta     1017   72.76621   71.46523   -0.23379    1.76760      -31232.91500
  Ta     1018   72.74663   71.44565   -0.25337    1.78589      -31232.93312
  Ta     1019   72.81022   71.50923   -0.18978    1.72792      -31232.90144
  Ta     1020   72.82426   71.52327   -0.17574    1.71144      -31232.88723
  Ta     1021   72.80431   71.50332   -0.19569    1.72655      -31232.89237
  Ta     1022   72.87557   71.57458   -0.12443    1.66094      -31232.86002
  Ta     1023   72.63990   71.33891   -0.36010    1.89084      -31232.99624
  Ta     1024   72.83235   71.53137   -0.16765    1.70582      -31232.88844
  V      1025   23.38496   22.08398    0.38496    1.56334       -1895.24163
  V      1026   23.41615   22.11516    0.41615    1.53131       -1895.22664
  V      1027   23.47783   22.17685    0.47783    1.46772       -1895.19480
  V      1028   23.40562   22.10464    0.40562    1.54509       -1895.23384
  V      1029   23.35670   22.05572    0.35670    1.59470       -1895.26335
  V      1030   23.40004   22.09906    0.40004    1.54287       -1895.20600
  V      1031   23.45888   22.15790    0.45888    1.48848       -1895.20783
  V      1032   23.45473   22.15375    0.45473    1.49735       -1895.19935
  V      1033   23.29683   21.99585    0.29683    1.65819       -1895.29883
  V      1034   23.45376   22.15277    0.45376    1.49487       -1895.20808
  V      1035   23.40237   22.10139    0.40237    1.54341       -1895.22640
  V      1036   23.44262   22.14164    0.44262    1.49927       -1895.20543
  V      1037   23.53038   22.22940    0.53038    1.41098       -1895.16268
  V      1038   23.38468   22.08369    0.38468    1.55959       -1895.24320
  V      1039   23.54044   22.23946    0.54044    1.39789       -1895.15054
  V      1040   23.36418   22.06320    0.36418    1.58524       -1895.25824
  V      1041   23.30220   22.00122    0.30220    1.65727       -1895.30006
  V      1042   23.41306   22.11207    0.41306    1.53766       -1895.22440
  V      1043   23.47806   22.17708    0.47806    1.46431       -1895.17045
  V      1044   23.40631   22.10533    0.40631    1.53786       -1895.22476
  V      1045   23.38195   22.08097    0.38195    1.56637       -1895.23449
  V      1046   23.51736   22.21638    0.51736    1.42205       -1895.14290
  V      1047   23.44290   22.14192    0.44290    1.50435       -1895.19842
  V      1048   23.40366   22.10268    0.40366    1.55010       -1895.25485
  V      1049   23.37305   22.07207    0.37305    1.57496       -1895.24388
  V      1050   23.29036   21.98938    0.29036    1.66087       -1895.28748
  V      1051   23.37620   22.07522    0.37620    1.57519       -1895.25604
  V      1052   23.31389   22.01291    0.31389    1.64474       -1895.29389
  V      1053   23.48252   22.18154    0.48252    1.46172       -1895.18868
  V      1054   23.44080   22.13981    0.44080    1.51167       -1895.23329
  V      1055   23.34351   22.04253    0.34351    1.61231       -1895.27326
  V      1056   23.53057   22.22958    0.53057    1.41429       -1895.15689
  V      1057   23.50276   22.20178    0.50276    1.44012       -1895.19448
  V      1058   23.29087   21.98989    0.29087    1.66400       -1895.29521
  V      1059   23.42278   22.12180    0.42278    1.52909       -1895.22898
  V      1060   23.48014   22.17915    0.48014    1.46443       -1895.17277
  V      1061   23.38396   22.08297    0.38396    1.56955       -1895.24781
  V      1062   23.62234   22.32135    0.62234    1.31845       -1895.09900
  V      1063   23.51130   22.21032    0.51130    1.43360       -1895.16696
  V      1064   23.45860   22.15762    0.45860    1.49394       -1895.20493
  V      1065   23.43582   22.13484    0.43582    1.50926       -1895.20153
  V      1066   23.46585   22.16487    0.46585    1.47885       -1895.19796
  V      1067   23.27717   21.97619    0.27717    1.67829       -1895.30282
  V      1068   23.43398   22.13300    0.43398    1.51266       -1895.21754
  V      1069   23.43546   22.13447    0.43546    1.51544       -1895.21516
  V      1070   23.28438   21.98340    0.28438    1.67429       -1895.30157
  V      1071   23.44423   22.14324    0.44423    1.49732       -1895.19570
  V      1072   23.48310   22.18212    0.48310    1.45722       -1895.17511
  V      1073   23.52988   22.22890    0.52988    1.40952       -1895.14184
  V      1074   23.58239   22.28141    0.58239    1.35058       -1895.10089
  V      1075   23.41189   22.11091    0.41189    1.53143       -1895.22991
  V      1076   23.48074   22.17975    0.48074    1.46972       -1895.19583
  V      1077   23.47711   22.17613    0.47711    1.46825       -1895.19675
  V      1078   23.52708   22.22610    0.52708    1.41968       -1895.15997
  V      1079   23.26325   21.96227    0.26325    1.69095       -1895.30826
  V      1080   23.54213   22.24115    0.54213    1.39549       -1895.13252
  V      1081   23.48053   22.17954    0.48053    1.46534       -1895.17816
  V      1082   23.44819   22.14721    0.44819    1.49031       -1895.20677
  V      1083   23.44778   22.14680    0.44778    1.49817       -1895.20506
  V      1084   23.52656   22.22558    0.52656    1.41160       -1895.14282
  V      1085   23.32612   22.02514    0.32612    1.62324       -1895.27939
  V      1086   23.50754   22.20656    0.50754    1.43393       -1895.15364
  V      1087   23.53518   22.23419    0.53518    1.40846       -1895.15620
  V      1088   23.45084   22.14986    0.45084    1.49639       -1895.21331
  V      1089   23.46305   22.16206    0.46305    1.48022       -1895.18986
  V      1090   23.42601   22.12503    0.42601    1.52106       -1895.22533
  V      1091   23.40765   22.10667    0.40765    1.54113       -1895.24579
  V      1092   23.36705   22.06607    0.36705    1.58333       -1895.26623
  V      1093   23.40660   22.10562    0.40660    1.53889       -1895.22794
  V      1094   23.50014   22.19916    0.50014    1.44398       -1895.17181
  V      1095   23.54534   22.24436    0.54534    1.40138       -1895.16017
  V      1096   23.34421   22.04323    0.34421    1.60842       -1895.27542
  V      1097   23.37603   22.07504    0.37603    1.57817       -1895.26266
  V      1098   23.44464   22.14365    0.44464    1.50239       -1895.20183
  V      1099   23.50369   22.20271    0.50369    1.43764       -1895.17645
  V      1100   23.32436   22.02338    0.32436    1.63186       -1895.28035
  V      1101   23.44662   22.14564    0.44662    1.49950       -1895.19521
  V      1102   23.46232   22.16134    0.46232    1.48390       -1895.19839
  V      1103   23.50830   22.20731    0.50830    1.43560       -1895.16877
  V      1104   23.35555   22.05456    0.35555    1.59518       -1895.24687
  V      1105   23.42592   22.12493    0.42592    1.52154       -1895.21258
  V      1106   23.47089   22.16991    0.47089    1.47754       -1895.19932
  V      1107   23.26273   21.96175    0.26273    1.68996       -1895.29564
  V      1108   23.48863   22.18765    0.48863    1.45558       -1895.19582
  V      1109   23.46543   22.16445    0.46543    1.47937       -1895.21134
  V      1110   23.54798   22.24700    0.54798    1.39003       -1895.12758
  V      1111   23.53908   22.23809    0.53908    1.40066       -1895.13314
  V      1112   23.58086   22.27988    0.58086    1.36080       -1895.12311
  V      1113   23.52037   22.21939    0.52037    1.41958       -1895.15746
  V      1114   23.48703   22.18605    0.48703    1.46039       -1895.18906
  V      1115   23.36783   22.06685    0.36783    1.58294       -1895.25073
  V      1116   23.49157   22.19059    0.49157    1.44857       -1895.17609
  V      1117   23.44228   22.14129    0.44228    1.50192       -1895.19308
  V      1118   23.20826   21.90728    0.20826    1.74808       -1895.34955
  V      1119   23.50438   22.20340    0.50438    1.43797       -1895.16780
  V      1120   23.42600   22.12502    0.42600    1.51882       -1895.21137
  V      1121   23.31407   22.01308    0.31407    1.63825       -1895.29162
  V      1122   23.48389   22.18291    0.48389    1.46386       -1895.18867
  V      1123   23.32469   22.02370    0.32469    1.62682       -1895.25534
  V      1124   23.40064   22.09966    0.40064    1.55337       -1895.24123
  V      1125   23.41874   22.11775    0.41874    1.52918       -1895.21951
  V      1126   23.37995   22.07896    0.37995    1.56983       -1895.24332
  V      1127   23.48556   22.18458    0.48556    1.45883       -1895.18808
  V      1128   23.38116   22.08018    0.38116    1.56374       -1895.23125
  V      1129   23.53110   22.23011    0.53110    1.41178       -1895.16038
  V      1130   23.40165   22.10067    0.40165    1.54363       -1895.22486
  V      1131   23.50732   22.20633    0.50732    1.44201       -1895.16923
  V      1132   23.45125   22.15027    0.45125    1.49495       -1895.21491
  V      1133   23.48915   22.18817    0.48915    1.45251       -1895.18000
  V      1134   23.31568   22.01469    0.31568    1.64267       -1895.29797
  V      1135   23.31876   22.01778    0.31876    1.63353       -1895.28538
  V      1136   23.49944   22.19846    0.49944    1.44476       -1895.18121
  V      1137   23.44479   22.14381    0.44479    1.50269       -1895.20013
  V      1138   23.37285   22.07187    0.37285    1.57736       -1895.27018
  V      1139   23.46165   22.16067    0.46165    1.48413       -1895.20523
  V      1140   23.45568   22.15469    0.45568    1.49138       -1895.18858
  V      1141   23.50409   22.20310    0.50409    1.44443       -1895.16591
  V      1142   23.55093   22.24995    0.55093    1.38738       -1895.13536
  V      1143   23.48139   22.18041    0.48139    1.46830       -1895.19999
  V      1144   23.45052   22.14954    0.45052    1.49782       -1895.22162
  V      1145   23.46533   22.16435    0.46533    1.47820       -1895.19604
  V      1146   23.42116   22.12017    0.42116    1.52670       -1895.21955
  V      1147   23.55356   22.25258    0.55356    1.39242       -1895.14863
  V      1148   23.41406   22.11308    0.41406    1.53006       -1895.21844
  V      1149   23.37298   22.07200    0.37298    1.57527       -1895.24668
  V      1150   23.40617   22.10519    0.40617    1.54667       -1895.23749
  V      1151   23.43491   22.13393    0.43491    1.51204       -1895.21108
  V      1152   23.46692   22.16594    0.46692    1.47134       -1895.19957
  V      1153   23.37958   22.07860    0.37958    1.57244       -1895.24385
  V      1154   23.39761   22.09663    0.39761    1.55184       -1895.22534
  V      1155   23.29698   21.99600    0.29698    1.65633       -1895.28981
  V      1156   23.50010   22.19911    0.50010    1.44385       -1895.15894
  V      1157   23.45790   22.15692    0.45790    1.48550       -1895.18634
  V      1158   23.35745   22.05647    0.35745    1.59114       -1895.26030
  V      1159   23.30509   22.00411    0.30509    1.64888       -1895.27769
  V      1160   23.42161   22.12062    0.42161    1.52904       -1895.23134
  V      1161   23.33332   22.03234    0.33332    1.61809       -1895.26071
  V      1162   23.49574   22.19475    0.49574    1.45077       -1895.18744
  V      1163   23.47366   22.17268    0.47366    1.46772       -1895.16887
  V      1164   23.39347   22.09249    0.39347    1.55763       -1895.25162
  V      1165   23.40690   22.10592    0.40690    1.53624       -1895.21592
  V      1166   23.49498   22.19400    0.49498    1.44945       -1895.19175
  V      1167   23.62781   22.32683    0.62781    1.31238       -1895.09050
  V      1168   23.51491   22.21393    0.51491    1.43028       -1895.16554
  V      1169   23.44015   22.13917    0.44015    1.51425       -1895.21970
  V      1170   23.33505   22.03407    0.33505    1.61425       -1895.24602
  V      1171   23.38962   22.08863    0.38962    1.55926       -1895.23668
  V      1172   23.37325   22.07227    0.37325    1.57852       -1895.24268
  V      1173   23.50135   22.20037    0.50135    1.44956       -1895.18100
  V      1174   23.57259   22.27160    0.57259    1.36560       -1895.12881
  V      1175   23.36345   22.06246    0.36345    1.58679       -1895.27140
  V      1176   23.46700   22.16602    0.46700    1.48565       -1895.19069
  V      1177   23.38182   22.08084    0.38182    1.57606       -1895.25606
  V      1178   23.55315   22.25217    0.55315    1.39187       -1895.12965
  V      1179   23.35255   22.05156    0.35255    1.60378       -1895.27440
  V      1180   23.39970   22.09872    0.39970    1.54181       -1895.23958
  V      1181   23.52319   22.22221    0.52319    1.42054       -1895.16516
  V      1182   23.35864   22.05766    0.35864    1.59153       -1895.24637
  V      1183   23.47327   22.17229    0.47327    1.47135       -1895.19331
  V      1184   23.51311   22.21213    0.51311    1.42526       -1895.16821
  V      1185   23.48990   22.18892    0.48990    1.45693       -1895.17559
  V      1186   23.29322   21.99224    0.29322    1.66191       -1895.30610
  V      1187   23.47719   22.17621    0.47719    1.46487       -1895.18067
  V      1188   23.36454   22.06356    0.36454    1.58393       -1895.24624
  V      1189   23.35377   22.05279    0.35377    1.59946       -1895.26682
  V      1190   23.43261   22.13163    0.43261    1.51049       -1895.20945
  V      1191   23.36432   22.06334    0.36432    1.59312       -1895.26853
  V      1192   23.39535   22.09437    0.39535    1.55263       -1895.23273
  V      1193   23.43591   22.13493    0.43591    1.51003       -1895.21055
  V      1194   23.32483   22.02385    0.32483    1.62997       -1895.28977
  V      1195   23.42113   22.12015    0.42113    1.52700       -1895.23210
  V      1196   23.40292   22.10193    0.40292    1.54463       -1895.23343
  V      1197   23.53719   22.23621    0.53719    1.41494       -1895.16171
  V      1198   23.39414   22.09316    0.39414    1.55409       -1895.24455
  V      1199   23.51959   22.21860    0.51959    1.42598       -1895.16536
  V      1200   23.42517   22.12419    0.42517    1.51698       -1895.21762
  V      1201   23.54415   22.24317    0.54415    1.39319       -1895.13261
  V      1202   23.35094   22.04996    0.35094    1.59977       -1895.25662
  V      1203   23.46475   22.16377    0.46475    1.48315       -1895.20834
  V      1204   23.38166   22.08068    0.38166    1.57174       -1895.25659
  V      1205   23.44286   22.14187    0.44286    1.50414       -1895.21553
  V      1206   23.42801   22.12703    0.42801    1.51655       -1895.22019
  V      1207   23.41010   22.10912    0.41010    1.53463       -1895.21767
  V      1208   23.38603   22.08505    0.38603    1.56369       -1895.25941
  V      1209   23.42040   22.11942    0.42040    1.52692       -1895.21503
  V      1210   23.27378   21.97280    0.27378    1.68343       -1895.32722
  V      1211   23.43976   22.13878    0.43976    1.50483       -1895.20617
  V      1212   23.38838   22.08740    0.38838    1.56295       -1895.24663
  V      1213   23.48165   22.18067    0.48165    1.46399       -1895.20084
  V      1214   23.40745   22.10647    0.40745    1.54706       -1895.23639
  V      1215   23.44689   22.14590    0.44689    1.49672       -1895.20003
  V      1216   23.38257   22.08158    0.38257    1.56886       -1895.24865
  V      1217   23.20556   21.90458    0.20556    1.75520       -1895.34234
  V      1218   23.40273   22.10175    0.40273    1.55279       -1895.23715
  V      1219   23.37855   22.07757    0.37855    1.57138       -1895.23992
  V      1220   23.54001   22.23903    0.54001    1.40586       -1895.15966
  V      1221   23.48167   22.18069    0.48167    1.46720       -1895.18117
  V      1222   23.54572   22.24474    0.54572    1.39822       -1895.14281
  V      1223   23.37310   22.07212    0.37310    1.57654       -1895.26656
  V      1224   23.41945   22.11847    0.41945    1.52819       -1895.22894
  V      1225   23.41065   22.10967    0.41065    1.53780       -1895.22952
  V      1226   23.44415   22.14316    0.44415    1.50316       -1895.19873
  V      1227   23.43759   22.13660    0.43759    1.51255       -1895.22329
  V      1228   23.42486   22.12388    0.42486    1.52649       -1895.22340
  V      1229   23.42427   22.12329    0.42427    1.52648       -1895.21717
  V      1230   23.35412   22.05314    0.35412    1.59223       -1895.25044
  V      1231   23.49887   22.19789    0.49887    1.44604       -1895.17513
  V      1232   23.58510   22.28412    0.58510    1.35888       -1895.12024
  V      1233   23.49421   22.19323    0.49421    1.44715       -1895.17540
  V      1234   23.42978   22.12880    0.42978    1.51721       -1895.21129
  V      1235   23.43413   22.13315    0.43413    1.51721       -1895.23179
  V      1236   23.34673   22.04575    0.34673    1.60521       -1895.24991
  V      1237   23.50806   22.20707    0.50806    1.43516       -1895.16805
  V      1238   23.36516   22.06418    0.36516    1.58666       -1895.23990
  V      1239   23.32281   22.02183    0.32281    1.62787       -1895.26688
  V      1240   23.44769   22.14671    0.44769    1.50080       -1895.19908
  V      1241   23.47030   22.16932    0.47030    1.47101       -1895.19410
  V      1242   23.36964   22.06866    0.36964    1.58335       -1895.27382
  V      1243   23.33802   22.03704    0.33802    1.61626       -1895.27181
  V      1244   23.49594   22.19495    0.49594    1.44884       -1895.17308
  V      1245   23.43895   22.13796    0.43895    1.51338       -1895.21822
  V      1246   23.49949   22.19851    0.49949    1.44853       -1895.18248
  V      1247   23.52282   22.22183    0.52282    1.42473       -1895.17049
  V      1248   23.56235   22.26137    0.56235    1.37859       -1895.13951
  V      1249   23.42381   22.12283    0.42381    1.51878       -1895.19643
  V      1250   23.35654   22.05556    0.35654    1.59814       -1895.27347
  V      1251   23.40390   22.10292    0.40390    1.54233       -1895.23407
  V      1252   23.40853   22.10755    0.40853    1.54255       -1895.23778
  V      1253   23.35822   22.05724    0.35822    1.58989       -1895.24843
  V      1254   23.50106   22.20008    0.50106    1.44432       -1895.17481
  V      1255   23.43332   22.13233    0.43332    1.51101       -1895.22836
  V      1256   23.40075   22.09977    0.40075    1.54678       -1895.24361
  V      1257   23.43015   22.12917    0.43015    1.51740       -1895.21683
  V      1258   23.50339   22.20241    0.50339    1.44254       -1895.18706
  V      1259   23.40860   22.10762    0.40860    1.53369       -1895.22032
  V      1260   23.51638   22.21539    0.51638    1.42437       -1895.15121
  V      1261   23.51193   22.21095    0.51193    1.43443       -1895.16869
  V      1262   23.51972   22.21873    0.51972    1.42450       -1895.16157
  V      1263   23.34976   22.04878    0.34976    1.59784       -1895.26314
  V      1264   23.46370   22.16271    0.46370    1.48142       -1895.19422
  V      1265   23.47044   22.16946    0.47044    1.47649       -1895.19638
  V      1266   23.55222   22.25124    0.55222    1.39156       -1895.14917
  V      1267   23.44634   22.14536    0.44634    1.50718       -1895.21666
  V      1268   23.57735   22.27636    0.57735    1.36088       -1895.12145
  V      1269   23.33793   22.03695    0.33793    1.61272       -1895.25567
  V      1270   23.35887   22.05789    0.35887    1.58981       -1895.25669
  V      1271   23.33519   22.03421    0.33519    1.61673       -1895.26934
  V      1272   23.46609   22.16511    0.46609    1.48163       -1895.20153
  V      1273   23.47173   22.17075    0.47173    1.46850       -1895.18221
  V      1274   23.42602   22.12504    0.42602    1.52563       -1895.22035
  V      1275   23.41529   22.11431    0.41529    1.53069       -1895.20336
  V      1276   23.40483   22.10385    0.40483    1.54292       -1895.22656
  V      1277   23.44940   22.14842    0.44940    1.50180       -1895.21034
  V      1278   23.58174   22.28076    0.58174    1.35841       -1895.13369
  V      1279   23.47963   22.17864    0.47963    1.46854       -1895.20469
  V      1280   23.42324   22.12226    0.42324    1.52648       -1895.22805
