 Atom   Index      Q          Qmt        dQ        Vmad        Local Energy
  W         1   73.91006   72.60915   -0.08994    1.68586      -32312.45583
  W         2   73.88881   72.58791   -0.11119    1.70531      -32312.47645
  W         3   73.95462   72.65371   -0.04538    1.63827      -32312.42912
  W         4   73.83483   72.53393   -0.16517    1.76431      -32312.51137
  W         5   73.95434   72.65344   -0.04566    1.63231      -32312.41530
  W         6   73.90440   72.60349   -0.09560    1.69345      -32312.47153
  W         7   74.02455   72.72365    0.02455    1.56715      -32312.38619
  W         8   73.79958   72.49868   -0.20042    1.80027      -32312.54761
  Nb        9   40.81788   39.51697   -0.18212    1.80034       -7632.63837
  Nb       10   40.81173   39.51083   -0.18827    1.81307       -7632.63909
  Nb       11   40.99909   39.69819   -0.00091    1.62856       -7632.52303
  Nb       12   40.90721   39.60630   -0.09279    1.72155       -7632.58778
  Nb       13   40.93334   39.63243   -0.06666    1.69106       -7632.56503
  Nb       14   40.87809   39.57718   -0.12191    1.74551       -7632.59942
  Nb       15   40.69673   39.39583   -0.30327    1.92435       -7632.71325
  Nb       16   40.69613   39.39523   -0.30387    1.92586       -7632.71623
  Mo       17   41.91745   40.61654   -0.08255    1.80603       -8090.65590
  Mo       18   42.05826   40.75736    0.05826    1.66734       -8090.58514
  Mo       19   42.07399   40.77309    0.07399    1.64094       -8090.54812
  Mo       20   42.14511   40.84421    0.14511    1.57101       -8090.51853
  Mo       21   42.10327   40.80237    0.10327    1.62117       -8090.55793
  Mo       22   42.08938   40.78847    0.08938    1.62512       -8090.53799
  Mo       23   41.91988   40.61898   -0.08012    1.80353       -8090.65393
  Mo       24   42.03948   40.73857    0.03948    1.67486       -8090.57262
  Ta       25   72.67535   71.37444   -0.32465    1.86201      -31232.98373
  Ta       26   72.66428   71.36338   -0.33572    1.85977      -31232.98211
  Ta       27   72.84764   71.54673   -0.15236    1.68936      -31232.86541
  Ta       28   72.74433   71.44342   -0.25567    1.79331      -31232.93850
  Ta       29   72.71171   71.41080   -0.28829    1.81865      -31232.95030
  Ta       30   72.77206   71.47115   -0.22794    1.76418      -31232.92603
  Ta       31   72.81121   71.51031   -0.18879    1.72676      -31232.89053
  Ta       32   72.71385   71.41294   -0.28615    1.81982      -31232.96927
  V        33   23.52305   22.22215    0.52305    1.41620       -1895.14602
  V        34   23.44057   22.13966    0.44057    1.50690       -1895.21101
  V        35   23.46022   22.15931    0.46022    1.48945       -1895.20753
  V        36   23.49581   22.19491    0.49581    1.44259       -1895.16156
  V        37   23.42496   22.12405    0.42496    1.51530       -1895.20270
  V        38   23.40528   22.10437    0.40528    1.54437       -1895.22588
  V        39   23.49309   22.19219    0.49309    1.44810       -1895.17425
  V        40   23.45839   22.15749    0.45839    1.49565       -1895.21129
