System Description            : WNbMoTa, BCC structure                          
Number of Atoms in Unit Cell  : 64                                              
Number of Atomic Species      : 4                                               
Number of Atoms in Each Type  : 16(W), 16(Nb), 16(Mo), 16(Ta)                   
Energy Offset                 : -19816                                          
=======================================================================================
    Iter     Energy      3PV     Efermi   Rms_rho    Rms_pot   Mix  Alg  Alpha 
---------------------------------------------------------------------------------------
**       1  -0.262477  2293.587  0.59457  0.140E+01  0.137E+00  pot  B   0.1000
         2  -0.619534  2265.264  0.60775  0.749E-02  0.187E+00  pot  B   0.1000
         3  -0.797223  2247.333  0.61688  0.472E-02  0.185E+00  pot  B   0.1000
         4  -1.175129  2183.544  0.64127  0.167E-01  0.114E+00  pot  B   0.1000
         5  -1.196820  2170.477  0.65702  0.382E-02  0.101E+00  pot  B   0.1000
         6  -1.227613  2160.182  0.66807  0.338E-02  0.306E-01  pot  B   0.1000
         7  -1.248124  2150.586  0.67463  0.354E-02  0.444E-01  pot  B   0.1000
         8  -1.267745  2139.407  0.67977  0.456E-02  0.313E-01  pot  B   0.1000
         9  -1.274792  2131.390  0.68346  0.346E-02  0.374E-01  pot  B   0.1000
        10  -1.276123  2129.308  0.68496  0.112E-02  0.102E-01  pot  B   0.1000
        11  -1.276390  2128.795  0.68582  0.382E-03  0.598E-02  pot  B   0.1000
        12  -1.276553  2128.496  0.68693  0.279E-03  0.409E-02  pot  B   0.1000
        13  -1.276635  2128.376  0.68777  0.183E-03  0.457E-02  pot  B   0.1000
        14  -1.276727  2128.251  0.68899  0.249E-03  0.284E-02  pot  B   0.1000
        15  -1.276764  2128.263  0.68999  0.201E-03  0.458E-03  pot  B   0.1000
        16  -1.276764  2128.302  0.69017  0.358E-04  0.387E-03  pot  B   0.1000
        17  -1.276767  2128.332  0.69036  0.360E-04  0.377E-03  pot  B   0.1000
        18  -1.276768  2128.315  0.69053  0.304E-04  0.194E-03  pot  B   0.1000
        19  -1.276768  2128.296  0.69059  0.967E-05  0.912E-04  pot  B   0.1000
        20  -1.276768  2128.280  0.69061  0.550E-05  0.675E-04  pot  B   0.1000
        21  -1.276768  2128.263  0.69063  0.537E-05  0.439E-04  pot  B   0.1000
        22  -1.276768  2128.261  0.69064  0.121E-05  0.371E-04  pot  B   0.1000
        23  -1.276768  2128.262  0.69064  0.164E-05  0.148E-04  pot  B   0.1000
        24  -1.276768  2128.267  0.69065  0.177E-05  0.107E-04  pot  B   0.1000
        25  -1.276768  2128.270  0.69065  0.116E-05  0.123E-04  pot  B   0.1000
        26  -1.276768  2128.271  0.69065  0.390E-06  0.722E-05  pot  B   0.1000
        27  -1.276768  2128.272  0.69065  0.585E-06  0.335E-05  pot  B   0.1000
        28  -1.276768  2128.273  0.69065  0.567E-06  0.206E-05  pot  B   0.1000
        29  -1.276768  2128.274  0.69065  0.310E-06  0.163E-05  pot  B   0.1000
        30  -1.276768  2128.274  0.69065  0.156E-06  0.125E-05  pot  B   0.1000
        31  -1.276768  2128.274  0.69065  0.709E-07  0.106E-05  pot  B   0.1000
        32  -1.276768  2128.274  0.69065  0.554E-07  0.672E-06  pot  B   0.1000
        33  -1.276768  2128.274  0.69066  0.405E-07  0.513E-06  pot  B   0.1000
        34  -1.276768  2128.274  0.69066  0.205E-07  0.457E-06  pot  B   0.1000
        35  -1.276768  2128.274  0.69066  0.620E-08  0.397E-06  pot  B   0.1000
        36  -1.276768  2128.274  0.69066  0.136E-07  0.199E-06  pot  B   0.1000
        37  -1.276768  2128.274  0.69066  0.117E-07  0.130E-06  pot  B   0.1000
        38  -1.276768  2128.274  0.69066  0.105E-08  0.125E-06  pot  B   0.1000
        39  -1.276768  2128.274  0.69066  0.329E-08  0.622E-07  pot  B   0.1000
        40  -1.276768  2128.274  0.69066  0.213E-08  0.433E-07  pot  B   0.1000
        41  -1.276768  2128.274  0.69066  0.177E-08  0.435E-07  pot  B   0.1000
        42  -1.276768  2128.274  0.69066  0.157E-08  0.208E-07  pot  B   0.1000
        43  -1.276768  2128.274  0.69066  0.825E-09  0.124E-07  pot  B   0.1000
        44  -1.276768  2128.274  0.69066  0.483E-09  0.990E-08  pot  B   0.1000
**      45  -1.276768  2128.274  0.69066  0.541E-12  0.990E-08  pot  B   0.1000
