 Atom   Index      Q          Qmt        dQ        Vmad        Local Energy
  W         1   73.84681   72.54257   -0.15319    1.77147      -32312.53512
  W         2   73.92351   72.61927   -0.07649    1.68946      -32312.48085
  W         3   73.81013   72.50589   -0.18987    1.81799      -32312.57050
  W         4   73.86742   72.56318   -0.13258    1.75269      -32312.52055
  W         5   73.90067   72.59643   -0.09933    1.71165      -32312.48752
  W         6   73.95641   72.65216   -0.04359    1.66609      -32312.47122
  W         7   73.82822   72.52398   -0.17178    1.79691      -32312.55870
  W         8   73.79448   72.49024   -0.20552    1.82279      -32312.56307
  W         9   73.99065   72.68641   -0.00935    1.62663      -32312.44976
  W        10   73.99339   72.68914   -0.00661    1.62740      -32312.44912
  W        11   73.93266   72.62842   -0.06734    1.69172      -32312.49452
  W        12   73.74876   72.44451   -0.25124    1.86616      -32312.58765
  W        13   73.97757   72.67333   -0.02243    1.64508      -32312.46418
  W        14   73.90387   72.59962   -0.09613    1.70824      -32312.48444
  W        15   73.81971   72.51547   -0.18029    1.80481      -32312.56476
  W        16   73.92554   72.62130   -0.07446    1.69229      -32312.48440
  Nb       17   40.95788   39.65364   -0.04212    1.68826       -7632.58074
  Nb       18   40.84339   39.53915   -0.15661    1.81138       -7632.66967
  Nb       19   41.05852   39.75428    0.05852    1.59234       -7632.52716
  Nb       20   40.96850   39.66426   -0.03150    1.67773       -7632.57367
  Nb       21   40.91618   39.61194   -0.08382    1.73435       -7632.61104
  Nb       22   40.92994   39.62570   -0.07006    1.71491       -7632.59158
  Nb       23   40.97348   39.66924   -0.02652    1.67567       -7632.56699
  Nb       24   41.01101   39.70676    0.01101    1.63542       -7632.53462
  Nb       25   41.04194   39.73770    0.04194    1.60643       -7632.53309
  Nb       26   40.87747   39.57322   -0.12253    1.77561       -7632.63417
  Nb       27   40.99262   39.68838   -0.00738    1.65171       -7632.54694
  Nb       28   41.01256   39.70832    0.01256    1.63897       -7632.55506
  Nb       29   41.05479   39.75055    0.05479    1.59453       -7632.52417
  Nb       30   40.80979   39.50555   -0.19021    1.84131       -7632.67591
  Nb       31   40.95359   39.64935   -0.04641    1.69499       -7632.58399
  Nb       32   41.02003   39.71579    0.02003    1.63085       -7632.54844
  Mo       33   41.96721   40.66297   -0.03279    1.77507       -8090.65455
  Mo       34   42.08722   40.78297    0.08722    1.66277       -8090.60053
  Mo       35   42.12757   40.82332    0.12757    1.61226       -8090.55768
  Mo       36   42.10456   40.80031    0.10456    1.64112       -8090.57386
  Mo       37   42.08607   40.78182    0.08607    1.65520       -8090.58640
  Mo       38   42.03202   40.72778    0.03202    1.70566       -8090.60931
  Mo       39   41.98175   40.67750   -0.01825    1.76104       -8090.64746
  Mo       40   42.09061   40.78637    0.09061    1.64264       -8090.57461
  Mo       41   42.07669   40.77245    0.07669    1.66017       -8090.58472
  Mo       42   42.04814   40.74389    0.04814    1.70284       -8090.63004
  Mo       43   42.00864   40.70440    0.00864    1.73660       -8090.62907
  Mo       44   42.10483   40.80059    0.10483    1.63918       -8090.57247
  Mo       45   42.12047   40.81623    0.12047    1.61900       -8090.55638
  Mo       46   42.12571   40.82147    0.12571    1.62428       -8090.57781
  Mo       47   42.03965   40.73541    0.03965    1.69668       -8090.60279
  Mo       48   42.11419   40.80995    0.11419    1.63364       -8090.58149
  Ta       49   72.80482   71.50057   -0.19518    1.74930      -31232.92645
  Ta       50   72.76611   71.46187   -0.23389    1.78455      -31232.93015
  Ta       51   72.65336   71.34912   -0.34664    1.90426      -31233.02945
  Ta       52   72.76257   71.45832   -0.23743    1.78774      -31232.95178
  Ta       53   72.83096   71.52671   -0.16904    1.72516      -31232.90534
  Ta       54   72.89780   71.59356   -0.10220    1.65828      -31232.87063
  Ta       55   72.81940   71.51515   -0.18060    1.73581      -31232.90517
  Ta       56   72.79924   71.49500   -0.20076    1.75408      -31232.92873
  Ta       57   72.89513   71.59089   -0.10487    1.66309      -31232.87764
  Ta       58   72.70872   71.40448   -0.29128    1.85180      -31233.00187
  Ta       59   72.82821   71.52396   -0.17179    1.72619      -31232.90463
  Ta       60   72.69868   71.39444   -0.30132    1.85710      -31232.98625
  Ta       61   72.78977   71.48553   -0.21023    1.77495      -31232.95025
  Ta       62   72.73327   71.42903   -0.26673    1.81809      -31232.96077
  Ta       63   72.81724   71.51300   -0.18276    1.73417      -31232.89538
  Ta       64   72.78394   71.47970   -0.21606    1.76549      -31232.94046
  Ti       65   22.30249   20.99825    0.30249    1.56323       -1704.36919
  Ti       66   22.23750   20.93325    0.23750    1.61902       -1704.37790
  Ti       67   22.25636   20.95212    0.25636    1.61959       -1704.42328
  Ti       68   22.38720   21.08296    0.38720    1.48697       -1704.35578
  Ti       69   22.34168   21.03744    0.34168    1.52773       -1704.36017
  Ti       70   22.28880   20.98456    0.28880    1.58633       -1704.40332
  Ti       71   22.36118   21.05694    0.36118    1.51762       -1704.39268
  Ti       72   22.24571   20.94147    0.24571    1.63037       -1704.45004
  Ti       73   22.22486   20.92062    0.22486    1.65458       -1704.44960
  Ti       74   22.29425   20.99001    0.29425    1.57857       -1704.38677
  Ti       75   22.23898   20.93474    0.23898    1.62654       -1704.41290
  Ti       76   22.30976   21.00552    0.30976    1.56929       -1704.40155
  Ti       77   22.33678   21.03254    0.33678    1.53970       -1704.38348
  Ti       78   22.26476   20.96051    0.26476    1.60718       -1704.41749
  Ti       79   22.35557   21.05133    0.35557    1.51671       -1704.36241
  Ti       80   22.20808   20.90383    0.20808    1.66728       -1704.45371
