System Description            : WNbMoTa, BCC structure                          
Number of Atoms in Unit Cell  : 512                                             
Number of Atomic Species      : 4                                               
Number of Atoms in Each Type  : 128(W), 128(Nb), 128(Mo), 128(Ta)               
Energy Offset                 : -19816                                          
=======================================================================================
    Iter     Energy      3PV     Efermi   Rms_rho    Rms_pot   Mix  Alg  Alpha 
---------------------------------------------------------------------------------------
**       1  -0.263541  2293.584  0.59432  0.140E+01  0.214E+00  pot  B   0.1000
         2  -0.334077  2265.591  0.61291  0.789E-02  0.154E+01  pot  B   0.1000
         3  -0.646453  2262.939  0.61184  0.178E-02  0.271E+00  pot  B   0.1000
         4  -0.679435  2250.040  0.61916  0.361E-02  0.849E+00  pot  B   0.1000
         5  -0.959787  2212.488  0.63544  0.101E-01  0.791E+00  pot  B   0.1000
         6  -1.134309  2186.226  0.64982  0.700E-02  0.445E+00  pot  B   0.1000
         7  -1.167247  2177.234  0.65918  0.256E-02  0.342E+00  pot  B   0.1000
         8  -1.196095  2171.586  0.66362  0.170E-02  0.185E+00  pot  B   0.1000
         9  -1.222467  2160.733  0.66960  0.359E-02  0.198E+00  pot  B   0.1000
        10  -1.233538  2156.163  0.67224  0.163E-02  0.153E+00  pot  B   0.1000
        11  -1.244440  2151.912  0.67434  0.160E-02  0.112E+00  pot  B   0.1000
        12  -1.258522  2145.329  0.67735  0.261E-02  0.944E-01  pot  B   0.1000
        13  -1.271579  2136.549  0.68128  0.368E-02  0.560E-01  pot  B   0.1000
        14  -1.274288  2133.482  0.68307  0.158E-02  0.714E-01  pot  B   0.1000
        15  -1.275457  2129.290  0.68545  0.139E-02  0.399E-01  pot  B   0.1000
        16  -1.276352  2128.611  0.68600  0.635E-03  0.170E-01  pot  B   0.1000
        17  -1.276428  2128.020  0.68650  0.266E-03  0.174E-01  pot  B   0.1000
        18  -1.276560  2128.149  0.68666  0.819E-04  0.119E-01  pot  B   0.1000
        19  -1.276824  2128.504  0.68749  0.322E-03  0.546E-02  pot  B   0.1000
        20  -1.276902  2128.648  0.68825  0.190E-03  0.604E-02  pot  B   0.1000
        21  -1.276924  2128.829  0.68849  0.601E-04  0.617E-02  pot  B   0.1000
        22  -1.276948  2128.808  0.68895  0.962E-04  0.482E-02  pot  B   0.1000
        23  -1.276958  2128.799  0.68932  0.622E-04  0.703E-02  pot  B   0.1000
        24  -1.276978  2128.691  0.68983  0.102E-03  0.379E-02  pot  B   0.1000
        25  -1.276982  2128.835  0.68995  0.667E-04  0.449E-02  pot  B   0.1000
        26  -1.276988  2128.737  0.69017  0.448E-04  0.328E-02  pot  B   0.1000
        27  -1.276992  2128.660  0.69035  0.403E-04  0.188E-02  pot  B   0.1000
        28  -1.276993  2128.626  0.69044  0.182E-04  0.125E-02  pot  B   0.1000
        29  -1.276994  2128.564  0.69053  0.226E-04  0.897E-03  pot  B   0.1000
        30  -1.276994  2128.523  0.69059  0.150E-04  0.128E-02  pot  B   0.1000
        31  -1.276995  2128.450  0.69067  0.264E-04  0.607E-03  pot  B   0.1000
        32  -1.276996  2128.393  0.69073  0.244E-04  0.957E-03  pot  B   0.1000
        33  -1.276995  2128.336  0.69077  0.197E-04  0.513E-03  pot  B   0.1000
        34  -1.276995  2128.306  0.69080  0.140E-04  0.332E-03  pot  B   0.1000
        35  -1.276995  2128.294  0.69082  0.743E-05  0.545E-03  pot  B   0.1000
        36  -1.276995  2128.292  0.69083  0.372E-05  0.384E-03  pot  B   0.1000
        37  -1.276995  2128.283  0.69083  0.503E-05  0.374E-03  pot  B   0.1000
        38  -1.276995  2128.287  0.69084  0.234E-05  0.464E-03  pot  B   0.1000
        39  -1.276995  2128.286  0.69085  0.374E-05  0.240E-03  pot  B   0.1000
        40  -1.276995  2128.286  0.69087  0.316E-05  0.180E-03  pot  B   0.1000
        41  -1.276995  2128.291  0.69088  0.289E-05  0.167E-03  pot  B   0.1000
        42  -1.276995  2128.292  0.69089  0.229E-05  0.210E-03  pot  B   0.1000
        43  -1.276995  2128.295  0.69090  0.151E-05  0.158E-03  pot  B   0.1000
        44  -1.276995  2128.295  0.69091  0.187E-05  0.901E-04  pot  B   0.1000
        45  -1.276995  2128.296  0.69093  0.171E-05  0.911E-04  pot  B   0.1000
        46  -1.276996  2128.295  0.69094  0.138E-05  0.938E-04  pot  B   0.1000
        47  -1.276996  2128.294  0.69094  0.104E-05  0.736E-04  pot  B   0.1000
        48  -1.276996  2128.293  0.69095  0.718E-06  0.681E-04  pot  B   0.1000
        49  -1.276996  2128.291  0.69096  0.125E-05  0.567E-04  pot  B   0.1000
        50  -1.276996  2128.289  0.69096  0.691E-06  0.944E-04  pot  B   0.1000
        51  -1.276996  2128.287  0.69096  0.534E-06  0.707E-04  pot  B   0.1000
        52  -1.276996  2128.286  0.69096  0.654E-06  0.546E-04  pot  B   0.1000
        53  -1.276996  2128.284  0.69097  0.753E-06  0.470E-04  pot  B   0.1000
        54  -1.276996  2128.282  0.69097  0.743E-06  0.409E-04  pot  B   0.1000
        55  -1.276996  2128.281  0.69097  0.646E-06  0.257E-04  pot  B   0.1000
        56  -1.276996  2128.279  0.69097  0.658E-06  0.200E-04  pot  B   0.1000
        57  -1.276996  2128.278  0.69097  0.545E-06  0.224E-04  pot  B   0.1000
        58  -1.276995  2128.278  0.69097  0.397E-06  0.256E-04  pot  B   0.1000
        59  -1.276995  2128.278  0.69098  0.179E-06  0.176E-04  pot  B   0.1000
        60  -1.276995  2128.277  0.69098  0.252E-06  0.133E-04  pot  B   0.1000
        61  -1.276995  2128.277  0.69098  0.337E-06  0.114E-04  pot  B   0.1000
        62  -1.276995  2128.277  0.69098  0.121E-06  0.162E-04  pot  B   0.1000
        63  -1.276995  2128.277  0.69098  0.108E-06  0.145E-04  pot  B   0.1000
        64  -1.276995  2128.277  0.69098  0.943E-07  0.141E-04  pot  B   0.1000
        65  -1.276995  2128.277  0.69098  0.803E-07  0.113E-04  pot  B   0.1000
        66  -1.276996  2128.277  0.69098  0.103E-06  0.742E-05  pot  B   0.1000
        67  -1.276996  2128.277  0.69098  0.580E-07  0.848E-05  pot  B   0.1000
        68  -1.276996  2128.277  0.69098  0.854E-07  0.641E-05  pot  B   0.1000
        69  -1.276996  2128.277  0.69098  0.499E-07  0.570E-05  pot  B   0.1000
        70  -1.276996  2128.277  0.69098  0.446E-07  0.636E-05  pot  B   0.1000
        71  -1.276996  2128.277  0.69098  0.531E-07  0.492E-05  pot  B   0.1000
        72  -1.276996  2128.277  0.69098  0.469E-07  0.640E-05  pot  B   0.1000
        73  -1.276996  2128.277  0.69098  0.693E-07  0.396E-05  pot  B   0.1000
        74  -1.276996  2128.277  0.69098  0.574E-07  0.442E-05  pot  B   0.1000
        75  -1.276996  2128.277  0.69098  0.215E-07  0.439E-05  pot  B   0.1000
        76  -1.276996  2128.277  0.69099  0.356E-07  0.494E-05  pot  B   0.1000
        77  -1.276996  2128.277  0.69099  0.398E-07  0.336E-05  pot  B   0.1000
        78  -1.276996  2128.276  0.69099  0.328E-07  0.303E-05  pot  B   0.1000
        79  -1.276996  2128.276  0.69099  0.200E-07  0.251E-05  pot  B   0.1000
        80  -1.276996  2128.276  0.69099  0.350E-07  0.219E-05  pot  B   0.1000
        81  -1.276996  2128.276  0.69099  0.214E-07  0.212E-05  pot  B   0.1000
        82  -1.276996  2128.276  0.69099  0.243E-07  0.199E-05  pot  B   0.1000
        83  -1.276996  2128.276  0.69099  0.158E-07  0.104E-05  pot  B   0.1000
        84  -1.276996  2128.276  0.69099  0.201E-07  0.147E-05  pot  B   0.1000
        85  -1.276996  2128.276  0.69099  0.161E-07  0.843E-06  pot  B   0.1000
        86  -1.276996  2128.276  0.69099  0.162E-07  0.770E-06  pot  B   0.1000
        87  -1.276996  2128.276  0.69099  0.514E-08  0.124E-05  pot  B   0.1000
        88  -1.276996  2128.276  0.69099  0.101E-07  0.108E-05  pot  B   0.1000
        89  -1.276996  2128.276  0.69099  0.543E-08  0.640E-06  pot  B   0.1000
        90  -1.276996  2128.276  0.69099  0.445E-08  0.739E-06  pot  B   0.1000
        91  -1.276996  2128.276  0.69099  0.425E-08  0.630E-06  pot  B   0.1000
        92  -1.276996  2128.276  0.69099  0.403E-08  0.527E-06  pot  B   0.1000
        93  -1.276996  2128.276  0.69099  0.195E-08  0.416E-06  pot  B   0.1000
        94  -1.276996  2128.276  0.69099  0.212E-08  0.435E-06  pot  B   0.1000
        95  -1.276996  2128.276  0.69099  0.120E-08  0.266E-06  pot  B   0.1000
        96  -1.276996  2128.276  0.69099  0.184E-08  0.214E-06  pot  B   0.1000
        97  -1.276996  2128.276  0.69099  0.155E-08  0.220E-06  pot  B   0.1000
        98  -1.276996  2128.276  0.69099  0.156E-08  0.153E-06  pot  B   0.1000
        99  -1.276996  2128.276  0.69099  0.833E-09  0.310E-06  pot  B   0.1000
       100  -1.276996  2128.276  0.69099  0.221E-08  0.230E-06  pot  B   0.1000
**     101  -1.276996  2128.276  0.69099  0.498E-12  0.230E-06  pot  B   0.1000
