 Atom   Index      Q          Qmt        dQ        Vmad        Local Energy
  W         1   73.73245   72.43131   -0.26755    1.86191      -32312.57377
  W         2   73.90996   72.60882   -0.09004    1.68054      -32312.45706
  W         3   73.85899   72.55786   -0.14101    1.72440      -32312.47464
  W         4   74.01576   72.71463    0.01576    1.57985      -32312.40297
  W         5   73.90871   72.60758   -0.09129    1.68395      -32312.45979
  W         6   74.01121   72.71008    0.01121    1.58253      -32312.39391
  W         7   73.91845   72.61732   -0.08155    1.67848      -32312.45385
  W         8   73.76389   72.46275   -0.23611    1.82456      -32312.55235
  W         9   73.93511   72.63397   -0.06489    1.66217      -32312.44989
  W        10   74.02715   72.72602    0.02715    1.56959      -32312.39763
  W        11   73.93403   72.63289   -0.06597    1.66330      -32312.44500
  W        12   73.74964   72.44850   -0.25036    1.84866      -32312.56688
  W        13   73.97453   72.67339   -0.02547    1.61101      -32312.40676
  W        14   73.82242   72.52129   -0.17758    1.76847      -32312.50884
  W        15   73.94326   72.64213   -0.05674    1.65150      -32312.45055
  W        16   73.96266   72.66153   -0.03734    1.61800      -32312.41569
  W        17   73.78151   72.48038   -0.21849    1.81486      -32312.54108
  W        18   73.74910   72.44796   -0.25090    1.84605      -32312.56043
  W        19   73.70988   72.40874   -0.29012    1.88456      -32312.58628
  W        20   73.92778   72.62665   -0.07222    1.67029      -32312.46152
  W        21   73.93183   72.63069   -0.06817    1.66899      -32312.45505
  W        22   73.75658   72.45545   -0.24342    1.82955      -32312.54703
  W        23   73.73087   72.42974   -0.26913    1.86135      -32312.57445
  W        24   73.96408   72.66295   -0.03592    1.63946      -32312.44155
  W        25   73.98107   72.67994   -0.01893    1.61037      -32312.41904
  W        26   73.92590   72.62477   -0.07410    1.67093      -32312.45582
  W        27   73.80776   72.50663   -0.19224    1.78268      -32312.52244
  W        28   73.74063   72.43950   -0.25937    1.85518      -32312.57268
  W        29   73.58993   72.28880   -0.41007    2.00545      -32312.66091
  W        30   73.88341   72.58227   -0.11659    1.71663      -32312.48689
  W        31   73.98948   72.68835   -0.01052    1.60503      -32312.41133
  W        32   73.81046   72.50933   -0.18954    1.79731      -32312.54862
  W        33   73.99070   72.68957   -0.00930    1.59236      -32312.40117
  W        34   73.86064   72.55951   -0.13936    1.72920      -32312.48921
  W        35   73.91452   72.61339   -0.08548    1.67553      -32312.44029
  W        36   73.93545   72.63431   -0.06455    1.64840      -32312.43111
  W        37   73.88236   72.58122   -0.11764    1.71557      -32312.48285
  W        38   73.67163   72.37050   -0.32837    1.92271      -32312.61014
  W        39   73.89377   72.59263   -0.10623    1.69469      -32312.46369
  W        40   74.01102   72.70989    0.01102    1.58765      -32312.40323
  W        41   73.94650   72.64537   -0.05350    1.64037      -32312.43645
  W        42   73.83629   72.53515   -0.16371    1.76474      -32312.51649
  W        43   73.72079   72.41966   -0.27921    1.86734      -32312.56554
  W        44   73.78160   72.48047   -0.21840    1.81522      -32312.54444
  W        45   73.72548   72.42435   -0.27452    1.86291      -32312.57033
  W        46   73.86773   72.56659   -0.13227    1.71894      -32312.46431
  W        47   73.81613   72.51500   -0.18387    1.78427      -32312.53219
  W        48   73.90037   72.59924   -0.09963    1.69462      -32312.46124
  W        49   73.91304   72.61190   -0.08696    1.67160      -32312.44281
  W        50   73.65703   72.35589   -0.34297    1.92914      -32312.60603
  W        51   73.74172   72.44059   -0.25828    1.85522      -32312.57125
  W        52   73.82214   72.52101   -0.17786    1.77640      -32312.52051
  W        53   73.90049   72.59935   -0.09951    1.69996      -32312.47850
  W        54   73.80507   72.50394   -0.19493    1.78946      -32312.53017
  W        55   73.66717   72.36604   -0.33283    1.92574      -32312.61100
  W        56   73.85833   72.55719   -0.14167    1.74166      -32312.50647
  W        57   73.92372   72.62259   -0.07628    1.66809      -32312.45693
  W        58   73.80010   72.49896   -0.19990    1.79888      -32312.54114
  W        59   73.91455   72.61342   -0.08545    1.67220      -32312.45501
  W        60   73.76194   72.46081   -0.23806    1.82992      -32312.55775
  W        61   73.79523   72.49409   -0.20477    1.79511      -32312.51922
  W        62   73.90869   72.60756   -0.09131    1.69385      -32312.47342
  W        63   73.93131   72.63018   -0.06869    1.65182      -32312.43478
  W        64   73.87696   72.57583   -0.12304    1.70820      -32312.46393
  Nb       65   40.99477   39.69364   -0.00523    1.62826       -7632.52356
  Nb       66   41.03083   39.72970    0.03083    1.59582       -7632.50254
  Nb       67   40.81546   39.51432   -0.18454    1.81318       -7632.63784
  Nb       68   41.05911   39.75798    0.05911    1.56840       -7632.49112
  Nb       69   40.90208   39.60095   -0.09792    1.72295       -7632.58387
  Nb       70   41.05336   39.75223    0.05336    1.57697       -7632.49379
  Nb       71   40.98809   39.68696   -0.01191    1.63497       -7632.52004
  Nb       72   40.78647   39.48534   -0.21353    1.84399       -7632.66912
  Nb       73   41.02839   39.72726    0.02839    1.59043       -7632.50149
  Nb       74   41.02133   39.72020    0.02133    1.60508       -7632.50452
  Nb       75   40.79519   39.49406   -0.20481    1.83433       -7632.65717
  Nb       76   41.02678   39.72565    0.02678    1.60647       -7632.51570
  Nb       77   40.79898   39.49785   -0.20102    1.82726       -7632.65210
  Nb       78   41.04723   39.74609    0.04723    1.57365       -7632.49520
  Nb       79   41.00879   39.70765    0.00879    1.61594       -7632.52182
  Nb       80   40.78131   39.48017   -0.21869    1.85072       -7632.65964
  Nb       81   40.97370   39.67256   -0.02630    1.65261       -7632.54355
  Nb       82   40.95605   39.65492   -0.04395    1.67361       -7632.54947
  Nb       83   40.92451   39.62337   -0.07549    1.69933       -7632.56794
  Nb       84   40.62971   39.32858   -0.37029    1.99901       -7632.75583
  Nb       85   40.82282   39.52169   -0.17718    1.80783       -7632.63291
  Nb       86   41.02495   39.72382    0.02495    1.59846       -7632.51535
  Nb       87   41.06258   39.76145    0.06258    1.56427       -7632.48528
  Nb       88   40.97043   39.66929   -0.02957    1.65872       -7632.54297
  Nb       89   40.91705   39.61591   -0.08295    1.70718       -7632.57695
  Nb       90   40.95527   39.65413   -0.04473    1.66935       -7632.55456
  Nb       91   40.79092   39.48979   -0.20908    1.83637       -7632.65377
  Nb       92   40.98503   39.68390   -0.01497    1.64026       -7632.52147
  Nb       93   40.94798   39.64685   -0.05202    1.67688       -7632.55426
  Nb       94   40.85122   39.55009   -0.14878    1.77471       -7632.61427
  Nb       95   40.81317   39.51204   -0.18683    1.81043       -7632.63728
  Nb       96   40.90287   39.60174   -0.09713    1.71901       -7632.57994
  Nb       97   40.95819   39.65705   -0.04181    1.66637       -7632.55203
  Nb       98   40.90771   39.60658   -0.09229    1.72662       -7632.58978
  Nb       99   40.83003   39.52890   -0.16997    1.79342       -7632.62688
  Nb      100   40.96376   39.66263   -0.03624    1.66567       -7632.54574
  Nb      101   40.85499   39.55386   -0.14501    1.76719       -7632.61459
  Nb      102   40.97817   39.67704   -0.02183    1.65068       -7632.54061
  Nb      103   41.09430   39.79317    0.09430    1.53521       -7632.46996
  Nb      104   40.70356   39.40243   -0.29644    1.92195       -7632.69897
  Nb      105   40.92223   39.62110   -0.07777    1.69859       -7632.56527
  Nb      106   40.84160   39.54047   -0.15840    1.78619       -7632.62528
  Nb      107   40.92737   39.62623   -0.07263    1.70192       -7632.57607
  Nb      108   40.69577   39.39464   -0.30423    1.92763       -7632.71124
  Nb      109   40.91420   39.61307   -0.08580    1.70985       -7632.57202
  Nb      110   40.80293   39.50180   -0.19707    1.82537       -7632.64803
  Nb      111   40.85699   39.55586   -0.14301    1.77500       -7632.61328
  Nb      112   40.93408   39.63295   -0.06592    1.69634       -7632.57386
  Nb      113   40.79475   39.49361   -0.20525    1.83918       -7632.65126
  Nb      114   40.79331   39.49217   -0.20669    1.82744       -7632.64595
  Nb      115   40.90686   39.60573   -0.09314    1.72046       -7632.58188
  Nb      116   41.03620   39.73506    0.03620    1.58012       -7632.50528
  Nb      117   40.86121   39.56007   -0.13879    1.76899       -7632.61558
  Nb      118   40.82264   39.52151   -0.17736    1.80656       -7632.63232
  Nb      119   40.83163   39.53050   -0.16837    1.79331       -7632.62940
  Nb      120   40.88051   39.57938   -0.11949    1.74291       -7632.60208
  Nb      121   40.88323   39.58210   -0.11677    1.74009       -7632.59328
  Nb      122   41.00186   39.70072    0.00186    1.61645       -7632.52207
  Nb      123   40.90497   39.60384   -0.09503    1.71443       -7632.56757
  Nb      124   40.87371   39.57258   -0.12629    1.75640       -7632.60304
  Nb      125   40.84823   39.54710   -0.15177    1.77108       -7632.60728
  Nb      126   40.90842   39.60729   -0.09158    1.72033       -7632.58082
  Nb      127   40.86443   39.56329   -0.13557    1.75899       -7632.59702
  Nb      128   40.93376   39.63263   -0.06624    1.69690       -7632.58194
  Mo      129   42.08544   40.78431    0.08544    1.64177       -8090.57036
  Mo      130   42.15376   40.85263    0.15376    1.56041       -8090.50872
  Mo      131   41.98771   40.68657   -0.01229    1.73182       -8090.60635
  Mo      132   42.19373   40.89260    0.19373    1.51770       -8090.48670
  Mo      133   41.93978   40.63865   -0.06022    1.78842       -8090.64629
  Mo      134   42.03975   40.73862    0.03975    1.67968       -8090.58121
  Mo      135   42.12224   40.82111    0.12224    1.59782       -8090.53225
  Mo      136   42.08973   40.78860    0.08973    1.62319       -8090.54455
  Mo      137   42.16206   40.86092    0.16206    1.56397       -8090.51929
  Mo      138   41.84129   40.54015   -0.15871    1.88398       -8090.69893
  Mo      139   42.00142   40.70029    0.00142    1.72067       -8090.60938
  Mo      140   42.05687   40.75573    0.05687    1.65719       -8090.56082
  Mo      141   41.95414   40.65301   -0.04586    1.76346       -8090.63036
  Mo      142   42.09937   40.79824    0.09937    1.61172       -8090.54176
  Mo      143   41.77224   40.47111   -0.22776    1.95664       -8090.74534
  Mo      144   42.08847   40.78733    0.08847    1.63224       -8090.55524
  Mo      145   41.91279   40.61166   -0.08721    1.81285       -8090.66312
  Mo      146   42.10215   40.80102    0.10215    1.61033       -8090.52434
  Mo      147   42.07399   40.77285    0.07399    1.64914       -8090.56066
  Mo      148   42.10298   40.80184    0.10298    1.61391       -8090.54225
  Mo      149   42.16848   40.86735    0.16848    1.55247       -8090.50648
  Mo      150   42.05716   40.75603    0.05716    1.65253       -8090.55386
  Mo      151   42.04944   40.74831    0.04944    1.67141       -8090.57235
  Mo      152   42.09398   40.79285    0.09398    1.62297       -8090.54558
  Mo      153   41.93157   40.63044   -0.06843    1.79923       -8090.66087
  Mo      154   42.22742   40.92629    0.22742    1.49559       -8090.47619
  Mo      155   42.09997   40.79883    0.09997    1.61879       -8090.54640
  Mo      156   42.06721   40.76608    0.06721    1.65641       -8090.57502
  Mo      157   42.05030   40.74917    0.05030    1.65433       -8090.54857
  Mo      158   42.07013   40.76900    0.07013    1.64250       -8090.54725
  Mo      159   41.98790   40.68676   -0.01210    1.72449       -8090.59529
  Mo      160   42.07499   40.77385    0.07499    1.64503       -8090.56103
  Mo      161   42.01656   40.71543    0.01656    1.70165       -8090.58856
  Mo      162   42.15085   40.84972    0.15085    1.56343       -8090.50288
  Mo      163   41.95082   40.64968   -0.04918    1.76582       -8090.62543
  Mo      164   42.12002   40.81888    0.12002    1.59951       -8090.53491
  Mo      165   42.11462   40.81348    0.11462    1.60001       -8090.53300
  Mo      166   42.10019   40.79905    0.10019    1.62251       -8090.55499
  Mo      167   42.23738   40.93624    0.23738    1.47582       -8090.45797
  Mo      168   42.12779   40.82666    0.12779    1.58529       -8090.52155
  Mo      169   42.04144   40.74030    0.04144    1.67390       -8090.57240
  Mo      170   42.11569   40.81456    0.11569    1.59451       -8090.51724
  Mo      171   42.15881   40.85768    0.15881    1.55362       -8090.49953
  Mo      172   42.03586   40.73473    0.03586    1.68476       -8090.57755
  Mo      173   42.00194   40.70080    0.00194    1.71526       -8090.59504
  Mo      174   41.85044   40.54931   -0.14956    1.87281       -8090.68448
  Mo      175   42.08075   40.77962    0.08075    1.63821       -8090.55856
  Mo      176   42.09728   40.79614    0.09728    1.62694       -8090.56177
  Mo      177   41.97832   40.67719   -0.02168    1.73612       -8090.60997
  Mo      178   42.04934   40.74820    0.04934    1.67130       -8090.57813
  Mo      179   42.02312   40.72198    0.02312    1.68576       -8090.57100
  Mo      180   42.08216   40.78103    0.08216    1.62596       -8090.53819
  Mo      181   41.91747   40.61634   -0.08253    1.80326       -8090.66019
  Mo      182   42.09039   40.78926    0.09039    1.62390       -8090.54167
  Mo      183   42.19729   40.89616    0.19729    1.51358       -8090.48330
  Mo      184   42.07756   40.77643    0.07756    1.64150       -8090.55597
  Mo      185   42.08956   40.78843    0.08956    1.62985       -8090.55642
  Mo      186   42.22163   40.92050    0.22163    1.49858       -8090.47405
  Mo      187   42.12806   40.82692    0.12806    1.59642       -8090.53916
  Mo      188   41.99674   40.69561   -0.00326    1.72903       -8090.61156
  Mo      189   42.11482   40.81368    0.11482    1.59887       -8090.52585
  Mo      190   41.95724   40.65611   -0.04276    1.77260       -8090.64224
  Mo      191   41.93585   40.63472   -0.06415    1.79368       -8090.65513
  Mo      192   42.15616   40.85502    0.15616    1.56477       -8090.51572
  Ta      193   72.86086   71.55973   -0.13914    1.67532      -31232.86006
  Ta      194   72.80242   71.50128   -0.19758    1.72692      -31232.88826
  Ta      195   72.70643   71.40530   -0.29357    1.82436      -31232.95347
  Ta      196   72.88129   71.58016   -0.11871    1.65686      -31232.85037
  Ta      197   72.59860   71.29747   -0.40140    1.93256      -31233.03212
  Ta      198   72.75365   71.45251   -0.24635    1.77979      -31232.92579
  Ta      199   72.65558   71.35445   -0.34442    1.86957      -31232.98794
  Ta      200   72.83782   71.53669   -0.16218    1.69838      -31232.88284
  Ta      201   72.73625   71.43512   -0.26375    1.80282      -31232.95412
  Ta      202   72.89540   71.59426   -0.10460    1.64901      -31232.84892
  Ta      203   72.86228   71.56115   -0.13772    1.67997      -31232.87194
  Ta      204   72.77950   71.47837   -0.22050    1.75637      -31232.90935
  Ta      205   72.75175   71.45062   -0.24825    1.78073      -31232.93080
  Ta      206   72.61084   71.30971   -0.38916    1.92311      -31233.01590
  Ta      207   72.60942   71.30829   -0.39058    1.91874      -31233.01348
  Ta      208   72.74332   71.44219   -0.25668    1.78735      -31232.93108
  Ta      209   72.65446   71.35332   -0.34554    1.87809      -31232.98912
  Ta      210   72.61155   71.31042   -0.38845    1.92733      -31233.03965
  Ta      211   72.84385   71.54272   -0.15615    1.68719      -31232.86745
  Ta      212   72.86657   71.56544   -0.13343    1.66565      -31232.86112
  Ta      213   72.53540   71.23426   -0.46460    1.99752      -31233.07039
  Ta      214   72.68399   71.38286   -0.31601    1.85028      -31232.97215
  Ta      215   72.85720   71.55607   -0.14280    1.67502      -31232.86573
  Ta      216   72.63034   71.32920   -0.36966    1.89896      -31233.00836
  Ta      217   72.86473   71.56360   -0.13527    1.67607      -31232.86867
  Ta      218   72.72041   71.41928   -0.27959    1.81844      -31232.95361
  Ta      219   72.88035   71.57922   -0.11965    1.65523      -31232.84880
  Ta      220   72.85093   71.54980   -0.14907    1.68640      -31232.85767
  Ta      221   72.75411   71.45298   -0.24589    1.78087      -31232.93347
  Ta      222   72.71294   71.41180   -0.28706    1.81619      -31232.94758
  Ta      223   72.68717   71.38604   -0.31283    1.85210      -31232.97880
  Ta      224   72.72909   71.42795   -0.27091    1.80894      -31232.94954
  Ta      225   72.76884   71.46770   -0.23116    1.76960      -31232.92212
  Ta      226   72.72481   71.42368   -0.27519    1.80462      -31232.96039
  Ta      227   72.63156   71.33042   -0.36844    1.89074      -31232.99098
  Ta      228   72.79635   71.49522   -0.20365    1.73374      -31232.89288
  Ta      229   72.81943   71.51829   -0.18057    1.70738      -31232.87671
  Ta      230   72.69750   71.39637   -0.30250    1.83251      -31232.96882
  Ta      231   72.64928   71.34814   -0.35072    1.88659      -31233.00076
  Ta      232   72.70094   71.39980   -0.29906    1.82950      -31232.95833
  Ta      233   72.66432   71.36319   -0.33568    1.86946      -31232.98602
  Ta      234   72.74791   71.44677   -0.25209    1.78674      -31232.92805
  Ta      235   72.76841   71.46728   -0.23159    1.76649      -31232.92894
  Ta      236   72.75492   71.45378   -0.24508    1.77292      -31232.91544
  Ta      237   72.91225   71.61111   -0.08775    1.62293      -31232.83279
  Ta      238   72.71259   71.41146   -0.28741    1.81836      -31232.94878
  Ta      239   72.77296   71.47183   -0.22704    1.76145      -31232.92048
  Ta      240   72.84178   71.54065   -0.15822    1.69409      -31232.87782
  Ta      241   72.72330   71.42217   -0.27670    1.81251      -31232.95221
  Ta      242   72.60448   71.30335   -0.39552    1.93074      -31233.03413
  Ta      243   72.69017   71.38904   -0.30983    1.84366      -31232.96293
  Ta      244   72.81324   71.51210   -0.18676    1.72359      -31232.88784
  Ta      245   72.84173   71.54060   -0.15827    1.68850      -31232.88901
  Ta      246   72.86535   71.56422   -0.13465    1.66207      -31232.85569
  Ta      247   72.73427   71.43313   -0.26573    1.80388      -31232.94017
  Ta      248   72.74342   71.44229   -0.25658    1.78502      -31232.93044
  Ta      249   72.79546   71.49432   -0.20454    1.72852      -31232.88420
  Ta      250   72.58891   71.28777   -0.41109    1.94618      -31233.04979
  Ta      251   72.81879   71.51766   -0.18121    1.71378      -31232.89275
  Ta      252   72.78791   71.48677   -0.21209    1.75151      -31232.92382
  Ta      253   72.78151   71.48038   -0.21849    1.75096      -31232.91878
  Ta      254   72.77470   71.47357   -0.22530    1.76185      -31232.91425
  Ta      255   72.55353   71.25239   -0.44647    1.97899      -31233.06948
  Ta      256   72.64465   71.34352   -0.35535    1.88169      -31232.98928
  V       257   23.41689   22.11576    0.41689    1.53213       -1895.22359
  V       258   23.53335   22.23222    0.53335    1.40892       -1895.15336
  V       259   23.44119   22.14006    0.44119    1.50737       -1895.20984
  V       260   23.39760   22.09647    0.39760    1.55386       -1895.23487
  V       261   23.43169   22.13056    0.43169    1.51152       -1895.23295
  V       262   23.50094   22.19980    0.50094    1.44293       -1895.17219
  V       263   23.49398   22.19285    0.49398    1.45056       -1895.18493
  V       264   23.43055   22.12942    0.43055    1.51750       -1895.22393
  V       265   23.48990   22.18877    0.48990    1.45725       -1895.17795
  V       266   23.42463   22.12350    0.42463    1.52165       -1895.20170
  V       267   23.45025   22.14912    0.45025    1.49119       -1895.20705
  V       268   23.40824   22.10711    0.40824    1.53948       -1895.23374
  V       269   23.27945   21.97832    0.27945    1.67200       -1895.28731
  V       270   23.38223   22.08110    0.38223    1.56551       -1895.24469
  V       271   23.49205   22.19092    0.49205    1.45594       -1895.19604
  V       272   23.36099   22.05986    0.36099    1.59276       -1895.26225
  V       273   23.49355   22.19242    0.49355    1.45421       -1895.18429
  V       274   23.55797   22.25683    0.55797    1.38436       -1895.13688
  V       275   23.47392   22.17278    0.47392    1.46979       -1895.19336
  V       276   23.39327   22.09213    0.39327    1.56015       -1895.24904
  V       277   23.39445   22.09332    0.39445    1.55940       -1895.24866
  V       278   23.39245   22.09131    0.39245    1.55570       -1895.23110
  V       279   23.32314   22.02200    0.32314    1.62961       -1895.28123
  V       280   23.40945   22.10832    0.40945    1.53351       -1895.23629
  V       281   23.37075   22.06962    0.37075    1.58053       -1895.25283
  V       282   23.40606   22.10493    0.40606    1.54181       -1895.21899
  V       283   23.40868   22.10755    0.40868    1.53749       -1895.23676
  V       284   23.39436   22.09322    0.39436    1.55432       -1895.23514
  V       285   23.22897   21.92783    0.22897    1.73526       -1895.34737
  V       286   23.42191   22.12077    0.42191    1.52168       -1895.22882
  V       287   23.51414   22.21300    0.51414    1.42676       -1895.16472
  V       288   23.53747   22.23634    0.53747    1.40584       -1895.13401
  V       289   23.44458   22.14345    0.44458    1.50209       -1895.20509
  V       290   23.29998   21.99884    0.29998    1.65046       -1895.28266
  V       291   23.54971   22.24858    0.54971    1.39524       -1895.15103
  V       292   23.63886   22.33772    0.63886    1.30039       -1895.09639
  V       293   23.27651   21.97537    0.27651    1.68007       -1895.30112
  V       294   23.50964   22.20850    0.50964    1.43664       -1895.16469
  V       295   23.41859   22.11746    0.41859    1.52919       -1895.22333
  V       296   23.58365   22.28252    0.58365    1.35626       -1895.10667
  V       297   23.47943   22.17830    0.47943    1.46948       -1895.17518
  V       298   23.33941   22.03828    0.33941    1.61353       -1895.26315
  V       299   23.28587   21.98474    0.28587    1.66418       -1895.28279
  V       300   23.34180   22.04066    0.34180    1.61175       -1895.28069
  V       301   23.42411   22.12297    0.42411    1.52102       -1895.20944
  V       302   23.39571   22.09457    0.39571    1.55255       -1895.24111
  V       303   23.53852   22.23739    0.53852    1.40636       -1895.16012
  V       304   23.51945   22.21831    0.51945    1.42293       -1895.15683
  V       305   23.55869   22.25756    0.55869    1.37976       -1895.12716
  V       306   23.48489   22.18375    0.48489    1.45874       -1895.18182
  V       307   23.50394   22.20280    0.50394    1.43733       -1895.16836
  V       308   23.35928   22.05815    0.35928    1.58662       -1895.24736
  V       309   23.38095   22.07982    0.38095    1.57092       -1895.24875
  V       310   23.35412   22.05299    0.35412    1.59817       -1895.26327
  V       311   23.45974   22.15860    0.45974    1.48688       -1895.18855
  V       312   23.26235   21.96121    0.26235    1.69314       -1895.32423
  V       313   23.51769   22.21656    0.51769    1.42960       -1895.15929
  V       314   23.39597   22.09484    0.39597    1.54633       -1895.21681
  V       315   23.28122   21.98009    0.28122    1.67521       -1895.30086
  V       316   23.35533   22.05420    0.35533    1.59429       -1895.26087
  V       317   23.54315   22.24202    0.54315    1.40039       -1895.14347
  V       318   23.45221   22.15108    0.45221    1.49447       -1895.21253
  V       319   23.63640   22.33526    0.63640    1.30716       -1895.08879
  V       320   23.40637   22.10523    0.40637    1.54364       -1895.20806
