 Atom   Index      Q          Qmt        dQ        Vmad        Local Energy
  W         1   73.98751   72.60042   -0.01249    1.78456      -32312.61223
  W         2   73.97544   72.58835   -0.02456    1.79468      -32312.61292
  W         3   73.94263   72.55554   -0.05737    1.82181      -32312.62603
  W         4   73.92902   72.54193   -0.07098    1.83578      -32312.63604
  W         5   73.92752   72.54043   -0.07248    1.83509      -32312.63336
  W         6   73.97056   72.58347   -0.02944    1.80177      -32312.61951
  W         7   73.97742   72.59033   -0.02258    1.79276      -32312.60912
  W         8   73.94056   72.55346   -0.05944    1.82744      -32312.63363
  W         9   73.89672   72.50963   -0.10328    1.87243      -32312.65920
  W        10   73.87417   72.48708   -0.12583    1.88232      -32312.65777
  W        11   74.01795   72.63086    0.01795    1.74748      -32312.58558
  W        12   73.94137   72.55428   -0.05863    1.81789      -32312.62602
  W        13   74.02570   72.63861    0.02570    1.73996      -32312.58322
  W        14   73.98788   72.60079   -0.01212    1.77985      -32312.60665
  W        15   74.03029   72.64320    0.03029    1.74677      -32312.58799
  W        16   73.93730   72.55021   -0.06270    1.82610      -32312.64161
  W        17   73.91805   72.53096   -0.08195    1.84419      -32312.64215
  W        18   73.99149   72.60440   -0.00851    1.78045      -32312.61178
  W        19   73.94418   72.55709   -0.05582    1.82652      -32312.63551
  W        20   74.01223   72.62514    0.01223    1.75644      -32312.58690
  W        21   73.96865   72.58156   -0.03135    1.81240      -32312.63578
  W        22   73.96717   72.58008   -0.03283    1.79921      -32312.61835
  W        23   73.96564   72.57855   -0.03436    1.81255      -32312.62827
  W        24   73.98159   72.59450   -0.01841    1.78678      -32312.61189
  W        25   73.87504   72.48795   -0.12496    1.88624      -32312.66872
  W        26   73.85601   72.46892   -0.14399    1.90841      -32312.68541
  W        27   73.95247   72.56538   -0.04753    1.81457      -32312.61932
  W        28   73.93212   72.54503   -0.06788    1.83012      -32312.62670
  W        29   74.01569   72.62859    0.01569    1.75778      -32312.59157
  W        30   74.03925   72.65215    0.03925    1.73153      -32312.57010
  W        31   73.94327   72.55618   -0.05673    1.82299      -32312.62454
  W        32   73.94574   72.55865   -0.05426    1.81722      -32312.62893
  W        33   74.01375   72.62666    0.01375    1.76480      -32312.61315
  W        34   73.96590   72.57880   -0.03410    1.80391      -32312.62570
  W        35   73.93094   72.54385   -0.06906    1.84061      -32312.64500
  W        36   74.00199   72.61490    0.00199    1.77248      -32312.60382
  W        37   73.93468   72.54758   -0.06532    1.83150      -32312.63989
  W        38   73.97204   72.58495   -0.02796    1.79093      -32312.60636
  W        39   73.98842   72.60133   -0.01158    1.78888      -32312.61511
  W        40   73.95038   72.56329   -0.04962    1.81249      -32312.61879
  W        41   74.05920   72.67211    0.05920    1.71612      -32312.56989
  W        42   73.99558   72.60849   -0.00442    1.76667      -32312.59689
  W        43   73.98332   72.59623   -0.01668    1.77987      -32312.60120
  W        44   73.90121   72.51412   -0.09879    1.86350      -32312.65473
  W        45   73.89380   72.50671   -0.10620    1.86764      -32312.64920
  W        46   73.96758   72.58049   -0.03242    1.80510      -32312.62296
  W        47   73.98907   72.60198   -0.01093    1.78242      -32312.60963
  W        48   73.96458   72.57749   -0.03542    1.80103      -32312.61241
  W        49   73.89262   72.50553   -0.10738    1.86775      -32312.64757
  W        50   74.01753   72.63044    0.01753    1.75845      -32312.59770
  W        51   73.89626   72.50917   -0.10374    1.86741      -32312.65662
  W        52   74.00314   72.61605    0.00314    1.76519      -32312.59175
  W        53   73.96263   72.57554   -0.03737    1.80577      -32312.61828
  W        54   74.00565   72.61856    0.00565    1.77166      -32312.60387
  W        55   73.95507   72.56798   -0.04493    1.80863      -32312.61646
  W        56   74.00968   72.62259    0.00968    1.75336      -32312.58980
  W        57   73.97672   72.58963   -0.02328    1.78956      -32312.60902
  W        58   73.93366   72.54657   -0.06634    1.83399      -32312.63669
  W        59   73.95756   72.57047   -0.04244    1.80603      -32312.62274
  W        60   73.97701   72.58991   -0.02299    1.79550      -32312.61851
  W        61   74.00934   72.62225    0.00934    1.76219      -32312.60219
  W        62   73.90887   72.52178   -0.09113    1.85277      -32312.64160
  W        63   73.97930   72.59221   -0.02070    1.78477      -32312.60582
  W        64   73.93343   72.54634   -0.06657    1.82861      -32312.63393
  Nb       65   40.98716   39.60007   -0.01284    1.82108       -7632.73344
  Nb       66   40.94891   39.56182   -0.05109    1.85371       -7632.75312
  Nb       67   41.04486   39.65777    0.04486    1.75784       -7632.69915
  Nb       68   40.94645   39.55936   -0.05355    1.85987       -7632.75963
  Nb       69   41.05794   39.67085    0.05794    1.75238       -7632.70054
  Nb       70   41.05837   39.67128    0.05837    1.75347       -7632.69541
  Nb       71   40.99770   39.61060   -0.00230    1.81066       -7632.73165
  Nb       72   41.04744   39.66035    0.04744    1.76534       -7632.70508
  Nb       73   40.94886   39.56177   -0.05114    1.85547       -7632.75685
  Nb       74   40.95150   39.56441   -0.04850    1.85008       -7632.75272
  Nb       75   41.10015   39.71306    0.10015    1.71216       -7632.66827
  Nb       76   40.97919   39.59210   -0.02081    1.82131       -7632.74156
  Nb       77   41.03240   39.64531    0.03240    1.76763       -7632.71178
  Nb       78   41.02756   39.64047    0.02756    1.78338       -7632.71490
  Nb       79   41.02204   39.63495    0.02204    1.78447       -7632.71702
  Nb       80   40.99558   39.60849   -0.00442    1.81250       -7632.73465
  Nb       81   40.99909   39.61200   -0.00091    1.80730       -7632.73191
  Nb       82   41.04548   39.65839    0.04548    1.76567       -7632.70957
  Nb       83   41.01902   39.63193    0.01902    1.78853       -7632.71763
  Nb       84   40.98666   39.59957   -0.01334    1.81483       -7632.73148
  Nb       85   41.00980   39.62271    0.00980    1.79337       -7632.73364
  Nb       86   41.01457   39.62748    0.01457    1.79269       -7632.72774
  Nb       87   40.94637   39.55928   -0.05363    1.85284       -7632.75751
  Nb       88   40.96604   39.57895   -0.03396    1.83737       -7632.74585
  Nb       89   40.99133   39.60424   -0.00867    1.81394       -7632.73500
  Nb       90   41.02525   39.63816    0.02525    1.77801       -7632.70529
  Nb       91   41.12967   39.74258    0.12967    1.68793       -7632.66180
  Nb       92   40.95689   39.56980   -0.04311    1.84824       -7632.75616
  Nb       93   40.99913   39.61204   -0.00087    1.79785       -7632.72487
  Nb       94   41.05018   39.66309    0.05018    1.75574       -7632.70007
  Nb       95   41.01610   39.62901    0.01610    1.78631       -7632.71020
  Nb       96   40.99473   39.60764   -0.00527    1.80970       -7632.73653
  Nb       97   41.01478   39.62769    0.01478    1.79044       -7632.71799
  Nb       98   41.06451   39.67742    0.06451    1.73775       -7632.68552
  Nb       99   40.90411   39.51702   -0.09589    1.88891       -7632.77345
  Nb      100   40.94858   39.56148   -0.05142    1.84552       -7632.75459
  Nb      101   40.99762   39.61053   -0.00238    1.80727       -7632.72424
  Nb      102   41.03161   39.64452    0.03161    1.77381       -7632.70193
  Nb      103   41.03897   39.65188    0.03897    1.76922       -7632.70661
  Nb      104   41.03002   39.64293    0.03002    1.77366       -7632.71368
  Nb      105   41.08021   39.69312    0.08021    1.73300       -7632.68320
  Nb      106   41.04545   39.65836    0.04545    1.76139       -7632.69860
  Nb      107   40.96665   39.57956   -0.03335    1.83065       -7632.74314
  Nb      108   41.01041   39.62332    0.01041    1.79213       -7632.71965
  Nb      109   41.04494   39.65785    0.04494    1.75873       -7632.70224
  Nb      110   40.97639   39.58930   -0.02361    1.82994       -7632.74270
  Nb      111   41.04163   39.65454    0.04163    1.76781       -7632.70387
  Nb      112   40.99167   39.60457   -0.00833    1.80809       -7632.72571
  Nb      113   41.04788   39.66079    0.04788    1.76127       -7632.70332
  Nb      114   41.04525   39.65816    0.04525    1.76336       -7632.70185
  Nb      115   41.07240   39.68530    0.07240    1.74403       -7632.69849
  Nb      116   41.07563   39.68854    0.07563    1.73088       -7632.68366
  Nb      117   41.01220   39.62511    0.01220    1.79215       -7632.72200
  Nb      118   41.08407   39.69698    0.08407    1.73022       -7632.68214
  Nb      119   41.00851   39.62142    0.00851    1.79479       -7632.72184
  Nb      120   40.94063   39.55354   -0.05937    1.86154       -7632.76018
  Nb      121   41.01923   39.63214    0.01923    1.78202       -7632.71361
  Nb      122   40.99446   39.60737   -0.00554    1.80683       -7632.72114
  Nb      123   41.05006   39.66297    0.05006    1.75647       -7632.70270
  Nb      124   40.95305   39.56596   -0.04695    1.85050       -7632.75721
  Nb      125   41.06635   39.67926    0.06635    1.74714       -7632.70079
  Nb      126   41.01302   39.62593    0.01302    1.78493       -7632.72117
  Nb      127   40.99248   39.60539   -0.00752    1.81199       -7632.72621
  Nb      128   40.96727   39.58018   -0.03273    1.82889       -7632.73939
  Mo      129   42.20126   40.81417    0.20126    1.69324       -8090.67684
  Mo      130   42.10088   40.71378    0.10088    1.78806       -8090.72442
  Mo      131   42.15614   40.76905    0.15614    1.73398       -8090.70139
  Mo      132   42.11021   40.72312    0.11021    1.78578       -8090.73046
  Mo      133   42.13889   40.75180    0.13889    1.74716       -8090.70362
  Mo      134   42.21330   40.82621    0.21330    1.68178       -8090.67254
  Mo      135   42.17388   40.78679    0.17388    1.72175       -8090.69760
  Mo      136   42.19551   40.80841    0.19551    1.69236       -8090.67729
  Mo      137   42.20344   40.81634    0.20344    1.69043       -8090.67732
  Mo      138   42.23065   40.84356    0.23065    1.66596       -8090.66746
  Mo      139   42.19981   40.81272    0.19981    1.69295       -8090.67816
  Mo      140   42.12848   40.74139    0.12848    1.76158       -8090.71564
  Mo      141   42.16988   40.78279    0.16988    1.71985       -8090.69077
  Mo      142   42.27530   40.88821    0.27530    1.63069       -8090.65310
  Mo      143   42.12587   40.73878    0.12587    1.76590       -8090.70954
  Mo      144   42.11593   40.72884    0.11593    1.77579       -8090.72539
  Mo      145   42.15252   40.76543    0.15252    1.73591       -8090.69700
  Mo      146   42.11578   40.72869    0.11578    1.77978       -8090.72696
  Mo      147   42.19544   40.80835    0.19544    1.70157       -8090.68355
  Mo      148   42.08379   40.69670    0.08379    1.80900       -8090.75214
  Mo      149   42.17744   40.79035    0.17744    1.71460       -8090.68371
  Mo      150   42.18934   40.80225    0.18934    1.70320       -8090.67967
  Mo      151   42.17353   40.78644    0.17353    1.72231       -8090.70436
  Mo      152   42.15113   40.76404    0.15113    1.73961       -8090.70308
  Mo      153   42.21361   40.82652    0.21361    1.68805       -8090.68038
  Mo      154   42.13956   40.75247    0.13956    1.75113       -8090.70945
  Mo      155   42.13735   40.75026    0.13735    1.75239       -8090.70672
  Mo      156   42.18992   40.80282    0.18992    1.70996       -8090.68792
  Mo      157   42.14411   40.75702    0.14411    1.75465       -8090.71604
  Mo      158   42.15594   40.76885    0.15594    1.74008       -8090.70078
  Mo      159   42.19057   40.80348    0.19057    1.69953       -8090.67945
  Mo      160   42.15620   40.76911    0.15620    1.74105       -8090.70879
  Mo      161   42.23286   40.84577    0.23286    1.65907       -8090.65955
  Mo      162   42.11549   40.72840    0.11549    1.77580       -8090.71739
  Mo      163   42.23029   40.84320    0.23029    1.67505       -8090.67652
  Mo      164   42.21143   40.82434    0.21143    1.67504       -8090.66295
  Mo      165   42.15061   40.76352    0.15061    1.74472       -8090.70571
  Mo      166   42.17476   40.78767    0.17476    1.71927       -8090.69772
  Mo      167   42.24946   40.86237    0.24946    1.65711       -8090.66484
  Mo      168   42.10109   40.71400    0.10109    1.79118       -8090.73849
  Mo      169   42.20053   40.81344    0.20053    1.69052       -8090.67509
  Mo      170   42.18787   40.80078    0.18787    1.70351       -8090.67934
  Mo      171   42.13190   40.74481    0.13190    1.75988       -8090.71709
  Mo      172   42.10658   40.71949    0.10658    1.78224       -8090.72075
  Mo      173   42.13400   40.74690    0.13400    1.75188       -8090.70977
  Mo      174   42.19976   40.81267    0.19976    1.69439       -8090.67739
  Mo      175   42.14236   40.75527    0.14236    1.75011       -8090.70880
  Mo      176   42.20464   40.81755    0.20464    1.68657       -8090.67796
  Mo      177   42.16304   40.77594    0.16304    1.72851       -8090.70177
  Mo      178   42.12343   40.73634    0.12343    1.76597       -8090.71533
  Mo      179   42.21824   40.83115    0.21824    1.68279       -8090.68081
  Mo      180   42.09597   40.70888    0.09597    1.79417       -8090.73044
  Mo      181   42.20210   40.81501    0.20210    1.69886       -8090.68345
  Mo      182   42.23302   40.84593    0.23302    1.65887       -8090.66032
  Mo      183   42.13415   40.74706    0.13415    1.75861       -8090.71332
  Mo      184   42.17026   40.78316    0.17026    1.72817       -8090.70014
  Mo      185   42.13029   40.74320    0.13029    1.76296       -8090.71669
  Mo      186   42.12509   40.73800    0.12509    1.76489       -8090.72017
  Mo      187   42.20163   40.81454    0.20163    1.69008       -8090.67541
  Mo      188   42.17172   40.78463    0.17172    1.72060       -8090.68917
  Mo      189   42.11149   40.72440    0.11149    1.77641       -8090.72399
  Mo      190   42.17382   40.78673    0.17382    1.72812       -8090.70387
  Mo      191   42.09800   40.71091    0.09800    1.79022       -8090.73184
  Mo      192   42.14074   40.75365    0.14074    1.74710       -8090.70652
  Ta      193   72.92379   71.53670   -0.07621    1.80103      -31233.03512
  Ta      194   72.85502   71.46793   -0.14498    1.86354      -31233.08055
  Ta      195   72.88379   71.49670   -0.11621    1.83121      -31233.05697
  Ta      196   72.90369   71.51660   -0.09631    1.81041      -31233.04701
  Ta      197   72.93693   71.54984   -0.06307    1.78319      -31233.03438
  Ta      198   72.86771   71.48062   -0.13229    1.84390      -31233.05715
  Ta      199   72.87109   71.48400   -0.12891    1.83764      -31233.06254
  Ta      200   72.83636   71.44927   -0.16364    1.87789      -31233.08078
  Ta      201   72.80942   71.42233   -0.19058    1.90098      -31233.09838
  Ta      202   72.92159   71.53450   -0.07841    1.79682      -31233.03285
  Ta      203   72.85335   71.46626   -0.14665    1.86072      -31233.07460
  Ta      204   72.81943   71.43234   -0.18057    1.88928      -31233.08652
  Ta      205   72.85128   71.46419   -0.14872    1.86279      -31233.07205
  Ta      206   72.89149   71.50440   -0.10851    1.83121      -31233.05207
  Ta      207   72.85715   71.47006   -0.14285    1.86245      -31233.07260
  Ta      208   72.86757   71.48048   -0.13243    1.84147      -31233.05445
  Ta      209   72.80663   71.41954   -0.19337    1.91058      -31233.10075
  Ta      210   72.87353   71.48644   -0.12647    1.84224      -31233.06066
  Ta      211   72.91470   71.52761   -0.08530    1.80928      -31233.04301
  Ta      212   72.72822   71.34113   -0.27178    1.97689      -31233.14293
  Ta      213   72.72645   71.33936   -0.27355    1.97861      -31233.15057
  Ta      214   72.88468   71.49759   -0.11532    1.82163      -31233.05370
  Ta      215   72.95132   71.56423   -0.04868    1.77302      -31233.02374
  Ta      216   72.83590   71.44881   -0.16410    1.88017      -31233.08094
  Ta      217   72.84868   71.46159   -0.15132    1.86233      -31233.07012
  Ta      218   72.89616   71.50907   -0.10384    1.82061      -31233.04851
  Ta      219   72.79745   71.41036   -0.20255    1.91430      -31233.10896
  Ta      220   72.87454   71.48745   -0.12546    1.83835      -31233.06009
  Ta      221   72.81425   71.42716   -0.18575    1.89708      -31233.09191
  Ta      222   72.82359   71.43650   -0.17641    1.88904      -31233.08889
  Ta      223   72.83749   71.45040   -0.16251    1.87261      -31233.07829
  Ta      224   72.87311   71.48602   -0.12689    1.83471      -31233.06014
  Ta      225   72.84098   71.45389   -0.15902    1.86846      -31233.07569
  Ta      226   72.82910   71.44201   -0.17090    1.88570      -31233.08687
  Ta      227   72.87144   71.48435   -0.12856    1.84089      -31233.06501
  Ta      228   72.85453   71.46743   -0.14547    1.86294      -31233.06898
  Ta      229   72.90874   71.52165   -0.09126    1.81367      -31233.04554
  Ta      230   72.97319   71.58610   -0.02681    1.75110      -31233.00211
  Ta      231   72.87843   71.49134   -0.12157    1.83325      -31233.05967
  Ta      232   72.81817   71.43108   -0.18183    1.89103      -31233.09264
  Ta      233   72.87411   71.48702   -0.12589    1.83774      -31233.06591
  Ta      234   72.84258   71.45549   -0.15742    1.87128      -31233.08565
  Ta      235   72.81281   71.42572   -0.18719    1.89721      -31233.09461
  Ta      236   72.86073   71.47364   -0.13927    1.85074      -31233.06328
  Ta      237   72.84119   71.45410   -0.15881    1.87227      -31233.07997
  Ta      238   72.85096   71.46387   -0.14904    1.86404      -31233.07866
  Ta      239   72.79796   71.41087   -0.20204    1.90695      -31233.10133
  Ta      240   72.86101   71.47392   -0.13899    1.84667      -31233.06431
  Ta      241   72.86285   71.47576   -0.13715    1.83975      -31233.06519
  Ta      242   72.91987   71.53278   -0.08013    1.79585      -31233.03294
  Ta      243   72.82049   71.43340   -0.17951    1.88908      -31233.08779
  Ta      244   72.86896   71.48187   -0.13104    1.84889      -31233.06464
  Ta      245   72.80288   71.41578   -0.19712    1.90542      -31233.10437
  Ta      246   72.88388   71.49679   -0.11612    1.83658      -31233.05796
  Ta      247   72.85407   71.46698   -0.14593    1.86184      -31233.06903
  Ta      248   72.77977   71.39268   -0.22023    1.92674      -31233.11059
  Ta      249   72.81732   71.43023   -0.18268    1.89379      -31233.09774
  Ta      250   72.87528   71.48819   -0.12472    1.84377      -31233.06498
  Ta      251   72.90716   71.52007   -0.09284    1.80678      -31233.04382
  Ta      252   72.83607   71.44898   -0.16393    1.87218      -31233.07478
  Ta      253   72.90286   71.51577   -0.09714    1.82346      -31233.05414
  Ta      254   72.83598   71.44889   -0.16402    1.87161      -31233.07799
  Ta      255   72.99083   71.60374   -0.00917    1.73658      -31232.99960
  Ta      256   72.88912   71.50203   -0.11088    1.82052      -31233.04585
