System Description            : WNbMoTaV, BCC structure                         
Number of Atoms in Unit Cell  : 80                                              
Number of Atomic Species      : 5                                               
Number of Atoms in Each Type  : 16(W), 16(Nb), 16(Mo), 16(Ta), 16(V)            
Energy Offset                 : -16231                                          
=======================================================================================
    Iter     Energy      3PV     Efermi   Rms_rho    Rms_pot   Mix  Alg  Alpha 
---------------------------------------------------------------------------------------
**       1  -0.866194  1839.034  0.58841  0.140E+01  0.158E+00  pot  B   0.1000
         2  -1.131944  1816.579  0.59730  0.763E-02  0.410E+00  pot  B   0.1000
         3  -1.247873  1809.836  0.60345  0.408E-02  0.334E+00  pot  B   0.1000
         4  -1.361131  1796.564  0.61228  0.439E-02  0.384E+00  pot  B   0.1000
         5  -1.496885  1781.707  0.61835  0.497E-02  0.267E+00  pot  B   0.1000
         6  -1.642334  1752.593  0.62478  0.975E-02  0.239E+00  pot  B   0.1000
         7  -1.682105  1741.229  0.63147  0.396E-02  0.190E+00  pot  B   0.1000
         8  -1.703224  1733.725  0.63295  0.273E-02  0.151E+00  pot  B   0.1000
         9  -1.722042  1729.049  0.63556  0.203E-02  0.701E-01  pot  B   0.1000
        10  -1.734795  1723.741  0.63741  0.261E-02  0.591E-01  pot  B   0.1000
        11  -1.748797  1715.353  0.63990  0.439E-02  0.683E-01  pot  B   0.1000
        12  -1.755302  1709.864  0.64082  0.290E-02  0.324E-01  pot  B   0.1000
        13  -1.756732  1708.284  0.64189  0.934E-03  0.130E-01  pot  B   0.1000
        14  -1.757154  1707.538  0.64291  0.524E-03  0.641E-02  pot  B   0.1000
        15  -1.757252  1707.316  0.64372  0.206E-03  0.688E-02  pot  B   0.1000
        16  -1.757398  1706.850  0.64489  0.319E-03  0.697E-02  pot  B   0.1000
        17  -1.757544  1706.972  0.64612  0.242E-03  0.474E-02  pot  B   0.1000
        18  -1.757612  1706.872  0.64742  0.216E-03  0.347E-02  pot  B   0.1000
        19  -1.757623  1706.837  0.64798  0.969E-04  0.328E-02  pot  B   0.1000
        20  -1.757630  1706.850  0.64814  0.369E-04  0.180E-02  pot  B   0.1000
        21  -1.757631  1706.862  0.64823  0.400E-04  0.288E-02  pot  B   0.1000
        22  -1.757637  1706.868  0.64834  0.217E-04  0.155E-02  pot  B   0.1000
        23  -1.757638  1706.874  0.64839  0.220E-04  0.142E-02  pot  B   0.1000
        24  -1.757639  1706.908  0.64841  0.196E-04  0.114E-02  pot  B   0.1000
        25  -1.757639  1706.913  0.64844  0.213E-04  0.879E-03  pot  B   0.1000
        26  -1.757639  1706.917  0.64848  0.185E-04  0.476E-03  pot  B   0.1000
        27  -1.757639  1706.918  0.64849  0.120E-04  0.477E-03  pot  B   0.1000
        28  -1.757638  1706.906  0.64851  0.825E-05  0.339E-03  pot  B   0.1000
        29  -1.757639  1706.899  0.64853  0.761E-05  0.288E-03  pot  B   0.1000
        30  -1.757638  1706.881  0.64854  0.724E-05  0.187E-03  pot  B   0.1000
        31  -1.757638  1706.854  0.64858  0.120E-04  0.172E-03  pot  B   0.1000
        32  -1.757639  1706.851  0.64857  0.358E-05  0.284E-03  pot  B   0.1000
        33  -1.757639  1706.836  0.64861  0.938E-05  0.156E-03  pot  B   0.1000
        34  -1.757639  1706.833  0.64861  0.181E-05  0.108E-03  pot  B   0.1000
        35  -1.757639  1706.827  0.64862  0.286E-05  0.936E-04  pot  B   0.1000
        36  -1.757639  1706.821  0.64864  0.287E-05  0.108E-03  pot  B   0.1000
        37  -1.757639  1706.819  0.64864  0.160E-05  0.885E-04  pot  B   0.1000
        38  -1.757639  1706.817  0.64865  0.169E-05  0.656E-04  pot  B   0.1000
        39  -1.757639  1706.815  0.64866  0.181E-05  0.467E-04  pot  B   0.1000
        40  -1.757639  1706.815  0.64867  0.112E-05  0.389E-04  pot  B   0.1000
        41  -1.757639  1706.814  0.64867  0.921E-06  0.290E-04  pot  B   0.1000
        42  -1.757639  1706.815  0.64867  0.430E-06  0.189E-04  pot  B   0.1000
        43  -1.757639  1706.815  0.64867  0.477E-06  0.120E-04  pot  B   0.1000
        44  -1.757639  1706.815  0.64867  0.391E-06  0.144E-04  pot  B   0.1000
        45  -1.757639  1706.815  0.64867  0.139E-06  0.869E-05  pot  B   0.1000
        46  -1.757639  1706.815  0.64867  0.853E-07  0.598E-05  pot  B   0.1000
        47  -1.757639  1706.815  0.64867  0.112E-06  0.648E-05  pot  B   0.1000
        48  -1.757639  1706.815  0.64868  0.149E-06  0.382E-05  pot  B   0.1000
        49  -1.757639  1706.815  0.64868  0.431E-07  0.365E-05  pot  B   0.1000
        50  -1.757639  1706.815  0.64868  0.641E-07  0.223E-05  pot  B   0.1000
        51  -1.757639  1706.815  0.64868  0.396E-07  0.167E-05  pot  B   0.1000
        52  -1.757639  1706.815  0.64868  0.356E-07  0.917E-06  pot  B   0.1000
        53  -1.757639  1706.815  0.64868  0.164E-07  0.916E-06  pot  B   0.1000
        54  -1.757639  1706.815  0.64868  0.171E-07  0.724E-06  pot  B   0.1000
        55  -1.757639  1706.815  0.64868  0.143E-07  0.707E-06  pot  B   0.1000
        56  -1.757639  1706.815  0.64868  0.163E-07  0.643E-06  pot  B   0.1000
        57  -1.757639  1706.815  0.64868  0.850E-08  0.545E-06  pot  B   0.1000
        58  -1.757639  1706.815  0.64868  0.730E-08  0.383E-06  pot  B   0.1000
        59  -1.757639  1706.815  0.64868  0.508E-08  0.350E-06  pot  B   0.1000
        60  -1.757639  1706.815  0.64868  0.369E-08  0.201E-06  pot  B   0.1000
        61  -1.757639  1706.815  0.64868  0.205E-08  0.139E-06  pot  B   0.1000
        62  -1.757639  1706.815  0.64868  0.157E-08  0.771E-07  pot  B   0.1000
        63  -1.757639  1706.815  0.64868  0.147E-08  0.776E-07  pot  B   0.1000
        64  -1.757639  1706.815  0.64868  0.145E-08  0.468E-07  pot  B   0.1000
        65  -1.757639  1706.815  0.64868  0.948E-09  0.269E-07  pot  B   0.1000
        66  -1.757639  1706.815  0.64868  0.660E-09  0.288E-07  pot  B   0.1000
        67  -1.757639  1706.815  0.64868  0.544E-09  0.127E-07  pot  B   0.1000
        68  -1.757639  1706.815  0.64868  0.568E-09  0.135E-07  pot  B   0.1000
        69  -1.757639  1706.815  0.64868  0.777E-09  0.981E-08  pot  B   0.1000
**      70  -1.757639  1706.815  0.64868  0.475E-12  0.981E-08  pot  B   0.1000
