System Description            : WNbMoTaTi, BCC structure                        
Number of Atoms in Unit Cell  : 320                                             
Number of Atomic Species      : 5                                               
Number of Atoms in Each Type  : 64(W), 64(Nb), 64(Mo), 64(Ta), 64(Ti)           
Energy Offset                 : -16193                                          
=======================================================================================
    Iter     Energy      3PV     Efermi   Rms_rho    Rms_pot   Mix  Alg  Alpha 
---------------------------------------------------------------------------------------
**       1  -0.749837  1839.835  0.54530  0.140E+01  0.182E+00  pot  B   0.1000
         2  -0.548847  1816.989  0.57576  0.775E-02  0.139E+01  pot  B   0.1000
         3  -1.058092  1815.422  0.57632  0.200E-02  0.540E+00  pot  B   0.1000
         4  -0.964070  1803.500  0.58774  0.429E-02  0.116E+01  pot  B   0.1000
         5  -1.067323  1793.074  0.59560  0.362E-02  0.989E+00  pot  B   0.1000
         6  -1.385404  1777.848  0.60444  0.504E-02  0.354E+00  pot  B   0.1000
         7  -1.466014  1760.022  0.61670  0.606E-02  0.317E+00  pot  B   0.1000
         8  -1.528120  1744.073  0.62774  0.549E-02  0.227E+00  pot  B   0.1000
         9  -1.557829  1733.251  0.63632  0.394E-02  0.144E+00  pot  B   0.1000
        10  -1.569150  1728.206  0.64080  0.214E-02  0.118E+00  pot  B   0.1000
        11  -1.580004  1723.765  0.64439  0.214E-02  0.113E+00  pot  B   0.1000
        12  -1.588075  1719.602  0.64746  0.216E-02  0.116E+00  pot  B   0.1000
        13  -1.597948  1713.942  0.65148  0.301E-02  0.852E-01  pot  B   0.1000
        14  -1.591141  1718.318  0.64826  0.158E-02  0.151E+00  pot  B   0.1000
        15  -1.602734  1708.466  0.65495  0.410E-02  0.450E-01  pot  B   0.1000
        16  -1.601906  1709.914  0.65477  0.597E-03  0.973E-01  pot  B   0.1000
        17  -1.604327  1706.566  0.65736  0.159E-02  0.134E-01  pot  B   0.1000
        18  -1.604317  1706.142  0.65810  0.229E-03  0.135E-01  pot  B   0.1000
        19  -1.604420  1706.243  0.65851  0.140E-03  0.902E-02  pot  B   0.1000
        20  -1.604484  1706.417  0.65877  0.854E-04  0.973E-02  pot  B   0.1000
        21  -1.604519  1706.239  0.65932  0.158E-03  0.933E-02  pot  B   0.1000
        22  -1.604621  1706.459  0.66017  0.181E-03  0.662E-02  pot  B   0.1000
        23  -1.604642  1706.497  0.66082  0.124E-03  0.931E-02  pot  B   0.1000
        24  -1.604664  1706.401  0.66135  0.114E-03  0.578E-02  pot  B   0.1000
        25  -1.604679  1706.434  0.66161  0.427E-04  0.381E-02  pot  B   0.1000
        26  -1.604688  1706.489  0.66180  0.490E-04  0.348E-02  pot  B   0.1000
        27  -1.604690  1706.433  0.66194  0.381E-04  0.437E-02  pot  B   0.1000
        28  -1.604695  1706.440  0.66202  0.200E-04  0.126E-02  pot  B   0.1000
        29  -1.604697  1706.409  0.66211  0.221E-04  0.148E-02  pot  B   0.1000
        30  -1.604700  1706.387  0.66222  0.230E-04  0.721E-03  pot  B   0.1000
        31  -1.604701  1706.359  0.66229  0.164E-04  0.115E-02  pot  B   0.1000
        32  -1.604701  1706.339  0.66232  0.765E-05  0.122E-02  pot  B   0.1000
        33  -1.604701  1706.319  0.66235  0.838E-05  0.984E-03  pot  B   0.1000
        34  -1.604702  1706.286  0.66241  0.162E-04  0.486E-03  pot  B   0.1000
        35  -1.604702  1706.264  0.66244  0.112E-04  0.411E-03  pot  B   0.1000
        36  -1.604702  1706.254  0.66246  0.802E-05  0.299E-03  pot  B   0.1000
        37  -1.604702  1706.246  0.66248  0.575E-05  0.440E-03  pot  B   0.1000
        38  -1.604703  1706.237  0.66250  0.718E-05  0.310E-03  pot  B   0.1000
        39  -1.604703  1706.232  0.66252  0.565E-05  0.376E-03  pot  B   0.1000
        40  -1.604703  1706.230  0.66252  0.393E-05  0.419E-03  pot  B   0.1000
        41  -1.604703  1706.228  0.66254  0.220E-05  0.241E-03  pot  B   0.1000
        42  -1.604703  1706.222  0.66256  0.607E-05  0.135E-03  pot  B   0.1000
        43  -1.604703  1706.221  0.66257  0.201E-05  0.184E-03  pot  B   0.1000
        44  -1.604703  1706.220  0.66259  0.268E-05  0.172E-03  pot  B   0.1000
        45  -1.604704  1706.219  0.66260  0.190E-05  0.175E-03  pot  B   0.1000
        46  -1.604704  1706.217  0.66261  0.173E-05  0.118E-03  pot  B   0.1000
        47  -1.604704  1706.217  0.66262  0.921E-06  0.966E-04  pot  B   0.1000
        48  -1.604704  1706.216  0.66262  0.120E-05  0.645E-04  pot  B   0.1000
        49  -1.604704  1706.215  0.66263  0.755E-06  0.524E-04  pot  B   0.1000
        50  -1.604704  1706.215  0.66263  0.835E-06  0.595E-04  pot  B   0.1000
        51  -1.604704  1706.214  0.66264  0.709E-06  0.109E-03  pot  B   0.1000
        52  -1.604704  1706.213  0.66264  0.540E-06  0.655E-04  pot  B   0.1000
        53  -1.604704  1706.213  0.66264  0.201E-06  0.630E-04  pot  B   0.1000
        54  -1.604704  1706.212  0.66265  0.744E-06  0.320E-04  pot  B   0.1000
        55  -1.604704  1706.212  0.66265  0.285E-06  0.331E-04  pot  B   0.1000
        56  -1.604704  1706.211  0.66265  0.594E-06  0.258E-04  pot  B   0.1000
        57  -1.604704  1706.210  0.66265  0.442E-06  0.277E-04  pot  B   0.1000
        58  -1.604704  1706.210  0.66265  0.247E-06  0.246E-04  pot  B   0.1000
        59  -1.604704  1706.210  0.66265  0.324E-06  0.200E-04  pot  B   0.1000
        60  -1.604704  1706.209  0.66265  0.432E-06  0.181E-04  pot  B   0.1000
        61  -1.604704  1706.209  0.66266  0.316E-06  0.175E-04  pot  B   0.1000
        62  -1.604704  1706.208  0.66266  0.323E-06  0.128E-04  pot  B   0.1000
        63  -1.604704  1706.208  0.66266  0.237E-06  0.141E-04  pot  B   0.1000
        64  -1.604704  1706.207  0.66266  0.254E-06  0.127E-04  pot  B   0.1000
        65  -1.604704  1706.207  0.66266  0.631E-07  0.153E-04  pot  B   0.1000
        66  -1.604704  1706.207  0.66266  0.143E-06  0.189E-04  pot  B   0.1000
        67  -1.604704  1706.207  0.66266  0.819E-07  0.601E-05  pot  B   0.1000
        68  -1.604704  1706.207  0.66266  0.123E-06  0.609E-05  pot  B   0.1000
        69  -1.604704  1706.207  0.66266  0.697E-07  0.467E-05  pot  B   0.1000
        70  -1.604704  1706.207  0.66266  0.534E-07  0.507E-05  pot  B   0.1000
        71  -1.604704  1706.207  0.66266  0.403E-07  0.390E-05  pot  B   0.1000
        72  -1.604704  1706.207  0.66266  0.487E-07  0.486E-05  pot  B   0.1000
        73  -1.604704  1706.207  0.66266  0.322E-07  0.406E-05  pot  B   0.1000
        74  -1.604704  1706.207  0.66266  0.294E-07  0.418E-05  pot  B   0.1000
        75  -1.604704  1706.207  0.66266  0.223E-07  0.214E-05  pot  B   0.1000
        76  -1.604704  1706.207  0.66266  0.294E-07  0.210E-05  pot  B   0.1000
        77  -1.604704  1706.207  0.66266  0.225E-07  0.165E-05  pot  B   0.1000
        78  -1.604704  1706.207  0.66266  0.304E-07  0.274E-05  pot  B   0.1000
        79  -1.604704  1706.207  0.66266  0.236E-07  0.158E-05  pot  B   0.1000
        80  -1.604704  1706.207  0.66266  0.253E-07  0.103E-05  pot  B   0.1000
        81  -1.604704  1706.207  0.66266  0.193E-07  0.130E-05  pot  B   0.1000
        82  -1.604704  1706.207  0.66266  0.221E-07  0.119E-05  pot  B   0.1000
        83  -1.604704  1706.207  0.66266  0.149E-07  0.168E-05  pot  B   0.1000
        84  -1.604704  1706.207  0.66266  0.199E-07  0.567E-06  pot  B   0.1000
        85  -1.604704  1706.207  0.66266  0.123E-07  0.635E-06  pot  B   0.1000
        86  -1.604704  1706.207  0.66266  0.105E-07  0.889E-06  pot  B   0.1000
        87  -1.604704  1706.207  0.66266  0.580E-08  0.731E-06  pot  B   0.1000
        88  -1.604704  1706.207  0.66266  0.486E-08  0.564E-06  pot  B   0.1000
        89  -1.604704  1706.207  0.66266  0.526E-08  0.271E-06  pot  B   0.1000
        90  -1.604704  1706.207  0.66266  0.415E-08  0.445E-06  pot  B   0.1000
        91  -1.604704  1706.207  0.66266  0.409E-08  0.239E-06  pot  B   0.1000
        92  -1.604704  1706.207  0.66266  0.272E-08  0.286E-06  pot  B   0.1000
        93  -1.604704  1706.207  0.66266  0.271E-08  0.271E-06  pot  B   0.1000
        94  -1.604704  1706.207  0.66266  0.262E-08  0.225E-06  pot  B   0.1000
        95  -1.604704  1706.207  0.66266  0.210E-08  0.217E-06  pot  B   0.1000
        96  -1.604704  1706.207  0.66266  0.167E-08  0.194E-06  pot  B   0.1000
        97  -1.604704  1706.207  0.66266  0.177E-08  0.146E-06  pot  B   0.1000
        98  -1.604704  1706.207  0.66266  0.208E-08  0.138E-06  pot  B   0.1000
        99  -1.604704  1706.207  0.66266  0.148E-08  0.196E-06  pot  B   0.1000
       100  -1.604704  1706.207  0.66266  0.210E-08  0.128E-06  pot  B   0.1000
       101  -1.604704  1706.207  0.66266  0.130E-08  0.112E-06  pot  B   0.1000
       102  -1.604704  1706.207  0.66266  0.194E-08  0.898E-07  pot  B   0.1000
       103  -1.604704  1706.207  0.66266  0.134E-08  0.662E-07  pot  B   0.1000
       104  -1.604704  1706.207  0.66266  0.700E-09  0.604E-07  pot  B   0.1000
       105  -1.604704  1706.207  0.66266  0.140E-08  0.539E-07  pot  B   0.1000
       106  -1.604704  1706.207  0.66266  0.108E-08  0.525E-07  pot  B   0.1000
       107  -1.604704  1706.207  0.66266  0.365E-09  0.567E-07  pot  B   0.1000
       108  -1.604704  1706.207  0.66266  0.395E-09  0.601E-07  pot  B   0.1000
       109  -1.604704  1706.207  0.66266  0.352E-09  0.461E-07  pot  B   0.1000
       110  -1.604704  1706.207  0.66266  0.368E-09  0.347E-07  pot  B   0.1000
       111  -1.604704  1706.207  0.66266  0.257E-09  0.339E-07  pot  B   0.1000
       112  -1.604704  1706.207  0.66266  0.214E-09  0.446E-07  pot  B   0.1000
       113  -1.604704  1706.207  0.66266  0.183E-09  0.228E-07  pot  B   0.1000
       114  -1.604704  1706.207  0.66266  0.180E-09  0.328E-07  pot  B   0.1000
       115  -1.604704  1706.207  0.66266  0.143E-09  0.140E-07  pot  B   0.1000
       116  -1.604704  1706.207  0.66266  0.122E-09  0.169E-07  pot  B   0.1000
       117  -1.604704  1706.207  0.66266  0.115E-09  0.188E-07  pot  B   0.1000
       118  -1.604704  1706.207  0.66266  0.119E-09  0.143E-07  pot  B   0.1000
       119  -1.604704  1706.207  0.66266  0.125E-09  0.177E-07  pot  B   0.1000
       120  -1.604704  1706.207  0.66266  0.758E-10  0.138E-07  pot  B   0.1000
       121  -1.604704  1706.207  0.66266  0.780E-10  0.131E-07  pot  B   0.1000
       122  -1.604704  1706.207  0.66266  0.811E-10  0.834E-08  pot  B   0.1000
**     123  -1.604704  1706.207  0.66266  0.526E-12  0.834E-08  pot  B   0.1000
**     124  -1.604704  1706.207  0.66266  0.526E-12  0.834E-08  pot  B   0.1000
