 Atom   Index      Q          Qmt        dQ        Vmad        Local Energy
  W         1   73.65754   72.35631   -0.34246    1.93888      -32312.62607
  W         2   74.01273   72.71150    0.01273    1.57797      -32312.39303
  W         3   73.91096   72.60973   -0.08904    1.68532      -32312.46768
  W         4   73.77043   72.46920   -0.22957    1.82420      -32312.55271
  W         5   73.66343   72.36220   -0.33657    1.93377      -32312.62538
  W         6   73.83359   72.53236   -0.16641    1.76474      -32312.51638
  W         7   73.86854   72.56731   -0.13146    1.72431      -32312.48293
  W         8   73.84148   72.54025   -0.15852    1.75893      -32312.51421
  W         9   73.75945   72.45822   -0.24055    1.84736      -32312.57989
  W        10   73.78028   72.47905   -0.21972    1.82072      -32312.55183
  W        11   73.91532   72.61409   -0.08468    1.67809      -32312.46382
  W        12   73.82329   72.52207   -0.17671    1.77048      -32312.51242
  W        13   73.84309   72.54186   -0.15691    1.74961      -32312.49942
  W        14   73.66898   72.36775   -0.33102    1.92530      -32312.61378
  W        15   73.88126   72.58003   -0.11874    1.71424      -32312.48447
  W        16   73.78559   72.48436   -0.21441    1.80737      -32312.54050
  W        17   73.77876   72.47753   -0.22124    1.81330      -32312.53658
  W        18   73.79785   72.49663   -0.20215    1.79822      -32312.53254
  W        19   73.90999   72.60876   -0.09001    1.68525      -32312.46156
  W        20   73.80781   72.50658   -0.19219    1.78408      -32312.52335
  W        21   73.96568   72.66445   -0.03432    1.62004      -32312.42042
  W        22   73.73829   72.43706   -0.26171    1.85671      -32312.57121
  W        23   73.79127   72.49004   -0.20873    1.80525      -32312.54124
  W        24   73.85954   72.55832   -0.14046    1.72738      -32312.47539
  W        25   73.71165   72.41042   -0.28835    1.88433      -32312.58172
  W        26   73.85239   72.55116   -0.14761    1.73732      -32312.48840
  W        27   73.80165   72.50042   -0.19835    1.77869      -32312.50596
  W        28   73.90602   72.60480   -0.09398    1.68418      -32312.46421
  W        29   73.90662   72.60539   -0.09338    1.68114      -32312.45399
  W        30   73.91768   72.61646   -0.08232    1.68659      -32312.47298
  W        31   73.91780   72.61657   -0.08220    1.68088      -32312.46193
  W        32   73.82954   72.52831   -0.17046    1.76512      -32312.51684
  Nb       33   40.86860   39.56737   -0.13140    1.76471       -7632.62171
  Nb       34   40.95672   39.65549   -0.04328    1.67130       -7632.54773
  Nb       35   40.77424   39.47302   -0.22576    1.85618       -7632.66620
  Nb       36   40.92396   39.62273   -0.07604    1.70050       -7632.57290
  Nb       37   41.08301   39.78178    0.08301    1.53900       -7632.46346
  Nb       38   41.03143   39.73021    0.03143    1.59267       -7632.49978
  Nb       39   41.05782   39.75659    0.05782    1.57724       -7632.50227
  Nb       40   40.96054   39.65931   -0.03946    1.66300       -7632.53954
  Nb       41   40.78410   39.48288   -0.21590    1.84880       -7632.66718
  Nb       42   40.96509   39.66386   -0.03491    1.65967       -7632.53707
  Nb       43   40.81502   39.51379   -0.18498    1.81000       -7632.64223
  Nb       44   40.96399   39.66276   -0.03601    1.65835       -7632.53402
  Nb       45   40.88090   39.57968   -0.11910    1.73890       -7632.59354
  Nb       46   40.78575   39.48452   -0.21425    1.84561       -7632.66070
  Nb       47   40.83920   39.53797   -0.16080    1.78767       -7632.62211
  Nb       48   40.85508   39.55385   -0.14492    1.77182       -7632.61458
  Nb       49   40.80062   39.49939   -0.19938    1.82961       -7632.66047
  Nb       50   41.07781   39.77658    0.07781    1.54742       -7632.46862
  Nb       51   40.85260   39.55138   -0.14740    1.77548       -7632.61219
  Nb       52   40.83500   39.53377   -0.16500    1.79066       -7632.62957
  Nb       53   40.97015   39.66892   -0.02985    1.65787       -7632.54609
  Nb       54   40.89429   39.59306   -0.10571    1.72769       -7632.58554
  Nb       55   40.84460   39.54337   -0.15540    1.77989       -7632.62488
  Nb       56   41.03966   39.73844    0.03966    1.59034       -7632.49798
  Nb       57   40.99660   39.69537   -0.00340    1.63076       -7632.52721
  Nb       58   40.86602   39.56479   -0.13398    1.75948       -7632.60548
  Nb       59   40.88348   39.58225   -0.11652    1.73869       -7632.59189
  Nb       60   41.05537   39.75415    0.05537    1.56873       -7632.48751
  Nb       61   40.95163   39.65041   -0.04837    1.68045       -7632.56044
  Nb       62   40.87765   39.57642   -0.12235    1.75162       -7632.61171
  Nb       63   40.94084   39.63962   -0.05916    1.68255       -7632.55081
  Nb       64   40.94336   39.64213   -0.05664    1.68474       -7632.55748
  Mo       65   42.02352   40.72229    0.02352    1.70483       -8090.60444
  Mo       66   42.01380   40.71257    0.01380    1.70057       -8090.60074
  Mo       67   42.16735   40.86612    0.16735    1.54042       -8090.49635
  Mo       68   42.09213   40.79090    0.09213    1.61904       -8090.54010
  Mo       69   42.07853   40.77731    0.07853    1.63029       -8090.54077
  Mo       70   42.02020   40.71898    0.02020    1.69167       -8090.58097
  Mo       71   42.14477   40.84354    0.14477    1.57439       -8090.51811
  Mo       72   42.00116   40.69993    0.00116    1.70938       -8090.58771
  Mo       73   41.98898   40.68775   -0.01102    1.72656       -8090.60041
  Mo       74   42.10112   40.79989    0.10112    1.60814       -8090.52810
  Mo       75   42.16246   40.86123    0.16246    1.55941       -8090.50581
  Mo       76   41.93550   40.63428   -0.06450    1.77961       -8090.63467
  Mo       77   42.08905   40.78783    0.08905    1.62975       -8090.55095
  Mo       78   41.97729   40.67607   -0.02271    1.74675       -8090.62708
  Mo       79   42.17272   40.87150    0.17272    1.54450       -8090.50142
  Mo       80   42.14779   40.84657    0.14779    1.57037       -8090.51337
  Mo       81   42.18033   40.87911    0.18033    1.53248       -8090.48617
  Mo       82   42.21739   40.91616    0.21739    1.50208       -8090.48105
  Mo       83   42.05268   40.75145    0.05268    1.65669       -8090.55735
  Mo       84   42.06386   40.76264    0.06386    1.65494       -8090.56371
  Mo       85   41.96407   40.66284   -0.03593    1.75488       -8090.62987
  Mo       86   42.09594   40.79471    0.09594    1.62881       -8090.55592
  Mo       87   41.96634   40.66511   -0.03366    1.75948       -8090.63249
  Mo       88   42.06596   40.76474    0.06596    1.65499       -8090.56758
  Mo       89   42.07616   40.77493    0.07616    1.64377       -8090.56570
  Mo       90   42.10752   40.80630    0.10752    1.60757       -8090.52446
  Mo       91   42.00170   40.70048    0.00170    1.71671       -8090.59990
  Mo       92   42.05122   40.74999    0.05122    1.67403       -8090.58713
  Mo       93   41.87953   40.57831   -0.12047    1.84421       -8090.68616
  Mo       94   42.06691   40.76568    0.06691    1.64002       -8090.54031
  Mo       95   42.06243   40.76120    0.06243    1.64619       -8090.55297
  Mo       96   42.01220   40.71097    0.01220    1.70727       -8090.58957
  Ta       97   72.65777   71.35655   -0.34223    1.88001      -31232.99277
  Ta       98   72.64563   71.34440   -0.35437    1.88974      -31232.99931
  Ta       99   72.77650   71.47528   -0.22350    1.75488      -31232.92149
  Ta      100   72.76281   71.46159   -0.23719    1.77744      -31232.92258
  Ta      101   72.61432   71.31310   -0.38568    1.92066      -31233.03722
  Ta      102   72.67256   71.37133   -0.32744    1.85795      -31232.97709
  Ta      103   72.72831   71.42708   -0.27169    1.80528      -31232.94635
  Ta      104   72.85187   71.55065   -0.14813    1.69021      -31232.87246
  Ta      105   72.71973   71.41850   -0.28027    1.81412      -31232.95227
  Ta      106   72.66410   71.36287   -0.33590    1.86707      -31232.97830
  Ta      107   72.77513   71.47391   -0.22487    1.75913      -31232.92462
  Ta      108   72.68696   71.38573   -0.31304    1.85556      -31232.98777
  Ta      109   72.82707   71.52584   -0.17293    1.70789      -31232.88316
  Ta      110   72.80405   71.50282   -0.19595    1.72638      -31232.88952
  Ta      111   72.64200   71.34077   -0.35800    1.88202      -31232.98862
  Ta      112   72.68989   71.38866   -0.31011    1.84427      -31232.96903
  Ta      113   72.76669   71.46547   -0.23331    1.76846      -31232.92183
  Ta      114   72.90710   71.60587   -0.09290    1.62548      -31232.83183
  Ta      115   72.78213   71.48091   -0.21787    1.75671      -31232.91620
  Ta      116   72.68797   71.38675   -0.31203    1.84669      -31232.97171
  Ta      117   72.66134   71.36012   -0.33866    1.87152      -31232.98440
  Ta      118   72.79009   71.48886   -0.20991    1.74371      -31232.90199
  Ta      119   72.75447   71.45324   -0.24553    1.77672      -31232.92493
  Ta      120   72.69152   71.39029   -0.30848    1.83990      -31232.97014
  Ta      121   72.68570   71.38447   -0.31430    1.85219      -31232.97422
  Ta      122   72.80196   71.50074   -0.19804    1.73452      -31232.90415
  Ta      123   72.76862   71.46740   -0.23138    1.75901      -31232.90937
  Ta      124   72.77281   71.47159   -0.22719    1.76916      -31232.92042
  Ta      125   72.60171   71.30049   -0.39829    1.93267      -31233.03061
  Ta      126   72.68474   71.38352   -0.31526    1.85378      -31232.97825
  Ta      127   72.68619   71.38496   -0.31381    1.85018      -31232.99034
  Ta      128   72.78827   71.48705   -0.21173    1.73883      -31232.90030
  V       129   23.57042   22.26920    0.57042    1.37204       -1895.12933
  V       130   23.37217   22.07094    0.37217    1.57572       -1895.25902
  V       131   23.47323   22.17200    0.47323    1.47323       -1895.18578
  V       132   23.53595   22.23472    0.53595    1.41194       -1895.14733
  V       133   23.38296   22.08174    0.38296    1.57169       -1895.25028
  V       134   23.47019   22.16896    0.47019    1.47627       -1895.19619
  V       135   23.41893   22.11770    0.41893    1.52359       -1895.22789
  V       136   23.35694   22.05571    0.35694    1.59616       -1895.26544
  V       137   23.42338   22.12215    0.42338    1.52343       -1895.21894
  V       138   23.43932   22.13810    0.43932    1.51012       -1895.20640
  V       139   23.34457   22.04335    0.34457    1.61438       -1895.28529
  V       140   23.43486   22.13363    0.43486    1.51603       -1895.22344
  V       141   23.44406   22.14283    0.44406    1.50486       -1895.21934
  V       142   23.61087   22.30965    0.61087    1.32877       -1895.09582
  V       143   23.49869   22.19746    0.49869    1.44293       -1895.15845
  V       144   23.51727   22.21605    0.51727    1.42851       -1895.15734
  V       145   23.44165   22.14042    0.44165    1.50461       -1895.21860
  V       146   23.49481   22.19358    0.49481    1.45235       -1895.18229
  V       147   23.53172   22.23050    0.53172    1.40656       -1895.14651
  V       148   23.29035   21.98913    0.29035    1.66808       -1895.30341
  V       149   23.57873   22.27750    0.57873    1.36731       -1895.13627
  V       150   23.23679   21.93556    0.23679    1.72157       -1895.33166
  V       151   23.42487   22.12365    0.42487    1.52513       -1895.22088
  V       152   23.60737   22.30614    0.60737    1.33102       -1895.09453
  V       153   23.45538   22.15416    0.45538    1.49072       -1895.19921
  V       154   23.44943   22.14821    0.44943    1.49460       -1895.20268
  V       155   23.49700   22.19577    0.49700    1.44383       -1895.17034
  V       156   23.53431   22.23309    0.53431    1.40559       -1895.15761
  V       157   23.38857   22.08735    0.38857    1.56105       -1895.23894
  V       158   23.50153   22.20031    0.50153    1.44628       -1895.19544
  V       159   23.54142   22.24020    0.54142    1.40248       -1895.14633
  V       160   23.51802   22.21679    0.51802    1.43125       -1895.16464
