System Description            : WNbMoTaV, BCC structure                         
Number of Atoms in Unit Cell  : 640                                             
Number of Atomic Species      : 5                                               
Number of Atoms in Each Type  : 128(W), 128(Nb), 128(Mo), 128(Ta), 128(V)       
Energy Offset                 : -16231                                          
=======================================================================================
    Iter     Energy      3PV     Efermi   Rms_rho    Rms_pot   Mix  Alg  Alpha 
---------------------------------------------------------------------------------------
**       1  -0.861004  1839.059  0.58702  0.140E+01  0.214E+00  pot  B   0.1000
         2  -0.547194  1817.202  0.60191  0.821E-02  0.222E+01  pot  B   0.1000
         3  -1.140291  1815.226  0.59932  0.472E-02  0.874E+00  pot  B   0.1000
         4  -1.103999  1809.521  0.60384  0.411E-02  0.114E+01  pot  B   0.1000
         5  -1.233296  1801.443  0.61045  0.374E-02  0.114E+01  pot  B   0.1000
         6  -1.410160  1792.812  0.61532  0.376E-02  0.479E+00  pot  B   0.1000
         7  -1.494232  1775.689  0.62081  0.585E-02  0.730E+00  pot  B   0.1000
         8  -1.515264  1764.483  0.62467  0.388E-02  0.887E+00  pot  B   0.1000
         9  -1.645445  1750.284  0.62772  0.490E-02  0.329E+00  pot  B   0.1000
        10  -1.685205  1740.393  0.63127  0.417E-02  0.359E+00  pot  B   0.1000
        11  -1.689468  1735.720  0.63362  0.257E-02  0.401E+00  pot  B   0.1000
        12  -1.713254  1731.833  0.63502  0.154E-02  0.210E+00  pot  B   0.1000
        13  -1.722747  1728.570  0.63651  0.135E-02  0.138E+00  pot  B   0.1000
        14  -1.728926  1725.359  0.63738  0.140E-02  0.166E+00  pot  B   0.1000
        15  -1.736955  1722.698  0.63804  0.143E-02  0.167E+00  pot  B   0.1000
        16  -1.737822  1719.532  0.63900  0.135E-02  0.216E+00  pot  B   0.1000
        17  -1.746593  1714.696  0.64020  0.246E-02  0.128E+00  pot  B   0.1000
        18  -1.750124  1711.422  0.64141  0.145E-02  0.129E+00  pot  B   0.1000
        19  -1.754392  1706.805  0.64302  0.232E-02  0.856E-01  pot  B   0.1000
        20  -1.755063  1706.688  0.64332  0.444E-03  0.947E-01  pot  B   0.1000
        21  -1.756554  1706.226  0.64373  0.407E-03  0.366E-01  pot  B   0.1000
        22  -1.757180  1705.306  0.64435  0.623E-03  0.278E-01  pot  B   0.1000
        23  -1.757419  1705.686  0.64447  0.331E-03  0.475E-01  pot  B   0.1000
        24  -1.757687  1705.730  0.64462  0.239E-03  0.339E-01  pot  B   0.1000
        25  -1.757815  1705.495  0.64496  0.223E-03  0.360E-01  pot  B   0.1000
        26  -1.758158  1705.794  0.64558  0.313E-03  0.288E-01  pot  B   0.1000
        27  -1.758004  1705.211  0.64589  0.302E-03  0.428E-01  pot  B   0.1000
        28  -1.758301  1705.580  0.64624  0.156E-03  0.226E-01  pot  B   0.1000
        29  -1.758384  1705.648  0.64655  0.155E-03  0.116E-01  pot  B   0.1000
        30  -1.758409  1705.657  0.64660  0.920E-04  0.914E-02  pot  B   0.1000
        31  -1.758452  1705.807  0.64689  0.807E-04  0.934E-02  pot  B   0.1000
        32  -1.758480  1705.864  0.64713  0.895E-04  0.730E-02  pot  B   0.1000
        33  -1.758497  1705.958  0.64749  0.109E-03  0.123E-01  pot  B   0.1000
        34  -1.758532  1706.103  0.64788  0.688E-04  0.125E-01  pot  B   0.1000
        35  -1.758552  1706.155  0.64812  0.723E-04  0.984E-02  pot  B   0.1000
        36  -1.758570  1706.275  0.64846  0.641E-04  0.894E-02  pot  B   0.1000
        37  -1.758587  1706.343  0.64865  0.424E-04  0.703E-02  pot  B   0.1000
        38  -1.758601  1706.410  0.64884  0.387E-04  0.506E-02  pot  B   0.1000
        39  -1.758611  1706.442  0.64896  0.541E-04  0.499E-02  pot  B   0.1000
        40  -1.758616  1706.456  0.64899  0.362E-04  0.417E-02  pot  B   0.1000
        41  -1.758625  1706.500  0.64912  0.309E-04  0.391E-02  pot  B   0.1000
        42  -1.758630  1706.526  0.64917  0.276E-04  0.262E-02  pot  B   0.1000
        43  -1.758633  1706.561  0.64924  0.274E-04  0.360E-02  pot  B   0.1000
        44  -1.758638  1706.590  0.64928  0.258E-04  0.235E-02  pot  B   0.1000
        45  -1.758640  1706.609  0.64930  0.391E-04  0.315E-02  pot  B   0.1000
        46  -1.758642  1706.626  0.64931  0.134E-04  0.249E-02  pot  B   0.1000
        47  -1.758643  1706.633  0.64931  0.119E-04  0.158E-02  pot  B   0.1000
        48  -1.758644  1706.648  0.64929  0.121E-04  0.138E-02  pot  B   0.1000
        49  -1.758644  1706.660  0.64929  0.113E-04  0.167E-02  pot  B   0.1000
        50  -1.758644  1706.676  0.64926  0.134E-04  0.149E-02  pot  B   0.1000
        51  -1.758644  1706.697  0.64924  0.190E-04  0.198E-02  pot  B   0.1000
        52  -1.758644  1706.716  0.64922  0.137E-04  0.171E-02  pot  B   0.1000
        53  -1.758645  1706.732  0.64920  0.120E-04  0.199E-02  pot  B   0.1000
        54  -1.758645  1706.746  0.64918  0.110E-04  0.825E-03  pot  B   0.1000
        55  -1.758645  1706.764  0.64915  0.122E-04  0.792E-03  pot  B   0.1000
        56  -1.758644  1706.776  0.64913  0.803E-05  0.633E-03  pot  B   0.1000
        57  -1.758644  1706.789  0.64910  0.111E-04  0.988E-03  pot  B   0.1000
        58  -1.758644  1706.798  0.64908  0.612E-05  0.956E-03  pot  B   0.1000
        59  -1.758644  1706.806  0.64906  0.495E-05  0.114E-02  pot  B   0.1000
        60  -1.758643  1706.815  0.64904  0.656E-05  0.601E-03  pot  B   0.1000
        61  -1.758643  1706.822  0.64903  0.509E-05  0.765E-03  pot  B   0.1000
        62  -1.758643  1706.827  0.64901  0.370E-05  0.591E-03  pot  B   0.1000
        63  -1.758643  1706.830  0.64900  0.488E-05  0.576E-03  pot  B   0.1000
        64  -1.758643  1706.830  0.64900  0.286E-05  0.360E-03  pot  B   0.1000
        65  -1.758643  1706.832  0.64899  0.185E-05  0.400E-03  pot  B   0.1000
        66  -1.758643  1706.832  0.64899  0.216E-05  0.256E-03  pot  B   0.1000
        67  -1.758643  1706.832  0.64898  0.286E-05  0.218E-03  pot  B   0.1000
        68  -1.758643  1706.833  0.64897  0.325E-05  0.270E-03  pot  B   0.1000
        69  -1.758643  1706.832  0.64897  0.295E-05  0.303E-03  pot  B   0.1000
        70  -1.758643  1706.832  0.64896  0.200E-05  0.233E-03  pot  B   0.1000
        71  -1.758643  1706.831  0.64896  0.123E-05  0.216E-03  pot  B   0.1000
        72  -1.758643  1706.830  0.64895  0.126E-05  0.147E-03  pot  B   0.1000
        73  -1.758643  1706.828  0.64895  0.101E-05  0.161E-03  pot  B   0.1000
        74  -1.758643  1706.827  0.64895  0.129E-05  0.169E-03  pot  B   0.1000
        75  -1.758643  1706.825  0.64895  0.131E-05  0.216E-03  pot  B   0.1000
        76  -1.758643  1706.823  0.64895  0.183E-05  0.213E-03  pot  B   0.1000
        77  -1.758643  1706.822  0.64894  0.862E-06  0.185E-03  pot  B   0.1000
        78  -1.758643  1706.820  0.64894  0.114E-05  0.102E-03  pot  B   0.1000
        79  -1.758643  1706.817  0.64894  0.160E-05  0.848E-04  pot  B   0.1000
        80  -1.758643  1706.816  0.64894  0.933E-06  0.705E-04  pot  B   0.1000
        81  -1.758643  1706.815  0.64894  0.515E-06  0.700E-04  pot  B   0.1000
        82  -1.758643  1706.814  0.64894  0.653E-06  0.658E-04  pot  B   0.1000
        83  -1.758643  1706.813  0.64894  0.516E-06  0.957E-04  pot  B   0.1000
        84  -1.758643  1706.812  0.64894  0.619E-06  0.911E-04  pot  B   0.1000
        85  -1.758643  1706.811  0.64894  0.484E-06  0.956E-04  pot  B   0.1000
        86  -1.758643  1706.810  0.64894  0.500E-06  0.959E-04  pot  B   0.1000
        87  -1.758643  1706.810  0.64894  0.374E-06  0.579E-04  pot  B   0.1000
        88  -1.758643  1706.809  0.64894  0.516E-06  0.564E-04  pot  B   0.1000
        89  -1.758643  1706.809  0.64894  0.247E-06  0.534E-04  pot  B   0.1000
        90  -1.758643  1706.808  0.64894  0.281E-06  0.438E-04  pot  B   0.1000
        91  -1.758643  1706.808  0.64894  0.413E-06  0.246E-04  pot  B   0.1000
        92  -1.758643  1706.808  0.64894  0.259E-06  0.383E-04  pot  B   0.1000
        93  -1.758643  1706.807  0.64895  0.362E-06  0.335E-04  pot  B   0.1000
        94  -1.758643  1706.807  0.64895  0.322E-06  0.308E-04  pot  B   0.1000
        95  -1.758643  1706.807  0.64895  0.372E-06  0.353E-04  pot  B   0.1000
        96  -1.758643  1706.807  0.64895  0.213E-06  0.343E-04  pot  B   0.1000
        97  -1.758643  1706.806  0.64895  0.217E-06  0.271E-04  pot  B   0.1000
        98  -1.758643  1706.806  0.64895  0.152E-06  0.291E-04  pot  B   0.1000
        99  -1.758643  1706.806  0.64895  0.159E-06  0.184E-04  pot  B   0.1000
       100  -1.758643  1706.806  0.64895  0.278E-06  0.218E-04  pot  B   0.1000
       101  -1.758643  1706.806  0.64895  0.130E-06  0.255E-04  pot  B   0.1000
       102  -1.758643  1706.806  0.64895  0.121E-06  0.234E-04  pot  B   0.1000
       103  -1.758643  1706.806  0.64895  0.282E-06  0.132E-04  pot  B   0.1000
       104  -1.758643  1706.806  0.64895  0.111E-06  0.145E-04  pot  B   0.1000
       105  -1.758643  1706.806  0.64895  0.134E-06  0.120E-04  pot  B   0.1000
       106  -1.758643  1706.806  0.64895  0.841E-07  0.856E-05  pot  B   0.1000
       107  -1.758643  1706.806  0.64895  0.958E-07  0.102E-04  pot  B   0.1000
       108  -1.758643  1706.806  0.64895  0.682E-07  0.114E-04  pot  B   0.1000
       109  -1.758643  1706.807  0.64895  0.891E-07  0.111E-04  pot  B   0.1000
       110  -1.758643  1706.807  0.64895  0.646E-07  0.123E-04  pot  B   0.1000
       111  -1.758643  1706.807  0.64895  0.573E-07  0.117E-04  pot  B   0.1000
       112  -1.758643  1706.807  0.64895  0.755E-07  0.936E-05  pot  B   0.1000
       113  -1.758643  1706.807  0.64895  0.529E-07  0.821E-05  pot  B   0.1000
       114  -1.758643  1706.807  0.64895  0.341E-07  0.783E-05  pot  B   0.1000
       115  -1.758643  1706.807  0.64895  0.624E-07  0.495E-05  pot  B   0.1000
       116  -1.758643  1706.807  0.64895  0.344E-07  0.310E-05  pot  B   0.1000
       117  -1.758643  1706.807  0.64895  0.465E-07  0.614E-05  pot  B   0.1000
       118  -1.758643  1706.807  0.64895  0.496E-07  0.395E-05  pot  B   0.1000
       119  -1.758643  1706.807  0.64895  0.523E-07  0.573E-05  pot  B   0.1000
       120  -1.758643  1706.807  0.64895  0.350E-07  0.647E-05  pot  B   0.1000
       121  -1.758643  1706.807  0.64895  0.442E-07  0.371E-05  pot  B   0.1000
       122  -1.758643  1706.807  0.64895  0.280E-07  0.411E-05  pot  B   0.1000
       123  -1.758643  1706.807  0.64895  0.201E-07  0.345E-05  pot  B   0.1000
       124  -1.758643  1706.807  0.64895  0.377E-07  0.357E-05  pot  B   0.1000
       125  -1.758643  1706.807  0.64895  0.171E-07  0.295E-05  pot  B   0.1000
       126  -1.758643  1706.807  0.64895  0.182E-07  0.360E-05  pot  B   0.1000
       127  -1.758643  1706.807  0.64895  0.436E-07  0.284E-05  pot  B   0.1000
       128  -1.758643  1706.807  0.64895  0.209E-07  0.208E-05  pot  B   0.1000
       129  -1.758643  1706.808  0.64895  0.217E-07  0.271E-05  pot  B   0.1000
       130  -1.758643  1706.808  0.64895  0.392E-07  0.194E-05  pot  B   0.1000
       131  -1.758643  1706.808  0.64895  0.244E-07  0.180E-05  pot  B   0.1000
       132  -1.758643  1706.808  0.64895  0.113E-07  0.197E-05  pot  B   0.1000
       133  -1.758643  1706.808  0.64895  0.190E-07  0.167E-05  pot  B   0.1000
       134  -1.758643  1706.808  0.64895  0.117E-07  0.192E-05  pot  B   0.1000
       135  -1.758643  1706.808  0.64895  0.125E-07  0.198E-05  pot  B   0.1000
       136  -1.758643  1706.808  0.64895  0.140E-07  0.205E-05  pot  B   0.1000
       137  -1.758643  1706.808  0.64895  0.140E-07  0.141E-05  pot  B   0.1000
       138  -1.758643  1706.808  0.64895  0.104E-07  0.164E-05  pot  B   0.1000
       139  -1.758643  1706.808  0.64895  0.108E-07  0.156E-05  pot  B   0.1000
       140  -1.758643  1706.808  0.64895  0.117E-07  0.104E-05  pot  B   0.1000
       141  -1.758643  1706.808  0.64895  0.868E-08  0.118E-05  pot  B   0.1000
       142  -1.758643  1706.808  0.64895  0.873E-08  0.823E-06  pot  B   0.1000
       143  -1.758643  1706.808  0.64895  0.821E-08  0.563E-06  pot  B   0.1000
       144  -1.758643  1706.808  0.64895  0.574E-08  0.910E-06  pot  B   0.1000
       145  -1.758643  1706.808  0.64895  0.675E-08  0.101E-05  pot  B   0.1000
       146  -1.758643  1706.808  0.64895  0.494E-08  0.979E-06  pot  B   0.1000
       147  -1.758643  1706.808  0.64895  0.435E-08  0.719E-06  pot  B   0.1000
       148  -1.758643  1706.808  0.64895  0.428E-08  0.805E-06  pot  B   0.1000
       149  -1.758643  1706.808  0.64895  0.307E-08  0.552E-06  pot  B   0.1000
       150  -1.758643  1706.808  0.64895  0.357E-08  0.739E-06  pot  B   0.1000
       151  -1.758643  1706.808  0.64895  0.439E-08  0.690E-06  pot  B   0.1000
       152  -1.758643  1706.808  0.64895  0.459E-08  0.322E-06  pot  B   0.1000
       153  -1.758643  1706.808  0.64895  0.397E-08  0.530E-06  pot  B   0.1000
       154  -1.758643  1706.808  0.64895  0.413E-08  0.501E-06  pot  B   0.1000
       155  -1.758643  1706.808  0.64895  0.502E-08  0.312E-06  pot  B   0.1000
       156  -1.758643  1706.808  0.64895  0.318E-08  0.313E-06  pot  B   0.1000
       157  -1.758643  1706.808  0.64895  0.394E-08  0.343E-06  pot  B   0.1000
       158  -1.758643  1706.808  0.64895  0.158E-08  0.376E-06  pot  B   0.1000
       159  -1.758643  1706.808  0.64895  0.290E-08  0.287E-06  pot  B   0.1000
       160  -1.758643  1706.808  0.64895  0.357E-08  0.359E-06  pot  B   0.1000
       161  -1.758643  1706.808  0.64895  0.149E-08  0.290E-06  pot  B   0.1000
       162  -1.758643  1706.808  0.64895  0.306E-08  0.403E-06  pot  B   0.1000
       163  -1.758643  1706.808  0.64895  0.432E-08  0.294E-06  pot  B   0.1000
       164  -1.758643  1706.808  0.64895  0.211E-08  0.221E-06  pot  B   0.1000
       165  -1.758643  1706.808  0.64895  0.319E-08  0.203E-06  pot  B   0.1000
       166  -1.758643  1706.808  0.64895  0.189E-08  0.182E-06  pot  B   0.1000
       167  -1.758643  1706.808  0.64895  0.257E-08  0.205E-06  pot  B   0.1000
       168  -1.758643  1706.808  0.64895  0.117E-08  0.161E-06  pot  B   0.1000
       169  -1.758643  1706.808  0.64895  0.211E-08  0.137E-06  pot  B   0.1000
       170  -1.758643  1706.808  0.64895  0.170E-08  0.199E-06  pot  B   0.1000
       171  -1.758643  1706.808  0.64895  0.870E-09  0.164E-06  pot  B   0.1000
       172  -1.758643  1706.808  0.64895  0.196E-08  0.185E-06  pot  B   0.1000
       173  -1.758643  1706.808  0.64895  0.816E-09  0.131E-06  pot  B   0.1000
       174  -1.758643  1706.808  0.64895  0.946E-09  0.162E-06  pot  B   0.1000
       175  -1.758643  1706.808  0.64895  0.151E-08  0.151E-06  pot  B   0.1000
       176  -1.758643  1706.808  0.64895  0.689E-09  0.724E-07  pot  B   0.1000
       177  -1.758643  1706.808  0.64895  0.939E-09  0.100E-06  pot  B   0.1000
       178  -1.758643  1706.808  0.64895  0.766E-09  0.945E-07  pot  B   0.1000
       179  -1.758643  1706.808  0.64895  0.578E-09  0.846E-07  pot  B   0.1000
       180  -1.758643  1706.808  0.64895  0.596E-09  0.926E-07  pot  B   0.1000
       181  -1.758643  1706.808  0.64895  0.592E-09  0.555E-07  pot  B   0.1000
       182  -1.758643  1706.808  0.64895  0.540E-09  0.839E-07  pot  B   0.1000
       183  -1.758643  1706.808  0.64895  0.344E-09  0.684E-07  pot  B   0.1000
       184  -1.758643  1706.808  0.64895  0.695E-09  0.710E-07  pot  B   0.1000
       185  -1.758643  1706.808  0.64895  0.357E-09  0.536E-07  pot  B   0.1000
       186  -1.758643  1706.808  0.64895  0.369E-09  0.607E-07  pot  B   0.1000
       187  -1.758643  1706.808  0.64895  0.649E-09  0.720E-07  pot  B   0.1000
       188  -1.758643  1706.808  0.64895  0.371E-09  0.531E-07  pot  B   0.1000
       189  -1.758643  1706.808  0.64895  0.467E-09  0.458E-07  pot  B   0.1000
       190  -1.758643  1706.808  0.64895  0.536E-09  0.517E-07  pot  B   0.1000
       191  -1.758643  1706.808  0.64895  0.381E-09  0.427E-07  pot  B   0.1000
       192  -1.758643  1706.808  0.64895  0.313E-09  0.332E-07  pot  B   0.1000
       193  -1.758643  1706.808  0.64895  0.428E-09  0.250E-07  pot  B   0.1000
       194  -1.758643  1706.808  0.64895  0.386E-09  0.321E-07  pot  B   0.1000
       195  -1.758643  1706.808  0.64895  0.174E-09  0.336E-07  pot  B   0.1000
       196  -1.758643  1706.808  0.64895  0.558E-09  0.307E-07  pot  B   0.1000
       197  -1.758643  1706.808  0.64895  0.189E-09  0.367E-07  pot  B   0.1000
       198  -1.758643  1706.808  0.64895  0.353E-09  0.328E-07  pot  B   0.1000
       199  -1.758643  1706.808  0.64895  0.445E-09  0.384E-07  pot  B   0.1000
       200  -1.758643  1706.808  0.64895  0.162E-09  0.219E-07  pot  B   0.1000
**     201  -1.758643  1706.808  0.64895  0.152E-11  0.219E-07  pot  B   0.1000
