System Description            : WNbMoTaV, BCC structure                         
Number of Atoms in Unit Cell  : 40                                              
Number of Atomic Species      : 5                                               
Number of Atoms in Each Type  : 8(W), 8(Nb), 8(Mo), 8(Ta), 8(V)                 
Energy Offset                 : -16231                                          
=======================================================================================
    Iter     Energy      3PV     Efermi   Rms_rho    Rms_pot   Mix  Alg  Alpha 
---------------------------------------------------------------------------------------
**       1  -0.862627  1839.086  0.58509  0.140E+01  0.143E+00  pot  B   0.1000
         2  -1.086287  1816.619  0.59682  0.770E-02  0.415E+00  pot  B   0.1000
         3  -1.224575  1811.732  0.59957  0.315E-02  0.345E+00  pot  B   0.1000
         4  -1.412753  1796.558  0.61050  0.497E-02  0.185E+00  pot  B   0.1000
         5  -1.435577  1779.825  0.61938  0.560E-02  0.367E+00  pot  B   0.1000
         6  -1.654327  1747.214  0.62526  0.109E-01  0.139E+00  pot  B   0.1000
         7  -1.705766  1736.011  0.63122  0.395E-02  0.776E-01  pot  B   0.1000
         8  -1.726484  1727.740  0.63624  0.360E-02  0.714E-01  pot  B   0.1000
         9  -1.742571  1720.711  0.63774  0.340E-02  0.443E-01  pot  B   0.1000
        10  -1.754641  1712.245  0.63914  0.438E-02  0.253E-01  pot  B   0.1000
        11  -1.757242  1708.807  0.64030  0.193E-02  0.312E-01  pot  B   0.1000
        12  -1.758378  1707.601  0.64179  0.827E-03  0.629E-02  pot  B   0.1000
        13  -1.758511  1707.278  0.64274  0.321E-03  0.804E-02  pot  B   0.1000
        14  -1.758688  1707.049  0.64384  0.241E-03  0.303E-02  pot  B   0.1000
        15  -1.758842  1706.936  0.64561  0.357E-03  0.367E-02  pot  B   0.1000
        16  -1.758909  1706.876  0.64704  0.226E-03  0.252E-02  pot  B   0.1000
        17  -1.758906  1706.832  0.64741  0.735E-04  0.998E-03  pot  B   0.1000
        18  -1.758908  1706.832  0.64752  0.396E-04  0.870E-03  pot  B   0.1000
        19  -1.758909  1706.811  0.64761  0.477E-04  0.632E-03  pot  B   0.1000
        20  -1.758910  1706.801  0.64767  0.244E-04  0.432E-03  pot  B   0.1000
        21  -1.758909  1706.801  0.64769  0.145E-04  0.275E-03  pot  B   0.1000
        22  -1.758909  1706.800  0.64772  0.805E-05  0.161E-03  pot  B   0.1000
        23  -1.758910  1706.806  0.64774  0.818E-05  0.140E-03  pot  B   0.1000
        24  -1.758910  1706.807  0.64775  0.501E-05  0.134E-03  pot  B   0.1000
        25  -1.758910  1706.808  0.64777  0.362E-05  0.657E-04  pot  B   0.1000
        26  -1.758910  1706.808  0.64777  0.117E-05  0.315E-04  pot  B   0.1000
        27  -1.758910  1706.808  0.64778  0.616E-06  0.250E-04  pot  B   0.1000
        28  -1.758910  1706.807  0.64779  0.765E-06  0.213E-04  pot  B   0.1000
        29  -1.758910  1706.806  0.64780  0.116E-05  0.121E-04  pot  B   0.1000
        30  -1.758910  1706.805  0.64780  0.460E-06  0.909E-05  pot  B   0.1000
        31  -1.758910  1706.805  0.64780  0.255E-06  0.726E-05  pot  B   0.1000
        32  -1.758910  1706.805  0.64780  0.134E-06  0.729E-05  pot  B   0.1000
        33  -1.758910  1706.805  0.64780  0.145E-06  0.556E-05  pot  B   0.1000
        34  -1.758910  1706.805  0.64780  0.129E-06  0.405E-05  pot  B   0.1000
        35  -1.758910  1706.805  0.64780  0.148E-06  0.318E-05  pot  B   0.1000
        36  -1.758910  1706.805  0.64780  0.956E-07  0.257E-05  pot  B   0.1000
        37  -1.758910  1706.805  0.64780  0.231E-06  0.211E-05  pot  B   0.1000
        38  -1.758910  1706.805  0.64780  0.109E-06  0.298E-05  pot  B   0.1000
        39  -1.758910  1706.805  0.64780  0.179E-06  0.133E-05  pot  B   0.1000
        40  -1.758910  1706.805  0.64780  0.281E-07  0.111E-05  pot  B   0.1000
        41  -1.758910  1706.805  0.64780  0.368E-07  0.939E-06  pot  B   0.1000
        42  -1.758910  1706.805  0.64780  0.172E-07  0.633E-06  pot  B   0.1000
        43  -1.758910  1706.805  0.64780  0.831E-08  0.190E-06  pot  B   0.1000
        44  -1.758910  1706.805  0.64780  0.694E-08  0.150E-06  pot  B   0.1000
        45  -1.758910  1706.805  0.64780  0.141E-07  0.139E-06  pot  B   0.1000
        46  -1.758910  1706.805  0.64780  0.748E-08  0.968E-07  pot  B   0.1000
        47  -1.758910  1706.805  0.64780  0.833E-08  0.130E-06  pot  B   0.1000
        48  -1.758910  1706.805  0.64780  0.320E-08  0.397E-07  pot  B   0.1000
        49  -1.758910  1706.805  0.64780  0.188E-08  0.318E-07  pot  B   0.1000
        50  -1.758910  1706.805  0.64780  0.102E-08  0.146E-07  pot  B   0.1000
        51  -1.758910  1706.805  0.64780  0.962E-09  0.167E-07  pot  B   0.1000
        52  -1.758910  1706.805  0.64780  0.818E-09  0.215E-07  pot  B   0.1000
        53  -1.758910  1706.805  0.64780  0.326E-09  0.863E-08  pot  B   0.1000
**      54  -1.758910  1706.805  0.64780  0.448E-12  0.863E-08  pot  B   0.1000
