 Atom   Index      Q          Qmt        dQ        Vmad        Local Energy
  W         1   74.02280   72.63563    0.02280    1.75611      -32312.59310
  W         2   73.93849   72.55132   -0.06151    1.82455      -32312.62887
  W         3   73.96014   72.57298   -0.03986    1.80828      -32312.61620
  W         4   73.95308   72.56592   -0.04692    1.80908      -32312.61824
  W         5   73.98348   72.59632   -0.01652    1.79008      -32312.61852
  W         6   73.87618   72.48902   -0.12382    1.88326      -32312.66485
  W         7   73.96785   72.58069   -0.03215    1.80375      -32312.61729
  W         8   74.01217   72.62500    0.01217    1.76218      -32312.59579
  W         9   73.92582   72.53866   -0.07418    1.83285      -32312.62817
  W        10   73.94947   72.56230   -0.05053    1.81481      -32312.62270
  W        11   73.94217   72.55500   -0.05783    1.81809      -32312.62893
  W        12   73.87599   72.48882   -0.12401    1.88838      -32312.67454
  W        13   73.95611   72.56894   -0.04389    1.80909      -32312.62245
  W        14   73.88765   72.50049   -0.11235    1.86615      -32312.64678
  W        15   73.96768   72.58052   -0.03232    1.79707      -32312.61455
  W        16   73.95455   72.56738   -0.04545    1.80950      -32312.62431
  Nb       17   41.05230   39.66513    0.05230    1.75575       -7632.70173
  Nb       18   41.09023   39.70307    0.09023    1.71970       -7632.67444
  Nb       19   40.95319   39.56602   -0.04681    1.84979       -7632.76014
  Nb       20   41.04334   39.65617    0.04334    1.76938       -7632.71379
  Nb       21   40.94458   39.55741   -0.05542    1.85432       -7632.75934
  Nb       22   40.99682   39.60965   -0.00318    1.80030       -7632.72990
  Nb       23   41.02682   39.63966    0.02682    1.78490       -7632.72068
  Nb       24   41.00165   39.61449    0.00165    1.80024       -7632.72997
  Nb       25   41.01102   39.62385    0.01102    1.79466       -7632.72260
  Nb       26   40.97349   39.58632   -0.02651    1.82897       -7632.74099
  Nb       27   41.05495   39.66779    0.05495    1.75228       -7632.69532
  Nb       28   41.05303   39.66587    0.05303    1.75257       -7632.69625
  Nb       29   41.06551   39.67835    0.06551    1.74305       -7632.68950
  Nb       30   40.94328   39.55612   -0.05672    1.85539       -7632.76664
  Nb       31   40.97663   39.58947   -0.02337    1.82028       -7632.72883
  Nb       32   40.97876   39.59160   -0.02124    1.82223       -7632.73993
  Mo       33   42.17890   40.79173    0.17890    1.71762       -8090.69416
  Mo       34   42.24842   40.86126    0.24842    1.66115       -8090.66875
  Mo       35   42.17325   40.78609    0.17325    1.71953       -8090.69320
  Mo       36   42.19988   40.81272    0.19988    1.68845       -8090.67710
  Mo       37   42.17284   40.78567    0.17284    1.71226       -8090.68344
  Mo       38   42.20443   40.81727    0.20443    1.69043       -8090.67038
  Mo       39   42.15721   40.77004    0.15721    1.73701       -8090.70656
  Mo       40   42.14617   40.75901    0.14617    1.74301       -8090.70335
  Mo       41   42.13861   40.75145    0.13861    1.75024       -8090.70436
  Mo       42   42.13111   40.74395    0.13111    1.76643       -8090.72140
  Mo       43   42.13694   40.74978    0.13694    1.75393       -8090.70724
  Mo       44   42.16012   40.77296    0.16012    1.73693       -8090.70116
  Mo       45   42.20440   40.81723    0.20440    1.69738       -8090.68005
  Mo       46   42.18599   40.79882    0.18599    1.70450       -8090.67746
  Mo       47   42.19059   40.80343    0.19059    1.71007       -8090.69573
  Mo       48   42.16847   40.78130    0.16847    1.72310       -8090.68634
  Ta       49   72.85095   71.46378   -0.14905    1.85870      -31233.06811
  Ta       50   72.87897   71.49181   -0.12103    1.84005      -31233.05654
  Ta       51   72.82164   71.43447   -0.17836    1.88745      -31233.09730
  Ta       52   72.82059   71.43343   -0.17941    1.88841      -31233.09660
  Ta       53   72.85170   71.46454   -0.14830    1.86522      -31233.07907
  Ta       54   72.90183   71.51466   -0.09817    1.81584      -31233.04074
  Ta       55   72.85439   71.46722   -0.14561    1.86266      -31233.07271
  Ta       56   72.78074   71.39358   -0.21926    1.92274      -31233.11367
  Ta       57   72.88722   71.50005   -0.11278    1.83626      -31233.05762
  Ta       58   72.95458   71.56742   -0.04542    1.76981      -31233.01577
  Ta       59   72.90166   71.51449   -0.09834    1.81846      -31233.04009
  Ta       60   72.90277   71.51561   -0.09723    1.81567      -31233.04829
  Ta       61   72.81529   71.42812   -0.18471    1.89585      -31233.09301
  Ta       62   72.92795   71.54079   -0.07205    1.79800      -31233.03282
  Ta       63   72.83994   71.45277   -0.16006    1.87526      -31233.07902
  Ta       64   72.87319   71.48602   -0.12681    1.84824      -31233.07020
