 Atom   Index      Q          Qmt        dQ        Vmad        Local Energy
  W         1   73.90489   72.60066   -0.09511    1.70746      -32312.49067
  W         2   73.85160   72.54737   -0.14840    1.76424      -32312.52059
  W         3   73.92973   72.62549   -0.07027    1.68448      -32312.48522
  W         4   73.94620   72.64197   -0.05380    1.67647      -32312.48570
  W         5   73.88553   72.58130   -0.11447    1.73802      -32312.52438
  W         6   73.87639   72.57215   -0.12361    1.74795      -32312.52224
  W         7   73.84819   72.54396   -0.15181    1.77034      -32312.53699
  W         8   73.86833   72.56410   -0.13167    1.75073      -32312.52562
  W         9   73.96658   72.66235   -0.03342    1.64257      -32312.45501
  W        10   73.86056   72.55633   -0.13944    1.76077      -32312.53361
  W        11   73.93281   72.62858   -0.06719    1.68655      -32312.48718
  W        12   73.93094   72.62670   -0.06906    1.67828      -32312.47946
  W        13   73.94195   72.63772   -0.05805    1.67864      -32312.47335
  W        14   73.87575   72.57152   -0.12425    1.73533      -32312.51745
  W        15   73.81139   72.50716   -0.18861    1.80853      -32312.56525
  W        16   73.84554   72.54131   -0.15446    1.77103      -32312.53540
  Nb       17   40.98457   39.68034   -0.01543    1.66654       -7632.55751
  Nb       18   40.89731   39.59308   -0.10269    1.74934       -7632.60367
  Nb       19   40.98873   39.68450   -0.01127    1.66529       -7632.56345
  Nb       20   40.86673   39.56250   -0.13327    1.78629       -7632.64284
  Nb       21   41.00341   39.69918    0.00341    1.64229       -7632.54849
  Nb       22   40.94102   39.63679   -0.05898    1.69514       -7632.58203
  Nb       23   41.01473   39.71050    0.01473    1.63094       -7632.53736
  Nb       24   40.92711   39.62288   -0.07289    1.71840       -7632.58830
  Nb       25   40.99676   39.69252   -0.00324    1.64881       -7632.55234
  Nb       26   40.92933   39.62510   -0.07067    1.71964       -7632.60144
  Nb       27   40.96215   39.65792   -0.03785    1.68138       -7632.57193
  Nb       28   40.90309   39.59886   -0.09691    1.74204       -7632.60383
  Nb       29   40.99844   39.69421   -0.00156    1.65299       -7632.55255
  Nb       30   41.06982   39.76559    0.06982    1.58116       -7632.52151
  Nb       31   40.98421   39.67998   -0.01579    1.66262       -7632.55728
  Nb       32   40.96297   39.65874   -0.03703    1.68726       -7632.58147
  Mo       33   42.03998   40.73575    0.03998    1.70231       -8090.60972
  Mo       34   42.11251   40.80828    0.11251    1.62866       -8090.56529
  Mo       35   42.15413   40.84990    0.15413    1.58325       -8090.52670
  Mo       36   42.13492   40.83069    0.13492    1.61027       -8090.55949
  Mo       37   42.02250   40.71827    0.02250    1.71754       -8090.61657
  Mo       38   42.07014   40.76591    0.07014    1.67148       -8090.58713
  Mo       39   42.06376   40.75953    0.06376    1.67322       -8090.60578
  Mo       40   42.03716   40.73293    0.03716    1.70827       -8090.61918
  Mo       41   42.03347   40.72924    0.03347    1.71160       -8090.61460
  Mo       42   42.07028   40.76605    0.07028    1.68865       -8090.61738
  Mo       43   42.06613   40.76190    0.06613    1.68452       -8090.60519
  Mo       44   42.17732   40.87309    0.17732    1.57653       -8090.54793
  Mo       45   42.21140   40.90717    0.21140    1.51788       -8090.50227
  Mo       46   42.10644   40.80220    0.10644    1.62607       -8090.55882
  Mo       47   42.07329   40.76906    0.07329    1.67068       -8090.59446
  Mo       48   42.03443   40.73020    0.03443    1.71452       -8090.63615
  Ta       49   72.82682   71.52259   -0.17318    1.73104      -31232.91602
  Ta       50   72.82427   71.52004   -0.17573    1.73725      -31232.92712
  Ta       51   72.75805   71.45381   -0.24195    1.79145      -31232.94682
  Ta       52   72.69004   71.38581   -0.30996    1.86638      -31233.00536
  Ta       53   72.80012   71.49589   -0.19988    1.75579      -31232.94140
  Ta       54   72.78808   71.48385   -0.21192    1.77267      -31232.95142
  Ta       55   72.81804   71.51381   -0.18196    1.74319      -31232.93720
  Ta       56   72.77847   71.47424   -0.22153    1.77649      -31232.93101
  Ta       57   72.84165   71.53742   -0.15835    1.71188      -31232.88829
  Ta       58   72.62508   71.32085   -0.37492    1.92992      -31233.03737
  Ta       59   72.79124   71.48701   -0.20876    1.76223      -31232.92950
  Ta       60   72.70079   71.39656   -0.29921    1.85701      -31232.99236
  Ta       61   72.75397   71.44974   -0.24603    1.80313      -31232.96109
  Ta       62   72.69633   71.39210   -0.30367    1.85200      -31232.96645
  Ta       63   72.70407   71.39984   -0.29593    1.85802      -31232.99479
  Ta       64   72.72689   71.42266   -0.27311    1.83524      -31232.99190
  Ti       65   22.30216   20.99793    0.30216    1.57373       -1704.41893
  Ti       66   22.25997   20.95574    0.25997    1.60848       -1704.39383
  Ti       67   22.27029   20.96606    0.27029    1.60779       -1704.43757
  Ti       68   22.28623   20.98200    0.28623    1.59439       -1704.40988
  Ti       69   22.16266   20.85843    0.16266    1.69788       -1704.41483
  Ti       70   22.23792   20.93369    0.23792    1.63658       -1704.42556
  Ti       71   22.26582   20.96159    0.26582    1.59768       -1704.39652
  Ti       72   22.41693   21.11270    0.41693    1.47033       -1704.37086
  Ti       73   22.47153   21.16730    0.47153    1.40540       -1704.32165
  Ti       74   22.29442   20.99019    0.29442    1.57189       -1704.37562
  Ti       75   22.20939   20.90516    0.20939    1.66357       -1704.44795
  Ti       76   22.28423   20.98000    0.28423    1.59919       -1704.41462
  Ti       77   22.31937   21.01514    0.31937    1.55516       -1704.37885
  Ti       78   22.37164   21.06741    0.37164    1.50134       -1704.36848
  Ti       79   22.32114   21.01691    0.32114    1.55855       -1704.40339
  Ti       80   22.28776   20.98353    0.28776    1.58112       -1704.38206
