System Description            : WNbMoTa, BCC structure                          
Number of Atoms in Unit Cell  : 512                                             
Number of Atomic Species      : 4                                               
Number of Atoms in Each Type  : 128(W), 128(Nb), 128(Mo), 128(Ta)               
Energy Offset                 : -19816                                          
=======================================================================================
    Iter     Energy      3PV     Efermi   Rms_rho    Rms_pot   Mix  Alg  Alpha 
---------------------------------------------------------------------------------------
**       1  -0.256192  2293.587  0.59372  0.140E+01  0.269E+00  pot  B   0.1000
         2   0.455760  2266.431  0.62308  0.808E-02  0.247E+01  pot  B   0.1000
         3  -0.644853  2263.224  0.61116  0.264E-02  0.299E+00  pot  B   0.1000
         4  -0.664310  2252.521  0.61819  0.303E-02  0.740E+00  pot  B   0.1000
         5  -0.977747  2216.487  0.63317  0.956E-02  0.520E+00  pot  B   0.1000
         6  -1.114382  2188.899  0.64860  0.748E-02  0.518E+00  pot  B   0.1000
         7  -1.160392  2179.703  0.65785  0.256E-02  0.429E+00  pot  B   0.1000
         8  -1.190435  2172.620  0.66302  0.210E-02  0.238E+00  pot  B   0.1000
         9  -1.223986  2161.124  0.66937  0.365E-02  0.984E-01  pot  B   0.1000
        10  -1.233508  2155.878  0.67253  0.193E-02  0.153E+00  pot  B   0.1000
        11  -1.244857  2151.539  0.67471  0.167E-02  0.122E+00  pot  B   0.1000
        12  -1.255798  2146.378  0.67709  0.207E-02  0.104E+00  pot  B   0.1000
        13  -1.270638  2137.204  0.68117  0.385E-02  0.658E-01  pot  B   0.1000
        14  -1.274560  2133.141  0.68343  0.189E-02  0.400E-01  pot  B   0.1000
        15  -1.275287  2129.025  0.68585  0.141E-02  0.401E-01  pot  B   0.1000
        16  -1.276195  2128.563  0.68630  0.586E-03  0.256E-01  pot  B   0.1000
        17  -1.276368  2128.287  0.68655  0.186E-03  0.125E-01  pot  B   0.1000
        18  -1.276452  2127.973  0.68698  0.190E-03  0.105E-01  pot  B   0.1000
        19  -1.276594  2128.337  0.68747  0.197E-03  0.213E-01  pot  B   0.1000
        20  -1.276642  2128.081  0.68777  0.146E-03  0.139E-01  pot  B   0.1000
        21  -1.276648  2127.901  0.68795  0.737E-04  0.104E-01  pot  B   0.1000
        22  -1.276696  2128.262  0.68821  0.121E-03  0.156E-01  pot  B   0.1000
        23  -1.276723  2128.285  0.68834  0.328E-04  0.133E-01  pot  B   0.1000
        24  -1.276802  2128.541  0.68886  0.130E-03  0.824E-02  pot  B   0.1000
        25  -1.276822  2128.226  0.68940  0.210E-03  0.378E-02  pot  B   0.1000
        26  -1.276847  2128.331  0.68988  0.820E-04  0.454E-02  pot  B   0.1000
        27  -1.276854  2128.329  0.69001  0.234E-04  0.569E-02  pot  B   0.1000
        28  -1.276865  2128.349  0.69032  0.597E-04  0.303E-02  pot  B   0.1000
        29  -1.276864  2128.332  0.69042  0.242E-04  0.350E-02  pot  B   0.1000
        30  -1.276874  2128.340  0.69064  0.338E-04  0.220E-02  pot  B   0.1000
        31  -1.276878  2128.322  0.69088  0.389E-04  0.295E-02  pot  B   0.1000
        32  -1.276879  2128.320  0.69089  0.320E-05  0.228E-02  pot  B   0.1000
        33  -1.276880  2128.327  0.69093  0.111E-04  0.171E-02  pot  B   0.1000
        34  -1.276882  2128.315  0.69100  0.119E-04  0.184E-02  pot  B   0.1000
        35  -1.276882  2128.311  0.69103  0.547E-05  0.190E-02  pot  B   0.1000
        36  -1.276883  2128.301  0.69107  0.712E-05  0.781E-03  pot  B   0.1000
        37  -1.276883  2128.300  0.69107  0.256E-05  0.433E-03  pot  B   0.1000
        38  -1.276884  2128.289  0.69112  0.938E-05  0.628E-03  pot  B   0.1000
        39  -1.276884  2128.280  0.69113  0.591E-05  0.686E-03  pot  B   0.1000
        40  -1.276885  2128.279  0.69115  0.345E-05  0.477E-03  pot  B   0.1000
        41  -1.276885  2128.278  0.69116  0.190E-05  0.598E-03  pot  B   0.1000
        42  -1.276885  2128.273  0.69117  0.363E-05  0.352E-03  pot  B   0.1000
        43  -1.276885  2128.271  0.69118  0.219E-05  0.355E-03  pot  B   0.1000
        44  -1.276885  2128.271  0.69118  0.553E-06  0.340E-03  pot  B   0.1000
        45  -1.276885  2128.270  0.69118  0.167E-05  0.282E-03  pot  B   0.1000
        46  -1.276884  2128.270  0.69118  0.135E-05  0.292E-03  pot  B   0.1000
        47  -1.276884  2128.270  0.69118  0.670E-06  0.352E-03  pot  B   0.1000
        48  -1.276884  2128.270  0.69118  0.781E-06  0.183E-03  pot  B   0.1000
        49  -1.276884  2128.270  0.69117  0.702E-06  0.154E-03  pot  B   0.1000
        50  -1.276884  2128.271  0.69117  0.114E-05  0.109E-03  pot  B   0.1000
        51  -1.276884  2128.272  0.69117  0.876E-06  0.807E-04  pot  B   0.1000
        52  -1.276884  2128.272  0.69117  0.200E-06  0.610E-04  pot  B   0.1000
        53  -1.276884  2128.272  0.69117  0.468E-06  0.997E-04  pot  B   0.1000
        54  -1.276884  2128.273  0.69117  0.398E-06  0.607E-04  pot  B   0.1000
        55  -1.276884  2128.273  0.69117  0.267E-06  0.545E-04  pot  B   0.1000
        56  -1.276884  2128.273  0.69116  0.185E-06  0.670E-04  pot  B   0.1000
        57  -1.276884  2128.274  0.69116  0.521E-06  0.466E-04  pot  B   0.1000
        58  -1.276884  2128.274  0.69116  0.386E-06  0.379E-04  pot  B   0.1000
        59  -1.276884  2128.274  0.69116  0.197E-06  0.485E-04  pot  B   0.1000
        60  -1.276884  2128.274  0.69116  0.107E-06  0.316E-04  pot  B   0.1000
        61  -1.276884  2128.275  0.69116  0.353E-06  0.279E-04  pot  B   0.1000
        62  -1.276884  2128.275  0.69116  0.272E-06  0.218E-04  pot  B   0.1000
        63  -1.276884  2128.275  0.69116  0.360E-06  0.166E-04  pot  B   0.1000
        64  -1.276884  2128.275  0.69116  0.111E-06  0.215E-04  pot  B   0.1000
        65  -1.276884  2128.275  0.69116  0.300E-06  0.293E-04  pot  B   0.1000
        66  -1.276884  2128.276  0.69116  0.173E-06  0.170E-04  pot  B   0.1000
        67  -1.276884  2128.276  0.69116  0.940E-07  0.141E-04  pot  B   0.1000
        68  -1.276884  2128.276  0.69116  0.957E-07  0.178E-04  pot  B   0.1000
        69  -1.276884  2128.276  0.69116  0.127E-06  0.958E-05  pot  B   0.1000
        70  -1.276884  2128.276  0.69116  0.107E-06  0.757E-05  pot  B   0.1000
        71  -1.276884  2128.276  0.69116  0.504E-07  0.112E-04  pot  B   0.1000
        72  -1.276884  2128.276  0.69116  0.269E-07  0.942E-05  pot  B   0.1000
        73  -1.276884  2128.276  0.69116  0.999E-07  0.706E-05  pot  B   0.1000
        74  -1.276884  2128.276  0.69116  0.474E-07  0.575E-05  pot  B   0.1000
        75  -1.276884  2128.276  0.69116  0.511E-07  0.410E-05  pot  B   0.1000
        76  -1.276884  2128.276  0.69116  0.158E-07  0.420E-05  pot  B   0.1000
        77  -1.276884  2128.276  0.69116  0.253E-07  0.501E-05  pot  B   0.1000
        78  -1.276884  2128.276  0.69116  0.995E-08  0.322E-05  pot  B   0.1000
        79  -1.276884  2128.276  0.69116  0.754E-08  0.255E-05  pot  B   0.1000
        80  -1.276884  2128.276  0.69116  0.127E-07  0.366E-05  pot  B   0.1000
        81  -1.276884  2128.276  0.69116  0.135E-07  0.209E-05  pot  B   0.1000
        82  -1.276884  2128.276  0.69116  0.168E-07  0.182E-05  pot  B   0.1000
        83  -1.276884  2128.276  0.69116  0.125E-07  0.279E-05  pot  B   0.1000
        84  -1.276884  2128.276  0.69116  0.983E-08  0.244E-05  pot  B   0.1000
        85  -1.276884  2128.276  0.69116  0.252E-07  0.152E-05  pot  B   0.1000
        86  -1.276884  2128.276  0.69116  0.851E-08  0.123E-05  pot  B   0.1000
        87  -1.276884  2128.276  0.69116  0.144E-07  0.123E-05  pot  B   0.1000
        88  -1.276884  2128.276  0.69116  0.188E-07  0.152E-05  pot  B   0.1000
        89  -1.276884  2128.276  0.69116  0.131E-07  0.175E-05  pot  B   0.1000
        90  -1.276884  2128.276  0.69116  0.243E-08  0.134E-05  pot  B   0.1000
        91  -1.276884  2128.276  0.69116  0.847E-08  0.122E-05  pot  B   0.1000
        92  -1.276884  2128.276  0.69116  0.126E-07  0.126E-05  pot  B   0.1000
        93  -1.276884  2128.276  0.69116  0.842E-08  0.733E-06  pot  B   0.1000
        94  -1.276884  2128.276  0.69116  0.892E-08  0.474E-06  pot  B   0.1000
        95  -1.276884  2128.276  0.69116  0.708E-08  0.698E-06  pot  B   0.1000
        96  -1.276884  2128.276  0.69116  0.502E-08  0.833E-06  pot  B   0.1000
        97  -1.276884  2128.276  0.69116  0.888E-08  0.505E-06  pot  B   0.1000
        98  -1.276884  2128.276  0.69116  0.580E-08  0.497E-06  pot  B   0.1000
        99  -1.276884  2128.276  0.69116  0.661E-08  0.573E-06  pot  B   0.1000
       100  -1.276884  2128.276  0.69116  0.795E-08  0.547E-06  pot  B   0.1000
**     101  -1.276884  2128.276  0.69116  0.558E-12  0.547E-06  pot  B   0.1000
