 Atom   Index      Q          Qmt        dQ        Vmad        Local Energy
  W         1   73.93414   72.62944   -0.06586    1.68057      -32312.47334
  W         2   73.82609   72.52140   -0.17391    1.80420      -32312.56084
  W         3   73.88093   72.57623   -0.11907    1.74629      -32312.52622
  W         4   73.96525   72.66055   -0.03475    1.65987      -32312.46930
  W         5   73.81111   72.50641   -0.18889    1.81448      -32312.57345
  W         6   73.93990   72.63520   -0.06010    1.67328      -32312.47229
  W         7   73.79651   72.49181   -0.20349    1.82431      -32312.57806
  W         8   73.93178   72.62708   -0.06822    1.67969      -32312.47208
  W         9   73.87585   72.57115   -0.12415    1.74232      -32312.51368
  W        10   73.88533   72.58063   -0.11467    1.73856      -32312.51426
  W        11   73.86914   72.56445   -0.13086    1.74798      -32312.52286
  W        12   73.91782   72.61313   -0.08218    1.69808      -32312.49479
  W        13   73.88217   72.57747   -0.11783    1.73176      -32312.49695
  W        14   73.84747   72.54278   -0.15253    1.77146      -32312.52603
  W        15   73.83173   72.52703   -0.16827    1.78703      -32312.55014
  W        16   73.89693   72.59223   -0.10307    1.72036      -32312.50551
  Nb       17   40.93764   39.63294   -0.06236    1.70862       -7632.58511
  Nb       18   40.90368   39.59898   -0.09632    1.74430       -7632.61227
  Nb       19   40.96641   39.66171   -0.03359    1.68880       -7632.58786
  Nb       20   40.85385   39.54915   -0.14615    1.79294       -7632.63886
  Nb       21   40.99668   39.69198   -0.00332    1.64808       -7632.55989
  Nb       22   40.90237   39.59767   -0.09763    1.74890       -7632.61463
  Nb       23   40.99010   39.68541   -0.00990    1.66334       -7632.56697
  Nb       24   40.90002   39.59533   -0.09998    1.74680       -7632.61364
  Nb       25   40.88327   39.57857   -0.11673    1.75932       -7632.62095
  Nb       26   40.92204   39.61734   -0.07796    1.72512       -7632.58323
  Nb       27   40.97674   39.67204   -0.02326    1.66897       -7632.55964
  Nb       28   40.97866   39.67397   -0.02134    1.67832       -7632.57203
  Nb       29   40.83024   39.52554   -0.16976    1.80906       -7632.63143
  Nb       30   41.01280   39.70810    0.01280    1.64064       -7632.55289
  Nb       31   40.96654   39.66185   -0.03346    1.67967       -7632.57604
  Nb       32   41.00828   39.70358    0.00828    1.64362       -7632.55867
  Mo       33   42.06683   40.76214    0.06683    1.67836       -8090.59637
  Mo       34   42.09737   40.79267    0.09737    1.65009       -8090.58926
  Mo       35   42.12643   40.82173    0.12643    1.60925       -8090.55206
  Mo       36   42.09616   40.79147    0.09616    1.64974       -8090.58977
  Mo       37   42.05983   40.75513    0.05983    1.68411       -8090.59791
  Mo       38   42.01967   40.71497    0.01967    1.72914       -8090.63644
  Mo       39   42.16384   40.85914    0.16384    1.57656       -8090.54084
  Mo       40   42.17544   40.87074    0.17544    1.56804       -8090.53818
  Mo       41   42.08298   40.77828    0.08298    1.66307       -8090.59167
  Mo       42   42.10063   40.79594    0.10063    1.63648       -8090.57362
  Mo       43   42.06807   40.76337    0.06807    1.67543       -8090.59539
  Mo       44   42.14989   40.84520    0.14989    1.58832       -8090.53593
  Mo       45   42.01702   40.71232    0.01702    1.73150       -8090.62869
  Mo       46   42.06790   40.76320    0.06790    1.67810       -8090.59952
  Mo       47   42.13565   40.83095    0.13565    1.59612       -8090.54545
  Mo       48   42.04463   40.73993    0.04463    1.70820       -8090.62557
  Ta       49   72.72500   71.42030   -0.27500    1.82867      -31232.98379
  Ta       50   72.80999   71.50530   -0.19001    1.75174      -31232.91916
  Ta       51   72.79496   71.49026   -0.20504    1.75898      -31232.93950
  Ta       52   72.82844   71.52374   -0.17156    1.72491      -31232.90872
  Ta       53   72.61109   71.30639   -0.38891    1.93866      -31233.04111
  Ta       54   72.80289   71.49819   -0.19711    1.75256      -31232.91739
  Ta       55   72.74838   71.44369   -0.25162    1.80484      -31232.96870
  Ta       56   72.84497   71.54027   -0.15503    1.71057      -31232.90285
  Ta       57   72.86994   71.56524   -0.13006    1.69138      -31232.89503
  Ta       58   72.69809   71.39340   -0.30191    1.85919      -31232.99451
  Ta       59   72.78066   71.47596   -0.21934    1.78514      -31232.94756
  Ta       60   72.81164   71.50695   -0.18836    1.75225      -31232.93305
  Ta       61   72.68326   71.37856   -0.31674    1.87139      -31232.99147
  Ta       62   72.84169   71.53699   -0.15831    1.71794      -31232.90588
  Ta       63   72.85515   71.55045   -0.14485    1.70669      -31232.90668
  Ta       64   72.85448   71.54978   -0.14552    1.70004      -31232.89470
  Ti       65   22.25037   20.94568    0.25037    1.62572       -1704.41426
  Ti       66   22.31861   21.01392    0.31861    1.55861       -1704.39616
  Ti       67   22.21553   20.91083    0.21553    1.64265       -1704.39758
  Ti       68   22.23093   20.92623    0.23093    1.64280       -1704.43284
  Ti       69   22.35645   21.05175    0.35645    1.52199       -1704.38708
  Ti       70   22.33006   21.02536    0.33006    1.55194       -1704.41560
  Ti       71   22.30292   20.99822    0.30292    1.56419       -1704.35715
  Ti       72   22.30409   20.99939    0.30409    1.57037       -1704.38430
  Ti       73   22.34424   21.03954    0.34424    1.51591       -1704.34645
  Ti       74   22.46457   21.15987    0.46457    1.40808       -1704.31367
  Ti       75   22.27426   20.96956    0.27426    1.59604       -1704.40010
  Ti       76   22.26085   20.95615    0.26085    1.61329       -1704.40998
  Ti       77   22.38317   21.07847    0.38317    1.49472       -1704.35439
  Ti       78   22.25265   20.94796    0.25265    1.62466       -1704.43363
  Ti       79   22.31348   21.00878    0.31348    1.56204       -1704.39751
  Ti       80   22.24337   20.93867    0.24337    1.63479       -1704.43876
