System Description            : WNbMoTa, BCC structure                          
Number of Atoms in Unit Cell  : 512                                             
Number of Atomic Species      : 4                                               
Number of Atoms in Each Type  : 128(W), 128(Nb), 128(Mo), 128(Ta)               
Energy Offset                 : -19816                                          
=======================================================================================
    Iter     Energy      3PV     Efermi   Rms_rho    Rms_pot   Mix  Alg  Alpha 
---------------------------------------------------------------------------------------
**       1  -0.262602  2293.564  0.59483  0.140E+01  0.223E+00  pot  B   0.1000
         2  -0.250305  2265.674  0.61455  0.812E-02  0.168E+01  pot  B   0.1000
         3  -0.649924  2263.045  0.61197  0.189E-02  0.245E+00  pot  B   0.1000
         4  -0.714203  2243.823  0.62200  0.517E-02  0.949E+00  pot  B   0.1000
         5  -0.980016  2211.567  0.63647  0.858E-02  0.809E+00  pot  B   0.1000
         6  -1.122465  2186.999  0.65019  0.656E-02  0.437E+00  pot  B   0.1000
         7  -1.166838  2177.401  0.65911  0.269E-02  0.327E+00  pot  B   0.1000
         8  -1.193810  2172.014  0.66344  0.168E-02  0.192E+00  pot  B   0.1000
         9  -1.227864  2159.668  0.67018  0.409E-02  0.114E+00  pot  B   0.1000
        10  -1.235783  2154.993  0.67304  0.170E-02  0.169E+00  pot  B   0.1000
        11  -1.246992  2150.579  0.67518  0.167E-02  0.113E+00  pot  B   0.1000
        12  -1.258836  2144.538  0.67792  0.241E-02  0.120E+00  pot  B   0.1000
        13  -1.270750  2137.053  0.68129  0.313E-02  0.488E-01  pot  B   0.1000
        14  -1.274582  2133.271  0.68333  0.189E-02  0.481E-01  pot  B   0.1000
        15  -1.275721  2128.792  0.68586  0.165E-02  0.279E-01  pot  B   0.1000
        16  -1.276143  2128.763  0.68608  0.272E-03  0.183E-01  pot  B   0.1000
        17  -1.276245  2128.133  0.68661  0.274E-03  0.113E-01  pot  B   0.1000
        18  -1.276348  2128.241  0.68689  0.112E-03  0.185E-01  pot  B   0.1000
        19  -1.276549  2128.428  0.68763  0.256E-03  0.989E-02  pot  B   0.1000
        20  -1.276470  2128.182  0.68763  0.683E-04  0.190E-01  pot  B   0.1000
        21  -1.276615  2128.341  0.68836  0.200E-03  0.948E-02  pot  B   0.1000
        22  -1.276651  2128.539  0.68880  0.101E-03  0.133E-01  pot  B   0.1000
        23  -1.276674  2128.680  0.68889  0.478E-04  0.984E-02  pot  B   0.1000
        24  -1.276690  2128.575  0.68927  0.108E-03  0.607E-02  pot  B   0.1000
        25  -1.276704  2128.507  0.68963  0.847E-04  0.402E-02  pot  B   0.1000
        26  -1.276725  2128.612  0.69009  0.738E-04  0.272E-02  pot  B   0.1000
        27  -1.276729  2128.547  0.69030  0.360E-04  0.370E-02  pot  B   0.1000
        28  -1.276734  2128.533  0.69048  0.316E-04  0.243E-02  pot  B   0.1000
        29  -1.276734  2128.513  0.69058  0.163E-04  0.260E-02  pot  B   0.1000
        30  -1.276736  2128.492  0.69069  0.225E-04  0.316E-02  pot  B   0.1000
        31  -1.276738  2128.486  0.69077  0.126E-04  0.134E-02  pot  B   0.1000
        32  -1.276738  2128.469  0.69082  0.887E-05  0.229E-02  pot  B   0.1000
        33  -1.276739  2128.452  0.69087  0.972E-05  0.127E-02  pot  B   0.1000
        34  -1.276739  2128.424  0.69093  0.121E-04  0.117E-02  pot  B   0.1000
        35  -1.276740  2128.403  0.69095  0.735E-05  0.123E-02  pot  B   0.1000
        36  -1.276740  2128.393  0.69098  0.527E-05  0.895E-03  pot  B   0.1000
        37  -1.276740  2128.377  0.69102  0.774E-05  0.806E-03  pot  B   0.1000
        38  -1.276740  2128.343  0.69108  0.132E-04  0.378E-03  pot  B   0.1000
        39  -1.276740  2128.319  0.69110  0.730E-05  0.454E-03  pot  B   0.1000
        40  -1.276740  2128.308  0.69112  0.442E-05  0.389E-03  pot  B   0.1000
        41  -1.276740  2128.295  0.69113  0.399E-05  0.434E-03  pot  B   0.1000
        42  -1.276740  2128.292  0.69113  0.129E-05  0.549E-03  pot  B   0.1000
        43  -1.276740  2128.290  0.69114  0.129E-05  0.324E-03  pot  B   0.1000
        44  -1.276740  2128.282  0.69114  0.203E-05  0.442E-03  pot  B   0.1000
        45  -1.276740  2128.278  0.69114  0.139E-05  0.269E-03  pot  B   0.1000
        46  -1.276740  2128.273  0.69114  0.139E-05  0.213E-03  pot  B   0.1000
        47  -1.276740  2128.271  0.69114  0.756E-06  0.235E-03  pot  B   0.1000
        48  -1.276740  2128.269  0.69114  0.512E-06  0.191E-03  pot  B   0.1000
        49  -1.276740  2128.268  0.69114  0.514E-06  0.121E-03  pot  B   0.1000
        50  -1.276740  2128.266  0.69114  0.562E-06  0.644E-04  pot  B   0.1000
        51  -1.276740  2128.266  0.69114  0.571E-06  0.687E-04  pot  B   0.1000
        52  -1.276739  2128.266  0.69113  0.687E-06  0.676E-04  pot  B   0.1000
        53  -1.276739  2128.265  0.69113  0.634E-06  0.795E-04  pot  B   0.1000
        54  -1.276739  2128.266  0.69113  0.520E-06  0.112E-03  pot  B   0.1000
        55  -1.276739  2128.266  0.69113  0.267E-06  0.949E-04  pot  B   0.1000
        56  -1.276739  2128.266  0.69112  0.110E-05  0.989E-04  pot  B   0.1000
        57  -1.276739  2128.266  0.69112  0.212E-06  0.558E-04  pot  B   0.1000
        58  -1.276739  2128.267  0.69112  0.649E-06  0.406E-04  pot  B   0.1000
        59  -1.276739  2128.267  0.69112  0.403E-06  0.482E-04  pot  B   0.1000
        60  -1.276739  2128.268  0.69112  0.679E-06  0.476E-04  pot  B   0.1000
        61  -1.276739  2128.269  0.69112  0.515E-06  0.372E-04  pot  B   0.1000
        62  -1.276739  2128.269  0.69112  0.304E-06  0.265E-04  pot  B   0.1000
        63  -1.276739  2128.271  0.69111  0.787E-06  0.240E-04  pot  B   0.1000
        64  -1.276739  2128.272  0.69111  0.682E-06  0.260E-04  pot  B   0.1000
        65  -1.276739  2128.272  0.69111  0.437E-06  0.215E-04  pot  B   0.1000
        66  -1.276739  2128.273  0.69111  0.302E-06  0.300E-04  pot  B   0.1000
        67  -1.276739  2128.273  0.69111  0.144E-06  0.380E-04  pot  B   0.1000
        68  -1.276739  2128.274  0.69111  0.473E-06  0.266E-04  pot  B   0.1000
        69  -1.276739  2128.274  0.69111  0.646E-07  0.169E-04  pot  B   0.1000
        70  -1.276739  2128.274  0.69111  0.240E-06  0.140E-04  pot  B   0.1000
        71  -1.276739  2128.275  0.69111  0.150E-06  0.176E-04  pot  B   0.1000
        72  -1.276739  2128.275  0.69111  0.192E-06  0.145E-04  pot  B   0.1000
        73  -1.276739  2128.276  0.69111  0.109E-06  0.128E-04  pot  B   0.1000
        74  -1.276739  2128.276  0.69111  0.796E-07  0.991E-05  pot  B   0.1000
        75  -1.276739  2128.276  0.69111  0.127E-06  0.478E-05  pot  B   0.1000
        76  -1.276739  2128.276  0.69111  0.827E-07  0.573E-05  pot  B   0.1000
        77  -1.276739  2128.277  0.69111  0.663E-07  0.571E-05  pot  B   0.1000
        78  -1.276739  2128.277  0.69111  0.571E-07  0.769E-05  pot  B   0.1000
        79  -1.276739  2128.277  0.69111  0.420E-07  0.122E-04  pot  B   0.1000
        80  -1.276739  2128.277  0.69111  0.804E-07  0.816E-05  pot  B   0.1000
        81  -1.276739  2128.277  0.69111  0.101E-07  0.601E-05  pot  B   0.1000
        82  -1.276739  2128.277  0.69111  0.412E-07  0.416E-05  pot  B   0.1000
        83  -1.276739  2128.277  0.69111  0.329E-07  0.512E-05  pot  B   0.1000
        84  -1.276739  2128.277  0.69111  0.461E-07  0.380E-05  pot  B   0.1000
        85  -1.276739  2128.277  0.69111  0.344E-07  0.353E-05  pot  B   0.1000
        86  -1.276739  2128.277  0.69111  0.275E-07  0.320E-05  pot  B   0.1000
        87  -1.276739  2128.277  0.69111  0.466E-07  0.204E-05  pot  B   0.1000
        88  -1.276739  2128.277  0.69111  0.475E-07  0.232E-05  pot  B   0.1000
        89  -1.276739  2128.277  0.69111  0.368E-07  0.227E-05  pot  B   0.1000
        90  -1.276739  2128.277  0.69111  0.467E-07  0.321E-05  pot  B   0.1000
        91  -1.276739  2128.277  0.69111  0.131E-07  0.485E-05  pot  B   0.1000
        92  -1.276739  2128.277  0.69111  0.318E-07  0.247E-05  pot  B   0.1000
        93  -1.276739  2128.277  0.69111  0.470E-08  0.255E-05  pot  B   0.1000
        94  -1.276739  2128.276  0.69111  0.256E-07  0.170E-05  pot  B   0.1000
        95  -1.276739  2128.276  0.69111  0.255E-07  0.200E-05  pot  B   0.1000
        96  -1.276739  2128.276  0.69111  0.273E-07  0.132E-05  pot  B   0.1000
        97  -1.276739  2128.276  0.69111  0.238E-07  0.143E-05  pot  B   0.1000
        98  -1.276739  2128.276  0.69111  0.183E-07  0.141E-05  pot  B   0.1000
        99  -1.276739  2128.276  0.69111  0.227E-07  0.960E-06  pot  B   0.1000
       100  -1.276739  2128.276  0.69111  0.199E-07  0.827E-06  pot  B   0.1000
**     101  -1.276739  2128.276  0.69111  0.618E-12  0.827E-06  pot  B   0.1000
       102  -1.276739  2128.276  0.69111  0.784E-08  0.313E-05  pot  B   0.1000
       103  -1.276739  2128.276  0.69111  0.369E-08  0.131E-05  pot  B   0.1000
       104  -1.276739  2128.276  0.69111  0.152E-08  0.386E-06  pot  B   0.1000
**     105  -1.276739  2128.276  0.69111  0.618E-12  0.827E-06  pot  B   0.1000
**     106  -1.276739  2128.276  0.69111  0.618E-12  0.827E-06  pot  B   0.1000
