 Atom   Index      Q          Qmt        dQ        Vmad        Local Energy
  W         1   73.88664   72.58188   -0.11336    1.74770      -32312.54132
  W         2   73.76785   72.46310   -0.23215    1.85447      -32312.59733
  W         3   73.84435   72.53959   -0.15565    1.77749      -32312.54086
  W         4   73.81235   72.50759   -0.18765    1.80494      -32312.55333
  W         5   73.96466   72.65990   -0.03534    1.64514      -32312.45203
  W         6   73.87759   72.57283   -0.12241    1.73674      -32312.50936
  W         7   73.79710   72.49234   -0.20290    1.83064      -32312.58381
  W         8   73.86316   72.55840   -0.13684    1.76050      -32312.53127
  W         9   73.85984   72.55509   -0.14016    1.76860      -32312.55197
  W        10   73.76900   72.46424   -0.23100    1.85958      -32312.60424
  W        11   73.83400   72.52924   -0.16600    1.78681      -32312.55723
  W        12   73.97579   72.67104   -0.02421    1.64123      -32312.45495
  W        13   73.89381   72.58905   -0.10619    1.72944      -32312.52133
  W        14   73.94145   72.63670   -0.05855    1.68512      -32312.49050
  W        15   73.90093   72.59617   -0.09907    1.71076      -32312.49195
  W        16   73.84207   72.53732   -0.15793    1.77952      -32312.54264
  W        17   73.92147   72.61671   -0.07853    1.69943      -32312.49697
  W        18   73.88299   72.57823   -0.11701    1.72785      -32312.49680
  W        19   73.86070   72.55595   -0.13930    1.75626      -32312.52549
  W        20   73.85617   72.55142   -0.14383    1.76046      -32312.52266
  W        21   73.79898   72.49423   -0.20102    1.81660      -32312.55793
  W        22   73.82464   72.51988   -0.17536    1.79471      -32312.54746
  W        23   73.91793   72.61318   -0.08207    1.69784      -32312.48369
  W        24   73.83648   72.53172   -0.16352    1.78132      -32312.54145
  W        25   73.92494   72.62018   -0.07506    1.68234      -32312.46541
  W        26   73.88980   72.58504   -0.11020    1.73609      -32312.52811
  W        27   73.75813   72.45338   -0.24187    1.86926      -32312.60643
  W        28   73.83475   72.52999   -0.16525    1.78386      -32312.54227
  W        29   73.83419   72.52943   -0.16581    1.77932      -32312.53503
  W        30   73.96119   72.65643   -0.03881    1.65700      -32312.46623
  W        31   73.87025   72.56550   -0.12975    1.74204      -32312.51560
  W        32   73.80925   72.50449   -0.19075    1.81487      -32312.56558
  W        33   73.93135   72.62660   -0.06865    1.68078      -32312.46998
  W        34   73.88680   72.58205   -0.11320    1.73015      -32312.51963
  W        35   73.94609   72.64134   -0.05391    1.67629      -32312.47698
  W        36   73.85704   72.55228   -0.14296    1.77687      -32312.56339
  W        37   73.93995   72.63519   -0.06005    1.67677      -32312.48402
  W        38   73.83272   72.52796   -0.16728    1.79901      -32312.56600
  W        39   73.98170   72.67694   -0.01830    1.63200      -32312.44960
  W        40   73.86695   72.56220   -0.13305    1.75860      -32312.53811
  W        41   73.93919   72.63443   -0.06081    1.68244      -32312.48662
  W        42   73.83806   72.53331   -0.16194    1.78218      -32312.54369
  W        43   73.91743   72.61267   -0.08257    1.69780      -32312.49434
  W        44   73.91692   72.61216   -0.08308    1.70520      -32312.50018
  W        45   73.80765   72.50289   -0.19235    1.81815      -32312.57902
  W        46   73.98711   72.68235   -0.01289    1.63447      -32312.45089
  W        47   73.86639   72.56163   -0.13361    1.74505      -32312.50952
  W        48   73.81586   72.51110   -0.18414    1.80140      -32312.54912
  W        49   73.97060   72.66584   -0.02940    1.63891      -32312.44364
  W        50   73.77363   72.46887   -0.22637    1.84964      -32312.57835
  W        51   73.98275   72.67800   -0.01725    1.64091      -32312.46842
  W        52   73.93540   72.63064   -0.06460    1.68306      -32312.48207
  W        53   73.83718   72.53242   -0.16282    1.78410      -32312.54259
  W        54   74.03299   72.72823    0.03299    1.58295      -32312.41616
  W        55   73.92974   72.62498   -0.07026    1.68110      -32312.47594
  W        56   73.85888   72.55412   -0.14112    1.76374      -32312.53274
  W        57   73.90699   72.60223   -0.09301    1.71144      -32312.50130
  W        58   73.81071   72.50595   -0.18929    1.81880      -32312.57579
  W        59   73.91769   72.61293   -0.08231    1.69460      -32312.48490
  W        60   73.83571   72.53096   -0.16429    1.78911      -32312.55438
  W        61   73.87831   72.57356   -0.12169    1.74589      -32312.52083
  W        62   73.89485   72.59010   -0.10515    1.72066      -32312.50010
  W        63   73.91685   72.61210   -0.08315    1.70293      -32312.49603
  W        64   73.91291   72.60816   -0.08709    1.71429      -32312.50309
  Nb       65   40.81027   39.50551   -0.18973    1.83793       -7632.67815
  Nb       66   40.81800   39.51324   -0.18200    1.83610       -7632.68261
  Nb       67   40.97496   39.67020   -0.02504    1.67777       -7632.57766
  Nb       68   41.09854   39.79378    0.09854    1.54602       -7632.49203
  Nb       69   40.99693   39.69217   -0.00307    1.64686       -7632.53655
  Nb       70   40.82846   39.52370   -0.17154    1.81306       -7632.64065
  Nb       71   40.81385   39.50910   -0.18615    1.83351       -7632.65822
  Nb       72   40.92905   39.62429   -0.07095    1.72097       -7632.60968
  Nb       73   40.87779   39.57304   -0.12221    1.76682       -7632.61949
  Nb       74   41.00523   39.70047    0.00523    1.63538       -7632.53820
  Nb       75   40.96811   39.66335   -0.03189    1.68376       -7632.57631
  Nb       76   40.89275   39.58800   -0.10725    1.74999       -7632.61122
  Nb       77   40.76748   39.46273   -0.23252    1.88550       -7632.69239
  Nb       78   40.91653   39.61178   -0.08347    1.73387       -7632.60056
  Nb       79   40.94334   39.63858   -0.05666    1.71418       -7632.60158
  Nb       80   40.95947   39.65471   -0.04053    1.68905       -7632.57517
  Nb       81   40.83795   39.53320   -0.16205    1.80947       -7632.64337
  Nb       82   40.92572   39.62097   -0.07428    1.71919       -7632.59806
  Nb       83   40.96857   39.66381   -0.03143    1.67622       -7632.56951
  Nb       84   40.88340   39.57864   -0.11660    1.76722       -7632.62561
  Nb       85   40.88197   39.57722   -0.11803    1.76714       -7632.62148
  Nb       86   40.85838   39.55362   -0.14162    1.78747       -7632.64243
  Nb       87   41.02589   39.72113    0.02589    1.62214       -7632.54150
  Nb       88   40.84466   39.53990   -0.15534    1.80703       -7632.65149
  Nb       89   41.00733   39.70258    0.00733    1.64161       -7632.54934
  Nb       90   40.95670   39.65195   -0.04330    1.68484       -7632.56206
  Nb       91   40.90333   39.59857   -0.09667    1.73740       -7632.60010
  Nb       92   40.91704   39.61228   -0.08296    1.72891       -7632.59506
  Nb       93   40.81628   39.51152   -0.18372    1.83160       -7632.65598
  Nb       94   40.97121   39.66645   -0.02879    1.67914       -7632.57028
  Nb       95   40.89524   39.59048   -0.10476    1.74683       -7632.60515
  Nb       96   40.95717   39.65242   -0.04283    1.69164       -7632.57958
  Nb       97   40.95721   39.65245   -0.04279    1.69597       -7632.58650
  Nb       98   40.92371   39.61895   -0.07629    1.72137       -7632.60350
  Nb       99   40.94563   39.64087   -0.05437    1.71087       -7632.59735
  Nb      100   41.03283   39.72807    0.03283    1.61716       -7632.53906
  Nb      101   40.89582   39.59106   -0.10418    1.75915       -7632.63200
  Nb      102   40.98235   39.67760   -0.01765    1.66250       -7632.56530
  Nb      103   40.73134   39.42658   -0.26866    1.91305       -7632.69159
  Nb      104   40.94334   39.63858   -0.05666    1.71272       -7632.59787
  Nb      105   40.96261   39.65785   -0.03739    1.68318       -7632.57457
  Nb      106   40.89700   39.59224   -0.10300    1.74737       -7632.61263
  Nb      107   40.89904   39.59429   -0.10096    1.74527       -7632.60868
  Nb      108   40.85931   39.55456   -0.14069    1.78719       -7632.63173
  Nb      109   40.97341   39.66865   -0.02659    1.67853       -7632.58004
  Nb      110   40.88751   39.58275   -0.11249    1.75467       -7632.60833
  Nb      111   40.98575   39.68099   -0.01425    1.65583       -7632.55166
  Nb      112   40.93500   39.63024   -0.06500    1.70982       -7632.58487
  Nb      113   40.88855   39.58380   -0.11145    1.76526       -7632.62340
  Nb      114   40.90029   39.59553   -0.09971    1.75068       -7632.61775
  Nb      115   40.97177   39.66702   -0.02823    1.67586       -7632.57739
  Nb      116   41.01556   39.71080    0.01556    1.63299       -7632.54278
  Nb      117   40.85543   39.55067   -0.14457    1.80023       -7632.65358
  Nb      118   40.85680   39.55204   -0.14320    1.78670       -7632.64020
  Nb      119   40.97152   39.66676   -0.02848    1.67549       -7632.57357
  Nb      120   41.00658   39.70183    0.00658    1.63469       -7632.55546
  Nb      121   40.95565   39.65089   -0.04435    1.69550       -7632.57874
  Nb      122   40.85411   39.54936   -0.14589    1.79472       -7632.63183
  Nb      123   40.82148   39.51672   -0.17852    1.82844       -7632.66308
  Nb      124   40.85487   39.55012   -0.14513    1.78831       -7632.63816
  Nb      125   41.07687   39.77211    0.07687    1.57005       -7632.50442
  Nb      126   41.01221   39.70745    0.01221    1.64111       -7632.55296
  Nb      127   40.76805   39.46329   -0.23195    1.87873       -7632.68266
  Nb      128   41.04564   39.74089    0.04564    1.61103       -7632.53372
  Mo      129   42.02446   40.71970    0.02446    1.71940       -8090.61075
  Mo      130   42.12923   40.82448    0.12923    1.60770       -8090.54369
  Mo      131   42.06534   40.76058    0.06534    1.67342       -8090.58754
  Mo      132   42.15420   40.84945    0.15420    1.59887       -8090.55873
  Mo      133   42.09787   40.79311    0.09787    1.65521       -8090.59515
  Mo      134   42.08437   40.77961    0.08437    1.65351       -8090.57670
  Mo      135   42.26908   40.96433    0.26908    1.47117       -8090.47599
  Mo      136   42.10936   40.80460    0.10936    1.63128       -8090.56896
  Mo      137   42.11617   40.81141    0.11617    1.62239       -8090.55581
  Mo      138   42.09357   40.78881    0.09357    1.64301       -8090.57119
  Mo      139   42.17762   40.87286    0.17762    1.56805       -8090.53325
  Mo      140   42.08193   40.77717    0.08193    1.65199       -8090.56430
  Mo      141   42.09470   40.78994    0.09470    1.65684       -8090.59738
  Mo      142   42.18444   40.87968    0.18444    1.55056       -8090.52120
  Mo      143   42.05220   40.74745    0.05220    1.69414       -8090.61007
  Mo      144   42.01539   40.71063    0.01539    1.73665       -8090.64440
  Mo      145   42.05401   40.74925    0.05401    1.69335       -8090.61808
  Mo      146   42.11593   40.81117    0.11593    1.62690       -8090.55977
  Mo      147   42.11908   40.81432    0.11908    1.61612       -8090.55856
  Mo      148   42.12414   40.81938    0.12414    1.62433       -8090.57006
  Mo      149   42.09319   40.78843    0.09319    1.65176       -8090.58317
  Mo      150   42.09765   40.79289    0.09765    1.64601       -8090.57618
  Mo      151   42.14770   40.84294    0.14770    1.58998       -8090.54285
  Mo      152   42.01442   40.70966    0.01442    1.73007       -8090.62592
  Mo      153   42.06546   40.76070    0.06546    1.67255       -8090.58903
  Mo      154   42.05786   40.75310    0.05786    1.68520       -8090.60145
  Mo      155   42.17629   40.87154    0.17629    1.56900       -8090.53446
  Mo      156   42.13466   40.82990    0.13466    1.60823       -8090.55528
  Mo      157   42.14276   40.83800    0.14276    1.59812       -8090.54337
  Mo      158   42.01002   40.70526    0.01002    1.74010       -8090.63657
  Mo      159   42.05805   40.75329    0.05805    1.68988       -8090.60729
  Mo      160   42.06457   40.75981    0.06457    1.68815       -8090.60910
  Mo      161   42.04248   40.73773    0.04248    1.70332       -8090.60734
  Mo      162   42.06399   40.75923    0.06399    1.67839       -8090.60194
  Mo      163   42.11210   40.80734    0.11210    1.62704       -8090.56857
  Mo      164   42.27153   40.96677    0.27153    1.46414       -8090.47292
  Mo      165   42.08184   40.77708    0.08184    1.65861       -8090.58856
  Mo      166   42.08577   40.78101    0.08577    1.66128       -8090.59165
  Mo      167   42.21837   40.91361    0.21837    1.52879       -8090.51544
  Mo      168   42.16797   40.86322    0.16797    1.56973       -8090.52659
  Mo      169   42.15846   40.85370    0.15846    1.57833       -8090.52936
  Mo      170   42.03586   40.73110    0.03586    1.70909       -8090.61608
  Mo      171   42.05153   40.74678    0.05153    1.70375       -8090.62547
  Mo      172   42.04334   40.73859    0.04334    1.70180       -8090.61002
  Mo      173   42.03273   40.72798    0.03273    1.71775       -8090.63212
  Mo      174   42.08373   40.77897    0.08373    1.65451       -8090.58235
  Mo      175   42.08042   40.77567    0.08042    1.65886       -8090.57858
  Mo      176   41.96873   40.66397   -0.03127    1.78282       -8090.66688
  Mo      177   41.95063   40.64587   -0.04937    1.80192       -8090.67666
  Mo      178   42.08715   40.78239    0.08715    1.66336       -8090.59628
  Mo      179   42.03811   40.73335    0.03811    1.71099       -8090.62125
  Mo      180   42.13135   40.82659    0.13135    1.60895       -8090.55268
  Mo      181   42.16565   40.86089    0.16565    1.58015       -8090.55068
  Mo      182   42.15443   40.84967    0.15443    1.58418       -8090.54588
  Mo      183   42.16927   40.86452    0.16927    1.57173       -8090.54066
  Mo      184   42.06443   40.75967    0.06443    1.67798       -8090.59947
  Mo      185   42.12891   40.82416    0.12891    1.61075       -8090.54704
  Mo      186   42.07623   40.77148    0.07623    1.66873       -8090.59949
  Mo      187   42.14636   40.84160    0.14636    1.59210       -8090.54483
  Mo      188   42.02680   40.72204    0.02680    1.72517       -8090.63295
  Mo      189   42.11679   40.81203    0.11679    1.62733       -8090.57425
  Mo      190   42.01166   40.70691    0.01166    1.73390       -8090.62944
  Mo      191   42.22039   40.91563    0.22039    1.51925       -8090.50110
  Mo      192   42.06872   40.76396    0.06872    1.68608       -8090.61221
  Ta      193   72.80036   71.49560   -0.19964    1.75688      -31232.93142
  Ta      194   72.79935   71.49459   -0.20065    1.75764      -31232.93133
  Ta      195   72.82395   71.51920   -0.17605    1.73390      -31232.91713
  Ta      196   72.80135   71.49659   -0.19865    1.75462      -31232.92516
  Ta      197   72.72074   71.41599   -0.27926    1.83028      -31232.97403
  Ta      198   72.73052   71.42576   -0.26948    1.82304      -31232.96593
  Ta      199   72.87330   71.56854   -0.12670    1.68855      -31232.89049
  Ta      200   72.82988   71.52512   -0.17012    1.72821      -31232.91603
  Ta      201   72.83131   71.52655   -0.16869    1.72823      -31232.90878
  Ta      202   72.89233   71.58757   -0.10767    1.66213      -31232.86896
  Ta      203   72.79428   71.48952   -0.20572    1.76229      -31232.94653
  Ta      204   72.87077   71.56601   -0.12923    1.69268      -31232.90432
  Ta      205   72.78015   71.47540   -0.21985    1.77686      -31232.94101
  Ta      206   72.88087   71.57611   -0.11913    1.67428      -31232.88278
  Ta      207   72.69409   71.38933   -0.30591    1.86845      -31233.01158
  Ta      208   72.81777   71.51301   -0.18223    1.73414      -31232.91592
  Ta      209   72.77257   71.46781   -0.22743    1.78842      -31232.95664
  Ta      210   72.87388   71.56912   -0.12612    1.67977      -31232.88763
  Ta      211   72.78301   71.47825   -0.21699    1.77316      -31232.94097
  Ta      212   72.77040   71.46564   -0.22960    1.78466      -31232.95080
  Ta      213   72.84666   71.54190   -0.15334    1.70827      -31232.90067
  Ta      214   72.73818   71.43342   -0.26182    1.82308      -31232.96165
  Ta      215   72.77659   71.47183   -0.22341    1.78763      -31232.96092
  Ta      216   72.90568   71.60092   -0.09432    1.65625      -31232.87495
  Ta      217   72.74180   71.43704   -0.25820    1.81962      -31232.97985
  Ta      218   72.79627   71.49151   -0.20373    1.76280      -31232.93540
  Ta      219   72.70282   71.39806   -0.29718    1.85460      -31232.99514
  Ta      220   72.71941   71.41465   -0.28059    1.83355      -31232.97618
  Ta      221   72.80899   71.50423   -0.19101    1.75992      -31232.94796
  Ta      222   72.89099   71.58623   -0.10901    1.67541      -31232.88455
  Ta      223   72.77647   71.47171   -0.22353    1.78652      -31232.95542
  Ta      224   72.78527   71.48051   -0.21473    1.77435      -31232.94431
  Ta      225   72.83483   71.53007   -0.16517    1.72231      -31232.90848
  Ta      226   72.73406   71.42931   -0.26594    1.82198      -31232.97394
  Ta      227   72.82959   71.52484   -0.17041    1.73339      -31232.91321
  Ta      228   72.67946   71.37470   -0.32054    1.87553      -31233.00040
  Ta      229   72.84324   71.53849   -0.15676    1.71369      -31232.89327
  Ta      230   72.71603   71.41127   -0.28397    1.84055      -31232.98235
  Ta      231   72.83277   71.52801   -0.16723    1.72216      -31232.91691
  Ta      232   72.79784   71.49308   -0.20216    1.76119      -31232.93051
  Ta      233   72.84868   71.54392   -0.15132    1.71010      -31232.89585
  Ta      234   72.82517   71.52041   -0.17483    1.73191      -31232.92435
  Ta      235   72.81461   71.50986   -0.18539    1.74927      -31232.93074
  Ta      236   72.70321   71.39845   -0.29679    1.85392      -31232.99316
  Ta      237   72.74617   71.44141   -0.25383    1.80833      -31232.96106
  Ta      238   72.71668   71.41193   -0.28332    1.83327      -31232.96910
  Ta      239   72.80337   71.49862   -0.19663    1.75263      -31232.93142
  Ta      240   72.85360   71.54884   -0.14640    1.70299      -31232.89078
  Ta      241   72.80161   71.49685   -0.19839    1.75710      -31232.93794
  Ta      242   72.73824   71.43348   -0.26176    1.81252      -31232.96077
  Ta      243   72.78102   71.47626   -0.21898    1.76933      -31232.93048
  Ta      244   72.73892   71.43416   -0.26108    1.81714      -31232.96961
  Ta      245   72.75451   71.44975   -0.24549    1.79617      -31232.95269
  Ta      246   72.79195   71.48719   -0.20805    1.76490      -31232.92740
  Ta      247   72.68838   71.38362   -0.31162    1.86866      -31232.99378
  Ta      248   72.84796   71.54320   -0.15204    1.70641      -31232.89505
  Ta      249   72.64808   71.34332   -0.35192    1.90318      -31233.00862
  Ta      250   72.72616   71.42140   -0.27384    1.83471      -31232.97577
  Ta      251   72.86093   71.55618   -0.13907    1.69305      -31232.89008
  Ta      252   72.73652   71.43176   -0.26348    1.82301      -31232.97681
  Ta      253   72.85445   71.54969   -0.14555    1.69732      -31232.89294
  Ta      254   72.75882   71.45407   -0.24118    1.80147      -31232.95510
  Ta      255   72.77082   71.46607   -0.22918    1.78845      -31232.95858
  Ta      256   72.90362   71.59886   -0.09638    1.65673      -31232.86063
  Ti      257   22.31784   21.01308    0.31784    1.56170       -1704.41070
  Ti      258   22.27230   20.96754    0.27230    1.60135       -1704.41089
  Ti      259   22.43404   21.12928    0.43404    1.44352       -1704.33836
  Ti      260   22.32429   21.01954    0.32429    1.54467       -1704.37052
  Ti      261   22.39598   21.09122    0.39598    1.47118       -1704.33795
  Ti      262   22.23064   20.92589    0.23064    1.62914       -1704.40349
  Ti      263   22.18756   20.88280    0.18756    1.68242       -1704.45311
  Ti      264   22.29893   20.99418    0.29893    1.58719       -1704.43254
  Ti      265   22.32540   21.02064    0.32540    1.54586       -1704.37314
  Ti      266   22.24074   20.93598    0.24074    1.63055       -1704.42170
  Ti      267   22.22430   20.91954    0.22430    1.63700       -1704.40569
  Ti      268   22.31261   21.00785    0.31261    1.56790       -1704.39468
  Ti      269   22.28010   20.97534    0.28010    1.60349       -1704.45078
  Ti      270   22.26790   20.96315    0.26790    1.60951       -1704.41297
  Ti      271   22.31718   21.01243    0.31718    1.55910       -1704.38609
  Ti      272   22.31769   21.01293    0.31769    1.55508       -1704.38236
  Ti      273   22.33106   21.02630    0.33106    1.53768       -1704.36533
  Ti      274   22.31746   21.01270    0.31746    1.54959       -1704.37521
  Ti      275   22.41413   21.10937    0.41413    1.45249       -1704.32393
  Ti      276   22.38667   21.08191    0.38667    1.48775       -1704.35510
  Ti      277   22.24978   20.94502    0.24978    1.61567       -1704.41274
  Ti      278   22.29627   20.99152    0.29627    1.56750       -1704.37444
  Ti      279   22.22752   20.92276    0.22752    1.64691       -1704.43424
  Ti      280   22.23149   20.92673    0.23149    1.64547       -1704.42823
  Ti      281   22.35192   21.04717    0.35192    1.52198       -1704.37879
  Ti      282   22.38723   21.08248    0.38723    1.49747       -1704.36404
  Ti      283   22.34645   21.04169    0.34645    1.53416       -1704.38504
  Ti      284   22.23394   20.92918    0.23394    1.64225       -1704.43149
  Ti      285   22.41576   21.11100    0.41576    1.45136       -1704.32589
  Ti      286   22.23751   20.93275    0.23751    1.63356       -1704.42036
  Ti      287   22.30315   20.99839    0.30315    1.57196       -1704.38932
  Ti      288   22.25154   20.94678    0.25154    1.61430       -1704.38714
  Ti      289   22.48182   21.17707    0.48182    1.38911       -1704.28698
  Ti      290   22.22703   20.92227    0.22703    1.66174       -1704.49013
  Ti      291   22.39001   21.08525    0.39001    1.47725       -1704.33322
  Ti      292   22.43443   21.12967    0.43443    1.44312       -1704.33053
  Ti      293   22.33576   21.03100    0.33576    1.53238       -1704.37989
  Ti      294   22.30253   20.99777    0.30253    1.57326       -1704.39697
  Ti      295   22.27199   20.96724    0.27199    1.59294       -1704.38612
  Ti      296   22.27590   20.97114    0.27590    1.59997       -1704.40767
  Ti      297   22.35167   21.04692    0.35167    1.51191       -1704.33508
  Ti      298   22.18700   20.88224    0.18700    1.68638       -1704.45039
  Ti      299   22.32176   21.01700    0.32176    1.55256       -1704.37514
  Ti      300   22.27993   20.97517    0.27993    1.59134       -1704.40140
  Ti      301   22.30133   20.99657    0.30133    1.57708       -1704.40560
  Ti      302   22.39082   21.08606    0.39082    1.48454       -1704.36146
  Ti      303   22.37580   21.07104    0.37580    1.49125       -1704.33810
  Ti      304   22.28667   20.98191    0.28667    1.57424       -1704.36679
  Ti      305   22.41045   21.10569    0.41045    1.46874       -1704.36004
  Ti      306   22.26939   20.96463    0.26939    1.60486       -1704.40614
  Ti      307   22.30784   21.00308    0.30784    1.57086       -1704.39967
  Ti      308   22.30755   21.00279    0.30755    1.56138       -1704.36060
  Ti      309   22.29804   20.99328    0.29804    1.56430       -1704.37143
  Ti      310   22.36106   21.05630    0.36106    1.51219       -1704.37253
  Ti      311   22.24345   20.93870    0.24345    1.63180       -1704.43065
  Ti      312   22.25439   20.94964    0.25439    1.61847       -1704.41853
  Ti      313   22.29172   20.98696    0.29172    1.58951       -1704.42664
  Ti      314   22.28143   20.97668    0.28143    1.59475       -1704.40196
  Ti      315   22.26523   20.96047    0.26523    1.62571       -1704.45076
  Ti      316   22.33064   21.02588    0.33064    1.54436       -1704.39371
  Ti      317   22.38867   21.08391    0.38867    1.48896       -1704.34164
  Ti      318   22.24329   20.93853    0.24329    1.62750       -1704.40451
  Ti      319   22.38249   21.07773    0.38249    1.48238       -1704.32962
  Ti      320   22.27007   20.96531    0.27007    1.60947       -1704.42797
