 Atom   Index      Q          Qmt        dQ        Vmad        Local Energy
  W         1   73.85480   72.55402   -0.14520    1.73973      -32312.49692
  W         2   73.96228   72.66151   -0.03772    1.62597      -32312.42468
  W         3   73.67926   72.37849   -0.32074    1.91837      -32312.62353
  W         4   73.80229   72.50151   -0.19771    1.79272      -32312.53363
  W         5   73.88336   72.58259   -0.11664    1.70470      -32312.46715
  W         6   73.86106   72.56029   -0.13894    1.72331      -32312.47238
  W         7   73.90954   72.60877   -0.09046    1.68556      -32312.46467
  W         8   73.60349   72.30272   -0.39651    1.99422      -32312.65966
  W         9   74.08535   72.78458    0.08535    1.50919      -32312.35549
  W        10   73.89179   72.59102   -0.10821    1.70018      -32312.46853
  W        11   73.75965   72.45888   -0.24035    1.83332      -32312.55685
  W        12   73.73162   72.43085   -0.26838    1.86081      -32312.57917
  W        13   73.92797   72.62720   -0.07203    1.66663      -32312.45294
  W        14   73.80660   72.50582   -0.19340    1.79091      -32312.53382
  W        15   73.89970   72.59892   -0.10030    1.69919      -32312.47044
  W        16   73.81495   72.51417   -0.18505    1.77852      -32312.52136
  W        17   73.83550   72.53472   -0.16450    1.76137      -32312.51533
  W        18   73.62930   72.32853   -0.37070    1.97151      -32312.64885
  W        19   73.85131   72.55054   -0.14869    1.73522      -32312.49056
  W        20   73.82855   72.52778   -0.17145    1.76021      -32312.49908
  W        21   74.01544   72.71466    0.01544    1.58061      -32312.40154
  W        22   73.72410   72.42332   -0.27590    1.86608      -32312.57108
  W        23   74.01443   72.71366    0.01443    1.58339      -32312.40090
  W        24   73.87944   72.57866   -0.12056    1.70968      -32312.47657
  W        25   73.77452   72.47375   -0.22548    1.81087      -32312.54049
  W        26   73.86767   72.56690   -0.13233    1.71464      -32312.46641
  W        27   73.88830   72.58752   -0.11170    1.70441      -32312.48632
  W        28   73.88032   72.57955   -0.11968    1.71304      -32312.47666
  W        29   73.77912   72.47835   -0.22088    1.81854      -32312.55696
  W        30   73.86802   72.56724   -0.13198    1.72471      -32312.49252
  W        31   73.92385   72.62308   -0.07615    1.67525      -32312.45519
  W        32   73.93342   72.63265   -0.06658    1.66042      -32312.45682
  Nb       33   41.06106   39.76028    0.06106    1.56596       -7632.47975
  Nb       34   40.92667   39.62590   -0.07333    1.68863       -7632.56004
  Nb       35   40.83419   39.53342   -0.16581    1.78987       -7632.62788
  Nb       36   40.80375   39.50298   -0.19625    1.81896       -7632.63406
  Nb       37   40.92324   39.62247   -0.07676    1.70230       -7632.56636
  Nb       38   40.97874   39.67797   -0.02126    1.64452       -7632.53894
  Nb       39   40.99615   39.69538   -0.00385    1.62252       -7632.51677
  Nb       40   40.83879   39.53802   -0.16121    1.78737       -7632.61932
  Nb       41   40.89750   39.59673   -0.10250    1.72209       -7632.57563
  Nb       42   40.75430   39.45352   -0.24570    1.86636       -7632.67845
  Nb       43   40.98549   39.68472   -0.01451    1.63531       -7632.53137
  Nb       44   40.92318   39.62240   -0.07682    1.70361       -7632.56304
  Nb       45   40.89889   39.59811   -0.10111    1.72613       -7632.58133
  Nb       46   41.01645   39.71568    0.01645    1.60931       -7632.51370
  Nb       47   40.88376   39.58299   -0.11624    1.74279       -7632.59314
  Nb       48   40.69642   39.39565   -0.30358    1.92759       -7632.71157
  Nb       49   40.88047   39.57970   -0.11953    1.74924       -7632.59605
  Nb       50   41.04530   39.74453    0.04530    1.58585       -7632.50076
  Nb       51   40.91557   39.61480   -0.08443    1.71055       -7632.56298
  Nb       52   41.00206   39.70129    0.00206    1.62557       -7632.52618
  Nb       53   40.77820   39.47743   -0.22180    1.85059       -7632.65883
  Nb       54   40.93249   39.63172   -0.06751    1.69002       -7632.54672
  Nb       55   40.91536   39.61459   -0.08464    1.71037       -7632.57683
  Nb       56   40.79904   39.49827   -0.20096    1.83311       -7632.65899
  Nb       57   40.77030   39.46953   -0.22970    1.85179       -7632.65677
  Nb       58   40.77844   39.47767   -0.22156    1.85360       -7632.66633
  Nb       59   41.03634   39.73557    0.03634    1.58404       -7632.48898
  Nb       60   40.97312   39.67234   -0.02688    1.65533       -7632.54335
  Nb       61   40.93835   39.63758   -0.06165    1.68605       -7632.56061
  Nb       62   40.72960   39.42883   -0.27040    1.89472       -7632.68591
  Nb       63   40.79427   39.49350   -0.20573    1.82627       -7632.63661
  Nb       64   41.01309   39.71232    0.01309    1.61893       -7632.51374
  Mo       65   42.07427   40.77350    0.07427    1.63767       -8090.54572
  Mo       66   42.01000   40.70922    0.01000    1.71685       -8090.60853
  Mo       67   42.21475   40.91397    0.21475    1.50679       -8090.48622
  Mo       68   42.01407   40.71330    0.01407    1.70470       -8090.59339
  Mo       69   42.07314   40.77237    0.07314    1.63374       -8090.54397
  Mo       70   42.04541   40.74464    0.04541    1.66969       -8090.57452
  Mo       71   42.04050   40.73973    0.04050    1.68045       -8090.59074
  Mo       72   42.12675   40.82598    0.12675    1.58902       -8090.53087
  Mo       73   41.95818   40.65741   -0.04182    1.75986       -8090.62620
  Mo       74   42.12872   40.82794    0.12872    1.59394       -8090.53233
  Mo       75   42.12737   40.82660    0.12737    1.59105       -8090.53544
  Mo       76   42.04247   40.74170    0.04247    1.67127       -8090.57001
  Mo       77   41.95595   40.65518   -0.04405    1.76427       -8090.62899
  Mo       78   42.07900   40.77823    0.07900    1.63916       -8090.54893
  Mo       79   42.09136   40.79059    0.09136    1.62037       -8090.53894
  Mo       80   42.00182   40.70104    0.00182    1.71613       -8090.59657
  Mo       81   42.02915   40.72838    0.02915    1.68993       -8090.58123
  Mo       82   42.05660   40.75582    0.05660    1.66852       -8090.57816
  Mo       83   42.08549   40.78471    0.08549    1.62753       -8090.53813
  Mo       84   42.04258   40.74180    0.04258    1.66887       -8090.57062
  Mo       85   41.91508   40.61431   -0.08492    1.81022       -8090.65959
  Mo       86   42.02498   40.72421    0.02498    1.69905       -8090.60067
  Mo       87   41.97107   40.67030   -0.02893    1.75195       -8090.62787
  Mo       88   42.11147   40.81070    0.11147    1.61098       -8090.53824
  Mo       89   42.14514   40.84437    0.14514    1.57480       -8090.52532
  Mo       90   42.05927   40.75850    0.05927    1.66058       -8090.56978
  Mo       91   42.02122   40.72044    0.02122    1.69854       -8090.59336
  Mo       92   42.02463   40.72386    0.02463    1.69637       -8090.59269
  Mo       93   42.02881   40.72804    0.02881    1.68388       -8090.57638
  Mo       94   42.19706   40.89629    0.19706    1.51746       -8090.48006
  Mo       95   42.12928   40.82851    0.12928    1.58402       -8090.51738
  Mo       96   42.10071   40.79993    0.10071    1.62317       -8090.55646
  Ta       97   72.69797   71.39720   -0.30203    1.83108      -31232.96550
  Ta       98   72.75205   71.45128   -0.24795    1.78835      -31232.92440
  Ta       99   72.85780   71.55702   -0.14220    1.67126      -31232.85811
  Ta      100   72.71878   71.41801   -0.28122    1.80884      -31232.94290
  Ta      101   72.85227   71.55149   -0.14773    1.67769      -31232.86888
  Ta      102   72.69437   71.39359   -0.30563    1.83068      -31232.95702
  Ta      103   72.79939   71.49862   -0.20061    1.73741      -31232.90282
  Ta      104   72.78121   71.48044   -0.21879    1.75352      -31232.91752
  Ta      105   72.90556   71.60478   -0.09444    1.62954      -31232.83254
  Ta      106   72.75309   71.45232   -0.24691    1.77522      -31232.91867
  Ta      107   72.69146   71.39068   -0.30854    1.84074      -31232.97614
  Ta      108   72.52529   71.22452   -0.47471    2.00399      -31233.06991
  Ta      109   72.90419   71.60342   -0.09581    1.62906      -31232.82911
  Ta      110   72.76768   71.46690   -0.23232    1.76513      -31232.92782
  Ta      111   72.76990   71.46913   -0.23010    1.76258      -31232.92000
  Ta      112   72.80456   71.50379   -0.19544    1.72248      -31232.88836
  Ta      113   72.85173   71.55096   -0.14827    1.68149      -31232.86742
  Ta      114   72.62493   71.32416   -0.37507    1.91312      -31233.01416
  Ta      115   72.66176   71.36099   -0.33824    1.86998      -31232.99179
  Ta      116   72.88505   71.58428   -0.11495    1.64853      -31232.84416
  Ta      117   72.73995   71.43918   -0.26005    1.79102      -31232.93497
  Ta      118   72.81148   71.51071   -0.18852    1.73173      -31232.90602
  Ta      119   72.69152   71.39075   -0.30848    1.84566      -31232.98454
  Ta      120   72.83211   71.53133   -0.16789    1.69511      -31232.87390
  Ta      121   72.74070   71.43992   -0.25930    1.79773      -31232.93877
  Ta      122   72.84976   71.54899   -0.15024    1.68955      -31232.87719
  Ta      123   72.78577   71.48500   -0.21423    1.74910      -31232.90784
  Ta      124   72.88457   71.58380   -0.11543    1.65434      -31232.85647
  Ta      125   72.70341   71.40263   -0.29659    1.82177      -31232.94880
  Ta      126   72.78622   71.48544   -0.21378    1.74144      -31232.89490
  Ta      127   72.58117   71.28040   -0.41883    1.95511      -31233.03976
  Ta      128   72.75586   71.45509   -0.24414    1.78011      -31232.93330
  V       129   23.47790   22.17713    0.47790    1.46790       -1895.20559
  V       130   23.49053   22.18976    0.49053    1.44910       -1895.17535
  V       131   23.41476   22.11399    0.41476    1.53709       -1895.23241
  V       132   23.44441   22.14364    0.44441    1.50352       -1895.22886
  V       133   23.39104   22.09027    0.39104    1.55843       -1895.23569
  V       134   23.45560   22.15483    0.45560    1.48968       -1895.19560
  V       135   23.45535   22.15458    0.45535    1.49048       -1895.20642
  V       136   23.46037   22.15960    0.46037    1.48187       -1895.17240
  V       137   23.39171   22.09093    0.39171    1.55605       -1895.24850
  V       138   23.53673   22.23595    0.53673    1.41118       -1895.15295
  V       139   23.43279   22.13202    0.43279    1.51686       -1895.20248
  V       140   23.35240   22.05163    0.35240    1.59664       -1895.24914
  V       141   23.50543   22.20465    0.50543    1.43807       -1895.16226
  V       142   23.48065   22.17988    0.48065    1.46911       -1895.20345
  V       143   23.41300   22.11223    0.41300    1.53212       -1895.23453
  V       144   23.43542   22.13465    0.43542    1.50996       -1895.20649
  V       145   23.56821   22.26744    0.56821    1.37226       -1895.11453
  V       146   23.41917   22.11839    0.41917    1.52945       -1895.23248
  V       147   23.41781   22.11704    0.41781    1.52485       -1895.21323
  V       148   23.38270   22.08192    0.38270    1.56577       -1895.23143
  V       149   23.39123   22.09046    0.39123    1.55206       -1895.24523
  V       150   23.36907   22.06829    0.36907    1.58324       -1895.24688
  V       151   23.45682   22.15605    0.45682    1.48521       -1895.19314
  V       152   23.45238   22.15161    0.45238    1.49698       -1895.20174
  V       153   23.34466   22.04389    0.34466    1.60308       -1895.25909
  V       154   23.35931   22.05854    0.35931    1.59161       -1895.27909
  V       155   23.40392   22.10315    0.40392    1.54536       -1895.23205
  V       156   23.33472   22.03395    0.33472    1.62100       -1895.27135
  V       157   23.38274   22.08197    0.38274    1.56624       -1895.25713
  V       158   23.42192   22.12115    0.42192    1.52558       -1895.22596
  V       159   23.35675   22.05598    0.35675    1.59364       -1895.26934
  V       160   23.52506   22.22429    0.52506    1.42002       -1895.17244
