System Description            : WNbMoTaTi, BCC structure                        
Number of Atoms in Unit Cell  : 40                                              
Number of Atomic Species      : 5                                               
Number of Atoms in Each Type  : 8(W), 8(Nb), 8(Mo), 8(Ta), 8(Ti)                
Energy Offset                 : -16193                                          
=======================================================================================
    Iter     Energy      3PV     Efermi   Rms_rho    Rms_pot   Mix  Alg  Alpha 
---------------------------------------------------------------------------------------
**       1  -0.750167  1839.858  0.53873  0.140E+01  0.139E+00  pot  B   0.1000
         2  -0.855836  1816.653  0.57743  0.771E-02  0.519E+00  pot  B   0.1000
         3  -1.092359  1813.681  0.57721  0.159E-02  0.206E+00  pot  B   0.1000
         4  -1.321637  1784.878  0.59621  0.938E-02  0.245E+00  pot  B   0.1000
         5  -1.377961  1772.780  0.60562  0.406E-02  0.267E+00  pot  B   0.1000
         6  -1.517239  1749.498  0.62168  0.775E-02  0.148E+00  pot  B   0.1000
         7  -1.562064  1731.803  0.63472  0.625E-02  0.700E-01  pot  B   0.1000
         8  -1.579565  1724.813  0.64182  0.328E-02  0.253E-01  pot  B   0.1000
         9  -1.595666  1715.275  0.65033  0.513E-02  0.503E-01  pot  B   0.1000
        10  -1.602213  1710.325  0.65369  0.257E-02  0.265E-01  pot  B   0.1000
        11  -1.604383  1707.059  0.65606  0.191E-02  0.873E-02  pot  B   0.1000
        12  -1.604562  1706.377  0.65710  0.492E-03  0.408E-02  pot  B   0.1000
        13  -1.604670  1706.253  0.65803  0.213E-03  0.481E-02  pot  B   0.1000
        14  -1.604828  1706.152  0.65969  0.322E-03  0.202E-02  pot  B   0.1000
        15  -1.604871  1706.174  0.66094  0.261E-03  0.816E-03  pot  B   0.1000
        16  -1.604863  1706.167  0.66119  0.387E-04  0.650E-03  pot  B   0.1000
        17  -1.604868  1706.191  0.66140  0.372E-04  0.316E-03  pot  B   0.1000
        18  -1.604872  1706.215  0.66160  0.378E-04  0.311E-03  pot  B   0.1000
        19  -1.604873  1706.220  0.66166  0.106E-04  0.183E-03  pot  B   0.1000
        20  -1.604873  1706.212  0.66169  0.587E-05  0.825E-04  pot  B   0.1000
        21  -1.604873  1706.204  0.66171  0.378E-05  0.455E-04  pot  B   0.1000
        22  -1.604873  1706.199  0.66172  0.291E-05  0.402E-04  pot  B   0.1000
        23  -1.604873  1706.197  0.66173  0.104E-05  0.180E-04  pot  B   0.1000
        24  -1.604873  1706.198  0.66173  0.603E-06  0.142E-04  pot  B   0.1000
        25  -1.604873  1706.199  0.66173  0.635E-06  0.109E-04  pot  B   0.1000
        26  -1.604873  1706.200  0.66174  0.551E-06  0.549E-05  pot  B   0.1000
        27  -1.604873  1706.200  0.66174  0.232E-06  0.358E-05  pot  B   0.1000
        28  -1.604873  1706.200  0.66174  0.117E-06  0.202E-05  pot  B   0.1000
        29  -1.604873  1706.200  0.66174  0.159E-06  0.158E-05  pot  B   0.1000
        30  -1.604873  1706.200  0.66175  0.762E-07  0.751E-06  pot  B   0.1000
        31  -1.604873  1706.200  0.66175  0.559E-07  0.668E-06  pot  B   0.1000
        32  -1.604873  1706.200  0.66175  0.334E-07  0.328E-06  pot  B   0.1000
        33  -1.604873  1706.200  0.66175  0.705E-07  0.252E-06  pot  B   0.1000
        34  -1.604873  1706.200  0.66175  0.395E-07  0.215E-06  pot  B   0.1000
        35  -1.604873  1706.200  0.66175  0.155E-07  0.111E-06  pot  B   0.1000
        36  -1.604873  1706.200  0.66175  0.125E-07  0.775E-07  pot  B   0.1000
        37  -1.604873  1706.200  0.66175  0.845E-08  0.472E-07  pot  B   0.1000
        38  -1.604873  1706.200  0.66175  0.239E-08  0.612E-07  pot  B   0.1000
        39  -1.604873  1706.200  0.66175  0.166E-08  0.250E-07  pot  B   0.1000
        40  -1.604873  1706.200  0.66175  0.181E-08  0.194E-07  pot  B   0.1000
        41  -1.604873  1706.200  0.66175  0.116E-08  0.108E-07  pot  B   0.1000
        42  -1.604873  1706.200  0.66175  0.330E-09  0.711E-08  pot  B   0.1000
**      43  -1.604873  1706.200  0.66175  0.459E-12  0.711E-08  pot  B   0.1000
