System Description            : WNbMoTa, BCC structure                          
Number of Atoms in Unit Cell  : 512                                             
Number of Atomic Species      : 4                                               
Number of Atoms in Each Type  : 128(W), 128(Nb), 128(Mo), 128(Ta)               
Energy Offset                 : -19816                                          
=======================================================================================
    Iter     Energy      3PV     Efermi   Rms_rho    Rms_pot   Mix  Alg  Alpha 
---------------------------------------------------------------------------------------
**       1  -0.257269  2293.580  0.59442  0.140E+01  0.258E+00  pot  B   0.1000
         2   0.327353  2266.316  0.61925  0.816E-02  0.248E+01  pot  B   0.1000
         3  -0.623340  2263.222  0.61201  0.272E-02  0.461E+00  pot  B   0.1000
         4  -0.672663  2257.174  0.61514  0.173E-02  0.562E+00  pot  B   0.1000
         5  -0.837479  2230.880  0.62808  0.715E-02  0.728E+00  pot  B   0.1000
         6  -1.125396  2190.957  0.64433  0.107E-01  0.343E+00  pot  B   0.1000
         7  -1.170977  2176.739  0.65713  0.395E-02  0.402E+00  pot  B   0.1000
         8  -1.190988  2171.592  0.66332  0.159E-02  0.257E+00  pot  B   0.1000
         9  -1.216730  2163.220  0.66837  0.270E-02  0.188E+00  pot  B   0.1000
        10  -1.235857  2155.686  0.67240  0.272E-02  0.119E+00  pot  B   0.1000
        11  -1.248965  2149.543  0.67538  0.238E-02  0.116E+00  pot  B   0.1000
        12  -1.255509  2146.178  0.67703  0.137E-02  0.123E+00  pot  B   0.1000
        13  -1.271541  2136.165  0.68141  0.426E-02  0.692E-01  pot  B   0.1000
        14  -1.274714  2132.654  0.68347  0.165E-02  0.407E-01  pot  B   0.1000
        15  -1.274513  2129.619  0.68538  0.918E-03  0.490E-01  pot  B   0.1000
        16  -1.276181  2128.509  0.68602  0.939E-03  0.132E-01  pot  B   0.1000
        17  -1.276306  2128.092  0.68645  0.234E-03  0.994E-02  pot  B   0.1000
        18  -1.276371  2128.203  0.68671  0.111E-03  0.199E-01  pot  B   0.1000
        19  -1.276616  2128.659  0.68724  0.223E-03  0.728E-02  pot  B   0.1000
        20  -1.276650  2128.297  0.68788  0.258E-03  0.108E-01  pot  B   0.1000
        21  -1.276668  2128.639  0.68797  0.137E-03  0.145E-01  pot  B   0.1000
        22  -1.276730  2128.713  0.68839  0.123E-03  0.630E-02  pot  B   0.1000
        23  -1.276750  2128.900  0.68863  0.814E-04  0.496E-02  pot  B   0.1000
        24  -1.276760  2128.769  0.68902  0.105E-03  0.790E-02  pot  B   0.1000
        25  -1.276779  2128.851  0.68934  0.610E-04  0.477E-02  pot  B   0.1000
        26  -1.276797  2128.873  0.68982  0.791E-04  0.242E-02  pot  B   0.1000
        27  -1.276801  2128.811  0.69004  0.390E-04  0.216E-02  pot  B   0.1000
        28  -1.276802  2128.776  0.69013  0.278E-04  0.227E-02  pot  B   0.1000
        29  -1.276805  2128.697  0.69028  0.315E-04  0.115E-02  pot  B   0.1000
        30  -1.276806  2128.638  0.69036  0.227E-04  0.136E-02  pot  B   0.1000
        31  -1.276807  2128.538  0.69049  0.377E-04  0.169E-02  pot  B   0.1000
        32  -1.276808  2128.448  0.69058  0.334E-04  0.237E-02  pot  B   0.1000
        33  -1.276808  2128.406  0.69061  0.142E-04  0.527E-03  pot  B   0.1000
        34  -1.276808  2128.344  0.69067  0.278E-04  0.593E-03  pot  B   0.1000
        35  -1.276808  2128.321  0.69067  0.895E-05  0.570E-03  pot  B   0.1000
        36  -1.276808  2128.308  0.69071  0.104E-04  0.608E-03  pot  B   0.1000
        37  -1.276808  2128.293  0.69072  0.754E-05  0.569E-03  pot  B   0.1000
        38  -1.276808  2128.290  0.69072  0.533E-05  0.429E-03  pot  B   0.1000
        39  -1.276808  2128.285  0.69074  0.557E-05  0.303E-03  pot  B   0.1000
        40  -1.276808  2128.286  0.69075  0.238E-05  0.247E-03  pot  B   0.1000
        41  -1.276808  2128.292  0.69076  0.376E-05  0.169E-03  pot  B   0.1000
        42  -1.276808  2128.295  0.69077  0.217E-05  0.219E-03  pot  B   0.1000
        43  -1.276808  2128.296  0.69079  0.325E-05  0.180E-03  pot  B   0.1000
        44  -1.276808  2128.296  0.69081  0.271E-05  0.257E-03  pot  B   0.1000
        45  -1.276808  2128.301  0.69081  0.134E-05  0.148E-03  pot  B   0.1000
        46  -1.276809  2128.298  0.69083  0.274E-05  0.141E-03  pot  B   0.1000
        47  -1.276809  2128.299  0.69084  0.144E-05  0.853E-04  pot  B   0.1000
        48  -1.276809  2128.297  0.69084  0.106E-05  0.949E-04  pot  B   0.1000
        49  -1.276809  2128.295  0.69085  0.108E-05  0.580E-04  pot  B   0.1000
        50  -1.276809  2128.293  0.69085  0.114E-05  0.758E-04  pot  B   0.1000
        51  -1.276809  2128.291  0.69086  0.107E-05  0.535E-04  pot  B   0.1000
        52  -1.276809  2128.289  0.69086  0.829E-06  0.700E-04  pot  B   0.1000
        53  -1.276809  2128.284  0.69087  0.181E-05  0.473E-04  pot  B   0.1000
        54  -1.276809  2128.282  0.69087  0.746E-06  0.360E-04  pot  B   0.1000
        55  -1.276809  2128.281  0.69087  0.811E-06  0.252E-04  pot  B   0.1000
        56  -1.276809  2128.280  0.69087  0.588E-06  0.361E-04  pot  B   0.1000
        57  -1.276809  2128.279  0.69088  0.370E-06  0.300E-04  pot  B   0.1000
        58  -1.276809  2128.278  0.69088  0.536E-06  0.219E-04  pot  B   0.1000
        59  -1.276809  2128.278  0.69088  0.451E-06  0.257E-04  pot  B   0.1000
        60  -1.276809  2128.278  0.69088  0.169E-06  0.235E-04  pot  B   0.1000
        61  -1.276809  2128.277  0.69088  0.199E-06  0.130E-04  pot  B   0.1000
        62  -1.276809  2128.277  0.69088  0.206E-06  0.112E-04  pot  B   0.1000
        63  -1.276809  2128.277  0.69088  0.580E-07  0.159E-04  pot  B   0.1000
        64  -1.276809  2128.278  0.69088  0.906E-07  0.102E-04  pot  B   0.1000
        65  -1.276809  2128.278  0.69088  0.134E-06  0.796E-05  pot  B   0.1000
        66  -1.276809  2128.277  0.69088  0.101E-06  0.798E-05  pot  B   0.1000
        67  -1.276809  2128.277  0.69088  0.758E-07  0.576E-05  pot  B   0.1000
        68  -1.276809  2128.277  0.69088  0.943E-07  0.693E-05  pot  B   0.1000
        69  -1.276809  2128.277  0.69088  0.507E-07  0.524E-05  pot  B   0.1000
        70  -1.276809  2128.277  0.69088  0.615E-07  0.505E-05  pot  B   0.1000
        71  -1.276809  2128.277  0.69089  0.748E-07  0.386E-05  pot  B   0.1000
        72  -1.276809  2128.277  0.69089  0.538E-07  0.381E-05  pot  B   0.1000
        73  -1.276809  2128.277  0.69089  0.666E-07  0.363E-05  pot  B   0.1000
        74  -1.276809  2128.277  0.69089  0.742E-07  0.476E-05  pot  B   0.1000
        75  -1.276809  2128.277  0.69089  0.377E-07  0.302E-05  pot  B   0.1000
        76  -1.276809  2128.277  0.69089  0.431E-07  0.331E-05  pot  B   0.1000
        77  -1.276809  2128.277  0.69089  0.316E-07  0.211E-05  pot  B   0.1000
        78  -1.276809  2128.277  0.69089  0.217E-07  0.191E-05  pot  B   0.1000
        79  -1.276809  2128.277  0.69089  0.232E-07  0.157E-05  pot  B   0.1000
        80  -1.276809  2128.276  0.69089  0.399E-07  0.142E-05  pot  B   0.1000
        81  -1.276809  2128.276  0.69089  0.346E-07  0.116E-05  pot  B   0.1000
        82  -1.276809  2128.276  0.69089  0.959E-08  0.136E-05  pot  B   0.1000
        83  -1.276809  2128.276  0.69089  0.153E-07  0.124E-05  pot  B   0.1000
        84  -1.276809  2128.276  0.69089  0.515E-08  0.786E-06  pot  B   0.1000
        85  -1.276809  2128.276  0.69089  0.791E-08  0.106E-05  pot  B   0.1000
        86  -1.276809  2128.276  0.69089  0.732E-08  0.703E-06  pot  B   0.1000
        87  -1.276809  2128.276  0.69089  0.482E-08  0.121E-05  pot  B   0.1000
        88  -1.276809  2128.276  0.69089  0.718E-08  0.102E-05  pot  B   0.1000
        89  -1.276809  2128.276  0.69089  0.276E-08  0.650E-06  pot  B   0.1000
        90  -1.276809  2128.276  0.69089  0.678E-08  0.517E-06  pot  B   0.1000
        91  -1.276809  2128.276  0.69089  0.443E-08  0.496E-06  pot  B   0.1000
        92  -1.276809  2128.276  0.69089  0.317E-08  0.338E-06  pot  B   0.1000
        93  -1.276809  2128.276  0.69089  0.362E-08  0.276E-06  pot  B   0.1000
        94  -1.276809  2128.276  0.69089  0.544E-08  0.356E-06  pot  B   0.1000
        95  -1.276809  2128.276  0.69089  0.272E-08  0.327E-06  pot  B   0.1000
        96  -1.276809  2128.276  0.69089  0.252E-08  0.228E-06  pot  B   0.1000
        97  -1.276809  2128.276  0.69089  0.277E-08  0.292E-06  pot  B   0.1000
        98  -1.276809  2128.276  0.69089  0.217E-08  0.133E-06  pot  B   0.1000
        99  -1.276809  2128.276  0.69089  0.102E-08  0.222E-06  pot  B   0.1000
       100  -1.276809  2128.276  0.69089  0.137E-08  0.154E-06  pot  B   0.1000
**     101  -1.276809  2128.276  0.69089  0.529E-12  0.154E-06  pot  B   0.1000
