System Description            : WNbMoTaV, BCC structure                         
Number of Atoms in Unit Cell  : 80                                              
Number of Atomic Species      : 5                                               
Number of Atoms in Each Type  : 16(W), 16(Nb), 16(Mo), 16(Ta), 16(V)            
Energy Offset                 : -16231                                          
=======================================================================================
    Iter     Energy      3PV     Efermi   Rms_rho    Rms_pot   Mix  Alg  Alpha 
---------------------------------------------------------------------------------------
**       1  -0.853439  1839.096  0.58406  0.140E+01  0.113E+00  pot  B   0.1000
         2  -1.163929  1816.542  0.59303  0.760E-02  0.358E+00  pot  B   0.1000
         3  -1.193854  1807.311  0.60549  0.498E-02  0.467E+00  pot  B   0.1000
         4  -1.394903  1797.858  0.61123  0.320E-02  0.232E+00  pot  B   0.1000
         5  -1.527267  1773.481  0.61892  0.811E-02  0.391E+00  pot  B   0.1000
         6  -1.634400  1755.767  0.62480  0.597E-02  0.290E+00  pot  B   0.1000
         7  -1.697537  1739.013  0.63023  0.574E-02  0.112E+00  pot  B   0.1000
         8  -1.716288  1731.877  0.63388  0.282E-02  0.747E-01  pot  B   0.1000
         9  -1.729604  1726.903  0.63564  0.225E-02  0.730E-01  pot  B   0.1000
        10  -1.745457  1719.367  0.63796  0.377E-02  0.439E-01  pot  B   0.1000
        11  -1.753766  1712.968  0.63918  0.333E-02  0.412E-01  pot  B   0.1000
        12  -1.757462  1709.035  0.64047  0.216E-02  0.186E-01  pot  B   0.1000
        13  -1.757929  1707.980  0.64136  0.681E-03  0.215E-01  pot  B   0.1000
        14  -1.758323  1707.508  0.64204  0.361E-03  0.730E-02  pot  B   0.1000
        15  -1.758425  1707.497  0.64262  0.163E-03  0.907E-02  pot  B   0.1000
        16  -1.758577  1707.176  0.64370  0.264E-03  0.646E-02  pot  B   0.1000
        17  -1.758676  1707.376  0.64465  0.181E-03  0.621E-02  pot  B   0.1000
        18  -1.758764  1707.109  0.64607  0.283E-03  0.576E-02  pot  B   0.1000
        19  -1.758771  1707.304  0.64645  0.746E-04  0.419E-02  pot  B   0.1000
        20  -1.758787  1707.234  0.64682  0.794E-04  0.309E-02  pot  B   0.1000
        21  -1.758802  1707.184  0.64710  0.533E-04  0.181E-02  pot  B   0.1000
        22  -1.758808  1707.141  0.64730  0.475E-04  0.308E-02  pot  B   0.1000
        23  -1.758813  1707.103  0.64739  0.397E-04  0.108E-02  pot  B   0.1000
        24  -1.758815  1707.055  0.64744  0.265E-04  0.108E-02  pot  B   0.1000
        25  -1.758815  1707.015  0.64748  0.249E-04  0.989E-03  pot  B   0.1000
        26  -1.758815  1706.979  0.64750  0.181E-04  0.767E-03  pot  B   0.1000
        27  -1.758814  1706.941  0.64749  0.169E-04  0.893E-03  pot  B   0.1000
        28  -1.758815  1706.928  0.64753  0.127E-04  0.513E-03  pot  B   0.1000
        29  -1.758814  1706.885  0.64753  0.190E-04  0.371E-03  pot  B   0.1000
        30  -1.758814  1706.864  0.64756  0.163E-04  0.370E-03  pot  B   0.1000
        31  -1.758814  1706.845  0.64757  0.108E-04  0.383E-03  pot  B   0.1000
        32  -1.758814  1706.837  0.64759  0.630E-05  0.289E-03  pot  B   0.1000
        33  -1.758814  1706.832  0.64761  0.457E-05  0.178E-03  pot  B   0.1000
        34  -1.758814  1706.821  0.64764  0.829E-05  0.177E-03  pot  B   0.1000
        35  -1.758815  1706.821  0.64766  0.326E-05  0.130E-03  pot  B   0.1000
        36  -1.758815  1706.818  0.64769  0.342E-05  0.152E-03  pot  B   0.1000
        37  -1.758815  1706.815  0.64770  0.275E-05  0.652E-04  pot  B   0.1000
        38  -1.758816  1706.813  0.64772  0.190E-05  0.709E-04  pot  B   0.1000
        39  -1.758816  1706.811  0.64774  0.251E-05  0.111E-03  pot  B   0.1000
        40  -1.758816  1706.812  0.64773  0.119E-05  0.668E-04  pot  B   0.1000
        41  -1.758816  1706.808  0.64774  0.334E-05  0.492E-04  pot  B   0.1000
        42  -1.758816  1706.807  0.64775  0.922E-06  0.254E-04  pot  B   0.1000
        43  -1.758816  1706.806  0.64775  0.100E-05  0.459E-04  pot  B   0.1000
        44  -1.758816  1706.806  0.64775  0.418E-06  0.226E-04  pot  B   0.1000
        45  -1.758816  1706.805  0.64775  0.364E-06  0.223E-04  pot  B   0.1000
        46  -1.758816  1706.805  0.64775  0.360E-06  0.146E-04  pot  B   0.1000
        47  -1.758816  1706.804  0.64775  0.388E-06  0.140E-04  pot  B   0.1000
        48  -1.758816  1706.804  0.64775  0.330E-06  0.806E-05  pot  B   0.1000
        49  -1.758816  1706.804  0.64775  0.147E-06  0.588E-05  pot  B   0.1000
        50  -1.758816  1706.804  0.64775  0.212E-06  0.557E-05  pot  B   0.1000
        51  -1.758816  1706.804  0.64775  0.189E-06  0.522E-05  pot  B   0.1000
        52  -1.758816  1706.804  0.64776  0.616E-07  0.550E-05  pot  B   0.1000
        53  -1.758816  1706.804  0.64776  0.651E-07  0.291E-05  pot  B   0.1000
        54  -1.758816  1706.804  0.64776  0.551E-07  0.225E-05  pot  B   0.1000
        55  -1.758816  1706.804  0.64776  0.410E-07  0.253E-05  pot  B   0.1000
        56  -1.758816  1706.804  0.64776  0.255E-07  0.187E-05  pot  B   0.1000
        57  -1.758816  1706.804  0.64776  0.298E-07  0.229E-05  pot  B   0.1000
        58  -1.758816  1706.804  0.64776  0.268E-07  0.190E-05  pot  B   0.1000
        59  -1.758816  1706.804  0.64776  0.353E-07  0.151E-05  pot  B   0.1000
        60  -1.758816  1706.804  0.64776  0.283E-07  0.106E-05  pot  B   0.1000
        61  -1.758816  1706.804  0.64776  0.194E-07  0.864E-06  pot  B   0.1000
        62  -1.758816  1706.804  0.64776  0.155E-07  0.460E-06  pot  B   0.1000
        63  -1.758816  1706.804  0.64776  0.785E-08  0.398E-06  pot  B   0.1000
        64  -1.758816  1706.804  0.64776  0.103E-07  0.435E-06  pot  B   0.1000
        65  -1.758816  1706.804  0.64776  0.564E-08  0.196E-06  pot  B   0.1000
        66  -1.758816  1706.804  0.64776  0.924E-08  0.134E-06  pot  B   0.1000
        67  -1.758816  1706.804  0.64776  0.321E-08  0.212E-06  pot  B   0.1000
        68  -1.758816  1706.804  0.64776  0.210E-08  0.159E-06  pot  B   0.1000
        69  -1.758816  1706.804  0.64776  0.190E-08  0.768E-07  pot  B   0.1000
        70  -1.758816  1706.804  0.64776  0.151E-08  0.670E-07  pot  B   0.1000
        71  -1.758816  1706.804  0.64776  0.979E-09  0.605E-07  pot  B   0.1000
        72  -1.758816  1706.804  0.64776  0.943E-09  0.317E-07  pot  B   0.1000
        73  -1.758816  1706.804  0.64776  0.859E-09  0.518E-07  pot  B   0.1000
        74  -1.758816  1706.804  0.64776  0.602E-09  0.270E-07  pot  B   0.1000
        75  -1.758816  1706.804  0.64776  0.538E-09  0.361E-07  pot  B   0.1000
        76  -1.758816  1706.804  0.64776  0.608E-09  0.237E-07  pot  B   0.1000
        77  -1.758816  1706.804  0.64776  0.302E-09  0.175E-07  pot  B   0.1000
        78  -1.758816  1706.804  0.64776  0.352E-09  0.963E-08  pot  B   0.1000
**      79  -1.758816  1706.804  0.64776  0.523E-12  0.963E-08  pot  B   0.1000
