 Atom   Index      Q          Qmt        dQ        Vmad        Local Energy
  W         1   73.92557   72.53845   -0.07443    1.84372      -32312.64285
  W         2   73.92193   72.53482   -0.07807    1.84450      -32312.63585
  W         3   73.89275   72.50564   -0.10725    1.87554      -32312.66065
  W         4   73.86924   72.48213   -0.13076    1.88784      -32312.66161
  W         5   73.86872   72.48160   -0.13128    1.88767      -32312.66094
  W         6   73.98543   72.59831   -0.01457    1.78588      -32312.61177
  W         7   73.98343   72.59632   -0.01657    1.78973      -32312.61614
  W         8   73.98273   72.59562   -0.01727    1.78751      -32312.61744
  W         9   73.98079   72.59368   -0.01921    1.79556      -32312.62654
  W        10   74.03305   72.64594    0.03305    1.74466      -32312.58992
  W        11   74.00460   72.61748    0.00460    1.77581      -32312.61408
  W        12   73.94733   72.56021   -0.05267    1.82106      -32312.62970
  W        13   73.93747   72.55036   -0.06253    1.82589      -32312.62423
  W        14   74.00607   72.61895    0.00607    1.77152      -32312.60473
  W        15   73.91410   72.52699   -0.08590    1.85007      -32312.65142
  W        16   73.96852   72.58141   -0.03148    1.80682      -32312.61921
  Nb       17   40.97588   39.58876   -0.02412    1.82057       -7632.73430
  Nb       18   41.07823   39.69111    0.07823    1.73084       -7632.68528
  Nb       19   40.95846   39.57134   -0.04154    1.84276       -7632.74818
  Nb       20   41.04481   39.65769    0.04481    1.76090       -7632.70282
  Nb       21   41.01906   39.63195    0.01906    1.79000       -7632.71957
  Nb       22   41.02680   39.63969    0.02680    1.77751       -7632.70874
  Nb       23   41.04710   39.65998    0.04710    1.75692       -7632.70019
  Nb       24   40.99241   39.60529   -0.00759    1.80797       -7632.72002
  Nb       25   40.96861   39.58149   -0.03139    1.83058       -7632.74631
  Nb       26   40.94582   39.55871   -0.05418    1.85296       -7632.75555
  Nb       27   40.97677   39.58965   -0.02323    1.82683       -7632.74047
  Nb       28   40.99734   39.61022   -0.00266    1.80331       -7632.72823
  Nb       29   40.99838   39.61127   -0.00162    1.80359       -7632.71966
  Nb       30   41.04588   39.65876    0.04588    1.76152       -7632.70317
  Nb       31   41.05061   39.66349    0.05061    1.75599       -7632.70058
  Nb       32   41.09866   39.71155    0.09866    1.71528       -7632.68103
  Mo       33   42.12821   40.74110    0.12821    1.76126       -8090.71390
  Mo       34   42.17580   40.78868    0.17580    1.72051       -8090.69201
  Mo       35   42.20196   40.81484    0.20196    1.69822       -8090.68899
  Mo       36   42.11000   40.72288    0.11000    1.77235       -8090.71781
  Mo       37   42.19445   40.80733    0.19445    1.69468       -8090.66928
  Mo       38   42.16323   40.77612    0.16323    1.72591       -8090.69379
  Mo       39   42.19833   40.81121    0.19833    1.69668       -8090.68128
  Mo       40   42.23188   40.84477    0.23188    1.66750       -8090.67160
  Mo       41   42.12571   40.73859    0.12571    1.76206       -8090.71402
  Mo       42   42.23031   40.84320    0.23031    1.66902       -8090.66747
  Mo       43   42.15498   40.76787    0.15498    1.73863       -8090.70585
  Mo       44   42.24127   40.85415    0.24127    1.65423       -8090.65968
  Mo       45   42.15697   40.76986    0.15697    1.73090       -8090.68886
  Mo       46   42.11923   40.73212    0.11923    1.76226       -8090.70947
  Mo       47   42.09605   40.70894    0.09605    1.79132       -8090.73052
  Mo       48   42.20218   40.81507    0.20218    1.69690       -8090.68548
  Ta       49   72.92758   71.54047   -0.07242    1.79324      -31233.03175
  Ta       50   72.83172   71.44460   -0.16828    1.88297      -31233.09259
  Ta       51   72.81111   71.42400   -0.18889    1.90392      -31233.10930
  Ta       52   72.84451   71.45740   -0.15549    1.86960      -31233.07732
  Ta       53   72.90095   71.51384   -0.09905    1.81579      -31233.03892
  Ta       54   72.83953   71.45242   -0.16047    1.87246      -31233.08212
  Ta       55   72.91734   71.53023   -0.08266    1.80078      -31233.03429
  Ta       56   72.90900   71.52189   -0.09100    1.81059      -31233.03935
  Ta       57   72.79700   71.40988   -0.20300    1.91014      -31233.10337
  Ta       58   72.87800   71.49089   -0.12200    1.83843      -31233.05989
  Ta       59   72.87328   71.48617   -0.12672    1.83997      -31233.06361
  Ta       60   72.87580   71.48868   -0.12420    1.84105      -31233.06947
  Ta       61   72.90052   71.51340   -0.09948    1.81585      -31233.04403
  Ta       62   72.81024   71.42313   -0.18976    1.89393      -31233.09662
  Ta       63   72.86397   71.47685   -0.13603    1.85116      -31233.06921
  Ta       64   72.84234   71.45522   -0.15766    1.86991      -31233.07510
