 Atom   Index      Q          Qmt        dQ        Vmad        Local Energy
  W         1   73.99088   72.68961   -0.00912    1.60480      -32312.40251
  W         2   73.70777   72.40649   -0.29223    1.88575      -32312.58734
  W         3   73.83693   72.53565   -0.16307    1.75198      -32312.49563
  W         4   73.76391   72.46264   -0.23609    1.83116      -32312.54748
  W         5   73.94005   72.63877   -0.05995    1.65278      -32312.44567
  W         6   73.94710   72.64582   -0.05290    1.64343      -32312.43325
  W         7   73.71400   72.41272   -0.28600    1.89114      -32312.60083
  W         8   73.73447   72.43319   -0.26553    1.86574      -32312.57811
  W         9   73.82869   72.52741   -0.17131    1.77644      -32312.53149
  W        10   73.87000   72.56873   -0.13000    1.71830      -32312.47640
  W        11   73.87696   72.57568   -0.12304    1.71723      -32312.47937
  W        12   73.91606   72.61478   -0.08394    1.67251      -32312.45591
  W        13   73.83255   72.53128   -0.16745    1.76162      -32312.51361
  W        14   73.88733   72.58606   -0.11267    1.70860      -32312.48252
  W        15   73.76649   72.46521   -0.23351    1.83031      -32312.55593
  W        16   73.74929   72.44801   -0.25071    1.85161      -32312.57020
  W        17   73.90737   72.60609   -0.09263    1.68495      -32312.46052
  W        18   73.82151   72.52023   -0.17849    1.76658      -32312.50382
  W        19   73.83722   72.53594   -0.16278    1.75449      -32312.50395
  W        20   73.70700   72.40572   -0.29300    1.89028      -32312.60016
  W        21   73.81629   72.51501   -0.18371    1.77606      -32312.52317
  W        22   73.75897   72.45769   -0.24103    1.83553      -32312.55874
  W        23   73.87429   72.57302   -0.12571    1.72685      -32312.49121
  W        24   73.84304   72.54176   -0.15696    1.75056      -32312.49120
  W        25   73.96528   72.66400   -0.03472    1.62519      -32312.42071
  W        26   73.83637   72.53509   -0.16363    1.76740      -32312.51917
  W        27   73.78318   72.48190   -0.21682    1.81515      -32312.54435
  W        28   73.92453   72.62325   -0.07547    1.66704      -32312.45251
  W        29   73.89188   72.59060   -0.10812    1.70650      -32312.48165
  W        30   73.83275   72.53148   -0.16725    1.75320      -32312.49577
  W        31   73.89192   72.59064   -0.10808    1.70071      -32312.46597
  W        32   73.85237   72.55109   -0.14763    1.73410      -32312.48266
  W        33   73.87256   72.57129   -0.12744    1.72670      -32312.49562
  W        34   73.96646   72.66518   -0.03354    1.63138      -32312.43357
  W        35   73.83371   72.53243   -0.16629    1.75623      -32312.50344
  W        36   73.90378   72.60250   -0.09622    1.69029      -32312.46750
  W        37   73.87393   72.57265   -0.12607    1.72250      -32312.48239
  W        38   73.88946   72.58819   -0.11054    1.70777      -32312.48327
  W        39   73.91836   72.61708   -0.08164    1.67673      -32312.45510
  W        40   73.97896   72.67768   -0.02104    1.61185      -32312.40983
  W        41   74.00405   72.70278    0.00405    1.59464      -32312.40460
  W        42   73.89887   72.59759   -0.10113    1.68873      -32312.45837
  W        43   73.92297   72.62170   -0.07703    1.67356      -32312.45404
  W        44   73.95457   72.65329   -0.04543    1.63908      -32312.42744
  W        45   73.66996   72.36868   -0.33004    1.92536      -32312.61771
  W        46   73.89238   72.59110   -0.10762    1.68913      -32312.45054
  W        47   73.88533   72.58406   -0.11467    1.71509      -32312.48612
  W        48   73.98911   72.68784   -0.01089    1.59738      -32312.40279
  W        49   73.76413   72.46286   -0.23587    1.83528      -32312.55751
  W        50   73.68806   72.38678   -0.31194    1.90477      -32312.60119
  W        51   73.95918   72.65790   -0.04082    1.62933      -32312.42203
  W        52   73.77253   72.47125   -0.22747    1.81590      -32312.55160
  W        53   73.82737   72.52609   -0.17263    1.76470      -32312.52143
  W        54   73.74800   72.44673   -0.25200    1.84695      -32312.56377
  W        55   73.97611   72.67484   -0.02389    1.62109      -32312.42007
  W        56   73.71659   72.41531   -0.28341    1.87368      -32312.57416
  W        57   73.84504   72.54376   -0.15496    1.74768      -32312.50143
  W        58   73.89727   72.59599   -0.10273    1.70457      -32312.48242
  W        59   73.90238   72.60110   -0.09762    1.67345      -32312.43717
  W        60   73.82999   72.52872   -0.17001    1.77296      -32312.52217
  W        61   73.95001   72.64873   -0.04999    1.64627      -32312.44032
  W        62   73.93093   72.62965   -0.06907    1.66531      -32312.45461
  W        63   73.97066   72.66938   -0.02934    1.63867      -32312.44495
  W        64   73.83999   72.53871   -0.16001    1.73670      -32312.48495
  W        65   73.77879   72.47751   -0.22121    1.80939      -32312.53007
  W        66   73.81851   72.51723   -0.18149    1.77278      -32312.51510
  W        67   73.87569   72.57441   -0.12431    1.71279      -32312.47614
  W        68   73.83037   72.52909   -0.16963    1.75015      -32312.49039
  W        69   73.94746   72.64618   -0.05254    1.65532      -32312.44857
  W        70   73.96388   72.66260   -0.03612    1.63011      -32312.42193
  W        71   73.91165   72.61037   -0.08835    1.68306      -32312.46527
  W        72   73.67704   72.37576   -0.32296    1.91115      -32312.60145
  W        73   74.03182   72.73054    0.03182    1.56566      -32312.39618
  W        74   73.80367   72.50239   -0.19633    1.79182      -32312.52586
  W        75   73.71394   72.41266   -0.28606    1.88892      -32312.59656
  W        76   73.87931   72.57803   -0.12069    1.71332      -32312.48367
  W        77   73.88899   72.58771   -0.11101    1.70111      -32312.46533
  W        78   73.76177   72.46050   -0.23823    1.83909      -32312.56616
  W        79   73.79772   72.49644   -0.20228    1.79469      -32312.52795
  W        80   73.81636   72.51508   -0.18364    1.77668      -32312.51333
  W        81   73.50970   72.20842   -0.49030    2.08823      -32312.72378
  W        82   73.86014   72.55886   -0.13986    1.72400      -32312.48134
  W        83   73.92185   72.62057   -0.07815    1.67301      -32312.45034
  W        84   73.93732   72.63604   -0.06268    1.65985      -32312.45035
  W        85   73.92507   72.62379   -0.07493    1.67589      -32312.46667
  W        86   73.84543   72.54416   -0.15457    1.74445      -32312.49600
  W        87   73.98676   72.68548   -0.01324    1.60810      -32312.41417
  W        88   73.93441   72.63314   -0.06559    1.65505      -32312.44874
  W        89   73.83346   72.53218   -0.16654    1.76850      -32312.52635
  W        90   73.83889   72.53761   -0.16111    1.75883      -32312.51150
  W        91   73.87286   72.57159   -0.12714    1.71512      -32312.48028
  W        92   73.78357   72.48229   -0.21643    1.80725      -32312.53077
  W        93   73.83756   72.53628   -0.16244    1.76228      -32312.50796
  W        94   73.94903   72.64775   -0.05097    1.63754      -32312.41541
  W        95   73.94278   72.64150   -0.05722    1.65492      -32312.44431
  W        96   74.05801   72.75673    0.05801    1.54218      -32312.37770
  W        97   73.78376   72.48248   -0.21624    1.80979      -32312.54206
  W        98   73.77531   72.47403   -0.22469    1.82168      -32312.54789
  W        99   73.78414   72.48287   -0.21586    1.80153      -32312.52975
  W       100   73.81190   72.51062   -0.18810    1.79056      -32312.53485
  W       101   73.84832   72.54705   -0.15168    1.74230      -32312.49727
  W       102   73.73245   72.43117   -0.26755    1.86646      -32312.57329
  W       103   73.89675   72.59547   -0.10325    1.70179      -32312.47580
  W       104   73.89994   72.59867   -0.10006    1.69808      -32312.46930
  W       105   73.75080   72.44952   -0.24920    1.84328      -32312.55791
  W       106   73.80852   72.50725   -0.19148    1.79422      -32312.53489
  W       107   73.86920   72.56792   -0.13080    1.72391      -32312.49294
  W       108   73.68902   72.38774   -0.31098    1.91312      -32312.61487
  W       109   73.81055   72.50927   -0.18945    1.77368      -32312.50529
  W       110   73.81500   72.51372   -0.18500    1.76480      -32312.50025
  W       111   73.84116   72.53988   -0.15884    1.74019      -32312.49182
  W       112   73.84790   72.54662   -0.15210    1.74462      -32312.50936
  W       113   73.78109   72.47981   -0.21891    1.81077      -32312.54192
  W       114   73.85328   72.55201   -0.14672    1.74388      -32312.50669
  W       115   73.97069   72.66941   -0.02931    1.62837      -32312.41974
  W       116   73.69622   72.39494   -0.30378    1.89847      -32312.60595
  W       117   73.86985   72.56857   -0.13015    1.72774      -32312.49357
  W       118   73.83769   72.53641   -0.16231    1.75230      -32312.50539
  W       119   73.87496   72.57368   -0.12504    1.72831      -32312.49423
  W       120   73.81668   72.51541   -0.18332    1.76253      -32312.49628
  W       121   73.85800   72.55672   -0.14200    1.72891      -32312.47865
  W       122   73.86609   72.56481   -0.13391    1.72947      -32312.48521
  W       123   73.89285   72.59157   -0.10715    1.69471      -32312.46791
  W       124   73.83683   72.53555   -0.16317    1.75491      -32312.50161
  W       125   74.01279   72.71151    0.01279    1.57505      -32312.38625
  W       126   73.83640   72.53512   -0.16360    1.76503      -32312.51959
  W       127   73.85573   72.55445   -0.14427    1.73135      -32312.48653
  W       128   73.95996   72.65868   -0.04004    1.62270      -32312.41592
  Nb      129   40.83277   39.53149   -0.16723    1.79822       -7632.63074
  Nb      130   40.85205   39.55077   -0.14795    1.78340       -7632.62711
  Nb      131   41.03455   39.73327    0.03455    1.58484       -7632.49757
  Nb      132   41.07793   39.77666    0.07793    1.55377       -7632.48311
  Nb      133   40.82417   39.52289   -0.17583    1.80248       -7632.64009
  Nb      134   40.98209   39.68081   -0.01791    1.64485       -7632.53281
  Nb      135   40.98421   39.68293   -0.01579    1.64523       -7632.53442
  Nb      136   41.02091   39.71963    0.02091    1.61022       -7632.52272
  Nb      137   40.81622   39.51494   -0.18378    1.80811       -7632.64182
  Nb      138   40.78384   39.48256   -0.21616    1.84227       -7632.65787
  Nb      139   40.87681   39.57553   -0.12319    1.74999       -7632.59854
  Nb      140   40.98803   39.68675   -0.01197    1.63536       -7632.52573
  Nb      141   40.87489   39.57361   -0.12511    1.75546       -7632.60049
  Nb      142   40.97505   39.67377   -0.02495    1.65406       -7632.53749
  Nb      143   40.77364   39.47236   -0.22636    1.85537       -7632.66207
  Nb      144   40.90684   39.60556   -0.09316    1.72455       -7632.58869
  Nb      145   40.86463   39.56335   -0.13537    1.75646       -7632.59983
  Nb      146   40.77660   39.47533   -0.22340    1.84961       -7632.65406
  Nb      147   40.95995   39.65867   -0.04005    1.66408       -7632.54742
  Nb      148   40.85761   39.55633   -0.14239    1.76832       -7632.60118
  Nb      149   40.89293   39.59165   -0.10707    1.74004       -7632.59278
  Nb      150   40.84217   39.54089   -0.15783    1.78599       -7632.62660
  Nb      151   40.89753   39.59625   -0.10247    1.72365       -7632.57713
  Nb      152   40.87290   39.57162   -0.12710    1.75120       -7632.58805
  Nb      153   40.81998   39.51870   -0.18002    1.80597       -7632.63178
  Nb      154   40.88651   39.58523   -0.11349    1.73667       -7632.59889
  Nb      155   41.00500   39.70372    0.00500    1.62771       -7632.52850
  Nb      156   40.85287   39.55159   -0.14713    1.76682       -7632.60873
  Nb      157   40.75793   39.45665   -0.24207    1.87189       -7632.66843
  Nb      158   40.82593   39.52465   -0.17407    1.80202       -7632.62691
  Nb      159   40.97129   39.67001   -0.02871    1.65945       -7632.54044
  Nb      160   40.74619   39.44492   -0.25381    1.88370       -7632.68590
  Nb      161   40.95510   39.65382   -0.04490    1.67213       -7632.54440
  Nb      162   41.02748   39.72620    0.02748    1.59555       -7632.50057
  Nb      163   40.99323   39.69195   -0.00677    1.63476       -7632.52853
  Nb      164   40.76884   39.46756   -0.23116    1.86194       -7632.67322
  Nb      165   40.78158   39.48030   -0.21842    1.84455       -7632.65975
  Nb      166   40.97775   39.67647   -0.02225    1.64571       -7632.52561
  Nb      167   40.95474   39.65346   -0.04526    1.66912       -7632.54561
  Nb      168   41.06860   39.76732    0.06860    1.55768       -7632.47393
  Nb      169   40.84701   39.54573   -0.15299    1.78239       -7632.62422
  Nb      170   40.90912   39.60784   -0.09088    1.71206       -7632.57712
  Nb      171   40.82446   39.52318   -0.17554    1.80271       -7632.63519
  Nb      172   40.92787   39.62659   -0.07213    1.69986       -7632.55740
  Nb      173   40.89538   39.59410   -0.10462    1.72654       -7632.58416
  Nb      174   40.87693   39.57566   -0.12307    1.74720       -7632.60527
  Nb      175   40.98837   39.68710   -0.01163    1.63412       -7632.51429
  Nb      176   40.91579   39.61451   -0.08421    1.70751       -7632.57669
  Nb      177   40.84789   39.54661   -0.15211    1.77817       -7632.62022
  Nb      178   40.92470   39.62342   -0.07530    1.70579       -7632.57330
  Nb      179   40.90388   39.60260   -0.09612    1.72639       -7632.59026
  Nb      180   40.95861   39.65733   -0.04139    1.66775       -7632.54675
  Nb      181   40.89527   39.59399   -0.10473    1.73724       -7632.59490
  Nb      182   40.96300   39.66172   -0.03700    1.66524       -7632.56259
  Nb      183   40.87133   39.57006   -0.12867    1.75254       -7632.59561
  Nb      184   40.91578   39.61450   -0.08422    1.71124       -7632.57476
  Nb      185   40.87406   39.57278   -0.12594    1.75497       -7632.59910
  Nb      186   40.89899   39.59772   -0.10101    1.72719       -7632.59017
  Nb      187   40.78790   39.48663   -0.21210    1.84354       -7632.65542
  Nb      188   41.00571   39.70444    0.00571    1.62566       -7632.52978
  Nb      189   40.76858   39.46731   -0.23142    1.86235       -7632.67317
  Nb      190   41.02397   39.72269    0.02397    1.60549       -7632.51009
  Nb      191   41.00581   39.70453    0.00581    1.62066       -7632.52356
  Nb      192   41.00167   39.70039    0.00167    1.62231       -7632.51715
  Nb      193   40.94029   39.63901   -0.05971    1.68953       -7632.56239
  Nb      194   40.83828   39.53700   -0.16172    1.78436       -7632.62538
  Nb      195   40.91396   39.61268   -0.08604    1.71349       -7632.57028
  Nb      196   40.89282   39.59154   -0.10718    1.73123       -7632.58292
  Nb      197   40.95479   39.65351   -0.04521    1.66813       -7632.54161
  Nb      198   40.83808   39.53680   -0.16192    1.77919       -7632.61083
  Nb      199   40.84752   39.54624   -0.15248    1.78243       -7632.61788
  Nb      200   40.81706   39.51578   -0.18294    1.80259       -7632.63721
  Nb      201   40.87716   39.57588   -0.12284    1.74480       -7632.60654
  Nb      202   40.76242   39.46114   -0.23758    1.86396       -7632.66805
  Nb      203   40.88334   39.58206   -0.11666    1.74146       -7632.59450
  Nb      204   40.76638   39.46511   -0.23362    1.86192       -7632.68311
  Nb      205   40.83078   39.52951   -0.16922    1.80007       -7632.63721
  Nb      206   40.85482   39.55355   -0.14518    1.76958       -7632.61785
  Nb      207   40.88803   39.58676   -0.11197    1.73786       -7632.59539
  Nb      208   40.87425   39.57297   -0.12575    1.75548       -7632.59666
  Nb      209   41.04085   39.73957    0.04085    1.58772       -7632.51459
  Nb      210   40.87266   39.57138   -0.12734    1.75504       -7632.61088
  Nb      211   40.89690   39.59562   -0.10310    1.73343       -7632.59514
  Nb      212   40.85754   39.55626   -0.14246    1.76755       -7632.61458
  Nb      213   40.90593   39.60465   -0.09407    1.72205       -7632.59342
  Nb      214   40.72848   39.42720   -0.27152    1.90206       -7632.70246
  Nb      215   41.02320   39.72193    0.02320    1.59685       -7632.50693
  Nb      216   41.00650   39.70522    0.00650    1.62434       -7632.52275
  Nb      217   40.97019   39.66891   -0.02981    1.65368       -7632.54201
  Nb      218   40.98431   39.68303   -0.01569    1.64876       -7632.54276
  Nb      219   40.99994   39.69867   -0.00006    1.62852       -7632.53638
  Nb      220   40.90698   39.60570   -0.09302    1.72130       -7632.58555
  Nb      221   40.86935   39.56807   -0.13065    1.74833       -7632.59136
  Nb      222   40.92124   39.61996   -0.07876    1.71008       -7632.57374
  Nb      223   41.08652   39.78524    0.08652    1.54275       -7632.47951
  Nb      224   40.91324   39.61196   -0.08676    1.71471       -7632.57012
  Nb      225   41.03487   39.73359    0.03487    1.58889       -7632.49829
  Nb      226   40.87761   39.57633   -0.12239    1.75156       -7632.60138
  Nb      227   40.94369   39.64242   -0.05631    1.67642       -7632.55295
  Nb      228   40.96134   39.66006   -0.03866    1.66697       -7632.54515
  Nb      229   40.90649   39.60521   -0.09351    1.72182       -7632.58504
  Nb      230   40.80592   39.50465   -0.19408    1.82825       -7632.65483
  Nb      231   40.86930   39.56802   -0.13070    1.75681       -7632.59423
  Nb      232   40.95486   39.65358   -0.04514    1.67489       -7632.55388
  Nb      233   40.95059   39.64931   -0.04941    1.67194       -7632.55204
  Nb      234   40.94902   39.64775   -0.05098    1.67502       -7632.55129
  Nb      235   41.03074   39.72946    0.03074    1.59100       -7632.50383
  Nb      236   41.03755   39.73627    0.03755    1.58274       -7632.49881
  Nb      237   40.88926   39.58798   -0.11074    1.73495       -7632.59586
  Nb      238   40.95817   39.65689   -0.04183    1.67117       -7632.55733
  Nb      239   40.92434   39.62306   -0.07566    1.70156       -7632.58038
  Nb      240   40.85130   39.55002   -0.14870    1.78127       -7632.62214
  Nb      241   40.95562   39.65434   -0.04438    1.67859       -7632.56106
  Nb      242   40.87176   39.57048   -0.12824    1.74075       -7632.58279
  Nb      243   40.84993   39.54865   -0.15007    1.77731       -7632.61576
  Nb      244   40.80290   39.50163   -0.19710    1.82468       -7632.64828
  Nb      245   40.93855   39.63727   -0.06145    1.68748       -7632.56918
  Nb      246   40.79768   39.49640   -0.20232    1.83436       -7632.65513
  Nb      247   40.74861   39.44734   -0.25139    1.87971       -7632.68504
  Nb      248   40.87541   39.57414   -0.12459    1.75207       -7632.59874
  Nb      249   41.01319   39.71191    0.01319    1.61954       -7632.52061
  Nb      250   40.69207   39.39079   -0.30793    1.93146       -7632.71432
  Nb      251   40.83784   39.53656   -0.16216    1.78350       -7632.62674
  Nb      252   40.81671   39.51543   -0.18329    1.81018       -7632.62735
  Nb      253   40.92978   39.62850   -0.07022    1.69818       -7632.56934
  Nb      254   40.92595   39.62467   -0.07405    1.70319       -7632.57269
  Nb      255   41.01270   39.71143    0.01270    1.61201       -7632.52831
  Nb      256   40.76590   39.46462   -0.23410    1.86058       -7632.67040
  Mo      257   42.10263   40.80135    0.10263    1.62338       -8090.55377
  Mo      258   41.91299   40.61171   -0.08701    1.81194       -8090.66751
  Mo      259   41.94912   40.64784   -0.05088    1.77589       -8090.63991
  Mo      260   42.00217   40.70090    0.00217    1.71005       -8090.59149
  Mo      261   42.06470   40.76342    0.06470    1.66135       -8090.57126
  Mo      262   42.01392   40.71264    0.01392    1.71105       -8090.60604
  Mo      263   42.13288   40.83161    0.13288    1.58354       -8090.52233
  Mo      264   41.98440   40.68312   -0.01560    1.73708       -8090.61310
  Mo      265   42.15584   40.85456    0.15584    1.54878       -8090.48893
  Mo      266   42.01600   40.71472    0.01600    1.70623       -8090.59227
  Mo      267   42.10314   40.80186    0.10314    1.59941       -8090.51362
  Mo      268   42.06739   40.76611    0.06739    1.64650       -8090.54804
  Mo      269   42.13368   40.83241    0.13368    1.57982       -8090.51751
  Mo      270   42.03488   40.73360    0.03488    1.68978       -8090.59867
  Mo      271   41.98537   40.68409   -0.01463    1.74142       -8090.62388
  Mo      272   42.00750   40.70623    0.00750    1.71282       -8090.60303
  Mo      273   42.18897   40.88769    0.18897    1.51651       -8090.47410
  Mo      274   41.98150   40.68022   -0.01850    1.74697       -8090.62564
  Mo      275   42.10598   40.80470    0.10598    1.61029       -8090.53428
  Mo      276   42.04788   40.74661    0.04788    1.67196       -8090.57890
  Mo      277   42.00098   40.69970    0.00098    1.72502       -8090.61596
  Mo      278   42.00267   40.70139    0.00267    1.72098       -8090.60279
  Mo      279   41.99142   40.69014   -0.00858    1.72931       -8090.61669
  Mo      280   42.06838   40.76711    0.06838    1.65044       -8090.56205
  Mo      281   42.12530   40.82402    0.12530    1.58868       -8090.51972
  Mo      282   42.05413   40.75285    0.05413    1.66336       -8090.56768
  Mo      283   41.91907   40.61779   -0.08093    1.80348       -8090.65863
  Mo      284   42.09106   40.78978    0.09106    1.63028       -8090.55898
  Mo      285   41.98836   40.68709   -0.01164    1.73041       -8090.60695
  Mo      286   41.98881   40.68753   -0.01119    1.72066       -8090.58870
  Mo      287   42.16385   40.86257    0.16385    1.54452       -8090.49185
  Mo      288   42.04880   40.74753    0.04880    1.67329       -8090.57904
  Mo      289   42.01850   40.71723    0.01850    1.70590       -8090.60749
  Mo      290   42.08111   40.77983    0.08111    1.62854       -8090.53901
  Mo      291   42.09395   40.79268    0.09395    1.62041       -8090.54059
  Mo      292   42.06421   40.76293    0.06421    1.65649       -8090.57145
  Mo      293   41.98105   40.67977   -0.01895    1.73267       -8090.60134
  Mo      294   42.14890   40.84762    0.14890    1.55815       -8090.50118
  Mo      295   42.02860   40.72732    0.02860    1.68804       -8090.59108
  Mo      296   42.03491   40.73364    0.03491    1.67575       -8090.57173
  Mo      297   42.05097   40.74969    0.05097    1.65369       -8090.54530
  Mo      298   41.97162   40.67035   -0.02838    1.74638       -8090.62402
  Mo      299   42.07479   40.77351    0.07479    1.65194       -8090.57227
  Mo      300   42.03387   40.73260    0.03387    1.68565       -8090.58665
  Mo      301   42.19043   40.88915    0.19043    1.52600       -8090.49103
  Mo      302   42.16055   40.85927    0.16055    1.55754       -8090.50944
  Mo      303   41.98246   40.68118   -0.01754    1.74020       -8090.61868
  Mo      304   42.03688   40.73560    0.03688    1.67912       -8090.57199
  Mo      305   41.83322   40.53194   -0.16678    1.89947       -8090.72030
  Mo      306   42.13454   40.83326    0.13454    1.57438       -8090.51008
  Mo      307   41.91783   40.61655   -0.08217    1.80685       -8090.65851
  Mo      308   41.90282   40.60155   -0.09718    1.81633       -8090.66138
  Mo      309   41.96954   40.66826   -0.03046    1.74409       -8090.61749
  Mo      310   41.94795   40.64667   -0.05205    1.77086       -8090.63164
  Mo      311   42.09305   40.79178    0.09305    1.63406       -8090.55755
  Mo      312   41.92466   40.62339   -0.07534    1.80727       -8090.67332
  Mo      313   42.03682   40.73554    0.03682    1.66662       -8090.56765
  Mo      314   41.85801   40.55673   -0.14199    1.86640       -8090.68640
  Mo      315   42.09547   40.79419    0.09547    1.61903       -8090.54319
  Mo      316   42.03703   40.73575    0.03703    1.66798       -8090.55639
  Mo      317   41.89904   40.59777   -0.10096    1.81890       -8090.65158
  Mo      318   42.07081   40.76953    0.07081    1.65484       -8090.57355
  Mo      319   42.06588   40.76460    0.06588    1.65474       -8090.56661
  Mo      320   42.13511   40.83384    0.13511    1.56499       -8090.49670
  Mo      321   42.16608   40.86481    0.16608    1.56129       -8090.51828
  Mo      322   42.11573   40.81445    0.11573    1.59963       -8090.53882
  Mo      323   41.92222   40.62094   -0.07778    1.79611       -8090.65063
  Mo      324   42.05210   40.75082    0.05210    1.67497       -8090.58585
  Mo      325   42.01564   40.71436    0.01564    1.69770       -8090.58708
  Mo      326   42.16066   40.85938    0.16066    1.56157       -8090.51460
  Mo      327   42.10013   40.79885    0.10013    1.62035       -8090.54716
  Mo      328   41.94917   40.64789   -0.05083    1.77620       -8090.63743
  Mo      329   42.08520   40.78392    0.08520    1.62807       -8090.55130
  Mo      330   41.97413   40.67285   -0.02587    1.75089       -8090.63047
  Mo      331   41.93406   40.63278   -0.06594    1.78971       -8090.64309
  Mo      332   42.01653   40.71525    0.01653    1.69244       -8090.57094
  Mo      333   42.10769   40.80641    0.10769    1.61780       -8090.54196
  Mo      334   41.89224   40.59096   -0.10776    1.83478       -8090.67640
  Mo      335   42.20354   40.90226    0.20354    1.50468       -8090.47289
  Mo      336   41.92591   40.62464   -0.07409    1.80205       -8090.66558
  Mo      337   41.96912   40.66784   -0.03088    1.74962       -8090.61899
  Mo      338   42.08845   40.78717    0.08845    1.63232       -8090.55632
  Mo      339   42.00529   40.70401    0.00529    1.71694       -8090.59876
  Mo      340   41.96212   40.66084   -0.03788    1.75595       -8090.62399
  Mo      341   41.93901   40.63773   -0.06099    1.78458       -8090.64927
  Mo      342   42.12008   40.81881    0.12008    1.59421       -8090.52542
  Mo      343   42.12346   40.82218    0.12346    1.58965       -8090.52828
  Mo      344   42.16302   40.86175    0.16302    1.55712       -8090.51076
  Mo      345   42.12261   40.82133    0.12261    1.59499       -8090.52841
  Mo      346   42.10653   40.80525    0.10653    1.61331       -8090.54459
  Mo      347   42.04265   40.74138    0.04265    1.66644       -8090.56678
  Mo      348   42.10387   40.80259    0.10387    1.60582       -8090.52628
  Mo      349   42.06197   40.76070    0.06197    1.65800       -8090.56622
  Mo      350   42.15669   40.85541    0.15669    1.56050       -8090.50658
  Mo      351   42.17453   40.87325    0.17453    1.54203       -8090.49926
  Mo      352   41.97029   40.66901   -0.02971    1.75395       -8090.62684
  Mo      353   42.08612   40.78484    0.08612    1.62594       -8090.53675
  Mo      354   42.17512   40.87384    0.17512    1.52900       -8090.48172
  Mo      355   41.94457   40.64329   -0.05543    1.77088       -8090.63601
  Mo      356   41.98541   40.68413   -0.01459    1.73890       -8090.62415
  Mo      357   42.07993   40.77865    0.07993    1.64674       -8090.56718
  Mo      358   42.14273   40.84145    0.14273    1.55696       -8090.49193
  Mo      359   42.16811   40.86683    0.16811    1.53749       -8090.49163
  Mo      360   42.04564   40.74437    0.04564    1.67475       -8090.58154
  Mo      361   41.86281   40.56154   -0.13719    1.85759       -8090.68597
  Mo      362   42.09796   40.79668    0.09796    1.61788       -8090.54365
  Mo      363   41.98458   40.68330   -0.01542    1.73249       -8090.60509
  Mo      364   42.17764   40.87636    0.17764    1.53829       -8090.48435
  Mo      365   41.98454   40.68326   -0.01546    1.73165       -8090.60496
  Mo      366   42.09007   40.78879    0.09007    1.62264       -8090.53257
  Mo      367   42.28054   40.97926    0.28054    1.43576       -8090.43579
  Mo      368   42.03207   40.73079    0.03207    1.69171       -8090.59015
  Mo      369   42.12425   40.82297    0.12425    1.58881       -8090.52778
  Mo      370   42.04668   40.74540    0.04668    1.67158       -8090.57322
  Mo      371   42.07175   40.77047    0.07175    1.64086       -8090.55080
  Mo      372   42.12555   40.82427    0.12555    1.58223       -8090.51285
  Mo      373   42.01295   40.71167    0.01295    1.70108       -8090.58394
  Mo      374   42.05375   40.75248    0.05375    1.66736       -8090.57599
  Mo      375   42.12135   40.82007    0.12135    1.59129       -8090.52296
  Mo      376   42.01868   40.71741    0.01868    1.70959       -8090.60501
  Mo      377   42.08090   40.77962    0.08090    1.63688       -8090.54860
  Mo      378   42.01879   40.71751    0.01879    1.69491       -8090.57737
  Mo      379   42.12767   40.82639    0.12767    1.59560       -8090.53881
  Mo      380   41.98675   40.68547   -0.01325    1.73958       -8090.63017
  Mo      381   42.10125   40.79997    0.10125    1.61865       -8090.54920
  Mo      382   41.99124   40.68997   -0.00876    1.73575       -8090.61929
  Mo      383   42.05336   40.75209    0.05336    1.65871       -8090.55985
  Mo      384   41.89109   40.58981   -0.10891    1.83528       -8090.68003
  Ta      385   72.69215   71.39087   -0.30785    1.84034      -31232.96924
  Ta      386   72.72789   71.42662   -0.27211    1.80808      -31232.94767
  Ta      387   72.71456   71.41328   -0.28544    1.81552      -31232.95867
  Ta      388   72.87016   71.56889   -0.12984    1.67048      -31232.85898
  Ta      389   72.70125   71.39998   -0.29875    1.83688      -31232.97589
  Ta      390   72.69176   71.39048   -0.30824    1.84724      -31232.97432
  Ta      391   72.71260   71.41132   -0.28740    1.80560      -31232.93558
  Ta      392   72.63277   71.33150   -0.36723    1.91157      -31233.02646
  Ta      393   72.78371   71.48243   -0.21629    1.74857      -31232.90646
  Ta      394   72.89449   71.59321   -0.10551    1.64029      -31232.84706
  Ta      395   72.88228   71.58100   -0.11772    1.65539      -31232.84276
  Ta      396   72.75967   71.45840   -0.24033    1.77434      -31232.92684
  Ta      397   72.82904   71.52776   -0.17096    1.71009      -31232.88678
  Ta      398   72.69902   71.39774   -0.30098    1.83899      -31232.96673
  Ta      399   72.75424   71.45296   -0.24576    1.78111      -31232.93118
  Ta      400   72.74393   71.44265   -0.25607    1.78701      -31232.92898
  Ta      401   72.80574   71.50447   -0.19426    1.72581      -31232.88607
  Ta      402   72.58225   71.28097   -0.41775    1.95119      -31233.04175
  Ta      403   72.74291   71.44164   -0.25709    1.79577      -31232.95176
  Ta      404   72.72204   71.42076   -0.27796    1.81224      -31232.95636
  Ta      405   72.67034   71.36906   -0.32966    1.86325      -31232.98149
  Ta      406   72.67220   71.37092   -0.32780    1.85617      -31232.97310
  Ta      407   72.76982   71.46854   -0.23018    1.76358      -31232.92115
  Ta      408   72.71817   71.41689   -0.28183    1.81683      -31232.94945
  Ta      409   72.80907   71.50779   -0.19093    1.72520      -31232.89074
  Ta      410   72.77640   71.47513   -0.22360    1.76338      -31232.92104
  Ta      411   72.74569   71.44441   -0.25431    1.79411      -31232.94996
  Ta      412   72.62596   71.32468   -0.37404    1.90731      -31233.01161
  Ta      413   72.74515   71.44387   -0.25485    1.77638      -31232.92132
  Ta      414   72.65376   71.35248   -0.34624    1.88113      -31232.98292
  Ta      415   72.62518   71.32391   -0.37482    1.90055      -31233.01000
  Ta      416   72.79182   71.49054   -0.20818    1.74838      -31232.91497
  Ta      417   72.79841   71.49714   -0.20159    1.73470      -31232.89171
  Ta      418   72.67686   71.37558   -0.32314    1.85759      -31232.98147
  Ta      419   72.66352   71.36224   -0.33648    1.86766      -31232.98143
  Ta      420   72.54670   71.24542   -0.45330    1.98881      -31233.07942
  Ta      421   72.81180   71.51052   -0.18820    1.72470      -31232.90054
  Ta      422   72.77758   71.47630   -0.22242    1.75653      -31232.91418
  Ta      423   72.76700   71.46572   -0.23300    1.74997      -31232.89887
  Ta      424   72.78987   71.48859   -0.21013    1.74878      -31232.91260
  Ta      425   72.73592   71.43464   -0.26408    1.79294      -31232.93884
  Ta      426   72.65509   71.35381   -0.34491    1.88187      -31232.99654
  Ta      427   72.86548   71.56420   -0.13452    1.66492      -31232.85635
  Ta      428   72.82526   71.52399   -0.17474    1.70398      -31232.88504
  Ta      429   72.89161   71.59033   -0.10839    1.63741      -31232.83229
  Ta      430   72.75491   71.45364   -0.24509    1.78044      -31232.92577
  Ta      431   72.85628   71.55500   -0.14372    1.67922      -31232.86818
  Ta      432   72.78675   71.48547   -0.21325    1.74701      -31232.91040
  Ta      433   72.63771   71.33643   -0.36229    1.89205      -31233.00483
  Ta      434   72.80242   71.50114   -0.19758    1.73383      -31232.89620
  Ta      435   72.81362   71.51234   -0.18638    1.71991      -31232.88504
  Ta      436   72.88950   71.58822   -0.11050    1.64231      -31232.84285
  Ta      437   72.61732   71.31604   -0.38268    1.91665      -31233.01813
  Ta      438   72.63104   71.32976   -0.36896    1.89775      -31233.00747
  Ta      439   72.64662   71.34534   -0.35338    1.88376      -31232.98815
  Ta      440   72.71940   71.41813   -0.28060    1.81432      -31232.95660
  Ta      441   72.80220   71.50092   -0.19780    1.72891      -31232.89958
  Ta      442   72.74255   71.44127   -0.25745    1.79238      -31232.94461
  Ta      443   72.74193   71.44066   -0.25807    1.78462      -31232.93289
  Ta      444   72.73020   71.42892   -0.26980    1.80070      -31232.93691
  Ta      445   72.82461   71.52333   -0.17539    1.70757      -31232.88800
  Ta      446   72.82409   71.52281   -0.17591    1.71182      -31232.89099
  Ta      447   72.83456   71.53328   -0.16544    1.70066      -31232.87644
  Ta      448   72.78755   71.48627   -0.21245    1.74620      -31232.89653
  Ta      449   72.55879   71.25752   -0.44121    1.97713      -31233.06429
  Ta      450   72.86091   71.55963   -0.13909    1.67226      -31232.86722
  Ta      451   72.67713   71.37585   -0.32287    1.85316      -31232.98502
  Ta      452   72.58639   71.28512   -0.41361    1.94355      -31233.02854
  Ta      453   72.68295   71.38167   -0.31705    1.85253      -31232.98029
  Ta      454   72.69224   71.39097   -0.30776    1.83961      -31232.96251
  Ta      455   72.67600   71.37473   -0.32400    1.85994      -31232.97855
  Ta      456   72.78272   71.48144   -0.21728    1.74650      -31232.90601
  Ta      457   72.72523   71.42395   -0.27477    1.80461      -31232.92851
  Ta      458   72.74483   71.44355   -0.25517    1.79438      -31232.95058
  Ta      459   72.87703   71.57575   -0.12297    1.65774      -31232.85767
  Ta      460   72.90963   71.60835   -0.09037    1.63073      -31232.83360
  Ta      461   72.60973   71.30845   -0.39027    1.92173      -31233.01588
  Ta      462   72.59842   71.29714   -0.40158    1.93528      -31233.02854
  Ta      463   72.82186   71.52058   -0.17814    1.71396      -31232.88236
  Ta      464   72.89071   71.58943   -0.10929    1.64588      -31232.84802
  Ta      465   72.66977   71.36850   -0.33023    1.86750      -31232.99436
  Ta      466   72.80246   71.50118   -0.19754    1.73475      -31232.90350
  Ta      467   72.72983   71.42855   -0.27017    1.81100      -31232.94848
  Ta      468   72.68798   71.38671   -0.31202    1.85116      -31232.98565
  Ta      469   72.67545   71.37417   -0.32455    1.86083      -31232.97561
  Ta      470   72.78690   71.48562   -0.21310    1.75009      -31232.91355
  Ta      471   72.72787   71.42659   -0.27213    1.80762      -31232.93758
  Ta      472   72.59808   71.29680   -0.40192    1.93399      -31233.03209
  Ta      473   72.52347   71.22219   -0.47653    2.01353      -31233.09947
  Ta      474   72.74680   71.44552   -0.25320    1.78813      -31232.94006
  Ta      475   72.67391   71.37263   -0.32609    1.85706      -31232.97679
  Ta      476   72.81198   71.51070   -0.18802    1.72548      -31232.90766
  Ta      477   72.62562   71.32434   -0.37438    1.90910      -31233.01994
  Ta      478   72.72347   71.42219   -0.27653    1.81042      -31232.94423
  Ta      479   72.51030   71.20902   -0.48970    2.01873      -31233.08492
  Ta      480   72.86281   71.56154   -0.13719    1.68100      -31232.87095
  Ta      481   72.73802   71.43674   -0.26198    1.80251      -31232.95381
  Ta      482   72.79830   71.49703   -0.20170    1.73550      -31232.91200
  Ta      483   72.81386   71.51258   -0.18614    1.72362      -31232.89609
  Ta      484   72.70464   71.40336   -0.29536    1.82742      -31232.95668
  Ta      485   72.89301   71.59173   -0.10699    1.64408      -31232.83901
  Ta      486   72.85387   71.55259   -0.14613    1.67918      -31232.85942
  Ta      487   72.79997   71.49869   -0.20003    1.72919      -31232.88895
  Ta      488   72.82032   71.51904   -0.17968    1.71246      -31232.88692
  Ta      489   72.86584   71.56456   -0.13416    1.66902      -31232.85157
  Ta      490   72.76069   71.45942   -0.23931    1.77680      -31232.92172
  Ta      491   72.72718   71.42590   -0.27282    1.80958      -31232.94807
  Ta      492   72.72147   71.42019   -0.27853    1.81188      -31232.94638
  Ta      493   72.73744   71.43616   -0.26256    1.79422      -31232.95628
  Ta      494   72.87312   71.57185   -0.12688    1.66607      -31232.85080
  Ta      495   72.71916   71.41788   -0.28084    1.81052      -31232.94638
  Ta      496   72.72227   71.42099   -0.27773    1.81438      -31232.95622
  Ta      497   72.79738   71.49610   -0.20262    1.73813      -31232.90342
  Ta      498   72.71769   71.41641   -0.28231    1.81804      -31232.94563
  Ta      499   72.79146   71.49018   -0.20854    1.74803      -31232.89583
  Ta      500   72.77632   71.47504   -0.22368    1.76409      -31232.92427
  Ta      501   72.66706   71.36579   -0.33294    1.87018      -31232.98896
  Ta      502   72.67893   71.37765   -0.32107    1.85896      -31232.97737
  Ta      503   72.67763   71.37635   -0.32237    1.85705      -31232.97714
  Ta      504   72.73799   71.43672   -0.26201    1.80085      -31232.94152
  Ta      505   72.75226   71.45098   -0.24774    1.78354      -31232.93064
  Ta      506   72.79354   71.49226   -0.20646    1.74207      -31232.90487
  Ta      507   72.63287   71.33159   -0.36713    1.89666      -31233.01063
  Ta      508   72.71157   71.41029   -0.28843    1.82573      -31232.96799
  Ta      509   72.82905   71.52777   -0.17095    1.70175      -31232.87735
  Ta      510   72.83505   71.53377   -0.16495    1.69818      -31232.88247
  Ta      511   72.62247   71.32119   -0.37753    1.91200      -31233.01414
  Ta      512   72.82141   71.52014   -0.17859    1.71529      -31232.90077
  V       513   23.44378   22.14250    0.44378    1.50550       -1895.20357
  V       514   23.48151   22.18023    0.48151    1.47108       -1895.20879
  V       515   23.34003   22.03875    0.34003    1.61580       -1895.26947
  V       516   23.42551   22.12423    0.42551    1.52870       -1895.21698
  V       517   23.37119   22.06991    0.37119    1.57490       -1895.24545
  V       518   23.47785   22.17657    0.47785    1.46833       -1895.19297
  V       519   23.49028   22.18901    0.49028    1.44839       -1895.17924
  V       520   23.29272   21.99144    0.29272    1.66815       -1895.30806
  V       521   23.44988   22.14860    0.44988    1.50216       -1895.20807
  V       522   23.54993   22.24865    0.54993    1.39703       -1895.14125
  V       523   23.27410   21.97282    0.27410    1.69119       -1895.32994
  V       524   23.49370   22.19242    0.49370    1.45129       -1895.16686
  V       525   23.51062   22.20934    0.51062    1.42840       -1895.14575
  V       526   23.53011   22.22884    0.53011    1.41732       -1895.16139
  V       527   23.44631   22.14503    0.44631    1.50404       -1895.20660
  V       528   23.56920   22.26793    0.56920    1.37157       -1895.13342
  V       529   23.52707   22.22579    0.52707    1.42038       -1895.16903
  V       530   23.54128   22.24000    0.54128    1.40164       -1895.13087
  V       531   23.38509   22.08381    0.38509    1.56120       -1895.23131
  V       532   23.51037   22.20910    0.51037    1.43426       -1895.15586
  V       533   23.47755   22.17627    0.47755    1.46628       -1895.19125
  V       534   23.42893   22.12765    0.42893    1.52145       -1895.21150
  V       535   23.55830   22.25702    0.55830    1.38744       -1895.13440
  V       536   23.50533   22.20405    0.50533    1.43811       -1895.16639
  V       537   23.35514   22.05386    0.35514    1.59496       -1895.26592
  V       538   23.38831   22.08703    0.38831    1.56627       -1895.25248
  V       539   23.42552   22.12425    0.42552    1.52205       -1895.21657
  V       540   23.52125   22.21997    0.52125    1.42431       -1895.16594
  V       541   23.59979   22.29851    0.59979    1.33788       -1895.12326
  V       542   23.45908   22.15780    0.45908    1.48155       -1895.20306
  V       543   23.48226   22.18098    0.48226    1.46317       -1895.19836
  V       544   23.56711   22.26584    0.56711    1.38001       -1895.13051
  V       545   23.48578   22.18450    0.48578    1.46564       -1895.18562
  V       546   23.50066   22.19938    0.50066    1.44127       -1895.16282
  V       547   23.38434   22.08306    0.38434    1.56864       -1895.24824
  V       548   23.47571   22.17443    0.47571    1.47110       -1895.18015
  V       549   23.33359   22.03231    0.33359    1.61832       -1895.28638
  V       550   23.48512   22.18384    0.48512    1.45406       -1895.17070
  V       551   23.42592   22.12464    0.42592    1.52448       -1895.24336
  V       552   23.33753   22.03625    0.33753    1.61619       -1895.27979
  V       553   23.55226   22.25098    0.55226    1.39323       -1895.14605
  V       554   23.34398   22.04271    0.34398    1.60573       -1895.25760
  V       555   23.46508   22.16380    0.46508    1.48090       -1895.19070
  V       556   23.44422   22.14295    0.44422    1.50379       -1895.19908
  V       557   23.49380   22.19252    0.49380    1.45361       -1895.17064
  V       558   23.47671   22.17544    0.47671    1.47034       -1895.19375
  V       559   23.56845   22.26717    0.56845    1.36929       -1895.13803
  V       560   23.48183   22.18055    0.48183    1.46145       -1895.16452
  V       561   23.50087   22.19959    0.50087    1.44215       -1895.16542
  V       562   23.59345   22.29217    0.59345    1.34564       -1895.11000
  V       563   23.42006   22.11879    0.42006    1.53038       -1895.22734
  V       564   23.53596   22.23469    0.53596    1.40782       -1895.15089
  V       565   23.43341   22.13213    0.43341    1.51361       -1895.20044
  V       566   23.50389   22.20261    0.50389    1.43655       -1895.17541
  V       567   23.49957   22.19829    0.49957    1.44662       -1895.17792
  V       568   23.33784   22.03656    0.33784    1.61571       -1895.27011
  V       569   23.36995   22.06868    0.36995    1.58198       -1895.23677
  V       570   23.43546   22.13418    0.43546    1.51072       -1895.21417
  V       571   23.37583   22.07456    0.37583    1.57835       -1895.25742
  V       572   23.48489   22.18361    0.48489    1.46354       -1895.19152
  V       573   23.52752   22.22624    0.52752    1.41800       -1895.16602
  V       574   23.28712   21.98584    0.28712    1.66911       -1895.29337
  V       575   23.41594   22.11466    0.41594    1.54081       -1895.23819
  V       576   23.53453   22.23325    0.53453    1.40356       -1895.16451
  V       577   23.42267   22.12139    0.42267    1.52041       -1895.19902
  V       578   23.31043   22.00915    0.31043    1.65068       -1895.30160
  V       579   23.43935   22.13807    0.43935    1.51191       -1895.20104
  V       580   23.32062   22.01935    0.32062    1.62914       -1895.27258
  V       581   23.47218   22.17090    0.47218    1.47389       -1895.17742
  V       582   23.48498   22.18371    0.48498    1.45271       -1895.17289
  V       583   23.54586   22.24458    0.54586    1.39547       -1895.13014
  V       584   23.51338   22.21210    0.51338    1.43612       -1895.16627
  V       585   23.38084   22.07957    0.38084    1.56588       -1895.23328
  V       586   23.35625   22.05497    0.35625    1.59643       -1895.26701
  V       587   23.33986   22.03858    0.33986    1.61585       -1895.27157
  V       588   23.46314   22.16187    0.46314    1.48311       -1895.19833
  V       589   23.49485   22.19357    0.49485    1.45732       -1895.19293
  V       590   23.46339   22.16211    0.46339    1.48634       -1895.20520
  V       591   23.45400   22.15272    0.45400    1.49467       -1895.20960
  V       592   23.51393   22.21265    0.51393    1.42520       -1895.14199
  V       593   23.44134   22.14006    0.44134    1.50617       -1895.20970
  V       594   23.49193   22.19065    0.49193    1.45581       -1895.17370
  V       595   23.47298   22.17171    0.47298    1.47148       -1895.19061
  V       596   23.48581   22.18453    0.48581    1.46181       -1895.18531
  V       597   23.45032   22.14904    0.45032    1.50054       -1895.20179
  V       598   23.39727   22.09599    0.39727    1.54845       -1895.23725
  V       599   23.48671   22.18543    0.48671    1.45297       -1895.16898
  V       600   23.48101   22.17973    0.48101    1.45931       -1895.16254
  V       601   23.40634   22.10507    0.40634    1.54257       -1895.23936
  V       602   23.40903   22.10775    0.40903    1.54340       -1895.23525
  V       603   23.46437   22.16309    0.46437    1.47112       -1895.18794
  V       604   23.43157   22.13029    0.43157    1.51047       -1895.21456
  V       605   23.46229   22.16101    0.46229    1.48311       -1895.18911
  V       606   23.37420   22.07292    0.37420    1.58371       -1895.26767
  V       607   23.57242   22.27114    0.57242    1.37023       -1895.13615
  V       608   23.54623   22.24495    0.54623    1.39876       -1895.14790
  V       609   23.49310   22.19183    0.49310    1.45290       -1895.17759
  V       610   23.50192   22.20064    0.50192    1.44132       -1895.18950
  V       611   23.38771   22.08643    0.38771    1.56220       -1895.23707
  V       612   23.54626   22.24498    0.54626    1.39070       -1895.14118
  V       613   23.51653   22.21526    0.51653    1.42539       -1895.14821
  V       614   23.32883   22.02755    0.32883    1.62580       -1895.28816
  V       615   23.49086   22.18958    0.49086    1.46129       -1895.19229
  V       616   23.41151   22.11024    0.41151    1.54369       -1895.24416
  V       617   23.36965   22.06837    0.36965    1.58332       -1895.27183
  V       618   23.45100   22.14972    0.45100    1.49397       -1895.18007
  V       619   23.46112   22.15984    0.46112    1.48473       -1895.20571
  V       620   23.52900   22.22772    0.52900    1.41657       -1895.15825
  V       621   23.48550   22.18422    0.48550    1.45851       -1895.18235
  V       622   23.46315   22.16187    0.46315    1.47726       -1895.19250
  V       623   23.47035   22.16907    0.47035    1.47291       -1895.18877
  V       624   23.48770   22.18643    0.48770    1.45427       -1895.19206
  V       625   23.44541   22.14413    0.44541    1.49784       -1895.19990
  V       626   23.55822   22.25694    0.55822    1.38444       -1895.15057
  V       627   23.36268   22.06140    0.36268    1.58453       -1895.26637
  V       628   23.44928   22.14800    0.44928    1.49366       -1895.21030
  V       629   23.46895   22.16768    0.46895    1.47745       -1895.18784
  V       630   23.58366   22.28238    0.58366    1.36308       -1895.13776
  V       631   23.31556   22.01428    0.31556    1.63923       -1895.28032
  V       632   23.53951   22.23824    0.53951    1.39710       -1895.11412
  V       633   23.36573   22.06445    0.36573    1.58706       -1895.25477
  V       634   23.46249   22.16121    0.46249    1.48563       -1895.20227
  V       635   23.44276   22.14148    0.44276    1.50618       -1895.21158
  V       636   23.42822   22.12694    0.42822    1.52510       -1895.22152
  V       637   23.33560   22.03432    0.33560    1.62000       -1895.27279
  V       638   23.36529   22.06401    0.36529    1.58443       -1895.23893
  V       639   23.58379   22.28251    0.58379    1.35317       -1895.13048
  V       640   23.48472   22.18344    0.48472    1.45758       -1895.19053
