 Atom   Index      Q          Qmt        dQ        Vmad        Local Energy
  W         1   73.86896   72.56803   -0.13104    1.72938      -32312.49571
  W         2   73.85063   72.54969   -0.14937    1.73977      -32312.48836
  W         3   73.91561   72.61468   -0.08439    1.68374      -32312.47358
  W         4   73.80825   72.50731   -0.19175    1.78888      -32312.53428
  W         5   73.70357   72.40263   -0.29643    1.88782      -32312.58292
  W         6   73.88583   72.58489   -0.11417    1.70483      -32312.47218
  W         7   73.99217   72.69123   -0.00783    1.59917      -32312.40691
  W         8   74.06758   72.76664    0.06758    1.52242      -32312.35812
  W         9   73.95882   72.65788   -0.04118    1.62401      -32312.41250
  W        10   73.90473   72.60379   -0.09527    1.68859      -32312.46415
  W        11   73.94842   72.64748   -0.05158    1.64781      -32312.44474
  W        12   73.95166   72.65073   -0.04834    1.63832      -32312.42003
  W        13   73.88938   72.58844   -0.11062    1.70813      -32312.49085
  W        14   73.89087   72.58993   -0.10913    1.70815      -32312.47843
  W        15   73.80749   72.50655   -0.19251    1.79318      -32312.53774
  W        16   73.92369   72.62275   -0.07631    1.67192      -32312.46375
  W        17   74.00296   72.70202    0.00296    1.58710      -32312.40114
  W        18   73.77888   72.47794   -0.22112    1.82617      -32312.56104
  W        19   73.92758   72.62665   -0.07242    1.66567      -32312.44277
  W        20   73.93883   72.63790   -0.06117    1.65720      -32312.45158
  W        21   73.69643   72.39549   -0.30357    1.90108      -32312.59808
  W        22   73.90451   72.60357   -0.09549    1.67876      -32312.45688
  W        23   73.84379   72.54285   -0.15621    1.75934      -32312.52048
  W        24   73.94801   72.64707   -0.05199    1.64539      -32312.43217
  W        25   73.87899   72.57805   -0.12101    1.71076      -32312.46807
  W        26   73.92375   72.62281   -0.07625    1.66642      -32312.45636
  W        27   73.77522   72.47429   -0.22478    1.81651      -32312.54605
  W        28   73.91919   72.61825   -0.08081    1.67592      -32312.45822
  W        29   73.84245   72.54152   -0.15755    1.74915      -32312.49520
  W        30   73.73412   72.43319   -0.26588    1.85922      -32312.56743
  W        31   73.93422   72.63328   -0.06578    1.66500      -32312.45301
  W        32   73.73298   72.43204   -0.26702    1.86723      -32312.59596
  W        33   73.78243   72.48150   -0.21757    1.81337      -32312.54759
  W        34   73.80520   72.50426   -0.19480    1.79610      -32312.53818
  W        35   73.88116   72.58022   -0.11884    1.71370      -32312.48539
  W        36   73.80061   72.49967   -0.19939    1.79734      -32312.54452
  W        37   73.63854   72.33761   -0.36146    1.95792      -32312.63539
  W        38   73.88118   72.58024   -0.11882    1.70476      -32312.46921
  W        39   73.79541   72.49447   -0.20459    1.79681      -32312.52760
  W        40   73.86241   72.56147   -0.13759    1.72285      -32312.47296
  W        41   73.90265   72.60171   -0.09735    1.68803      -32312.46472
  W        42   73.90863   72.60770   -0.09137    1.68030      -32312.45753
  W        43   73.86323   72.56230   -0.13677    1.73144      -32312.48931
  W        44   73.59861   72.29767   -0.40139    1.99685      -32312.65830
  W        45   73.70506   72.40412   -0.29494    1.88740      -32312.60466
  W        46   73.88467   72.58373   -0.11533    1.71423      -32312.48504
  W        47   73.68055   72.37961   -0.31945    1.91485      -32312.60617
  W        48   73.67926   72.37832   -0.32074    1.91938      -32312.61129
  W        49   73.73827   72.43733   -0.26173    1.85830      -32312.56678
  W        50   73.80727   72.50633   -0.19273    1.78826      -32312.52517
  W        51   73.84383   72.54289   -0.15617    1.75229      -32312.51036
  W        52   74.04350   72.74257    0.04350    1.54866      -32312.38296
  W        53   73.83066   72.52972   -0.16934    1.76802      -32312.52594
  W        54   73.80100   72.50006   -0.19900    1.78633      -32312.50858
  W        55   73.80034   72.49940   -0.19966    1.78948      -32312.51732
  W        56   73.80264   72.50171   -0.19736    1.79773      -32312.53677
  W        57   73.71321   72.41228   -0.28679    1.88321      -32312.58880
  W        58   73.96252   72.66159   -0.03748    1.62983      -32312.43903
  W        59   73.89533   72.59439   -0.10467    1.69457      -32312.46224
  W        60   73.62785   72.32691   -0.37215    1.95933      -32312.62454
  W        61   73.70141   72.40047   -0.29859    1.90042      -32312.60783
  W        62   73.83890   72.53796   -0.16110    1.75716      -32312.51571
  W        63   74.04886   72.74792    0.04886    1.54570      -32312.37985
  W        64   73.88483   72.58389   -0.11517    1.70966      -32312.47825
  Nb       65   40.95006   39.64913   -0.04994    1.67079       -7632.55157
  Nb       66   40.85892   39.55798   -0.14108    1.76437       -7632.60311
  Nb       67   40.86052   39.55958   -0.13948    1.76489       -7632.60222
  Nb       68   40.96395   39.66301   -0.03605    1.65792       -7632.53770
  Nb       69   40.78869   39.48775   -0.21131    1.83655       -7632.64970
  Nb       70   40.94633   39.64540   -0.05367    1.68191       -7632.55613
  Nb       71   41.04127   39.74033    0.04127    1.58609       -7632.49899
  Nb       72   40.84037   39.53944   -0.15963    1.78616       -7632.62751
  Nb       73   40.73922   39.43828   -0.26078    1.88981       -7632.68873
  Nb       74   40.86000   39.55906   -0.14000    1.76730       -7632.61078
  Nb       75   40.89763   39.59669   -0.10237    1.72595       -7632.57607
  Nb       76   41.04957   39.74863    0.04957    1.57887       -7632.49352
  Nb       77   40.80642   39.50548   -0.19358    1.81719       -7632.64626
  Nb       78   40.94038   39.63944   -0.05962    1.68859       -7632.56942
  Nb       79   40.98904   39.68810   -0.01096    1.63427       -7632.53808
  Nb       80   40.91420   39.61326   -0.08580    1.70056       -7632.54809
  Nb       81   40.90576   39.60482   -0.09424    1.71064       -7632.56353
  Nb       82   41.01893   39.71799    0.01893    1.60118       -7632.51441
  Nb       83   40.73695   39.43601   -0.26305    1.88923       -7632.69336
  Nb       84   40.96773   39.66679   -0.03227    1.66258       -7632.54883
  Nb       85   40.92669   39.62575   -0.07331    1.69882       -7632.56171
  Nb       86   40.88905   39.58811   -0.11095    1.73628       -7632.59106
  Nb       87   40.84577   39.54483   -0.15423    1.77594       -7632.60873
  Nb       88   40.82373   39.52280   -0.17627    1.80031       -7632.63052
  Nb       89   40.82772   39.52678   -0.17228    1.79774       -7632.63933
  Nb       90   40.67647   39.37553   -0.32353    1.94996       -7632.72929
  Nb       91   40.96541   39.66447   -0.03459    1.65674       -7632.53994
  Nb       92   40.77848   39.47754   -0.22152    1.85097       -7632.67020
  Nb       93   40.86968   39.56874   -0.13032    1.75633       -7632.59712
  Nb       94   41.02001   39.71907    0.02001    1.60312       -7632.50490
  Nb       95   40.96273   39.66179   -0.03727    1.65967       -7632.54346
  Nb       96   40.78944   39.48850   -0.21056    1.84062       -7632.65069
  Nb       97   40.79217   39.49123   -0.20783    1.83598       -7632.65552
  Nb       98   41.00191   39.70097    0.00191    1.62451       -7632.53413
  Nb       99   40.89119   39.59025   -0.10881    1.72797       -7632.58024
  Nb      100   40.90135   39.60041   -0.09865    1.71563       -7632.57084
  Nb      101   40.83515   39.53421   -0.16485    1.78608       -7632.62352
  Nb      102   41.00877   39.70784    0.00877    1.61923       -7632.51988
  Nb      103   41.02950   39.72856    0.02950    1.59556       -7632.51609
  Nb      104   40.77355   39.47262   -0.22645    1.84977       -7632.65297
  Nb      105   40.95147   39.65053   -0.04853    1.66931       -7632.54561
  Nb      106   40.94093   39.63999   -0.05907    1.68360       -7632.56594
  Nb      107   40.89146   39.59052   -0.10854    1.73686       -7632.59518
  Nb      108   40.71862   39.41768   -0.28138    1.90775       -7632.69225
  Nb      109   40.91982   39.61888   -0.08018    1.70556       -7632.57057
  Nb      110   40.81014   39.50921   -0.18986    1.81070       -7632.63088
  Nb      111   40.92020   39.61926   -0.07980    1.70309       -7632.56757
  Nb      112   41.01856   39.71762    0.01856    1.60503       -7632.51126
  Nb      113   40.94351   39.64257   -0.05649    1.68724       -7632.56945
  Nb      114   41.00972   39.70878    0.00972    1.61464       -7632.50836
  Nb      115   40.75640   39.45546   -0.24360    1.86838       -7632.66759
  Nb      116   41.11451   39.81357    0.11451    1.51229       -7632.45779
  Nb      117   40.78448   39.48354   -0.21552    1.83759       -7632.64744
  Nb      118   40.95210   39.65116   -0.04790    1.66408       -7632.54340
  Nb      119   41.02910   39.72816    0.02910    1.60145       -7632.51108
  Nb      120   40.96532   39.66438   -0.03468    1.66219       -7632.55103
  Nb      121   40.88110   39.58016   -0.11890    1.74748       -7632.60258
  Nb      122   40.85402   39.55308   -0.14598    1.76999       -7632.61144
  Nb      123   40.86817   39.56723   -0.13183    1.75570       -7632.60219
  Nb      124   40.79174   39.49080   -0.20826    1.83417       -7632.65522
  Nb      125   40.76467   39.46374   -0.23533    1.85547       -7632.65193
  Nb      126   40.85820   39.55726   -0.14180    1.76836       -7632.60675
  Nb      127   40.95921   39.65827   -0.04079    1.65854       -7632.53310
  Nb      128   40.72838   39.42744   -0.27162    1.89107       -7632.67484
  Mo      129   42.09577   40.79483    0.09577    1.60901       -8090.51728
  Mo      130   42.09008   40.78914    0.09008    1.62147       -8090.52999
  Mo      131   42.19410   40.89316    0.19410    1.52442       -8090.48678
  Mo      132   42.08703   40.78609    0.08703    1.62913       -8090.54977
  Mo      133   42.21855   40.91762    0.21855    1.50046       -8090.47897
  Mo      134   42.00948   40.70854    0.00948    1.70150       -8090.57606
  Mo      135   42.17861   40.87767    0.17861    1.53323       -8090.48705
  Mo      136   42.07809   40.77715    0.07809    1.63842       -8090.55019
  Mo      137   41.95476   40.65382   -0.04524    1.76523       -8090.62459
  Mo      138   42.06057   40.75963    0.06057    1.65161       -8090.56227
  Mo      139   41.99127   40.69034   -0.00873    1.73367       -8090.61893
  Mo      140   42.08052   40.77958    0.08052    1.63640       -8090.55557
  Mo      141   41.95557   40.65463   -0.04443    1.76049       -8090.62528
  Mo      142   42.11232   40.81138    0.11232    1.61111       -8090.54916
  Mo      143   42.00006   40.69912    0.00006    1.72577       -8090.61288
  Mo      144   41.99014   40.68920   -0.00986    1.72761       -8090.60332
  Mo      145   42.05697   40.75603    0.05697    1.65591       -8090.56000
  Mo      146   41.99076   40.68982   -0.00924    1.72768       -8090.60363
  Mo      147   42.11687   40.81593    0.11687    1.59702       -8090.52253
  Mo      148   42.06903   40.76810    0.06903    1.64781       -8090.56578
  Mo      149   41.97171   40.67077   -0.02829    1.74679       -8090.62056
  Mo      150   41.99333   40.69240   -0.00667    1.71290       -8090.58130
  Mo      151   42.16494   40.86401    0.16494    1.54357       -8090.49204
  Mo      152   42.05923   40.75829    0.05923    1.66155       -8090.56462
  Mo      153   42.01655   40.71561    0.01655    1.69934       -8090.58677
  Mo      154   42.11860   40.81766    0.11860    1.60531       -8090.54187
  Mo      155   42.04184   40.74090    0.04184    1.68029       -8090.57973
  Mo      156   41.91337   40.61243   -0.08663    1.81140       -8090.66171
  Mo      157   42.04949   40.74855    0.04949    1.67147       -8090.57814
  Mo      158   42.03811   40.73717    0.03811    1.67088       -8090.55923
  Mo      159   42.15863   40.85769    0.15863    1.55907       -8090.50663
  Mo      160   41.75595   40.45501   -0.24405    1.97091       -8090.75961
  Mo      161   42.19457   40.89363    0.19457    1.52230       -8090.49077
  Mo      162   41.97582   40.67488   -0.02418    1.74899       -8090.62197
  Mo      163   42.04270   40.74176    0.04270    1.67408       -8090.57792
  Mo      164   42.05631   40.75537    0.05631    1.65751       -8090.55523
  Mo      165   42.10967   40.80874    0.10967    1.60059       -8090.52807
  Mo      166   42.13296   40.83202    0.13296    1.57787       -8090.51683
  Mo      167   41.96427   40.66334   -0.03573    1.75796       -8090.62666
  Mo      168   42.06571   40.76477    0.06571    1.65714       -8090.57958
  Mo      169   41.99704   40.69611   -0.00296    1.71860       -8090.60167
  Mo      170   41.99264   40.69170   -0.00736    1.71785       -8090.58780
  Mo      171   42.13585   40.83492    0.13585    1.57869       -8090.51230
  Mo      172   42.12847   40.82753    0.12847    1.59091       -8090.52903
  Mo      173   42.10919   40.80825    0.10919    1.60311       -8090.52440
  Mo      174   42.15843   40.85749    0.15843    1.55142       -8090.50227
  Mo      175   42.19327   40.89233    0.19327    1.53046       -8090.50818
  Mo      176   42.03803   40.73709    0.03803    1.67950       -8090.58080
  Mo      177   42.03755   40.73661    0.03755    1.68325       -8090.58398
  Mo      178   42.12448   40.82354    0.12448    1.58403       -8090.50656
  Mo      179   42.00618   40.70524    0.00618    1.71093       -8090.59192
  Mo      180   42.17492   40.87399    0.17492    1.55138       -8090.51339
  Mo      181   42.18916   40.88822    0.18916    1.52318       -8090.48277
  Mo      182   41.96281   40.66187   -0.03719    1.75846       -8090.62325
  Mo      183   42.00028   40.69934    0.00028    1.72134       -8090.61267
  Mo      184   42.03259   40.73165    0.03259    1.68025       -8090.57111
  Mo      185   42.22742   40.92648    0.22742    1.48494       -8090.46303
  Mo      186   42.05010   40.74916    0.05010    1.66662       -8090.57210
  Mo      187   42.01270   40.71176    0.01270    1.71293       -8090.60174
  Mo      188   42.22679   40.92585    0.22679    1.48266       -8090.45157
  Mo      189   42.04647   40.74553    0.04647    1.68210       -8090.59285
  Mo      190   41.90626   40.60532   -0.09374    1.81029       -8090.65217
  Mo      191   42.11137   40.81043    0.11137    1.60576       -8090.53508
  Mo      192   42.08704   40.78610    0.08704    1.63036       -8090.54862
  Ta      193   72.61238   71.31145   -0.38762    1.91846      -31233.01746
  Ta      194   72.71362   71.41268   -0.28638    1.81647      -31232.96156
  Ta      195   72.80413   71.50319   -0.19587    1.72266      -31232.88796
  Ta      196   72.84090   71.53996   -0.15910    1.69468      -31232.87482
  Ta      197   72.74573   71.44479   -0.25427    1.78778      -31232.94282
  Ta      198   72.77408   71.47314   -0.22592    1.75707      -31232.91370
  Ta      199   72.92989   71.62895   -0.07011    1.60779      -31232.82260
  Ta      200   72.74579   71.44485   -0.25421    1.78981      -31232.92956
  Ta      201   72.82321   71.52227   -0.17679    1.71482      -31232.89113
  Ta      202   72.86283   71.56190   -0.13717    1.67035      -31232.85035
  Ta      203   72.66587   71.36494   -0.33413    1.87290      -31232.98981
  Ta      204   72.68886   71.38792   -0.31114    1.84715      -31232.98273
  Ta      205   72.94129   71.64035   -0.05871    1.60257      -31232.82139
  Ta      206   72.76712   71.46618   -0.23288    1.77013      -31232.92822
  Ta      207   72.79029   71.48936   -0.20971    1.74684      -31232.92048
  Ta      208   72.79413   71.49319   -0.20587    1.74482      -31232.90782
  Ta      209   72.92095   71.62001   -0.07905    1.61578      -31232.82538
  Ta      210   72.70212   71.40118   -0.29788    1.82935      -31232.95648
  Ta      211   72.62423   71.32329   -0.37577    1.90836      -31233.01762
  Ta      212   72.68611   71.38518   -0.31389    1.85205      -31232.98846
  Ta      213   72.75510   71.45416   -0.24490    1.77854      -31232.92699
  Ta      214   72.79381   71.49287   -0.20619    1.73499      -31232.90676
  Ta      215   72.77186   71.47092   -0.22814    1.76567      -31232.93116
  Ta      216   72.80636   71.50542   -0.19364    1.72562      -31232.89937
  Ta      217   72.75231   71.45137   -0.24769    1.78465      -31232.93184
  Ta      218   72.76188   71.46094   -0.23812    1.77399      -31232.92603
  Ta      219   72.74381   71.44287   -0.25619    1.79373      -31232.92807
  Ta      220   72.77972   71.47879   -0.22028    1.75228      -31232.91536
  Ta      221   72.68950   71.38856   -0.31050    1.83748      -31232.96422
  Ta      222   72.67256   71.37162   -0.32744    1.86353      -31232.98845
  Ta      223   72.71701   71.41607   -0.28299    1.81739      -31232.95874
  Ta      224   72.56538   71.26444   -0.43462    1.97209      -31233.05621
  Ta      225   72.75398   71.45305   -0.24602    1.77716      -31232.92696
  Ta      226   72.72597   71.42503   -0.27403    1.80287      -31232.94553
  Ta      227   72.71219   71.41125   -0.28781    1.81639      -31232.94990
  Ta      228   72.85625   71.55531   -0.14375    1.68140      -31232.86366
  Ta      229   72.81339   71.51245   -0.18661    1.72817      -31232.90407
  Ta      230   72.79506   71.49412   -0.20494    1.73950      -31232.91502
  Ta      231   72.66409   71.36315   -0.33591    1.87163      -31232.99027
  Ta      232   72.68246   71.38153   -0.31754    1.84470      -31232.96419
  Ta      233   72.77214   71.47120   -0.22786    1.76386      -31232.92024
  Ta      234   72.73248   71.43154   -0.26752    1.80200      -31232.93844
  Ta      235   72.71406   71.41312   -0.28594    1.81592      -31232.94755
  Ta      236   72.79249   71.49156   -0.20751    1.73734      -31232.90064
  Ta      237   72.67381   71.37287   -0.32619    1.86145      -31232.98847
  Ta      238   72.86648   71.56555   -0.13352    1.66633      -31232.85485
  Ta      239   72.70304   71.40210   -0.29696    1.82589      -31232.95464
  Ta      240   72.64376   71.34282   -0.35624    1.89206      -31232.99765
  Ta      241   72.77997   71.47904   -0.22003    1.75086      -31232.91832
  Ta      242   72.81464   71.51370   -0.18536    1.71280      -31232.87814
  Ta      243   72.66565   71.36472   -0.33435    1.86921      -31232.97638
  Ta      244   72.82265   71.52171   -0.17735    1.71230      -31232.88164
  Ta      245   72.86774   71.56680   -0.13226    1.66593      -31232.86449
  Ta      246   72.71771   71.41677   -0.28229    1.82149      -31232.96413
  Ta      247   72.84785   71.54691   -0.15215    1.68433      -31232.87446
  Ta      248   72.79500   71.49406   -0.20500    1.73684      -31232.90130
  Ta      249   72.74100   71.44007   -0.25900    1.79759      -31232.95805
  Ta      250   72.86254   71.56160   -0.13746    1.67046      -31232.86118
  Ta      251   72.78440   71.48347   -0.21560    1.74153      -31232.90163
  Ta      252   72.90953   71.60859   -0.09047    1.62786      -31232.84318
  Ta      253   72.78153   71.48059   -0.21847    1.75292      -31232.91369
  Ta      254   72.77845   71.47751   -0.22155    1.75455      -31232.91269
  Ta      255   72.77296   71.47202   -0.22704    1.75891      -31232.91859
  Ta      256   72.77851   71.47757   -0.22149    1.75867      -31232.90288
  V       257   23.40362   22.10268    0.40362    1.54482       -1895.23446
  V       258   23.36394   22.06300    0.36394    1.58718       -1895.25256
  V       259   23.45983   22.15889    0.45983    1.49034       -1895.19992
  V       260   23.38867   22.08773    0.38867    1.55632       -1895.21775
  V       261   23.46077   22.15983    0.46077    1.48553       -1895.19314
  V       262   23.65823   22.35729    0.65823    1.27663       -1895.09308
  V       263   23.47635   22.17542    0.47635    1.46909       -1895.19403
  V       264   23.39454   22.09361    0.39454    1.55234       -1895.22796
  V       265   23.27191   21.97097    0.27191    1.68469       -1895.31220
  V       266   23.35289   22.05195    0.35289    1.59623       -1895.25625
  V       267   23.50024   22.19930    0.50024    1.44393       -1895.16364
  V       268   23.54558   22.24464    0.54558    1.39255       -1895.13747
  V       269   23.53003   22.22910    0.53003    1.40896       -1895.14892
  V       270   23.36102   22.06008    0.36102    1.59026       -1895.26317
  V       271   23.48257   22.18163    0.48257    1.46169       -1895.18625
  V       272   23.41957   22.11863    0.41957    1.53126       -1895.22649
  V       273   23.45507   22.15413    0.45507    1.49014       -1895.19384
  V       274   23.44455   22.14361    0.44455    1.50303       -1895.21232
  V       275   23.40495   22.10402    0.40495    1.54434       -1895.22908
  V       276   23.44611   22.14517    0.44611    1.50006       -1895.20065
  V       277   23.38845   22.08751    0.38845    1.56435       -1895.25130
  V       278   23.41144   22.11050    0.41144    1.53796       -1895.23129
  V       279   23.40125   22.10031    0.40125    1.55048       -1895.23053
  V       280   23.34219   22.04125    0.34219    1.61236       -1895.27800
  V       281   23.51442   22.21348    0.51442    1.43550       -1895.18779
  V       282   23.38086   22.07992    0.38086    1.57172       -1895.24428
  V       283   23.37468   22.07374    0.37468    1.58009       -1895.26575
  V       284   23.27647   21.97553    0.27647    1.68094       -1895.30966
  V       285   23.51677   22.21583    0.51677    1.42104       -1895.15682
  V       286   23.41833   22.11739    0.41833    1.52945       -1895.22826
  V       287   23.62088   22.31994    0.62088    1.31927       -1895.10625
  V       288   23.37693   22.07599    0.37693    1.57218       -1895.24113
  V       289   23.40588   22.10495    0.40588    1.54088       -1895.22732
  V       290   23.33133   22.03040    0.33133    1.61913       -1895.28258
  V       291   23.55899   22.25806    0.55899    1.38382       -1895.14578
  V       292   23.37759   22.07666    0.37759    1.57150       -1895.25551
  V       293   23.43945   22.13851    0.43945    1.50598       -1895.19977
  V       294   23.54839   22.24745    0.54839    1.39465       -1895.15384
  V       295   23.37581   22.07488    0.37581    1.58139       -1895.26961
  V       296   23.43953   22.13859    0.43953    1.50692       -1895.20668
  V       297   23.41613   22.11519    0.41613    1.53797       -1895.23750
  V       298   23.61618   22.31525    0.61618    1.32595       -1895.11489
  V       299   23.40037   22.09943    0.40037    1.55119       -1895.22974
  V       300   23.46081   22.15987    0.46081    1.48321       -1895.19062
  V       301   23.47158   22.17064    0.47158    1.47254       -1895.19024
  V       302   23.45006   22.14913    0.45006    1.50110       -1895.20833
  V       303   23.45622   22.15528    0.45622    1.48768       -1895.19225
  V       304   23.51574   22.21481    0.51574    1.43266       -1895.18661
  V       305   23.43995   22.13901    0.43995    1.50499       -1895.21087
  V       306   23.47703   22.17609    0.47703    1.46909       -1895.19767
  V       307   23.31055   22.00961    0.31055    1.64238       -1895.27850
  V       308   23.37341   22.07247    0.37341    1.57196       -1895.23998
  V       309   23.44378   22.14284    0.44378    1.50185       -1895.20976
  V       310   23.50564   22.20470    0.50564    1.44119       -1895.17669
  V       311   23.46418   22.16324    0.46418    1.48498       -1895.19603
  V       312   23.39648   22.09554    0.39648    1.55448       -1895.23723
  V       313   23.46368   22.16274    0.46368    1.48212       -1895.19842
  V       314   23.41242   22.11148    0.41242    1.53328       -1895.21290
  V       315   23.47632   22.17538    0.47632    1.46995       -1895.17189
  V       316   23.25035   21.94941    0.25035    1.70929       -1895.32620
  V       317   23.26322   21.96228    0.26322    1.68864       -1895.30404
  V       318   23.49661   22.19567    0.49661    1.45434       -1895.19736
  V       319   23.53693   22.23599    0.53693    1.41072       -1895.16170
  V       320   23.33815   22.03721    0.33815    1.61303       -1895.26029
