System Description            : WNbMoTaV, BCC structure                         
Number of Atoms in Unit Cell  : 80                                              
Number of Atomic Species      : 5                                               
Number of Atoms in Each Type  : 16(W), 16(Nb), 16(Mo), 16(Ta), 16(V)            
Energy Offset                 : -16231                                          
=======================================================================================
    Iter     Energy      3PV     Efermi   Rms_rho    Rms_pot   Mix  Alg  Alpha 
---------------------------------------------------------------------------------------
**       1  -0.859522  1839.059  0.58661  0.140E+01  0.150E+00  pot  B   0.1000
         2  -1.168937  1816.538  0.59678  0.777E-02  0.321E+00  pot  B   0.1000
         3  -1.201340  1808.788  0.60347  0.449E-02  0.425E+00  pot  B   0.1000
         4  -1.419646  1795.663  0.61234  0.428E-02  0.189E+00  pot  B   0.1000
         5  -1.533010  1771.469  0.61987  0.811E-02  0.360E+00  pot  B   0.1000
         6  -1.656358  1749.366  0.62740  0.745E-02  0.226E+00  pot  B   0.1000
         7  -1.689611  1740.266  0.63107  0.323E-02  0.200E+00  pot  B   0.1000
         8  -1.714746  1732.906  0.63457  0.284E-02  0.799E-01  pot  B   0.1000
         9  -1.731785  1726.397  0.63708  0.286E-02  0.320E-01  pot  B   0.1000
        10  -1.742945  1720.753  0.63815  0.283E-02  0.604E-01  pot  B   0.1000
        11  -1.754857  1711.912  0.63989  0.466E-02  0.597E-01  pot  B   0.1000
        12  -1.757505  1709.522  0.64128  0.131E-02  0.297E-01  pot  B   0.1000
        13  -1.758499  1707.841  0.64235  0.992E-03  0.128E-01  pot  B   0.1000
        14  -1.758771  1707.477  0.64310  0.326E-03  0.713E-02  pot  B   0.1000
        15  -1.758926  1707.192  0.64420  0.269E-03  0.929E-02  pot  B   0.1000
        16  -1.759082  1707.357  0.64545  0.254E-03  0.544E-02  pot  B   0.1000
        17  -1.759172  1707.011  0.64694  0.298E-03  0.637E-02  pot  B   0.1000
        18  -1.759196  1706.981  0.64766  0.118E-03  0.458E-02  pot  B   0.1000
        19  -1.759213  1706.955  0.64804  0.790E-04  0.186E-02  pot  B   0.1000
        20  -1.759219  1706.918  0.64825  0.483E-04  0.177E-02  pot  B   0.1000
        21  -1.759222  1706.912  0.64832  0.229E-04  0.151E-02  pot  B   0.1000
        22  -1.759225  1706.869  0.64840  0.325E-04  0.159E-02  pot  B   0.1000
        23  -1.759226  1706.848  0.64844  0.241E-04  0.941E-03  pot  B   0.1000
        24  -1.759226  1706.815  0.64851  0.321E-04  0.499E-03  pot  B   0.1000
        25  -1.759226  1706.809  0.64853  0.146E-04  0.675E-03  pot  B   0.1000
        26  -1.759226  1706.799  0.64855  0.131E-04  0.390E-03  pot  B   0.1000
        27  -1.759225  1706.798  0.64855  0.949E-05  0.454E-03  pot  B   0.1000
        28  -1.759226  1706.797  0.64858  0.119E-04  0.145E-03  pot  B   0.1000
        29  -1.759225  1706.804  0.64858  0.549E-05  0.361E-03  pot  B   0.1000
        30  -1.759225  1706.803  0.64860  0.395E-05  0.135E-03  pot  B   0.1000
        31  -1.759225  1706.804  0.64860  0.213E-05  0.162E-03  pot  B   0.1000
        32  -1.759226  1706.804  0.64862  0.362E-05  0.710E-04  pot  B   0.1000
        33  -1.759226  1706.804  0.64864  0.217E-05  0.919E-04  pot  B   0.1000
        34  -1.759226  1706.805  0.64865  0.176E-05  0.935E-04  pot  B   0.1000
        35  -1.759226  1706.805  0.64867  0.148E-05  0.857E-04  pot  B   0.1000
        36  -1.759226  1706.805  0.64867  0.897E-06  0.420E-04  pot  B   0.1000
        37  -1.759226  1706.804  0.64868  0.716E-06  0.344E-04  pot  B   0.1000
        38  -1.759226  1706.804  0.64868  0.466E-06  0.198E-04  pot  B   0.1000
        39  -1.759227  1706.804  0.64868  0.557E-06  0.320E-04  pot  B   0.1000
        40  -1.759226  1706.804  0.64869  0.485E-06  0.135E-04  pot  B   0.1000
        41  -1.759226  1706.805  0.64869  0.480E-06  0.146E-04  pot  B   0.1000
        42  -1.759226  1706.805  0.64869  0.130E-06  0.871E-05  pot  B   0.1000
        43  -1.759226  1706.805  0.64869  0.161E-06  0.955E-05  pot  B   0.1000
        44  -1.759226  1706.805  0.64869  0.129E-06  0.541E-05  pot  B   0.1000
        45  -1.759226  1706.805  0.64869  0.887E-07  0.479E-05  pot  B   0.1000
        46  -1.759226  1706.805  0.64869  0.693E-07  0.352E-05  pot  B   0.1000
        47  -1.759226  1706.805  0.64869  0.733E-07  0.252E-05  pot  B   0.1000
        48  -1.759226  1706.805  0.64869  0.604E-07  0.291E-05  pot  B   0.1000
        49  -1.759226  1706.805  0.64869  0.606E-07  0.361E-05  pot  B   0.1000
        50  -1.759226  1706.805  0.64869  0.494E-07  0.162E-05  pot  B   0.1000
        51  -1.759226  1706.805  0.64869  0.324E-07  0.113E-05  pot  B   0.1000
        52  -1.759226  1706.805  0.64869  0.321E-07  0.152E-05  pot  B   0.1000
        53  -1.759226  1706.805  0.64869  0.217E-07  0.100E-05  pot  B   0.1000
        54  -1.759226  1706.805  0.64869  0.209E-07  0.717E-06  pot  B   0.1000
        55  -1.759226  1706.805  0.64869  0.208E-07  0.106E-05  pot  B   0.1000
        56  -1.759226  1706.805  0.64869  0.152E-07  0.877E-06  pot  B   0.1000
        57  -1.759226  1706.805  0.64869  0.104E-07  0.449E-06  pot  B   0.1000
        58  -1.759226  1706.805  0.64869  0.687E-08  0.319E-06  pot  B   0.1000
        59  -1.759226  1706.805  0.64869  0.469E-08  0.215E-06  pot  B   0.1000
        60  -1.759226  1706.805  0.64869  0.503E-08  0.226E-06  pot  B   0.1000
        61  -1.759226  1706.805  0.64869  0.444E-08  0.162E-06  pot  B   0.1000
        62  -1.759226  1706.805  0.64869  0.177E-08  0.136E-06  pot  B   0.1000
        63  -1.759226  1706.805  0.64869  0.230E-08  0.106E-06  pot  B   0.1000
        64  -1.759226  1706.805  0.64869  0.211E-08  0.772E-07  pot  B   0.1000
        65  -1.759226  1706.805  0.64869  0.179E-08  0.451E-07  pot  B   0.1000
        66  -1.759226  1706.805  0.64869  0.132E-08  0.345E-07  pot  B   0.1000
        67  -1.759226  1706.805  0.64869  0.782E-09  0.391E-07  pot  B   0.1000
        68  -1.759226  1706.805  0.64869  0.491E-09  0.336E-07  pot  B   0.1000
        69  -1.759226  1706.805  0.64869  0.482E-09  0.291E-07  pot  B   0.1000
        70  -1.759226  1706.805  0.64869  0.493E-09  0.288E-07  pot  B   0.1000
        71  -1.759226  1706.805  0.64869  0.472E-09  0.224E-07  pot  B   0.1000
        72  -1.759226  1706.805  0.64869  0.350E-09  0.168E-07  pot  B   0.1000
        73  -1.759226  1706.805  0.64869  0.341E-09  0.107E-07  pot  B   0.1000
        74  -1.759226  1706.805  0.64869  0.300E-09  0.151E-07  pot  B   0.1000
        75  -1.759226  1706.805  0.64869  0.195E-09  0.114E-07  pot  B   0.1000
        76  -1.759226  1706.805  0.64869  0.887E-10  0.584E-08  pot  B   0.1000
**      77  -1.759226  1706.805  0.64869  0.465E-12  0.584E-08  pot  B   0.1000
