System Description            : WNbMoTa, BCC structure                          
Number of Atoms in Unit Cell  : 512                                             
Number of Atomic Species      : 4                                               
Number of Atoms in Each Type  : 128(W), 128(Nb), 128(Mo), 128(Ta)               
Energy Offset                 : -19816                                          
=======================================================================================
    Iter     Energy      3PV     Efermi   Rms_rho    Rms_pot   Mix  Alg  Alpha 
---------------------------------------------------------------------------------------
**       1  -0.263249  2293.578  0.59421  0.140E+01  0.244E+00  pot  B   0.1000
         2  -0.187090  2265.758  0.61462  0.790E-02  0.190E+01  pot  B   0.1000
         3  -0.650734  2263.190  0.61172  0.246E-02  0.241E+00  pot  B   0.1000
         4  -0.692103  2243.749  0.62261  0.525E-02  0.102E+01  pot  B   0.1000
         5  -1.038042  2205.914  0.63794  0.996E-02  0.574E+00  pot  B   0.1000
         6  -1.154439  2183.596  0.65199  0.609E-02  0.367E+00  pot  B   0.1000
         7  -1.179528  2175.451  0.66071  0.235E-02  0.311E+00  pot  B   0.1000
         8  -1.198404  2170.130  0.66477  0.163E-02  0.202E+00  pot  B   0.1000
         9  -1.229653  2159.260  0.67062  0.359E-02  0.858E-01  pot  B   0.1000
        10  -1.242957  2152.325  0.67427  0.257E-02  0.157E+00  pot  B   0.1000
        11  -1.250767  2149.109  0.67589  0.125E-02  0.976E-01  pot  B   0.1000
        12  -1.260001  2143.927  0.67824  0.211E-02  0.114E+00  pot  B   0.1000
        13  -1.272240  2135.892  0.68182  0.339E-02  0.582E-01  pot  B   0.1000
        14  -1.273667  2134.784  0.68275  0.788E-03  0.724E-01  pot  B   0.1000
        15  -1.275909  2129.386  0.68558  0.202E-02  0.325E-01  pot  B   0.1000
        16  -1.276502  2128.529  0.68623  0.509E-03  0.200E-01  pot  B   0.1000
        17  -1.276568  2128.385  0.68643  0.119E-03  0.221E-01  pot  B   0.1000
        18  -1.276711  2128.142  0.68681  0.174E-03  0.939E-02  pot  B   0.1000
        19  -1.276919  2128.358  0.68760  0.271E-03  0.126E-01  pot  B   0.1000
        20  -1.276913  2127.985  0.68794  0.165E-03  0.118E-01  pot  B   0.1000
        21  -1.276931  2128.255  0.68805  0.916E-04  0.161E-01  pot  B   0.1000
        22  -1.277045  2128.439  0.68876  0.189E-03  0.131E-01  pot  B   0.1000
        23  -1.277048  2128.459  0.68884  0.202E-04  0.101E-01  pot  B   0.1000
        24  -1.277082  2128.552  0.68927  0.991E-04  0.831E-02  pot  B   0.1000
        25  -1.277095  2128.346  0.68965  0.131E-03  0.306E-02  pot  B   0.1000
        26  -1.277119  2128.482  0.69012  0.785E-04  0.395E-02  pot  B   0.1000
        27  -1.277120  2128.451  0.69023  0.195E-04  0.325E-02  pot  B   0.1000
        28  -1.277127  2128.444  0.69043  0.348E-04  0.285E-02  pot  B   0.1000
        29  -1.277127  2128.429  0.69056  0.233E-04  0.502E-02  pot  B   0.1000
        30  -1.277133  2128.418  0.69070  0.226E-04  0.268E-02  pot  B   0.1000
        31  -1.277136  2128.404  0.69090  0.326E-04  0.202E-02  pot  B   0.1000
        32  -1.277137  2128.396  0.69093  0.744E-05  0.171E-02  pot  B   0.1000
        33  -1.277138  2128.386  0.69100  0.110E-04  0.189E-02  pot  B   0.1000
        34  -1.277139  2128.372  0.69106  0.106E-04  0.134E-02  pot  B   0.1000
        35  -1.277139  2128.356  0.69108  0.504E-05  0.120E-02  pot  B   0.1000
        36  -1.277140  2128.345  0.69111  0.629E-05  0.918E-03  pot  B   0.1000
        37  -1.277140  2128.341  0.69113  0.314E-05  0.615E-03  pot  B   0.1000
        38  -1.277141  2128.317  0.69118  0.105E-04  0.536E-03  pot  B   0.1000
        39  -1.277141  2128.303  0.69120  0.409E-05  0.642E-03  pot  B   0.1000
        40  -1.277141  2128.299  0.69121  0.226E-05  0.490E-03  pot  B   0.1000
        41  -1.277141  2128.291  0.69122  0.244E-05  0.832E-03  pot  B   0.1000
        42  -1.277141  2128.287  0.69123  0.158E-05  0.435E-03  pot  B   0.1000
        43  -1.277141  2128.282  0.69124  0.174E-05  0.281E-03  pot  B   0.1000
        44  -1.277141  2128.278  0.69124  0.158E-05  0.327E-03  pot  B   0.1000
        45  -1.277141  2128.275  0.69124  0.132E-05  0.301E-03  pot  B   0.1000
        46  -1.277141  2128.273  0.69124  0.764E-06  0.306E-03  pot  B   0.1000
        47  -1.277140  2128.271  0.69124  0.115E-05  0.313E-03  pot  B   0.1000
        48  -1.277140  2128.269  0.69124  0.669E-06  0.192E-03  pot  B   0.1000
        49  -1.277140  2128.269  0.69124  0.548E-06  0.125E-03  pot  B   0.1000
        50  -1.277140  2128.267  0.69124  0.776E-06  0.785E-04  pot  B   0.1000
        51  -1.277140  2128.268  0.69123  0.711E-06  0.108E-03  pot  B   0.1000
        52  -1.277140  2128.268  0.69123  0.373E-06  0.816E-04  pot  B   0.1000
        53  -1.277140  2128.269  0.69123  0.465E-06  0.149E-03  pot  B   0.1000
        54  -1.277140  2128.269  0.69123  0.291E-06  0.107E-03  pot  B   0.1000
        55  -1.277140  2128.269  0.69123  0.210E-06  0.611E-04  pot  B   0.1000
        56  -1.277140  2128.269  0.69123  0.673E-06  0.769E-04  pot  B   0.1000
        57  -1.277140  2128.270  0.69122  0.624E-06  0.636E-04  pot  B   0.1000
        58  -1.277140  2128.270  0.69122  0.201E-06  0.538E-04  pot  B   0.1000
        59  -1.277140  2128.271  0.69122  0.555E-06  0.586E-04  pot  B   0.1000
        60  -1.277140  2128.271  0.69122  0.183E-06  0.409E-04  pot  B   0.1000
        61  -1.277140  2128.272  0.69122  0.437E-06  0.311E-04  pot  B   0.1000
        62  -1.277140  2128.273  0.69122  0.515E-06  0.204E-04  pot  B   0.1000
        63  -1.277140  2128.273  0.69122  0.554E-06  0.364E-04  pot  B   0.1000
        64  -1.277140  2128.274  0.69122  0.449E-06  0.233E-04  pot  B   0.1000
        65  -1.277140  2128.274  0.69121  0.277E-06  0.435E-04  pot  B   0.1000
        66  -1.277140  2128.275  0.69121  0.178E-06  0.367E-04  pot  B   0.1000
        67  -1.277140  2128.275  0.69121  0.111E-06  0.194E-04  pot  B   0.1000
        68  -1.277140  2128.275  0.69121  0.302E-06  0.200E-04  pot  B   0.1000
        69  -1.277140  2128.276  0.69121  0.197E-06  0.126E-04  pot  B   0.1000
        70  -1.277140  2128.276  0.69121  0.737E-07  0.166E-04  pot  B   0.1000
        71  -1.277140  2128.276  0.69121  0.166E-06  0.151E-04  pot  B   0.1000
        72  -1.277140  2128.276  0.69121  0.491E-07  0.133E-04  pot  B   0.1000
        73  -1.277140  2128.276  0.69121  0.122E-06  0.959E-05  pot  B   0.1000
        74  -1.277140  2128.276  0.69121  0.981E-07  0.717E-05  pot  B   0.1000
        75  -1.277140  2128.277  0.69121  0.823E-07  0.751E-05  pot  B   0.1000
        76  -1.277140  2128.277  0.69121  0.374E-07  0.483E-05  pot  B   0.1000
        77  -1.277140  2128.277  0.69121  0.254E-07  0.886E-05  pot  B   0.1000
        78  -1.277140  2128.277  0.69121  0.155E-07  0.836E-05  pot  B   0.1000
        79  -1.277140  2128.277  0.69121  0.136E-07  0.502E-05  pot  B   0.1000
        80  -1.277140  2128.277  0.69121  0.325E-07  0.588E-05  pot  B   0.1000
        81  -1.277140  2128.277  0.69121  0.254E-07  0.372E-05  pot  B   0.1000
        82  -1.277140  2128.277  0.69121  0.163E-07  0.584E-05  pot  B   0.1000
        83  -1.277140  2128.277  0.69121  0.265E-07  0.390E-05  pot  B   0.1000
        84  -1.277140  2128.277  0.69121  0.136E-07  0.397E-05  pot  B   0.1000
        85  -1.277140  2128.277  0.69121  0.294E-07  0.249E-05  pot  B   0.1000
        86  -1.277140  2128.277  0.69121  0.116E-07  0.137E-05  pot  B   0.1000
        87  -1.277140  2128.277  0.69121  0.367E-07  0.228E-05  pot  B   0.1000
        88  -1.277140  2128.277  0.69121  0.267E-07  0.168E-05  pot  B   0.1000
        89  -1.277140  2128.277  0.69121  0.270E-07  0.314E-05  pot  B   0.1000
        90  -1.277140  2128.277  0.69121  0.127E-07  0.342E-05  pot  B   0.1000
        91  -1.277140  2128.277  0.69121  0.166E-07  0.208E-05  pot  B   0.1000
        92  -1.277140  2128.277  0.69121  0.239E-07  0.175E-05  pot  B   0.1000
        93  -1.277140  2128.277  0.69121  0.196E-07  0.111E-05  pot  B   0.1000
        94  -1.277140  2128.277  0.69121  0.114E-07  0.211E-05  pot  B   0.1000
        95  -1.277140  2128.277  0.69121  0.157E-07  0.124E-05  pot  B   0.1000
        96  -1.277140  2128.277  0.69121  0.107E-07  0.144E-05  pot  B   0.1000
        97  -1.277140  2128.277  0.69121  0.187E-07  0.847E-06  pot  B   0.1000
        98  -1.277140  2128.277  0.69121  0.577E-08  0.620E-06  pot  B   0.1000
        99  -1.277140  2128.277  0.69121  0.237E-07  0.106E-05  pot  B   0.1000
       100  -1.277140  2128.276  0.69121  0.109E-07  0.616E-06  pot  B   0.1000
**     101  -1.277140  2128.276  0.69121  0.539E-12  0.616E-06  pot  B   0.1000
