System Description            : WNbMoTaV, BCC structure                         
Number of Atoms in Unit Cell  : 1280                                            
Number of Atomic Species      : 5                                               
Number of Atoms in Each Type  : 256(W), 256(Nb), 256(Mo), 256(Ta), 256(V)       
Energy Offset                 : -16231                                          
=======================================================================================
    Iter     Energy      3PV     Efermi   Rms_rho    Rms_pot   Mix  Alg  Alpha 
---------------------------------------------------------------------------------------
**       1  -0.856998  1839.060  0.58749  0.140E+01  0.403E+00  pot  B   0.1000
         2  12.694170  1830.649  0.61947  0.140E-01  0.143E+02  pot  B   0.1000
         3  -0.604588  1816.773  0.59912  0.790E-02  0.346E+01  pot  B   0.1000
         4  -0.527942  1815.999  0.60142  0.469E-02  0.342E+01  pot  B   0.1000
         5  -0.878691  1813.004  0.60300  0.497E-02  0.197E+01  pot  B   0.1000
         6  -1.055836  1802.086  0.61152  0.564E-02  0.185E+01  pot  B   0.1000
         7  -1.280540  1796.298  0.61419  0.390E-02  0.130E+01  pot  B   0.1000
         8  -1.418047  1790.587  0.61566  0.402E-02  0.672E+00  pot  B   0.1000
         9  -1.465987  1783.938  0.61685  0.352E-02  0.629E+00  pot  B   0.1000
        10  -1.535489  1773.073  0.61948  0.408E-02  0.830E+00  pot  B   0.1000
        11  -1.612174  1757.948  0.62326  0.527E-02  0.614E+00  pot  B   0.1000
        12  -1.646829  1745.173  0.62889  0.453E-02  0.570E+00  pot  B   0.1000
        13  -1.680656  1738.408  0.63245  0.246E-02  0.498E+00  pot  B   0.1000
        14  -1.525191  1747.337  0.63198  0.463E-02  0.148E+01  pot  B   0.1000
        15  -1.702977  1737.569  0.63459  0.341E-02  0.395E+00  pot  B   0.1000
        16  -1.572574  1729.225  0.63799  0.317E-02  0.176E+01  pot  B   0.1000
        17  -1.628048  1734.229  0.63534  0.255E-02  0.982E+00  pot  B   0.1000
        18  -1.727149  1725.772  0.63741  0.304E-02  0.291E+00  pot  B   0.1000
        19  -1.714153  1725.798  0.63694  0.182E-02  0.424E+00  pot  B   0.1000
        20  -1.717941  1727.200  0.63600  0.190E-02  0.490E+00  pot  B   0.1000
        21  -1.729345  1724.874  0.63693  0.127E-02  0.289E+00  pot  B   0.1000
        22  -1.732514  1726.096  0.63677  0.130E-02  0.262E+00  pot  B   0.1000
        23  -1.740404  1723.502  0.63794  0.116E-02  0.148E+00  pot  B   0.1000
        24  -1.741324  1723.375  0.63785  0.883E-03  0.143E+00  pot  B   0.1000
        25  -1.743517  1722.847  0.63792  0.832E-03  0.135E+00  pot  B   0.1000
        26  -1.742898  1720.605  0.63872  0.126E-02  0.252E+00  pot  B   0.1000
        27  -1.744120  1722.638  0.63804  0.102E-02  0.190E+00  pot  B   0.1000
        28  -1.743756  1719.955  0.63891  0.151E-02  0.313E+00  pot  B   0.1000
        29  -1.745095  1721.162  0.63839  0.861E-03  0.234E+00  pot  B   0.1000
        30  -1.748440  1720.769  0.63866  0.595E-03  0.110E+00  pot  B   0.1000
        31  -1.748964  1719.451  0.63936  0.724E-03  0.136E+00  pot  B   0.1000
        32  -1.748626  1719.181  0.63964  0.641E-03  0.235E+00  pot  B   0.1000
        33  -1.751107  1718.180  0.64008  0.568E-03  0.129E+00  pot  B   0.1000
        34  -1.749915  1718.437  0.63995  0.806E-03  0.148E+00  pot  B   0.1000
        35  -1.752068  1717.675  0.64017  0.714E-03  0.133E+00  pot  B   0.1000
        36  -1.752165  1717.530  0.64040  0.620E-03  0.970E-01  pot  B   0.1000
        37  -1.752871  1717.100  0.64065  0.517E-03  0.107E+00  pot  B   0.1000
        38  -1.754227  1715.251  0.64160  0.989E-03  0.118E+00  pot  B   0.1000
        39  -1.750696  1717.290  0.64039  0.108E-02  0.228E+00  pot  B   0.1000
        40  -1.753808  1715.669  0.64143  0.855E-03  0.143E+00  pot  B   0.1000
        41  -1.752439  1715.598  0.64164  0.513E-03  0.201E+00  pot  B   0.1000
        42  -1.754325  1716.036  0.64129  0.497E-03  0.109E+00  pot  B   0.1000
        43  -1.754786  1715.339  0.64171  0.370E-03  0.976E-01  pot  B   0.1000
        44  -1.755416  1714.902  0.64196  0.410E-03  0.921E-01  pot  B   0.1000
        45  -1.755727  1714.400  0.64231  0.279E-03  0.621E-01  pot  B   0.1000
        46  -1.755815  1714.047  0.64253  0.329E-03  0.836E-01  pot  B   0.1000
        47  -1.756051  1714.088  0.64259  0.452E-03  0.767E-01  pot  B   0.1000
        48  -1.756165  1713.823  0.64269  0.300E-03  0.640E-01  pot  B   0.1000
        49  -1.756354  1713.513  0.64291  0.349E-03  0.686E-01  pot  B   0.1000
        50  -1.757030  1712.508  0.64364  0.512E-03  0.541E-01  pot  B   0.1000
        51  -1.754566  1713.276  0.64324  0.427E-03  0.218E+00  pot  B   0.1000
        52  -1.756757  1712.495  0.64369  0.406E-03  0.784E-01  pot  B   0.1000
        53  -1.756757  1711.787  0.64414  0.363E-03  0.116E+00  pot  B   0.1000
        54  -1.756350  1712.911  0.64337  0.573E-03  0.108E+00  pot  B   0.1000
        55  -1.757071  1712.212  0.64389  0.359E-03  0.606E-01  pot  B   0.1000
        56  -1.757258  1711.902  0.64414  0.275E-03  0.656E-01  pot  B   0.1000
        57  -1.757446  1711.477  0.64446  0.221E-03  0.584E-01  pot  B   0.1000
        58  -1.757523  1711.305  0.64461  0.193E-03  0.630E-01  pot  B   0.1000
        59  -1.757470  1711.580  0.64436  0.346E-03  0.475E-01  pot  B   0.1000
        60  -1.757606  1711.380  0.64456  0.211E-03  0.527E-01  pot  B   0.1000
        61  -1.757732  1711.184  0.64472  0.186E-03  0.451E-01  pot  B   0.1000
        62  -1.757925  1710.758  0.64504  0.216E-03  0.341E-01  pot  B   0.1000
        63  -1.757671  1710.683  0.64506  0.149E-03  0.777E-01  pot  B   0.1000
        64  -1.757951  1710.600  0.64518  0.150E-03  0.297E-01  pot  B   0.1000
        65  -1.757976  1710.162  0.64555  0.224E-03  0.580E-01  pot  B   0.1000
        66  -1.757599  1710.785  0.64504  0.320E-03  0.843E-01  pot  B   0.1000
        67  -1.757994  1710.337  0.64541  0.228E-03  0.358E-01  pot  B   0.1000
        68  -1.758050  1710.141  0.64559  0.112E-03  0.394E-01  pot  B   0.1000
        69  -1.758115  1709.894  0.64579  0.178E-03  0.354E-01  pot  B   0.1000
        70  -1.758161  1709.743  0.64590  0.114E-03  0.399E-01  pot  B   0.1000
        71  -1.758024  1710.002  0.64572  0.244E-03  0.463E-01  pot  B   0.1000
        72  -1.758136  1709.825  0.64584  0.167E-03  0.372E-01  pot  B   0.1000
        73  -1.758210  1709.709  0.64594  0.984E-04  0.360E-01  pot  B   0.1000
        74  -1.758295  1709.526  0.64612  0.117E-03  0.197E-01  pot  B   0.1000
        75  -1.758254  1709.402  0.64626  0.803E-04  0.389E-01  pot  B   0.1000
        76  -1.758318  1709.431  0.64620  0.113E-03  0.182E-01  pot  B   0.1000
        77  -1.758359  1709.137  0.64646  0.151E-03  0.233E-01  pot  B   0.1000
        78  -1.758133  1709.333  0.64629  0.134E-03  0.594E-01  pot  B   0.1000
        79  -1.758353  1709.227  0.64639  0.912E-04  0.186E-01  pot  B   0.1000
        80  -1.758378  1709.069  0.64653  0.812E-04  0.208E-01  pot  B   0.1000
        81  -1.758388  1708.969  0.64663  0.671E-04  0.240E-01  pot  B   0.1000
        82  -1.758411  1708.873  0.64673  0.988E-04  0.204E-01  pot  B   0.1000
        83  -1.758351  1708.938  0.64665  0.142E-03  0.266E-01  pot  B   0.1000
        84  -1.758402  1708.829  0.64678  0.989E-04  0.210E-01  pot  B   0.1000
        85  -1.758419  1708.772  0.64683  0.661E-04  0.319E-01  pot  B   0.1000
        86  -1.758459  1708.714  0.64687  0.900E-04  0.161E-01  pot  B   0.1000
        87  -1.758459  1708.554  0.64701  0.831E-04  0.245E-01  pot  B   0.1000
        88  -1.758464  1708.654  0.64694  0.729E-04  0.165E-01  pot  B   0.1000
        89  -1.758495  1708.480  0.64710  0.904E-04  0.154E-01  pot  B   0.1000
        90  -1.758419  1708.426  0.64716  0.771E-04  0.392E-01  pot  B   0.1000
        91  -1.758490  1708.485  0.64710  0.644E-04  0.147E-01  pot  B   0.1000
        92  -1.758508  1708.403  0.64719  0.645E-04  0.144E-01  pot  B   0.1000
        93  -1.758509  1708.337  0.64725  0.473E-04  0.182E-01  pot  B   0.1000
        94  -1.758524  1708.261  0.64732  0.716E-04  0.144E-01  pot  B   0.1000
        95  -1.758504  1708.235  0.64736  0.808E-04  0.187E-01  pot  B   0.1000
        96  -1.758523  1708.167  0.64741  0.613E-04  0.156E-01  pot  B   0.1000
        97  -1.758522  1708.146  0.64744  0.407E-04  0.216E-01  pot  B   0.1000
        98  -1.758540  1708.153  0.64744  0.690E-04  0.100E-01  pot  B   0.1000
        99  -1.758546  1708.036  0.64756  0.615E-04  0.166E-01  pot  B   0.1000
       100  -1.758540  1708.090  0.64750  0.423E-04  0.135E-01  pot  B   0.1000
       101  -1.758559  1707.983  0.64761  0.656E-04  0.102E-01  pot  B   0.1000
       102  -1.758550  1707.869  0.64773  0.601E-04  0.182E-01  pot  B   0.1000
       103  -1.758556  1707.963  0.64763  0.501E-04  0.109E-01  pot  B   0.1000
       104  -1.758565  1707.917  0.64768  0.536E-04  0.974E-02  pot  B   0.1000
       105  -1.758564  1707.891  0.64771  0.419E-04  0.121E-01  pot  B   0.1000
       106  -1.758574  1707.845  0.64776  0.424E-04  0.759E-02  pot  B   0.1000
       107  -1.758570  1707.783  0.64782  0.441E-04  0.119E-01  pot  B   0.1000
       108  -1.758579  1707.735  0.64788  0.372E-04  0.906E-02  pot  B   0.1000
       109  -1.758576  1707.720  0.64790  0.315E-04  0.165E-01  pot  B   0.1000
       110  -1.758581  1707.752  0.64786  0.520E-04  0.930E-02  pot  B   0.1000
       111  -1.758587  1707.661  0.64795  0.487E-04  0.893E-02  pot  B   0.1000
       112  -1.758581  1707.696  0.64793  0.291E-04  0.108E-01  pot  B   0.1000
       113  -1.758591  1707.629  0.64799  0.418E-04  0.786E-02  pot  B   0.1000
       114  -1.758592  1707.535  0.64810  0.505E-04  0.119E-01  pot  B   0.1000
       115  -1.758590  1707.584  0.64805  0.321E-04  0.103E-01  pot  B   0.1000
       116  -1.758593  1707.581  0.64805  0.417E-04  0.852E-02  pot  B   0.1000
       117  -1.758593  1707.563  0.64807  0.362E-04  0.108E-01  pot  B   0.1000
       118  -1.758599  1707.536  0.64810  0.258E-04  0.610E-02  pot  B   0.1000
       119  -1.758599  1707.484  0.64816  0.285E-04  0.712E-02  pot  B   0.1000
       120  -1.758603  1707.444  0.64820  0.239E-04  0.629E-02  pot  B   0.1000
       121  -1.758601  1707.437  0.64821  0.218E-04  0.103E-01  pot  B   0.1000
       122  -1.758602  1707.467  0.64818  0.356E-04  0.663E-02  pot  B   0.1000
       123  -1.758606  1707.412  0.64824  0.296E-04  0.477E-02  pot  B   0.1000
       124  -1.758604  1707.400  0.64825  0.194E-04  0.839E-02  pot  B   0.1000
       125  -1.758608  1707.384  0.64827  0.270E-04  0.673E-02  pot  B   0.1000
       126  -1.758610  1707.315  0.64835  0.374E-04  0.717E-02  pot  B   0.1000
       127  -1.758608  1707.325  0.64834  0.176E-04  0.696E-02  pot  B   0.1000
       128  -1.758608  1707.329  0.64834  0.286E-04  0.591E-02  pot  B   0.1000
       129  -1.758608  1707.334  0.64833  0.270E-04  0.737E-02  pot  B   0.1000
       130  -1.758611  1707.324  0.64835  0.186E-04  0.417E-02  pot  B   0.1000
       131  -1.758613  1707.278  0.64840  0.253E-04  0.491E-02  pot  B   0.1000
       132  -1.758615  1707.249  0.64844  0.165E-04  0.417E-02  pot  B   0.1000
       133  -1.758613  1707.237  0.64845  0.156E-04  0.766E-02  pot  B   0.1000
       134  -1.758613  1707.263  0.64842  0.206E-04  0.606E-02  pot  B   0.1000
       135  -1.758615  1707.230  0.64846  0.179E-04  0.454E-02  pot  B   0.1000
       136  -1.758615  1707.213  0.64848  0.139E-04  0.527E-02  pot  B   0.1000
       137  -1.758616  1707.213  0.64848  0.178E-04  0.446E-02  pot  B   0.1000
       138  -1.758618  1707.174  0.64853  0.210E-04  0.475E-02  pot  B   0.1000
       139  -1.758617  1707.157  0.64855  0.108E-04  0.471E-02  pot  B   0.1000
       140  -1.758617  1707.162  0.64854  0.172E-04  0.460E-02  pot  B   0.1000
       141  -1.758616  1707.169  0.64854  0.154E-04  0.550E-02  pot  B   0.1000
       142  -1.758617  1707.167  0.64854  0.129E-04  0.423E-02  pot  B   0.1000
       143  -1.758619  1707.138  0.64857  0.161E-04  0.370E-02  pot  B   0.1000
       144  -1.758620  1707.116  0.64860  0.119E-04  0.275E-02  pot  B   0.1000
       145  -1.758619  1707.105  0.64862  0.102E-04  0.476E-02  pot  B   0.1000
       146  -1.758619  1707.121  0.64860  0.111E-04  0.424E-02  pot  B   0.1000
       147  -1.758620  1707.107  0.64862  0.914E-05  0.301E-02  pot  B   0.1000
       148  -1.758620  1707.079  0.64865  0.156E-04  0.388E-02  pot  B   0.1000
       149  -1.758620  1707.092  0.64863  0.133E-04  0.415E-02  pot  B   0.1000
       150  -1.758621  1707.071  0.64866  0.121E-04  0.251E-02  pot  B   0.1000
       151  -1.758621  1707.054  0.64868  0.965E-05  0.242E-02  pot  B   0.1000
       152  -1.758621  1707.047  0.64869  0.901E-05  0.304E-02  pot  B   0.1000
       153  -1.758620  1707.056  0.64868  0.107E-04  0.436E-02  pot  B   0.1000
       154  -1.758621  1707.062  0.64867  0.962E-05  0.328E-02  pot  B   0.1000
       155  -1.758622  1707.040  0.64870  0.122E-04  0.276E-02  pot  B   0.1000
       156  -1.758622  1707.027  0.64872  0.846E-05  0.230E-02  pot  B   0.1000
       157  -1.758622  1707.012  0.64874  0.878E-05  0.332E-02  pot  B   0.1000
       158  -1.758622  1707.024  0.64872  0.725E-05  0.337E-02  pot  B   0.1000
       159  -1.758622  1707.017  0.64873  0.887E-05  0.258E-02  pot  B   0.1000
       160  -1.758623  1706.997  0.64876  0.115E-04  0.225E-02  pot  B   0.1000
       161  -1.758622  1707.006  0.64875  0.935E-05  0.297E-02  pot  B   0.1000
       162  -1.758623  1706.998  0.64876  0.735E-05  0.192E-02  pot  B   0.1000
       163  -1.758623  1706.983  0.64878  0.891E-05  0.138E-02  pot  B   0.1000
       164  -1.758623  1706.977  0.64879  0.522E-05  0.183E-02  pot  B   0.1000
       165  -1.758623  1706.977  0.64879  0.727E-05  0.310E-02  pot  B   0.1000
       166  -1.758623  1706.980  0.64878  0.755E-05  0.302E-02  pot  B   0.1000
       167  -1.758623  1706.971  0.64880  0.737E-05  0.231E-02  pot  B   0.1000
       168  -1.758624  1706.964  0.64880  0.620E-05  0.134E-02  pot  B   0.1000
       169  -1.758624  1706.952  0.64882  0.676E-05  0.182E-02  pot  B   0.1000
       170  -1.758623  1706.957  0.64882  0.483E-05  0.245E-02  pot  B   0.1000
       171  -1.758624  1706.955  0.64882  0.737E-05  0.164E-02  pot  B   0.1000
       172  -1.758624  1706.938  0.64884  0.984E-05  0.139E-02  pot  B   0.1000
       173  -1.758624  1706.944  0.64883  0.712E-05  0.265E-02  pot  B   0.1000
       174  -1.758624  1706.944  0.64883  0.557E-05  0.143E-02  pot  B   0.1000
       175  -1.758624  1706.933  0.64885  0.609E-05  0.973E-03  pot  B   0.1000
       176  -1.758624  1706.926  0.64886  0.402E-05  0.137E-02  pot  B   0.1000
       177  -1.758624  1706.924  0.64886  0.517E-05  0.247E-02  pot  B   0.1000
       178  -1.758624  1706.926  0.64886  0.531E-05  0.210E-02  pot  B   0.1000
       179  -1.758624  1706.923  0.64887  0.565E-05  0.145E-02  pot  B   0.1000
       180  -1.758624  1706.920  0.64887  0.438E-05  0.119E-02  pot  B   0.1000
       181  -1.758625  1706.911  0.64888  0.566E-05  0.996E-03  pot  B   0.1000
       182  -1.758624  1706.912  0.64888  0.354E-05  0.174E-02  pot  B   0.1000
       183  -1.758624  1706.910  0.64888  0.539E-05  0.131E-02  pot  B   0.1000
       184  -1.758625  1706.901  0.64890  0.555E-05  0.962E-03  pot  B   0.1000
       185  -1.758625  1706.899  0.64890  0.503E-05  0.178E-02  pot  B   0.1000
       186  -1.758625  1706.906  0.64889  0.426E-05  0.125E-02  pot  B   0.1000
       187  -1.758625  1706.898  0.64890  0.462E-05  0.615E-03  pot  B   0.1000
       188  -1.758625  1706.894  0.64891  0.256E-05  0.836E-03  pot  B   0.1000
       189  -1.758625  1706.888  0.64892  0.365E-05  0.152E-02  pot  B   0.1000
       190  -1.758625  1706.886  0.64892  0.344E-05  0.158E-02  pot  B   0.1000
       191  -1.758625  1706.888  0.64892  0.448E-05  0.120E-02  pot  B   0.1000
       192  -1.758625  1706.888  0.64892  0.292E-05  0.793E-03  pot  B   0.1000
       193  -1.758625  1706.881  0.64893  0.401E-05  0.727E-03  pot  B   0.1000
       194  -1.758625  1706.881  0.64893  0.242E-05  0.124E-02  pot  B   0.1000
       195  -1.758625  1706.880  0.64893  0.408E-05  0.857E-03  pot  B   0.1000
       196  -1.758625  1706.875  0.64894  0.308E-05  0.590E-03  pot  B   0.1000
       197  -1.758625  1706.871  0.64894  0.314E-05  0.122E-02  pot  B   0.1000
       198  -1.758625  1706.876  0.64894  0.289E-05  0.116E-02  pot  B   0.1000
       199  -1.758625  1706.872  0.64894  0.279E-05  0.622E-03  pot  B   0.1000
       200  -1.758625  1706.869  0.64895  0.197E-05  0.686E-03  pot  B   0.1000
       201  -1.758625  1706.864  0.64896  0.300E-05  0.997E-03  pot  B   0.1000
       202  -1.758625  1706.862  0.64896  0.193E-05  0.100E-02  pot  B   0.1000
       203  -1.758625  1706.864  0.64896  0.321E-05  0.710E-03  pot  B   0.1000
       204  -1.758625  1706.865  0.64895  0.248E-05  0.785E-03  pot  B   0.1000
       205  -1.758625  1706.860  0.64896  0.313E-05  0.497E-03  pot  B   0.1000
       206  -1.758625  1706.859  0.64896  0.146E-05  0.907E-03  pot  B   0.1000
       207  -1.758625  1706.858  0.64897  0.310E-05  0.686E-03  pot  B   0.1000
       208  -1.758625  1706.856  0.64897  0.170E-05  0.520E-03  pot  B   0.1000
       209  -1.758625  1706.852  0.64898  0.254E-05  0.642E-03  pot  B   0.1000
       210  -1.758625  1706.854  0.64897  0.205E-05  0.876E-03  pot  B   0.1000
       211  -1.758625  1706.853  0.64897  0.253E-05  0.413E-03  pot  B   0.1000
       212  -1.758625  1706.852  0.64897  0.165E-05  0.449E-03  pot  B   0.1000
       213  -1.758625  1706.848  0.64898  0.263E-05  0.516E-03  pot  B   0.1000
       214  -1.758625  1706.845  0.64899  0.179E-05  0.545E-03  pot  B   0.1000
       215  -1.758625  1706.846  0.64898  0.181E-05  0.562E-03  pot  B   0.1000
       216  -1.758625  1706.848  0.64898  0.209E-05  0.575E-03  pot  B   0.1000
       217  -1.758625  1706.845  0.64899  0.224E-05  0.380E-03  pot  B   0.1000
       218  -1.758625  1706.843  0.64899  0.124E-05  0.648E-03  pot  B   0.1000
       219  -1.758625  1706.842  0.64899  0.248E-05  0.409E-03  pot  B   0.1000
       220  -1.758625  1706.842  0.64899  0.110E-05  0.352E-03  pot  B   0.1000
       221  -1.758625  1706.839  0.64900  0.185E-05  0.437E-03  pot  B   0.1000
       222  -1.758625  1706.837  0.64900  0.118E-05  0.652E-03  pot  B   0.1000
       223  -1.758625  1706.839  0.64900  0.192E-05  0.380E-03  pot  B   0.1000
       224  -1.758625  1706.839  0.64900  0.128E-05  0.330E-03  pot  B   0.1000
       225  -1.758625  1706.836  0.64900  0.175E-05  0.342E-03  pot  B   0.1000
       226  -1.758625  1706.834  0.64900  0.104E-05  0.367E-03  pot  B   0.1000
       227  -1.758625  1706.834  0.64900  0.112E-05  0.327E-03  pot  B   0.1000
       228  -1.758625  1706.835  0.64900  0.154E-05  0.486E-03  pot  B   0.1000
       229  -1.758625  1706.834  0.64901  0.173E-05  0.227E-03  pot  B   0.1000
       230  -1.758625  1706.831  0.64901  0.145E-05  0.439E-03  pot  B   0.1000
       231  -1.758625  1706.831  0.64901  0.169E-05  0.363E-03  pot  B   0.1000
       232  -1.758625  1706.832  0.64901  0.694E-06  0.327E-03  pot  B   0.1000
       233  -1.758625  1706.830  0.64901  0.138E-05  0.252E-03  pot  B   0.1000
       234  -1.758625  1706.828  0.64902  0.124E-05  0.307E-03  pot  B   0.1000
       235  -1.758625  1706.829  0.64901  0.125E-05  0.254E-03  pot  B   0.1000
       236  -1.758625  1706.830  0.64901  0.103E-05  0.247E-03  pot  B   0.1000
       237  -1.758625  1706.828  0.64902  0.131E-05  0.181E-03  pot  B   0.1000
       238  -1.758626  1706.827  0.64902  0.872E-06  0.199E-03  pot  B   0.1000
       239  -1.758626  1706.826  0.64902  0.617E-06  0.260E-03  pot  B   0.1000
       240  -1.758626  1706.826  0.64902  0.112E-05  0.345E-03  pot  B   0.1000
       241  -1.758626  1706.826  0.64902  0.122E-05  0.215E-03  pot  B   0.1000
       242  -1.758626  1706.824  0.64902  0.118E-05  0.277E-03  pot  B   0.1000
       243  -1.758626  1706.824  0.64902  0.128E-05  0.303E-03  pot  B   0.1000
       244  -1.758626  1706.825  0.64902  0.662E-06  0.287E-03  pot  B   0.1000
       245  -1.758626  1706.824  0.64902  0.806E-06  0.142E-03  pot  B   0.1000
       246  -1.758626  1706.822  0.64903  0.130E-05  0.147E-03  pot  B   0.1000
       247  -1.758626  1706.822  0.64903  0.826E-06  0.248E-03  pot  B   0.1000
       248  -1.758626  1706.823  0.64903  0.781E-06  0.262E-03  pot  B   0.1000
       249  -1.758626  1706.822  0.64903  0.719E-06  0.187E-03  pot  B   0.1000
       250  -1.758626  1706.821  0.64903  0.446E-06  0.163E-03  pot  B   0.1000
       251  -1.758626  1706.820  0.64903  0.442E-06  0.161E-03  pot  B   0.1000
       252  -1.758626  1706.820  0.64903  0.794E-06  0.206E-03  pot  B   0.1000
       253  -1.758626  1706.820  0.64903  0.761E-06  0.128E-03  pot  B   0.1000
       254  -1.758626  1706.819  0.64903  0.944E-06  0.171E-03  pot  B   0.1000
       255  -1.758626  1706.819  0.64903  0.102E-05  0.207E-03  pot  B   0.1000
       256  -1.758626  1706.819  0.64903  0.515E-06  0.261E-03  pot  B   0.1000
       257  -1.758626  1706.819  0.64903  0.612E-06  0.135E-03  pot  B   0.1000
       258  -1.758626  1706.818  0.64904  0.834E-06  0.121E-03  pot  B   0.1000
       259  -1.758626  1706.817  0.64904  0.568E-06  0.166E-03  pot  B   0.1000
       260  -1.758626  1706.818  0.64904  0.627E-06  0.227E-03  pot  B   0.1000
       261  -1.758626  1706.818  0.64904  0.516E-06  0.126E-03  pot  B   0.1000
       262  -1.758626  1706.817  0.64904  0.360E-06  0.931E-04  pot  B   0.1000
       263  -1.758626  1706.817  0.64904  0.357E-06  0.123E-03  pot  B   0.1000
       264  -1.758626  1706.816  0.64904  0.451E-06  0.145E-03  pot  B   0.1000
       265  -1.758626  1706.816  0.64904  0.463E-06  0.105E-03  pot  B   0.1000
       266  -1.758626  1706.815  0.64904  0.640E-06  0.102E-03  pot  B   0.1000
       267  -1.758626  1706.815  0.64904  0.698E-06  0.153E-03  pot  B   0.1000
       268  -1.758626  1706.815  0.64904  0.396E-06  0.191E-03  pot  B   0.1000
       269  -1.758626  1706.816  0.64904  0.521E-06  0.977E-04  pot  B   0.1000
       270  -1.758626  1706.814  0.64904  0.715E-06  0.700E-04  pot  B   0.1000
       271  -1.758626  1706.814  0.64904  0.362E-06  0.136E-03  pot  B   0.1000
       272  -1.758626  1706.813  0.64904  0.461E-06  0.170E-03  pot  B   0.1000
       273  -1.758626  1706.815  0.64904  0.714E-06  0.117E-03  pot  B   0.1000
       274  -1.758626  1706.814  0.64904  0.266E-06  0.799E-04  pot  B   0.1000
       275  -1.758626  1706.814  0.64904  0.324E-06  0.739E-04  pot  B   0.1000
       276  -1.758626  1706.813  0.64904  0.344E-06  0.838E-04  pot  B   0.1000
       277  -1.758626  1706.813  0.64904  0.311E-06  0.650E-04  pot  B   0.1000
       278  -1.758626  1706.813  0.64904  0.433E-06  0.561E-04  pot  B   0.1000
       279  -1.758626  1706.813  0.64905  0.449E-06  0.966E-04  pot  B   0.1000
       280  -1.758626  1706.812  0.64905  0.311E-06  0.130E-03  pot  B   0.1000
       281  -1.758626  1706.813  0.64904  0.418E-06  0.103E-03  pot  B   0.1000
       282  -1.758626  1706.812  0.64905  0.440E-06  0.546E-04  pot  B   0.1000
       283  -1.758626  1706.812  0.64905  0.270E-06  0.775E-04  pot  B   0.1000
       284  -1.758626  1706.811  0.64905  0.364E-06  0.113E-03  pot  B   0.1000
       285  -1.758626  1706.812  0.64905  0.600E-06  0.123E-03  pot  B   0.1000
       286  -1.758626  1706.812  0.64905  0.265E-06  0.725E-04  pot  B   0.1000
       287  -1.758626  1706.812  0.64905  0.212E-06  0.701E-04  pot  B   0.1000
       288  -1.758626  1706.811  0.64905  0.239E-06  0.659E-04  pot  B   0.1000
       289  -1.758626  1706.811  0.64905  0.240E-06  0.499E-04  pot  B   0.1000
       290  -1.758626  1706.811  0.64905  0.215E-06  0.379E-04  pot  B   0.1000
       291  -1.758626  1706.811  0.64905  0.278E-06  0.653E-04  pot  B   0.1000
       292  -1.758626  1706.811  0.64905  0.279E-06  0.624E-04  pot  B   0.1000
       293  -1.758626  1706.811  0.64905  0.321E-06  0.716E-04  pot  B   0.1000
       294  -1.758626  1706.811  0.64905  0.235E-06  0.350E-04  pot  B   0.1000
       295  -1.758626  1706.810  0.64905  0.175E-06  0.478E-04  pot  B   0.1000
       296  -1.758626  1706.810  0.64905  0.310E-06  0.540E-04  pot  B   0.1000
       297  -1.758626  1706.810  0.64905  0.286E-06  0.872E-04  pot  B   0.1000
       298  -1.758626  1706.810  0.64905  0.250E-06  0.618E-04  pot  B   0.1000
       299  -1.758626  1706.810  0.64905  0.160E-06  0.578E-04  pot  B   0.1000
       300  -1.758626  1706.810  0.64905  0.146E-06  0.479E-04  pot  B   0.1000
**     301  -1.758626  1706.810  0.64905  0.532E-12  0.479E-04  pot  B   0.1000
