System Description            : WNbMoTaV, BCC structure                         
Number of Atoms in Unit Cell  : 640                                             
Number of Atomic Species      : 5                                               
Number of Atoms in Each Type  : 128(W), 128(Nb), 128(Mo), 128(Ta), 128(V)       
Energy Offset                 : -16231                                          
=======================================================================================
    Iter     Energy      3PV     Efermi   Rms_rho    Rms_pot   Mix  Alg  Alpha 
---------------------------------------------------------------------------------------
**       1  -0.859121  1839.067  0.58730  0.140E+01  0.227E+00  pot  B   0.1000
         2  -0.400951  1817.356  0.60291  0.810E-02  0.229E+01  pot  B   0.1000
         3  -1.155533  1815.203  0.59834  0.467E-02  0.787E+00  pot  B   0.1000
         4  -1.079110  1809.315  0.60448  0.497E-02  0.123E+01  pot  B   0.1000
         5  -1.261755  1802.194  0.61006  0.331E-02  0.882E+00  pot  B   0.1000
         6  -1.404159  1791.737  0.61588  0.474E-02  0.631E+00  pot  B   0.1000
         7  -1.466628  1778.426  0.61987  0.476E-02  0.737E+00  pot  B   0.1000
         8  -1.528652  1767.020  0.62313  0.399E-02  0.728E+00  pot  B   0.1000
         9  -1.632343  1751.608  0.62736  0.531E-02  0.544E+00  pot  B   0.1000
        10  -1.669409  1741.462  0.63097  0.358E-02  0.476E+00  pot  B   0.1000
        11  -1.690570  1737.634  0.63266  0.204E-02  0.335E+00  pot  B   0.1000
        12  -1.707740  1732.238  0.63460  0.210E-02  0.248E+00  pot  B   0.1000
        13  -1.721952  1729.053  0.63610  0.164E-02  0.139E+00  pot  B   0.1000
        14  -1.725642  1725.460  0.63697  0.157E-02  0.198E+00  pot  B   0.1000
        15  -1.734930  1724.362  0.63777  0.814E-03  0.980E-01  pot  B   0.1000
        16  -1.740093  1718.858  0.63894  0.240E-02  0.156E+00  pot  B   0.1000
        17  -1.739529  1714.479  0.64024  0.199E-02  0.245E+00  pot  B   0.1000
        18  -1.749653  1713.280  0.64014  0.930E-03  0.100E+00  pot  B   0.1000
        19  -1.750136  1710.593  0.64158  0.130E-02  0.128E+00  pot  B   0.1000
        20  -1.755483  1706.326  0.64343  0.214E-02  0.516E-01  pot  B   0.1000
        21  -1.755648  1706.306  0.64354  0.688E-03  0.694E-01  pot  B   0.1000
        22  -1.756585  1705.720  0.64389  0.379E-03  0.333E-01  pot  B   0.1000
        23  -1.756883  1706.111  0.64396  0.288E-03  0.515E-01  pot  B   0.1000
        24  -1.757113  1705.741  0.64421  0.260E-03  0.425E-01  pot  B   0.1000
        25  -1.757377  1705.759  0.64438  0.242E-03  0.328E-01  pot  B   0.1000
        26  -1.757709  1705.497  0.64501  0.331E-03  0.195E-01  pot  B   0.1000
        27  -1.757864  1705.453  0.64553  0.249E-03  0.226E-01  pot  B   0.1000
        28  -1.758017  1705.427  0.64606  0.248E-03  0.156E-01  pot  B   0.1000
        29  -1.758082  1705.665  0.64624  0.105E-03  0.209E-01  pot  B   0.1000
        30  -1.758082  1705.513  0.64638  0.113E-03  0.155E-01  pot  B   0.1000
        31  -1.758132  1705.620  0.64655  0.902E-04  0.901E-02  pot  B   0.1000
        32  -1.758173  1705.738  0.64690  0.635E-04  0.933E-02  pot  B   0.1000
        33  -1.758208  1705.836  0.64726  0.679E-04  0.854E-02  pot  B   0.1000
        34  -1.758217  1705.926  0.64753  0.557E-04  0.125E-01  pot  B   0.1000
        35  -1.758244  1706.073  0.64797  0.830E-04  0.108E-01  pot  B   0.1000
        36  -1.758263  1706.148  0.64817  0.552E-04  0.111E-01  pot  B   0.1000
        37  -1.758281  1706.208  0.64840  0.563E-04  0.999E-02  pot  B   0.1000
        38  -1.758301  1706.267  0.64860  0.665E-04  0.984E-02  pot  B   0.1000
        39  -1.758312  1706.324  0.64874  0.488E-04  0.801E-02  pot  B   0.1000
        40  -1.758317  1706.340  0.64877  0.586E-04  0.731E-02  pot  B   0.1000
        41  -1.758330  1706.373  0.64886  0.461E-04  0.490E-02  pot  B   0.1000
        42  -1.758332  1706.410  0.64897  0.290E-04  0.855E-02  pot  B   0.1000
        43  -1.758341  1706.443  0.64903  0.369E-04  0.420E-02  pot  B   0.1000
        44  -1.758345  1706.477  0.64907  0.258E-04  0.441E-02  pot  B   0.1000
        45  -1.758353  1706.530  0.64917  0.308E-04  0.234E-02  pot  B   0.1000
        46  -1.758355  1706.557  0.64920  0.257E-04  0.328E-02  pot  B   0.1000
        47  -1.758356  1706.560  0.64918  0.143E-04  0.284E-02  pot  B   0.1000
        48  -1.758358  1706.578  0.64919  0.140E-04  0.262E-02  pot  B   0.1000
        49  -1.758358  1706.587  0.64918  0.187E-04  0.334E-02  pot  B   0.1000
        50  -1.758357  1706.590  0.64915  0.249E-04  0.457E-02  pot  B   0.1000
        51  -1.758360  1706.613  0.64917  0.163E-04  0.243E-02  pot  B   0.1000
        52  -1.758361  1706.634  0.64917  0.138E-04  0.151E-02  pot  B   0.1000
        53  -1.758362  1706.655  0.64915  0.156E-04  0.147E-02  pot  B   0.1000
        54  -1.758362  1706.681  0.64913  0.176E-04  0.219E-02  pot  B   0.1000
        55  -1.758362  1706.688  0.64911  0.129E-04  0.261E-02  pot  B   0.1000
        56  -1.758363  1706.703  0.64909  0.130E-04  0.134E-02  pot  B   0.1000
        57  -1.758362  1706.703  0.64908  0.127E-04  0.190E-02  pot  B   0.1000
        58  -1.758362  1706.719  0.64906  0.136E-04  0.145E-02  pot  B   0.1000
        59  -1.758362  1706.735  0.64904  0.106E-04  0.194E-02  pot  B   0.1000
        60  -1.758362  1706.742  0.64903  0.917E-05  0.179E-02  pot  B   0.1000
        61  -1.758362  1706.758  0.64900  0.115E-04  0.188E-02  pot  B   0.1000
        62  -1.758362  1706.773  0.64898  0.101E-04  0.198E-02  pot  B   0.1000
        63  -1.758362  1706.757  0.64899  0.105E-04  0.251E-02  pot  B   0.1000
        64  -1.758362  1706.761  0.64898  0.994E-05  0.159E-02  pot  B   0.1000
        65  -1.758362  1706.769  0.64897  0.983E-05  0.109E-02  pot  B   0.1000
        66  -1.758362  1706.772  0.64896  0.656E-05  0.117E-02  pot  B   0.1000
        67  -1.758362  1706.781  0.64894  0.628E-05  0.991E-03  pot  B   0.1000
        68  -1.758362  1706.776  0.64895  0.582E-05  0.903E-03  pot  B   0.1000
        69  -1.758362  1706.781  0.64894  0.580E-05  0.831E-03  pot  B   0.1000
        70  -1.758362  1706.781  0.64893  0.629E-05  0.727E-03  pot  B   0.1000
        71  -1.758362  1706.781  0.64893  0.467E-05  0.762E-03  pot  B   0.1000
        72  -1.758362  1706.783  0.64893  0.360E-05  0.808E-03  pot  B   0.1000
        73  -1.758362  1706.784  0.64892  0.439E-05  0.775E-03  pot  B   0.1000
        74  -1.758362  1706.786  0.64892  0.391E-05  0.622E-03  pot  B   0.1000
        75  -1.758362  1706.788  0.64891  0.255E-05  0.916E-03  pot  B   0.1000
        76  -1.758362  1706.787  0.64891  0.446E-05  0.736E-03  pot  B   0.1000
        77  -1.758362  1706.789  0.64890  0.411E-05  0.570E-03  pot  B   0.1000
        78  -1.758362  1706.789  0.64890  0.297E-05  0.536E-03  pot  B   0.1000
        79  -1.758362  1706.791  0.64889  0.217E-05  0.444E-03  pot  B   0.1000
        80  -1.758362  1706.790  0.64889  0.262E-05  0.503E-03  pot  B   0.1000
        81  -1.758361  1706.792  0.64889  0.309E-05  0.391E-03  pot  B   0.1000
        82  -1.758361  1706.793  0.64888  0.299E-05  0.358E-03  pot  B   0.1000
        83  -1.758361  1706.793  0.64888  0.275E-05  0.508E-03  pot  B   0.1000
        84  -1.758361  1706.793  0.64888  0.205E-05  0.432E-03  pot  B   0.1000
        85  -1.758361  1706.794  0.64888  0.260E-05  0.441E-03  pot  B   0.1000
        86  -1.758361  1706.794  0.64888  0.251E-05  0.221E-03  pot  B   0.1000
        87  -1.758361  1706.795  0.64887  0.179E-05  0.444E-03  pot  B   0.1000
        88  -1.758361  1706.795  0.64887  0.199E-05  0.312E-03  pot  B   0.1000
        89  -1.758361  1706.796  0.64887  0.202E-05  0.245E-03  pot  B   0.1000
        90  -1.758361  1706.796  0.64887  0.164E-05  0.328E-03  pot  B   0.1000
        91  -1.758361  1706.796  0.64887  0.105E-05  0.202E-03  pot  B   0.1000
        92  -1.758361  1706.797  0.64887  0.141E-05  0.276E-03  pot  B   0.1000
        93  -1.758361  1706.798  0.64886  0.136E-05  0.217E-03  pot  B   0.1000
        94  -1.758361  1706.798  0.64886  0.165E-05  0.224E-03  pot  B   0.1000
        95  -1.758361  1706.799  0.64886  0.140E-05  0.239E-03  pot  B   0.1000
        96  -1.758361  1706.799  0.64886  0.112E-05  0.290E-03  pot  B   0.1000
        97  -1.758361  1706.799  0.64886  0.153E-05  0.322E-03  pot  B   0.1000
        98  -1.758361  1706.799  0.64886  0.168E-05  0.161E-03  pot  B   0.1000
        99  -1.758361  1706.800  0.64885  0.137E-05  0.192E-03  pot  B   0.1000
       100  -1.758361  1706.800  0.64885  0.937E-06  0.211E-03  pot  B   0.1000
       101  -1.758361  1706.800  0.64885  0.126E-05  0.210E-03  pot  B   0.1000
       102  -1.758361  1706.801  0.64885  0.116E-05  0.209E-03  pot  B   0.1000
       103  -1.758361  1706.800  0.64885  0.792E-06  0.162E-03  pot  B   0.1000
       104  -1.758361  1706.801  0.64885  0.908E-06  0.136E-03  pot  B   0.1000
       105  -1.758361  1706.801  0.64885  0.805E-06  0.945E-04  pot  B   0.1000
       106  -1.758361  1706.801  0.64885  0.849E-06  0.114E-03  pot  B   0.1000
       107  -1.758361  1706.802  0.64884  0.646E-06  0.105E-03  pot  B   0.1000
       108  -1.758361  1706.802  0.64884  0.586E-06  0.131E-03  pot  B   0.1000
       109  -1.758361  1706.802  0.64884  0.742E-06  0.155E-03  pot  B   0.1000
       110  -1.758361  1706.802  0.64884  0.828E-06  0.102E-03  pot  B   0.1000
       111  -1.758361  1706.803  0.64884  0.697E-06  0.917E-04  pot  B   0.1000
       112  -1.758361  1706.803  0.64884  0.495E-06  0.105E-03  pot  B   0.1000
       113  -1.758361  1706.803  0.64884  0.709E-06  0.133E-03  pot  B   0.1000
       114  -1.758361  1706.803  0.64884  0.809E-06  0.161E-03  pot  B   0.1000
       115  -1.758361  1706.803  0.64884  0.571E-06  0.128E-03  pot  B   0.1000
       116  -1.758361  1706.804  0.64884  0.548E-06  0.126E-03  pot  B   0.1000
       117  -1.758361  1706.804  0.64884  0.612E-06  0.888E-04  pot  B   0.1000
       118  -1.758361  1706.804  0.64884  0.577E-06  0.812E-04  pot  B   0.1000
       119  -1.758361  1706.804  0.64883  0.456E-06  0.641E-04  pot  B   0.1000
       120  -1.758361  1706.804  0.64883  0.321E-06  0.928E-04  pot  B   0.1000
       121  -1.758361  1706.804  0.64883  0.384E-06  0.101E-03  pot  B   0.1000
       122  -1.758361  1706.804  0.64883  0.395E-06  0.451E-04  pot  B   0.1000
       123  -1.758361  1706.805  0.64883  0.412E-06  0.454E-04  pot  B   0.1000
       124  -1.758361  1706.805  0.64883  0.258E-06  0.501E-04  pot  B   0.1000
       125  -1.758361  1706.805  0.64883  0.345E-06  0.781E-04  pot  B   0.1000
       126  -1.758361  1706.805  0.64883  0.430E-06  0.738E-04  pot  B   0.1000
       127  -1.758361  1706.805  0.64883  0.312E-06  0.788E-04  pot  B   0.1000
       128  -1.758361  1706.805  0.64883  0.284E-06  0.720E-04  pot  B   0.1000
       129  -1.758361  1706.805  0.64883  0.405E-06  0.562E-04  pot  B   0.1000
       130  -1.758361  1706.806  0.64883  0.430E-06  0.607E-04  pot  B   0.1000
       131  -1.758361  1706.806  0.64883  0.325E-06  0.405E-04  pot  B   0.1000
       132  -1.758361  1706.806  0.64883  0.231E-06  0.577E-04  pot  B   0.1000
       133  -1.758361  1706.806  0.64883  0.310E-06  0.627E-04  pot  B   0.1000
       134  -1.758361  1706.806  0.64883  0.257E-06  0.414E-04  pot  B   0.1000
       135  -1.758361  1706.806  0.64883  0.281E-06  0.414E-04  pot  B   0.1000
       136  -1.758361  1706.806  0.64883  0.173E-06  0.334E-04  pot  B   0.1000
       137  -1.758361  1706.806  0.64883  0.203E-06  0.441E-04  pot  B   0.1000
       138  -1.758361  1706.806  0.64883  0.223E-06  0.433E-04  pot  B   0.1000
       139  -1.758361  1706.807  0.64883  0.153E-06  0.409E-04  pot  B   0.1000
       140  -1.758361  1706.807  0.64883  0.135E-06  0.458E-04  pot  B   0.1000
       141  -1.758361  1706.807  0.64883  0.212E-06  0.383E-04  pot  B   0.1000
       142  -1.758361  1706.807  0.64883  0.265E-06  0.379E-04  pot  B   0.1000
       143  -1.758361  1706.807  0.64883  0.214E-06  0.196E-04  pot  B   0.1000
       144  -1.758361  1706.807  0.64883  0.156E-06  0.395E-04  pot  B   0.1000
       145  -1.758361  1706.807  0.64883  0.192E-06  0.509E-04  pot  B   0.1000
       146  -1.758361  1706.807  0.64883  0.180E-06  0.246E-04  pot  B   0.1000
       147  -1.758361  1706.807  0.64883  0.182E-06  0.264E-04  pot  B   0.1000
       148  -1.758361  1706.807  0.64883  0.134E-06  0.243E-04  pot  B   0.1000
       149  -1.758361  1706.807  0.64883  0.146E-06  0.346E-04  pot  B   0.1000
       150  -1.758361  1706.807  0.64883  0.143E-06  0.231E-04  pot  B   0.1000
       151  -1.758361  1706.807  0.64882  0.115E-06  0.236E-04  pot  B   0.1000
       152  -1.758361  1706.807  0.64882  0.797E-07  0.220E-04  pot  B   0.1000
       153  -1.758361  1706.807  0.64882  0.110E-06  0.199E-04  pot  B   0.1000
       154  -1.758361  1706.807  0.64882  0.152E-06  0.220E-04  pot  B   0.1000
       155  -1.758361  1706.807  0.64882  0.132E-06  0.149E-04  pot  B   0.1000
       156  -1.758361  1706.808  0.64882  0.909E-07  0.193E-04  pot  B   0.1000
       157  -1.758361  1706.808  0.64882  0.946E-07  0.243E-04  pot  B   0.1000
       158  -1.758361  1706.808  0.64882  0.101E-06  0.162E-04  pot  B   0.1000
       159  -1.758361  1706.808  0.64882  0.103E-06  0.205E-04  pot  B   0.1000
       160  -1.758361  1706.808  0.64882  0.901E-07  0.184E-04  pot  B   0.1000
       161  -1.758361  1706.808  0.64882  0.109E-06  0.245E-04  pot  B   0.1000
       162  -1.758361  1706.808  0.64882  0.101E-06  0.207E-04  pot  B   0.1000
       163  -1.758361  1706.808  0.64882  0.928E-07  0.157E-04  pot  B   0.1000
       164  -1.758361  1706.808  0.64882  0.552E-07  0.186E-04  pot  B   0.1000
       165  -1.758361  1706.808  0.64882  0.789E-07  0.157E-04  pot  B   0.1000
       166  -1.758361  1706.808  0.64882  0.103E-06  0.192E-04  pot  B   0.1000
       167  -1.758361  1706.808  0.64882  0.977E-07  0.986E-05  pot  B   0.1000
       168  -1.758361  1706.808  0.64882  0.584E-07  0.119E-04  pot  B   0.1000
       169  -1.758361  1706.808  0.64882  0.553E-07  0.165E-04  pot  B   0.1000
       170  -1.758361  1706.808  0.64882  0.560E-07  0.951E-05  pot  B   0.1000
       171  -1.758361  1706.808  0.64882  0.528E-07  0.875E-05  pot  B   0.1000
       172  -1.758361  1706.808  0.64882  0.521E-07  0.116E-04  pot  B   0.1000
       173  -1.758361  1706.808  0.64882  0.671E-07  0.151E-04  pot  B   0.1000
       174  -1.758361  1706.808  0.64882  0.612E-07  0.113E-04  pot  B   0.1000
       175  -1.758361  1706.808  0.64882  0.563E-07  0.993E-05  pot  B   0.1000
       176  -1.758361  1706.808  0.64882  0.355E-07  0.112E-04  pot  B   0.1000
       177  -1.758361  1706.808  0.64882  0.536E-07  0.941E-05  pot  B   0.1000
       178  -1.758361  1706.808  0.64882  0.671E-07  0.121E-04  pot  B   0.1000
       179  -1.758361  1706.808  0.64882  0.725E-07  0.770E-05  pot  B   0.1000
       180  -1.758361  1706.808  0.64882  0.482E-07  0.843E-05  pot  B   0.1000
       181  -1.758361  1706.808  0.64882  0.411E-07  0.986E-05  pot  B   0.1000
       182  -1.758361  1706.808  0.64882  0.395E-07  0.621E-05  pot  B   0.1000
       183  -1.758361  1706.808  0.64882  0.329E-07  0.674E-05  pot  B   0.1000
       184  -1.758361  1706.808  0.64882  0.330E-07  0.682E-05  pot  B   0.1000
       185  -1.758361  1706.808  0.64882  0.409E-07  0.807E-05  pot  B   0.1000
       186  -1.758361  1706.808  0.64882  0.355E-07  0.851E-05  pot  B   0.1000
       187  -1.758361  1706.808  0.64882  0.308E-07  0.534E-05  pot  B   0.1000
       188  -1.758361  1706.808  0.64882  0.221E-07  0.751E-05  pot  B   0.1000
       189  -1.758361  1706.808  0.64882  0.325E-07  0.572E-05  pot  B   0.1000
       190  -1.758361  1706.809  0.64882  0.379E-07  0.862E-05  pot  B   0.1000
       191  -1.758361  1706.809  0.64882  0.447E-07  0.627E-05  pot  B   0.1000
       192  -1.758361  1706.809  0.64882  0.340E-07  0.718E-05  pot  B   0.1000
       193  -1.758361  1706.809  0.64882  0.286E-07  0.849E-05  pot  B   0.1000
       194  -1.758361  1706.809  0.64882  0.306E-07  0.577E-05  pot  B   0.1000
       195  -1.758361  1706.809  0.64882  0.248E-07  0.393E-05  pot  B   0.1000
       196  -1.758361  1706.809  0.64882  0.248E-07  0.484E-05  pot  B   0.1000
       197  -1.758361  1706.809  0.64882  0.282E-07  0.613E-05  pot  B   0.1000
       198  -1.758361  1706.809  0.64882  0.242E-07  0.525E-05  pot  B   0.1000
       199  -1.758361  1706.809  0.64882  0.222E-07  0.389E-05  pot  B   0.1000
       200  -1.758361  1706.809  0.64882  0.153E-07  0.406E-05  pot  B   0.1000
**     201  -1.758361  1706.809  0.64882  0.561E-12  0.406E-05  pot  B   0.1000
