System Description            : WNbMoTaTi, BCC structure                        
Number of Atoms in Unit Cell  : 40                                              
Number of Atomic Species      : 5                                               
Number of Atoms in Each Type  : 8(W), 8(Nb), 8(Mo), 8(Ta), 8(Ti)                
Energy Offset                 : -16193                                          
=======================================================================================
    Iter     Energy      3PV     Efermi   Rms_rho    Rms_pot   Mix  Alg  Alpha 
---------------------------------------------------------------------------------------
**       1  -0.755072  1839.786  0.54192  0.140E+01  0.154E+00  pot  B   0.1000
         2  -0.891995  1816.762  0.57797  0.753E-02  0.474E+00  pot  B   0.1000
         3  -1.110841  1813.619  0.57829  0.138E-02  0.138E+00  pot  B   0.1000
         4  -1.318342  1782.291  0.59760  0.102E-01  0.339E+00  pot  B   0.1000
         5  -1.352423  1770.842  0.60741  0.392E-02  0.335E+00  pot  B   0.1000
         6  -1.508171  1752.294  0.62055  0.619E-02  0.136E+00  pot  B   0.1000
         7  -1.561506  1734.585  0.63505  0.626E-02  0.530E-01  pot  B   0.1000
         8  -1.577620  1725.940  0.64203  0.355E-02  0.336E-01  pot  B   0.1000
         9  -1.594669  1717.970  0.64919  0.417E-02  0.323E-01  pot  B   0.1000
        10  -1.604800  1709.160  0.65500  0.469E-02  0.172E-01  pot  B   0.1000
        11  -1.605573  1706.937  0.65704  0.137E-02  0.981E-02  pot  B   0.1000
        12  -1.605725  1706.518  0.65810  0.347E-03  0.675E-02  pot  B   0.1000
        13  -1.605854  1706.274  0.65897  0.261E-03  0.391E-02  pot  B   0.1000
        14  -1.605966  1706.157  0.66005  0.224E-03  0.191E-02  pot  B   0.1000
        15  -1.606086  1706.166  0.66181  0.361E-03  0.179E-02  pot  B   0.1000
        16  -1.606072  1706.210  0.66224  0.780E-04  0.107E-02  pot  B   0.1000
        17  -1.606075  1706.192  0.66242  0.261E-04  0.655E-03  pot  B   0.1000
        18  -1.606079  1706.192  0.66255  0.210E-04  0.450E-03  pot  B   0.1000
        19  -1.606082  1706.186  0.66276  0.360E-04  0.158E-03  pot  B   0.1000
        20  -1.606083  1706.189  0.66282  0.119E-04  0.102E-03  pot  B   0.1000
        21  -1.606083  1706.196  0.66285  0.902E-05  0.689E-04  pot  B   0.1000
        22  -1.606083  1706.197  0.66287  0.564E-05  0.381E-04  pot  B   0.1000
        23  -1.606083  1706.195  0.66288  0.165E-05  0.227E-04  pot  B   0.1000
        24  -1.606083  1706.193  0.66288  0.135E-05  0.218E-04  pot  B   0.1000
        25  -1.606083  1706.192  0.66289  0.125E-05  0.122E-04  pot  B   0.1000
        26  -1.606083  1706.191  0.66289  0.821E-06  0.795E-05  pot  B   0.1000
        27  -1.606083  1706.193  0.66289  0.743E-06  0.711E-05  pot  B   0.1000
        28  -1.606083  1706.195  0.66290  0.564E-06  0.782E-05  pot  B   0.1000
        29  -1.606083  1706.196  0.66290  0.309E-06  0.457E-05  pot  B   0.1000
        30  -1.606083  1706.196  0.66290  0.120E-06  0.227E-05  pot  B   0.1000
        31  -1.606083  1706.196  0.66290  0.983E-07  0.941E-06  pot  B   0.1000
        32  -1.606083  1706.196  0.66290  0.763E-07  0.723E-06  pot  B   0.1000
        33  -1.606083  1706.196  0.66290  0.404E-07  0.360E-06  pot  B   0.1000
        34  -1.606083  1706.197  0.66290  0.292E-07  0.345E-06  pot  B   0.1000
        35  -1.606083  1706.197  0.66290  0.351E-07  0.304E-06  pot  B   0.1000
        36  -1.606083  1706.197  0.66290  0.373E-07  0.195E-06  pot  B   0.1000
        37  -1.606083  1706.197  0.66290  0.153E-07  0.141E-06  pot  B   0.1000
        38  -1.606083  1706.197  0.66290  0.686E-08  0.596E-07  pot  B   0.1000
        39  -1.606083  1706.197  0.66290  0.587E-08  0.635E-07  pot  B   0.1000
        40  -1.606083  1706.197  0.66290  0.400E-08  0.339E-07  pot  B   0.1000
        41  -1.606083  1706.197  0.66290  0.243E-08  0.317E-07  pot  B   0.1000
        42  -1.606083  1706.197  0.66290  0.132E-08  0.245E-07  pot  B   0.1000
        43  -1.606083  1706.197  0.66290  0.222E-08  0.147E-07  pot  B   0.1000
        44  -1.606083  1706.197  0.66290  0.159E-08  0.857E-08  pot  B   0.1000
**      45  -1.606083  1706.197  0.66290  0.458E-12  0.857E-08  pot  B   0.1000
