System Description            : WNbMoTaTi, BCC structure                        
Number of Atoms in Unit Cell  : 80                                              
Number of Atomic Species      : 5                                               
Number of Atoms in Each Type  : 16(W), 16(Nb), 16(Mo), 16(Ta), 16(Ti)           
Energy Offset                 : -16193                                          
=======================================================================================
    Iter     Energy      3PV     Efermi   Rms_rho    Rms_pot   Mix  Alg  Alpha 
---------------------------------------------------------------------------------------
**       1  -0.753117  1839.818  0.54257  0.140E+01  0.135E+00  pot  B   0.1000
         2  -1.002962  1816.546  0.57480  0.772E-02  0.404E+00  pot  B   0.1000
         3  -1.070966  1811.833  0.57848  0.193E-02  0.338E+00  pot  B   0.1000
         4  -1.224795  1789.103  0.59439  0.748E-02  0.397E+00  pot  B   0.1000
         5  -1.439825  1770.100  0.60641  0.632E-02  0.184E+00  pot  B   0.1000
         6  -1.523284  1745.392  0.62460  0.838E-02  0.143E+00  pot  B   0.1000
         7  -1.554193  1734.698  0.63378  0.381E-02  0.114E+00  pot  B   0.1000
         8  -1.564876  1729.007  0.63888  0.232E-02  0.107E+00  pot  B   0.1000
         9  -1.574551  1725.499  0.64220  0.164E-02  0.725E-01  pot  B   0.1000
        10  -1.587517  1720.534  0.64588  0.249E-02  0.400E-01  pot  B   0.1000
        11  -1.600794  1712.098  0.65139  0.445E-02  0.189E-01  pot  B   0.1000
        12  -1.603454  1707.754  0.65480  0.246E-02  0.165E-01  pot  B   0.1000
        13  -1.603768  1706.560  0.65629  0.789E-03  0.874E-02  pot  B   0.1000
        14  -1.603860  1706.305  0.65710  0.159E-03  0.459E-02  pot  B   0.1000
        15  -1.603981  1706.393  0.65766  0.237E-03  0.340E-02  pot  B   0.1000
        16  -1.604088  1706.443  0.65874  0.233E-03  0.457E-02  pot  B   0.1000
        17  -1.604150  1706.577  0.65967  0.177E-03  0.287E-02  pot  B   0.1000
        18  -1.604173  1706.500  0.66042  0.128E-03  0.226E-02  pot  B   0.1000
        19  -1.604177  1706.427  0.66071  0.605E-04  0.180E-02  pot  B   0.1000
        20  -1.604187  1706.303  0.66104  0.643E-04  0.248E-02  pot  B   0.1000
        21  -1.604192  1706.227  0.66122  0.388E-04  0.666E-03  pot  B   0.1000
        22  -1.604193  1706.177  0.66133  0.243E-04  0.392E-03  pot  B   0.1000
        23  -1.604194  1706.141  0.66141  0.218E-04  0.269E-03  pot  B   0.1000
        24  -1.604194  1706.144  0.66144  0.563E-05  0.452E-03  pot  B   0.1000
        25  -1.604195  1706.134  0.66152  0.187E-04  0.195E-03  pot  B   0.1000
        26  -1.604196  1706.142  0.66158  0.101E-04  0.122E-03  pot  B   0.1000
        27  -1.604196  1706.164  0.66160  0.112E-04  0.103E-03  pot  B   0.1000
        28  -1.604197  1706.178  0.66162  0.863E-05  0.676E-04  pot  B   0.1000
        29  -1.604197  1706.191  0.66163  0.714E-05  0.120E-03  pot  B   0.1000
        30  -1.604197  1706.194  0.66163  0.321E-05  0.523E-04  pot  B   0.1000
        31  -1.604197  1706.197  0.66163  0.230E-05  0.432E-04  pot  B   0.1000
        32  -1.604197  1706.199  0.66163  0.182E-05  0.454E-04  pot  B   0.1000
        33  -1.604197  1706.199  0.66162  0.134E-05  0.348E-04  pot  B   0.1000
        34  -1.604197  1706.199  0.66162  0.106E-05  0.379E-04  pot  B   0.1000
        35  -1.604197  1706.199  0.66162  0.153E-05  0.204E-04  pot  B   0.1000
        36  -1.604197  1706.200  0.66162  0.621E-06  0.212E-04  pot  B   0.1000
        37  -1.604197  1706.201  0.66162  0.529E-06  0.149E-04  pot  B   0.1000
        38  -1.604197  1706.202  0.66161  0.722E-06  0.109E-04  pot  B   0.1000
        39  -1.604197  1706.203  0.66161  0.750E-06  0.112E-04  pot  B   0.1000
        40  -1.604197  1706.204  0.66161  0.697E-06  0.599E-05  pot  B   0.1000
        41  -1.604197  1706.205  0.66161  0.528E-06  0.472E-05  pot  B   0.1000
        42  -1.604197  1706.206  0.66161  0.324E-06  0.662E-05  pot  B   0.1000
        43  -1.604197  1706.206  0.66161  0.193E-06  0.635E-05  pot  B   0.1000
        44  -1.604197  1706.206  0.66161  0.184E-06  0.417E-05  pot  B   0.1000
        45  -1.604197  1706.206  0.66161  0.194E-06  0.451E-05  pot  B   0.1000
        46  -1.604197  1706.206  0.66161  0.139E-06  0.166E-05  pot  B   0.1000
        47  -1.604197  1706.205  0.66161  0.125E-06  0.148E-05  pot  B   0.1000
        48  -1.604197  1706.205  0.66161  0.884E-07  0.235E-05  pot  B   0.1000
        49  -1.604197  1706.205  0.66161  0.496E-07  0.128E-05  pot  B   0.1000
        50  -1.604197  1706.205  0.66161  0.595E-07  0.786E-06  pot  B   0.1000
        51  -1.604197  1706.205  0.66161  0.174E-07  0.888E-06  pot  B   0.1000
        52  -1.604197  1706.205  0.66161  0.141E-07  0.631E-06  pot  B   0.1000
        53  -1.604197  1706.205  0.66161  0.134E-07  0.575E-06  pot  B   0.1000
        54  -1.604197  1706.205  0.66161  0.151E-07  0.462E-06  pot  B   0.1000
        55  -1.604197  1706.205  0.66161  0.171E-07  0.432E-06  pot  B   0.1000
        56  -1.604197  1706.205  0.66161  0.174E-07  0.422E-06  pot  B   0.1000
        57  -1.604197  1706.205  0.66161  0.170E-07  0.326E-06  pot  B   0.1000
        58  -1.604197  1706.205  0.66161  0.124E-07  0.440E-06  pot  B   0.1000
        59  -1.604197  1706.205  0.66161  0.114E-07  0.315E-06  pot  B   0.1000
        60  -1.604197  1706.205  0.66161  0.196E-07  0.175E-06  pot  B   0.1000
        61  -1.604197  1706.205  0.66161  0.144E-07  0.222E-06  pot  B   0.1000
        62  -1.604197  1706.205  0.66161  0.357E-08  0.152E-06  pot  B   0.1000
        63  -1.604197  1706.205  0.66161  0.834E-08  0.163E-06  pot  B   0.1000
        64  -1.604197  1706.205  0.66161  0.536E-08  0.130E-06  pot  B   0.1000
        65  -1.604197  1706.205  0.66161  0.468E-08  0.931E-07  pot  B   0.1000
        66  -1.604197  1706.205  0.66161  0.275E-08  0.503E-07  pot  B   0.1000
        67  -1.604197  1706.205  0.66161  0.302E-08  0.597E-07  pot  B   0.1000
        68  -1.604197  1706.205  0.66161  0.204E-08  0.610E-07  pot  B   0.1000
        69  -1.604197  1706.205  0.66161  0.873E-09  0.401E-07  pot  B   0.1000
        70  -1.604197  1706.205  0.66161  0.749E-09  0.487E-07  pot  B   0.1000
        71  -1.604197  1706.205  0.66161  0.508E-09  0.200E-07  pot  B   0.1000
        72  -1.604197  1706.205  0.66161  0.576E-09  0.950E-08  pot  B   0.1000
**      73  -1.604197  1706.205  0.66161  0.491E-12  0.950E-08  pot  B   0.1000
