System Description            : WNbMoTaTi, BCC structure                        
Number of Atoms in Unit Cell  : 20                                              
Number of Atomic Species      : 5                                               
Number of Atoms in Each Type  : 4(W), 4(Nb), 4(Mo), 4(Ta), 4(Ti)                
Energy Offset                 : -16193                                          
=======================================================================================
    Iter     Energy      3PV     Efermi   Rms_rho    Rms_pot   Mix  Alg  Alpha 
---------------------------------------------------------------------------------------
**       1  -0.713492  1839.887  0.54005  0.140E+01  0.291E+00  pot  B   0.1000
         2  -0.018210  1818.035  0.59823  0.830E-02  0.108E+01  pot  B   0.1000
         3  -1.102389  1813.856  0.57763  0.234E-02  0.141E+00  pot  B   0.1000
         4  -1.075108  1798.266  0.59412  0.535E-02  0.455E+00  pot  B   0.1000
         5  -1.394204  1780.073  0.60376  0.599E-02  0.106E+00  pot  B   0.1000
         6  -1.542068  1743.209  0.62622  0.122E-01  0.892E-01  pot  B   0.1000
         7  -1.547426  1730.797  0.63701  0.464E-02  0.139E+00  pot  B   0.1000
         8  -1.573323  1724.469  0.64405  0.286E-02  0.840E-01  pot  B   0.1000
         9  -1.589488  1715.319  0.65403  0.481E-02  0.761E-01  pot  B   0.1000
        10  -1.595504  1707.782  0.65990  0.421E-02  0.852E-01  pot  B   0.1000
        11  -1.599038  1707.019  0.66026  0.467E-03  0.514E-01  pot  B   0.1000
        12  -1.601732  1706.449  0.66042  0.497E-03  0.803E-02  pot  B   0.1000
        13  -1.601707  1706.284  0.66094  0.224E-03  0.153E-01  pot  B   0.1000
        14  -1.601994  1706.203  0.66263  0.276E-03  0.753E-02  pot  B   0.1000
        15  -1.602053  1706.268  0.66354  0.161E-03  0.186E-02  pot  B   0.1000
        16  -1.602070  1706.210  0.66445  0.169E-03  0.262E-02  pot  B   0.1000
        17  -1.602072  1706.214  0.66463  0.209E-04  0.386E-03  pot  B   0.1000
        18  -1.602074  1706.190  0.66476  0.253E-04  0.332E-03  pot  B   0.1000
        19  -1.602076  1706.198  0.66491  0.372E-04  0.865E-03  pot  B   0.1000
        20  -1.602076  1706.227  0.66496  0.151E-04  0.139E-03  pot  B   0.1000
        21  -1.602076  1706.226  0.66498  0.501E-05  0.432E-04  pot  B   0.1000
        22  -1.602076  1706.236  0.66499  0.841E-05  0.393E-04  pot  B   0.1000
        23  -1.602076  1706.235  0.66500  0.144E-05  0.202E-04  pot  B   0.1000
        24  -1.602076  1706.228  0.66501  0.264E-05  0.118E-04  pot  B   0.1000
        25  -1.602076  1706.224  0.66502  0.182E-05  0.599E-05  pot  B   0.1000
        26  -1.602076  1706.224  0.66502  0.464E-06  0.424E-05  pot  B   0.1000
        27  -1.602076  1706.224  0.66502  0.243E-06  0.231E-05  pot  B   0.1000
        28  -1.602076  1706.225  0.66503  0.363E-06  0.214E-05  pot  B   0.1000
        29  -1.602076  1706.226  0.66503  0.394E-06  0.119E-05  pot  B   0.1000
        30  -1.602076  1706.226  0.66503  0.135E-06  0.460E-06  pot  B   0.1000
        31  -1.602076  1706.226  0.66503  0.126E-06  0.448E-06  pot  B   0.1000
        32  -1.602076  1706.226  0.66503  0.652E-07  0.420E-06  pot  B   0.1000
        33  -1.602076  1706.226  0.66503  0.218E-07  0.448E-06  pot  B   0.1000
        34  -1.602076  1706.226  0.66503  0.253E-07  0.175E-06  pot  B   0.1000
        35  -1.602076  1706.226  0.66503  0.168E-07  0.148E-06  pot  B   0.1000
        36  -1.602076  1706.226  0.66503  0.824E-08  0.811E-07  pot  B   0.1000
        37  -1.602076  1706.226  0.66503  0.306E-08  0.473E-07  pot  B   0.1000
        38  -1.602076  1706.226  0.66503  0.346E-08  0.217E-07  pot  B   0.1000
        39  -1.602076  1706.226  0.66503  0.130E-08  0.216E-07  pot  B   0.1000
        40  -1.602076  1706.226  0.66503  0.175E-08  0.159E-07  pot  B   0.1000
        41  -1.602076  1706.226  0.66503  0.135E-08  0.120E-07  pot  B   0.1000
        42  -1.602076  1706.226  0.66503  0.106E-08  0.536E-08  pot  B   0.1000
**      43  -1.602076  1706.226  0.66503  0.429E-12  0.536E-08  pot  B   0.1000
