 Atom   Index      Q          Qmt        dQ        Vmad        Local Energy
  W         1   73.87216   72.57099   -0.12784    1.71889      -32312.48313
  W         2   74.00161   72.70043    0.00161    1.59336      -32312.39593
  W         3   73.92588   72.62471   -0.07412    1.66998      -32312.45044
  W         4   73.73501   72.43383   -0.26499    1.85899      -32312.57157
  W         5   73.88809   72.58691   -0.11191    1.71102      -32312.47965
  W         6   73.94840   72.64722   -0.05160    1.64781      -32312.43988
  W         7   73.92423   72.62306   -0.07577    1.66732      -32312.44849
  W         8   73.78230   72.48112   -0.21770    1.81978      -32312.55564
  W         9   73.85147   72.55029   -0.14853    1.74463      -32312.50039
  W        10   73.80768   72.50650   -0.19232    1.78628      -32312.52205
  W        11   73.78595   72.48477   -0.21405    1.80195      -32312.54159
  W        12   73.84009   72.53892   -0.15991    1.74846      -32312.49534
  W        13   73.94510   72.64392   -0.05490    1.65419      -32312.44513
  W        14   73.79779   72.49661   -0.20221    1.79000      -32312.51643
  W        15   73.88601   72.58483   -0.11399    1.70232      -32312.47058
  W        16   73.62174   72.32056   -0.37826    1.97465      -32312.65083
  Nb       17   40.82498   39.52380   -0.17502    1.81037       -7632.64404
  Nb       18   40.91812   39.61694   -0.08188    1.70781       -7632.57103
  Nb       19   40.94777   39.64660   -0.05223    1.67604       -7632.54683
  Nb       20   40.84733   39.54615   -0.15267    1.77325       -7632.60680
  Nb       21   41.00139   39.70021    0.00139    1.62467       -7632.51947
  Nb       22   40.78657   39.48540   -0.21343    1.84216       -7632.65643
  Nb       23   40.97307   39.67189   -0.02693    1.65188       -7632.54142
  Nb       24   40.90112   39.59994   -0.09888    1.72725       -7632.58468
  Nb       25   40.97769   39.67652   -0.02231    1.64651       -7632.53948
  Nb       26   40.92355   39.62237   -0.07645    1.69984       -7632.57603
  Nb       27   40.79619   39.49501   -0.20381    1.82926       -7632.65197
  Nb       28   40.91146   39.61028   -0.08854    1.71001       -7632.57137
  Nb       29   40.86427   39.56309   -0.13573    1.76940       -7632.61676
  Nb       30   40.90959   39.60841   -0.09041    1.71598       -7632.58300
  Nb       31   40.92603   39.62486   -0.07397    1.70028       -7632.56585
  Nb       32   40.90025   39.59907   -0.09975    1.72724       -7632.58581
  Mo       33   41.93960   40.63842   -0.06040    1.77641       -8090.63517
  Mo       34   42.08259   40.78141    0.08259    1.63165       -8090.55408
  Mo       35   42.06919   40.76802    0.06919    1.65340       -8090.56580
  Mo       36   41.97861   40.67743   -0.02139    1.74290       -8090.62690
  Mo       37   42.07727   40.77609    0.07727    1.64531       -8090.56303
  Mo       38   42.13706   40.83589    0.13706    1.58008       -8090.51536
  Mo       39   42.11176   40.81058    0.11176    1.60563       -8090.53793
  Mo       40   42.02255   40.72137    0.02255    1.69242       -8090.58418
  Mo       41   42.17211   40.87094    0.17211    1.54616       -8090.49840
  Mo       42   42.03069   40.72951    0.03069    1.68979       -8090.59548
  Mo       43   42.03451   40.73333    0.03451    1.69324       -8090.59792
  Mo       44   42.07215   40.77098    0.07215    1.64633       -8090.56033
  Mo       45   42.06302   40.76184    0.06302    1.66487       -8090.57508
  Mo       46   41.95975   40.65858   -0.04025    1.77071       -8090.64796
  Mo       47   42.11188   40.81070    0.11188    1.60682       -8090.53710
  Mo       48   42.14328   40.84210    0.14328    1.57290       -8090.51644
  Ta       49   72.81293   71.51176   -0.18707    1.71822      -31232.89014
  Ta       50   72.70653   71.40535   -0.29347    1.82925      -31232.96832
  Ta       51   72.69065   71.38947   -0.30935    1.84395      -31232.96507
  Ta       52   72.74873   71.44755   -0.25127    1.78200      -31232.92409
  Ta       53   72.70927   71.40809   -0.29073    1.82085      -31232.96269
  Ta       54   72.75535   71.45417   -0.24465    1.77455      -31232.91798
  Ta       55   72.75555   71.45437   -0.24445    1.77729      -31232.93009
  Ta       56   72.72530   71.42412   -0.27470    1.80288      -31232.93370
  Ta       57   72.66615   71.36498   -0.33385    1.86661      -31232.98353
  Ta       58   72.80577   71.50460   -0.19423    1.72843      -31232.89323
  Ta       59   72.73352   71.43235   -0.26648    1.79631      -31232.93465
  Ta       60   72.53753   71.23635   -0.46247    1.99526      -31233.06859
  Ta       61   72.63997   71.33880   -0.36003    1.89790      -31233.01406
  Ta       62   72.72833   71.42716   -0.27167    1.80031      -31232.94092
  Ta       63   72.83828   71.53710   -0.16172    1.69373      -31232.87246
  Ta       64   72.67785   71.37667   -0.32215    1.85291      -31232.98765
  V        65   23.50216   22.20098    0.50216    1.43736       -1895.17382
  V        66   23.42623   22.12505    0.42623    1.52605       -1895.23016
  V        67   23.42839   22.12722    0.42839    1.51336       -1895.22243
  V        68   23.37064   22.06946    0.37064    1.57905       -1895.24793
  V        69   23.45709   22.15592    0.45709    1.48981       -1895.20355
  V        70   23.39621   22.09503    0.39621    1.55037       -1895.24769
  V        71   23.48786   22.18669    0.48786    1.45891       -1895.18888
  V        72   23.61371   22.31254    0.61371    1.32875       -1895.10081
  V        73   23.46108   22.15991    0.46108    1.48565       -1895.19681
  V        74   23.54068   22.23950    0.54068    1.40746       -1895.14104
  V        75   23.54195   22.24078    0.54195    1.39796       -1895.15588
  V        76   23.48155   22.18038    0.48155    1.47008       -1895.19142
  V        77   23.52375   22.22257    0.52375    1.41741       -1895.15881
  V        78   23.32366   22.02248    0.32366    1.63406       -1895.28370
  V        79   23.44802   22.14685    0.44802    1.50316       -1895.20520
  V        80   23.43643   22.13525    0.43643    1.50728       -1895.20067
