 Atom   Index      Q          Qmt        dQ        Vmad        Local Energy
  W         1   73.84316   72.53849   -0.15684    1.77712      -32312.54390
  W         2   73.88103   72.57635   -0.11897    1.73703      -32312.51697
  W         3   73.96849   72.66382   -0.03151    1.63923      -32312.44552
  W         4   73.85098   72.54630   -0.14902    1.76223      -32312.52616
  W         5   73.82523   72.52055   -0.17477    1.80759      -32312.57529
  W         6   73.92163   72.61695   -0.07837    1.69300      -32312.48285
  W         7   73.90407   72.59940   -0.09593    1.71357      -32312.49725
  W         8   73.88692   72.58224   -0.11308    1.73535      -32312.51691
  W         9   73.88982   72.58514   -0.11018    1.72364      -32312.49951
  W        10   73.93809   72.63342   -0.06191    1.68444      -32312.48837
  W        11   73.91804   72.61336   -0.08196    1.70083      -32312.48935
  W        12   73.85106   72.54638   -0.14894    1.76250      -32312.52104
  W        13   73.78097   72.47629   -0.21903    1.83628      -32312.58065
  W        14   73.82393   72.51925   -0.17607    1.80005      -32312.55328
  W        15   73.92982   72.62515   -0.07018    1.69423      -32312.49169
  W        16   73.90895   72.60427   -0.09105    1.71331      -32312.50952
  W        17   73.87565   72.57098   -0.12435    1.73872      -32312.51461
  W        18   73.95240   72.64772   -0.04760    1.65878      -32312.46495
  W        19   73.90939   72.60471   -0.09061    1.71810      -32312.51169
  W        20   73.78181   72.47713   -0.21819    1.84081      -32312.57822
  W        21   73.84912   72.54444   -0.15088    1.77404      -32312.54323
  W        22   73.83142   72.52674   -0.16858    1.77668      -32312.53166
  W        23   73.86834   72.56367   -0.13166    1.75214      -32312.51453
  W        24   73.90568   72.60100   -0.09432    1.70670      -32312.49996
  W        25   73.87310   72.56842   -0.12690    1.74530      -32312.51933
  W        26   73.97084   72.66617   -0.02916    1.65545      -32312.46953
  W        27   74.04435   72.73967    0.04435    1.57692      -32312.41464
  W        28   73.80267   72.49800   -0.19733    1.80785      -32312.55396
  W        29   73.88511   72.58044   -0.11489    1.73326      -32312.51045
  W        30   73.93006   72.62539   -0.06994    1.68996      -32312.48282
  W        31   73.82503   72.52035   -0.17497    1.79361      -32312.54913
  W        32   73.86577   72.56109   -0.13423    1.75573      -32312.52192
  W        33   73.84674   72.54207   -0.15326    1.77265      -32312.54371
  W        34   73.93488   72.63021   -0.06512    1.67441      -32312.45967
  W        35   73.92837   72.62369   -0.07163    1.68583      -32312.47759
  W        36   73.97240   72.66773   -0.02760    1.63570      -32312.43736
  W        37   74.01197   72.70730    0.01197    1.59741      -32312.41420
  W        38   73.68789   72.38322   -0.31211    1.94406      -32312.65474
  W        39   73.86443   72.55976   -0.13557    1.75473      -32312.53061
  W        40   73.84606   72.54139   -0.15394    1.77926      -32312.55140
  W        41   73.90147   72.59679   -0.09853    1.70648      -32312.48047
  W        42   73.87577   72.57109   -0.12423    1.74573      -32312.52119
  W        43   73.90394   72.59927   -0.09606    1.70640      -32312.47953
  W        44   73.95917   72.65449   -0.04083    1.65334      -32312.45494
  W        45   73.95302   72.64835   -0.04698    1.67051      -32312.47266
  W        46   73.89607   72.59140   -0.10393    1.72515      -32312.49875
  W        47   73.82509   72.52042   -0.17491    1.78579      -32312.54419
  W        48   73.86961   72.56493   -0.13039    1.74751      -32312.51750
  W        49   73.98091   72.67623   -0.01909    1.63921      -32312.45395
  W        50   73.81961   72.51493   -0.18039    1.79665      -32312.54729
  W        51   73.80713   72.50246   -0.19287    1.81793      -32312.57096
  W        52   73.93318   72.62851   -0.06682    1.68633      -32312.47945
  W        53   73.87457   72.56990   -0.12543    1.74499      -32312.51564
  W        54   73.81902   72.51434   -0.18098    1.80723      -32312.56720
  W        55   73.83802   72.53334   -0.16198    1.77975      -32312.53845
  W        56   73.85980   72.55513   -0.14020    1.75929      -32312.53042
  W        57   73.87792   72.57324   -0.12208    1.73542      -32312.51526
  W        58   73.82997   72.52529   -0.17003    1.78573      -32312.54288
  W        59   73.82935   72.52468   -0.17065    1.79244      -32312.55258
  W        60   73.84735   72.54268   -0.15265    1.77661      -32312.54734
  W        61   73.83315   72.52848   -0.16685    1.78945      -32312.54750
  W        62   73.92729   72.62261   -0.07271    1.68923      -32312.47513
  W        63   73.93367   72.62899   -0.06633    1.67099      -32312.45605
  W        64   73.93242   72.62774   -0.06758    1.68107      -32312.47939
  Nb       65   40.99599   39.69131   -0.00401    1.65338       -7632.55492
  Nb       66   40.88555   39.58087   -0.11445    1.76491       -7632.62622
  Nb       67   40.94472   39.64004   -0.05528    1.70435       -7632.59635
  Nb       68   40.92096   39.61628   -0.07904    1.72665       -7632.59972
  Nb       69   40.95562   39.65094   -0.04438    1.69817       -7632.59074
  Nb       70   40.90645   39.60178   -0.09355    1.73966       -7632.61840
  Nb       71   40.94640   39.64172   -0.05360    1.69997       -7632.58297
  Nb       72   40.80394   39.49927   -0.19606    1.84544       -7632.67356
  Nb       73   40.82180   39.51712   -0.17820    1.82647       -7632.65429
  Nb       74   40.97638   39.67171   -0.02362    1.67162       -7632.56905
  Nb       75   40.93445   39.62977   -0.06555    1.71508       -7632.59803
  Nb       76   40.96054   39.65586   -0.03946    1.69019       -7632.57592
  Nb       77   40.90188   39.59721   -0.09812    1.74712       -7632.61051
  Nb       78   40.99696   39.69229   -0.00304    1.65008       -7632.55708
  Nb       79   41.05930   39.75462    0.05930    1.59319       -7632.51969
  Nb       80   40.97539   39.67071   -0.02461    1.67456       -7632.56679
  Nb       81   40.96297   39.65829   -0.03703    1.68862       -7632.57783
  Nb       82   41.07680   39.77212    0.07680    1.56607       -7632.49869
  Nb       83   40.96619   39.66151   -0.03381    1.68341       -7632.58450
  Nb       84   40.98416   39.67948   -0.01584    1.66630       -7632.57017
  Nb       85   40.96060   39.65593   -0.03940    1.68687       -7632.57798
  Nb       86   40.97559   39.67092   -0.02441    1.67823       -7632.57821
  Nb       87   40.91437   39.60969   -0.08563    1.73057       -7632.60183
  Nb       88   40.94809   39.64341   -0.05191    1.70565       -7632.59645
  Nb       89   40.96604   39.66137   -0.03396    1.67858       -7632.57132
  Nb       90   40.86989   39.56521   -0.13011    1.77821       -7632.62927
  Nb       91   40.90144   39.59676   -0.09856    1.74945       -7632.60574
  Nb       92   40.98843   39.68376   -0.01157    1.67378       -7632.57890
  Nb       93   40.96381   39.65913   -0.03619    1.68806       -7632.58055
  Nb       94   40.86801   39.56334   -0.13199    1.78289       -7632.63821
  Nb       95   40.86104   39.55636   -0.13896    1.79162       -7632.63633
  Nb       96   40.96878   39.66410   -0.03122    1.68525       -7632.58111
  Nb       97   41.03679   39.73211    0.03679    1.61102       -7632.52251
  Nb       98   40.93393   39.62925   -0.06607    1.71475       -7632.59429
  Nb       99   40.82189   39.51722   -0.17811    1.82367       -7632.65336
  Nb      100   40.95251   39.64784   -0.04749    1.69342       -7632.57690
  Nb      101   40.88655   39.58188   -0.11345    1.76233       -7632.61779
  Nb      102   40.92554   39.62087   -0.07446    1.71919       -7632.58647
  Nb      103   40.91724   39.61256   -0.08276    1.72590       -7632.59885
  Nb      104   41.01349   39.70881    0.01349    1.63638       -7632.54957
  Nb      105   40.95397   39.64930   -0.04603    1.69372       -7632.58328
  Nb      106   40.90013   39.59545   -0.09987    1.75341       -7632.61311
  Nb      107   40.99779   39.69311   -0.00221    1.64770       -7632.55009
  Nb      108   40.91252   39.60785   -0.08748    1.73171       -7632.59077
  Nb      109   40.90098   39.59630   -0.09902    1.74625       -7632.61454
  Nb      110   40.94979   39.64511   -0.05021    1.70542       -7632.59916
  Nb      111   40.78415   39.47948   -0.21585    1.87340       -7632.69599
  Nb      112   40.90783   39.60316   -0.09217    1.74392       -7632.61588
  Nb      113   40.93308   39.62840   -0.06692    1.70785       -7632.57985
  Nb      114   40.95530   39.65063   -0.04470    1.69573       -7632.58675
  Nb      115   40.92617   39.62150   -0.07383    1.71592       -7632.58847
  Nb      116   40.92396   39.61928   -0.07604    1.72820       -7632.59927
  Nb      117   40.82609   39.52141   -0.17391    1.82380       -7632.65816
  Nb      118   40.92831   39.62363   -0.07169    1.71323       -7632.58783
  Nb      119   40.93422   39.62954   -0.06578    1.70924       -7632.58388
  Nb      120   40.98241   39.67773   -0.01759    1.66645       -7632.55984
  Nb      121   40.94571   39.64104   -0.05429    1.70425       -7632.59155
  Nb      122   40.80116   39.49649   -0.19884    1.85136       -7632.68976
  Nb      123   40.91944   39.61477   -0.08056    1.72853       -7632.60452
  Nb      124   40.92163   39.61696   -0.07837    1.72689       -7632.60354
  Nb      125   40.91299   39.60831   -0.08701    1.73289       -7632.60320
  Nb      126   40.93826   39.63359   -0.06174    1.70928       -7632.58914
  Nb      127   41.02929   39.72461    0.02929    1.61071       -7632.52346
  Nb      128   41.01267   39.70799    0.01267    1.63025       -7632.55303
  Mo      129   42.10571   40.80103    0.10571    1.63767       -8090.57589
  Mo      130   42.16932   40.86464    0.16932    1.56465       -8090.52142
  Mo      131   42.17319   40.86852    0.17319    1.55565       -8090.51486
  Mo      132   42.15434   40.84966    0.15434    1.58307       -8090.53360
  Mo      133   41.99994   40.69527   -0.00006    1.74591       -8090.63987
  Mo      134   42.04998   40.74530    0.04998    1.69682       -8090.60799
  Mo      135   42.02677   40.72209    0.02677    1.72761       -8090.64040
  Mo      136   42.15041   40.84573    0.15041    1.59149       -8090.55272
  Mo      137   42.09764   40.79296    0.09764    1.64497       -8090.57542
  Mo      138   42.10780   40.80313    0.10780    1.62406       -8090.55768
  Mo      139   41.97968   40.67501   -0.02032    1.77428       -8090.66219
  Mo      140   42.14768   40.84300    0.14768    1.59539       -8090.54769
  Mo      141   42.07044   40.76577    0.07044    1.67482       -8090.59869
  Mo      142   42.07783   40.77315    0.07783    1.66799       -8090.60182
  Mo      143   42.06809   40.76342    0.06809    1.67791       -8090.59875
  Mo      144   42.06546   40.76078    0.06546    1.67493       -8090.59294
  Mo      145   42.12551   40.82083    0.12551    1.62279       -8090.57482
  Mo      146   42.15968   40.85500    0.15968    1.57424       -8090.52147
  Mo      147   42.16571   40.86103    0.16571    1.57407       -8090.53594
  Mo      148   42.21187   40.90720    0.21187    1.52572       -8090.49819
  Mo      149   41.98652   40.68185   -0.01348    1.75602       -8090.64410
  Mo      150   42.08057   40.77589    0.08057    1.66877       -8090.59300
  Mo      151   42.08379   40.77911    0.08379    1.65872       -8090.58254
  Mo      152   42.11064   40.80596    0.11064    1.63801       -8090.58274
  Mo      153   41.97337   40.66869   -0.02663    1.77370       -8090.65180
  Mo      154   42.04475   40.74007    0.04475    1.70012       -8090.61242
  Mo      155   42.09251   40.78784    0.09251    1.64699       -8090.58187
  Mo      156   42.16871   40.86404    0.16871    1.56176       -8090.53636
  Mo      157   42.23925   40.93457    0.23925    1.49700       -8090.48515
  Mo      158   42.03488   40.73020    0.03488    1.71422       -8090.62748
  Mo      159   42.17610   40.87143    0.17610    1.56225       -8090.52466
  Mo      160   42.09959   40.79491    0.09959    1.64454       -8090.57746
  Mo      161   42.18729   40.88261    0.18729    1.54388       -8090.50830
  Mo      162   42.07307   40.76840    0.07307    1.67730       -8090.60768
  Mo      163   42.16044   40.85576    0.16044    1.58827       -8090.55100
  Mo      164   42.06804   40.76337    0.06804    1.67268       -8090.58565
  Mo      165   42.08978   40.78511    0.08978    1.66104       -8090.59394
  Mo      166   42.17715   40.87248    0.17715    1.56522       -8090.53322
  Mo      167   42.11443   40.80975    0.11443    1.63059       -8090.57732
  Mo      168   42.10494   40.80027    0.10494    1.63731       -8090.57067
  Mo      169   41.96192   40.65725   -0.03808    1.78929       -8090.67319
  Mo      170   42.01700   40.71232    0.01700    1.72910       -8090.62369
  Mo      171   42.03687   40.73219    0.03687    1.70181       -8090.60912
  Mo      172   42.04867   40.74400    0.04867    1.70585       -8090.63252
  Mo      173   42.08825   40.78357    0.08825    1.66352       -8090.60276
  Mo      174   42.03198   40.72731    0.03198    1.72077       -8090.63132
  Mo      175   42.09687   40.79219    0.09687    1.64755       -8090.57845
  Mo      176   42.10754   40.80286    0.10754    1.63995       -8090.57767
  Mo      177   42.08149   40.77681    0.08149    1.64996       -8090.57071
  Mo      178   42.15585   40.85118    0.15585    1.59231       -8090.55351
  Mo      179   42.15034   40.84567    0.15034    1.59216       -8090.54911
  Mo      180   41.97408   40.66940   -0.02592    1.76737       -8090.64243
  Mo      181   42.09794   40.79326    0.09794    1.64645       -8090.58237
  Mo      182   42.10811   40.80344    0.10811    1.63287       -8090.56854
  Mo      183   42.11132   40.80665    0.11132    1.63261       -8090.57171
  Mo      184   41.97685   40.67217   -0.02315    1.78120       -8090.67662
  Mo      185   42.07657   40.77189    0.07657    1.66053       -8090.58586
  Mo      186   42.14180   40.83712    0.14180    1.60569       -8090.56385
  Mo      187   42.03044   40.72576    0.03044    1.71866       -8090.63096
  Mo      188   42.14132   40.83665    0.14132    1.59969       -8090.55307
  Mo      189   42.14069   40.83602    0.14069    1.60264       -8090.55693
  Mo      190   42.11763   40.81295    0.11763    1.61850       -8090.55810
  Mo      191   42.05143   40.74675    0.05143    1.69566       -8090.61574
  Mo      192   41.99348   40.68880   -0.00652    1.75828       -8090.65705
  Ta      193   72.84724   71.54256   -0.15276    1.70923      -31232.90119
  Ta      194   72.82069   71.51602   -0.17931    1.74610      -31232.92901
  Ta      195   72.72224   71.41757   -0.27776    1.83731      -31232.98888
  Ta      196   72.77220   71.46752   -0.22780    1.79214      -31232.96216
  Ta      197   72.74171   71.43703   -0.25829    1.80868      -31232.96221
  Ta      198   72.72534   71.42066   -0.27466    1.82729      -31232.97180
  Ta      199   72.84672   71.54204   -0.15328    1.71505      -31232.90942
  Ta      200   72.77949   71.47482   -0.22051    1.77467      -31232.93523
  Ta      201   72.64497   71.34030   -0.35503    1.90990      -31233.01426
  Ta      202   72.75361   71.44893   -0.24639    1.80547      -31232.96394
  Ta      203   72.68715   71.38248   -0.31285    1.86486      -31232.99346
  Ta      204   72.79869   71.49401   -0.20131    1.76046      -31232.93469
  Ta      205   72.63931   71.33463   -0.36069    1.91872      -31233.03780
  Ta      206   72.90917   71.60449   -0.09083    1.64856      -31232.87217
  Ta      207   72.64754   71.34286   -0.35246    1.90974      -31233.01590
  Ta      208   72.94808   71.64341   -0.05192    1.60875      -31232.83446
  Ta      209   72.64726   71.34258   -0.35274    1.90585      -31233.01859
  Ta      210   72.89312   71.58844   -0.10688    1.66450      -31232.86577
  Ta      211   72.60660   71.30192   -0.39340    1.94476      -31233.03665
  Ta      212   72.80073   71.49606   -0.19927    1.75626      -31232.92936
  Ta      213   72.70759   71.40291   -0.29241    1.84757      -31232.98533
  Ta      214   72.74485   71.44018   -0.25515    1.80805      -31232.96231
  Ta      215   72.73844   71.43376   -0.26156    1.81451      -31232.96553
  Ta      216   72.77496   71.47029   -0.22504    1.78208      -31232.94845
  Ta      217   72.80856   71.50388   -0.19144    1.75611      -31232.93908
  Ta      218   72.82099   71.51632   -0.17901    1.73636      -31232.91731
  Ta      219   72.86416   71.55949   -0.13584    1.69823      -31232.89426
  Ta      220   72.76585   71.46117   -0.23415    1.79731      -31232.95303
  Ta      221   72.66383   71.35915   -0.33617    1.89044      -31233.00104
  Ta      222   72.71227   71.40759   -0.28773    1.84492      -31232.98789
  Ta      223   72.75158   71.44690   -0.24842    1.80561      -31232.96144
  Ta      224   72.80226   71.49759   -0.19774    1.76064      -31232.93951
  Ta      225   72.73437   71.42970   -0.26563    1.82593      -31232.97876
  Ta      226   72.75111   71.44643   -0.24889    1.80757      -31232.97305
  Ta      227   72.75824   71.45357   -0.24176    1.79656      -31232.95113
  Ta      228   72.73305   71.42837   -0.26695    1.82042      -31232.97996
  Ta      229   72.80388   71.49920   -0.19612    1.74776      -31232.93339
  Ta      230   72.71595   71.41128   -0.28405    1.84220      -31232.98339
  Ta      231   72.74366   71.43898   -0.25634    1.80302      -31232.95848
  Ta      232   72.73720   71.43252   -0.26280    1.83307      -31232.99568
  Ta      233   72.74424   71.43957   -0.25576    1.81816      -31232.97302
  Ta      234   72.78897   71.48429   -0.21103    1.77150      -31232.93996
  Ta      235   72.79403   71.48935   -0.20597    1.75547      -31232.92960
  Ta      236   72.83336   71.52868   -0.16664    1.71676      -31232.90125
  Ta      237   72.79000   71.48533   -0.21000    1.77184      -31232.94651
  Ta      238   72.78785   71.48317   -0.21215    1.77563      -31232.94937
  Ta      239   72.80828   71.50360   -0.19172    1.75506      -31232.93567
  Ta      240   72.74904   71.44437   -0.25096    1.80524      -31232.95873
  Ta      241   72.86383   71.55916   -0.13617    1.69275      -31232.89166
  Ta      242   72.84794   71.54326   -0.15206    1.70734      -31232.90044
  Ta      243   72.83126   71.52659   -0.16874    1.73257      -31232.92471
  Ta      244   72.81234   71.50766   -0.18766    1.74759      -31232.92911
  Ta      245   72.67648   71.37180   -0.32352    1.87942      -31233.01427
  Ta      246   72.78465   71.47998   -0.21535    1.77392      -31232.94147
  Ta      247   72.82409   71.51941   -0.17591    1.73066      -31232.91664
  Ta      248   72.87191   71.56724   -0.12809    1.68962      -31232.89556
  Ta      249   72.74800   71.44332   -0.25200    1.80940      -31232.96386
  Ta      250   72.71545   71.41078   -0.28455    1.84080      -31232.97924
  Ta      251   72.83948   71.53480   -0.16052    1.71750      -31232.91349
  Ta      252   72.88015   71.57548   -0.11985    1.68200      -31232.88795
  Ta      253   72.76910   71.46443   -0.23090    1.78043      -31232.94152
  Ta      254   72.85761   71.55293   -0.14239    1.71474      -31232.91350
  Ta      255   72.70585   71.40118   -0.29415    1.85276      -31232.99090
  Ta      256   72.72579   71.42111   -0.27421    1.82746      -31232.97096
  Ti      257   22.36958   21.06491    0.36958    1.50690       -1704.37886
  Ti      258   22.32948   21.02480    0.32948    1.54686       -1704.38707
  Ti      259   22.30261   20.99794    0.30261    1.56292       -1704.35554
  Ti      260   22.36235   21.05767    0.36235    1.50892       -1704.36204
  Ti      261   22.30167   20.99699    0.30167    1.57437       -1704.38254
  Ti      262   22.39618   21.09150    0.39618    1.47299       -1704.33629
  Ti      263   22.25466   20.94998    0.25466    1.61193       -1704.39913
  Ti      264   22.43325   21.12857    0.43325    1.43261       -1704.29399
  Ti      265   22.31654   21.01186    0.31654    1.55576       -1704.39945
  Ti      266   22.32640   21.02173    0.32640    1.54293       -1704.37831
  Ti      267   22.31460   21.00993    0.31460    1.56362       -1704.39998
  Ti      268   22.31217   21.00750    0.31217    1.56105       -1704.37920
  Ti      269   22.30346   20.99878    0.30346    1.56382       -1704.35921
  Ti      270   22.29123   20.98655    0.29123    1.57953       -1704.37945
  Ti      271   22.35910   21.05442    0.35910    1.50419       -1704.32476
  Ti      272   22.32438   21.01970    0.32438    1.55380       -1704.40215
  Ti      273   22.31346   21.00879    0.31346    1.57337       -1704.40919
  Ti      274   22.24920   20.94452    0.24920    1.62341       -1704.41233
  Ti      275   22.35535   21.05068    0.35535    1.52531       -1704.39665
  Ti      276   22.24138   20.93670    0.24138    1.63734       -1704.45000
  Ti      277   22.35164   21.04697    0.35164    1.52197       -1704.36854
  Ti      278   22.38907   21.08439    0.38907    1.48934       -1704.35774
  Ti      279   22.38172   21.07705    0.38172    1.49768       -1704.36624
  Ti      280   22.35280   21.04813    0.35280    1.52648       -1704.37563
  Ti      281   22.24964   20.94496    0.24964    1.62149       -1704.42418
  Ti      282   22.30122   20.99655    0.30122    1.56754       -1704.38422
  Ti      283   22.18537   20.88070    0.18537    1.68915       -1704.45483
  Ti      284   22.35751   21.05283    0.35751    1.51587       -1704.36187
  Ti      285   22.28048   20.97580    0.28048    1.60853       -1704.45266
  Ti      286   22.06600   20.76132    0.06600    1.79828       -1704.47990
  Ti      287   22.34924   21.04457    0.34924    1.52814       -1704.38750
  Ti      288   22.33604   21.03136    0.33604    1.53753       -1704.38064
  Ti      289   22.39116   21.08648    0.39116    1.49183       -1704.37401
  Ti      290   22.41237   21.10769    0.41237    1.45609       -1704.32707
  Ti      291   22.32935   21.02468    0.32935    1.53859       -1704.37339
  Ti      292   22.29665   20.99197    0.29665    1.58513       -1704.41943
  Ti      293   22.37985   21.07518    0.37985    1.49066       -1704.33501
  Ti      294   22.21763   20.91295    0.21763    1.66005       -1704.44685
  Ti      295   22.47401   21.16934    0.47401    1.39495       -1704.30759
  Ti      296   22.37044   21.06577    0.37044    1.50551       -1704.37266
  Ti      297   22.33868   21.03400    0.33868    1.53387       -1704.36467
  Ti      298   22.37157   21.06689    0.37157    1.50018       -1704.35686
  Ti      299   22.40064   21.09596    0.40064    1.47650       -1704.33490
  Ti      300   22.34336   21.03868    0.34336    1.52599       -1704.37396
  Ti      301   22.26462   20.95994    0.26462    1.60621       -1704.40663
  Ti      302   22.31059   21.00592    0.31059    1.56498       -1704.38148
  Ti      303   22.29665   20.99197    0.29665    1.57117       -1704.38314
  Ti      304   22.17336   20.86868    0.17336    1.68615       -1704.42750
  Ti      305   22.22365   20.91897    0.22365    1.66536       -1704.47038
  Ti      306   22.31946   21.01478    0.31946    1.56434       -1704.39217
  Ti      307   22.32498   21.02030    0.32498    1.54585       -1704.36871
  Ti      308   22.28107   20.97639    0.28107    1.59107       -1704.40617
  Ti      309   22.37589   21.07121    0.37589    1.49442       -1704.36916
  Ti      310   22.39365   21.08898    0.39365    1.48939       -1704.35717
  Ti      311   22.37278   21.06810    0.37278    1.49904       -1704.34873
  Ti      312   22.25333   20.94865    0.25333    1.61866       -1704.41445
  Ti      313   22.28619   20.98152    0.28619    1.58028       -1704.37594
  Ti      314   22.25790   20.95322    0.25790    1.61440       -1704.40505
  Ti      315   22.38630   21.08162    0.38630    1.48192       -1704.32737
  Ti      316   22.28290   20.97823    0.28290    1.59334       -1704.39791
  Ti      317   22.29240   20.98772    0.29240    1.59130       -1704.43109
  Ti      318   22.22704   20.92237    0.22704    1.64868       -1704.43820
  Ti      319   22.36463   21.05996    0.36463    1.50291       -1704.34181
  Ti      320   22.24194   20.93726    0.24194    1.63351       -1704.42838
