 Atom   Index      Q          Qmt        dQ        Vmad        Local Energy
  W         1   73.85926   72.55437   -0.14074    1.75153      -32312.52343
  W         2   73.95362   72.64873   -0.04638    1.64644      -32312.45475
  W         3   73.82245   72.51756   -0.17755    1.79549      -32312.55255
  W         4   73.93980   72.63491   -0.06020    1.68877      -32312.48800
  W         5   73.75527   72.45038   -0.24473    1.87990      -32312.61882
  W         6   73.95279   72.64790   -0.04721    1.65277      -32312.45435
  W         7   73.90988   72.60499   -0.09012    1.69364      -32312.47903
  W         8   73.93886   72.63397   -0.06114    1.66054      -32312.44907
  W         9   73.91469   72.60980   -0.08531    1.70277      -32312.49296
  W        10   73.83753   72.53264   -0.16247    1.77985      -32312.54529
  W        11   73.92153   72.61664   -0.07847    1.68625      -32312.48050
  W        12   73.83936   72.53447   -0.16064    1.78920      -32312.55702
  W        13   73.77121   72.46632   -0.22879    1.85759      -32312.59857
  W        14   73.79105   72.48616   -0.20895    1.84466      -32312.59627
  W        15   73.96357   72.65867   -0.03643    1.63672      -32312.44474
  W        16   73.82802   72.52313   -0.17198    1.79255      -32312.55142
  Nb       17   41.01658   39.71169    0.01658    1.62971       -7632.54528
  Nb       18   40.94429   39.63940   -0.05571    1.70139       -7632.58895
  Nb       19   40.91396   39.60907   -0.08604    1.73726       -7632.61003
  Nb       20   40.93045   39.62556   -0.06955    1.72244       -7632.59602
  Nb       21   40.95808   39.65319   -0.04192    1.68198       -7632.57678
  Nb       22   40.85358   39.54869   -0.14642    1.80170       -7632.64173
  Nb       23   40.92336   39.61846   -0.07664    1.71512       -7632.59865
  Nb       24   40.95296   39.64807   -0.04704    1.70830       -7632.59703
  Nb       25   40.90700   39.60211   -0.09300    1.74251       -7632.60897
  Nb       26   40.99793   39.69304   -0.00207    1.65811       -7632.57055
  Nb       27   40.97241   39.66752   -0.02759    1.67392       -7632.56842
  Nb       28   41.01888   39.71399    0.01888    1.62827       -7632.53803
  Nb       29   40.94590   39.64101   -0.05410    1.70576       -7632.58336
  Nb       30   41.00619   39.70130    0.00619    1.64401       -7632.54728
  Nb       31   40.97604   39.67115   -0.02396    1.66928       -7632.55808
  Nb       32   40.84445   39.53956   -0.15555    1.80244       -7632.63106
  Mo       33   42.00826   40.70337    0.00826    1.73868       -8090.64292
  Mo       34   42.15385   40.84896    0.15385    1.58026       -8090.53597
  Mo       35   42.21143   40.90654    0.21143    1.51521       -8090.49073
  Mo       36   42.17399   40.86910    0.17399    1.56910       -8090.52913
  Mo       37   42.19643   40.89154    0.19643    1.53916       -8090.51542
  Mo       38   42.18685   40.88196    0.18685    1.54756       -8090.51619
  Mo       39   42.05098   40.74609    0.05098    1.69835       -8090.61244
  Mo       40   42.00016   40.69527    0.00016    1.75313       -8090.64731
  Mo       41   42.12466   40.81977    0.12466    1.61847       -8090.56228
  Mo       42   42.06205   40.75716    0.06205    1.68455       -8090.61110
  Mo       43   42.04564   40.74075    0.04564    1.69650       -8090.60795
  Mo       44   42.09940   40.79450    0.09940    1.64752       -8090.58058
  Mo       45   41.98547   40.68058   -0.01453    1.77428       -8090.66839
  Mo       46   42.08156   40.77667    0.08156    1.65328       -8090.58561
  Mo       47   42.21188   40.90699    0.21188    1.52263       -8090.50241
  Mo       48   42.10890   40.80401    0.10890    1.63494       -8090.56928
  Ta       49   72.81410   71.50921   -0.18590    1.73960      -31232.91024
  Ta       50   72.64245   71.33755   -0.35755    1.92363      -31233.04235
  Ta       51   72.81512   71.51023   -0.18488    1.74322      -31232.92739
  Ta       52   72.88366   71.57877   -0.11634    1.67786      -31232.88202
  Ta       53   72.79851   71.49362   -0.20149    1.76191      -31232.94342
  Ta       54   72.60808   71.30319   -0.39192    1.94138      -31233.01317
  Ta       55   72.82812   71.52323   -0.17188    1.73845      -31232.91627
  Ta       56   72.56167   71.25678   -0.43833    1.99389      -31233.07894
  Ta       57   72.81897   71.51408   -0.18103    1.74343      -31232.93109
  Ta       58   72.72551   71.42062   -0.27449    1.83066      -31232.97963
  Ta       59   72.69483   71.38994   -0.30517    1.87421      -31233.02424
  Ta       60   72.71089   71.40600   -0.28911    1.84068      -31232.98579
  Ta       61   72.69733   71.39244   -0.30267    1.87164      -31233.02684
  Ta       62   72.83525   71.53036   -0.16475    1.72025      -31232.92797
  Ta       63   72.76010   71.45521   -0.23990    1.79991      -31232.94818
  Ta       64   72.75250   71.44760   -0.24750    1.80930      -31232.95652
  Ti       65   22.32142   21.01653    0.32142    1.56104       -1704.42458
  Ti       66   22.28314   20.97825    0.28314    1.58734       -1704.37138
  Ti       67   22.25243   20.94754    0.25243    1.61127       -1704.37282
  Ti       68   22.38594   21.08105    0.38594    1.49340       -1704.35138
  Ti       69   22.24369   20.93880    0.24369    1.62559       -1704.38937
  Ti       70   22.28881   20.98392    0.28881    1.59297       -1704.40753
  Ti       71   22.33034   21.02545    0.33034    1.56008       -1704.41147
  Ti       72   22.25274   20.94785    0.25274    1.62464       -1704.42493
  Ti       73   22.36340   21.05851    0.36340    1.51407       -1704.38686
  Ti       74   22.32596   21.02107    0.32596    1.53942       -1704.35021
  Ti       75   22.31707   21.01218    0.31707    1.55373       -1704.38216
  Ti       76   22.40564   21.10075    0.40564    1.46317       -1704.31529
  Ti       77   22.40785   21.10295    0.40785    1.47878       -1704.35418
  Ti       78   22.32451   21.01962    0.32451    1.55770       -1704.38463
  Ti       79   22.25249   20.94760    0.25249    1.61896       -1704.39193
  Ti       80   22.43506   21.13017    0.43506    1.44534       -1704.33523
