System Description            : WNbMoTaV, BCC structure                         
Number of Atoms in Unit Cell  : 20                                              
Number of Atomic Species      : 5                                               
Number of Atoms in Each Type  : 4(W), 4(Nb), 4(Mo), 4(Ta), 4(V)                 
Energy Offset                 : -16231                                          
=======================================================================================
    Iter     Energy      3PV     Efermi   Rms_rho    Rms_pot   Mix  Alg  Alpha 
---------------------------------------------------------------------------------------
**       1  -0.871708  1839.014  0.59064  0.140E+01  0.146E+00  pot  B   0.1000
         2  -0.871319  1816.921  0.60236  0.766E-02  0.700E+00  pot  B   0.1000
         3  -1.275633  1813.144  0.60177  0.276E-02  0.863E-01  pot  B   0.1000
         4  -1.477315  1789.594  0.61256  0.771E-02  0.100E+00  pot  B   0.1000
         5  -1.583444  1759.207  0.62305  0.101E-01  0.243E+00  pot  B   0.1000
         6  -1.683621  1744.215  0.63256  0.508E-02  0.113E+00  pot  B   0.1000
         7  -1.700097  1734.589  0.63233  0.340E-02  0.122E+00  pot  B   0.1000
         8  -1.725798  1728.044  0.63752  0.279E-02  0.369E-01  pot  B   0.1000
         9  -1.738340  1721.655  0.64004  0.316E-02  0.572E-01  pot  B   0.1000
        10  -1.755656  1710.372  0.64231  0.592E-02  0.165E-01  pot  B   0.1000
        11  -1.756188  1708.297  0.64294  0.117E-02  0.307E-01  pot  B   0.1000
        12  -1.757298  1707.595  0.64401  0.501E-03  0.765E-02  pot  B   0.1000
        13  -1.757553  1707.219  0.64545  0.383E-03  0.483E-02  pot  B   0.1000
        14  -1.757833  1706.942  0.64806  0.528E-03  0.238E-02  pot  B   0.1000
        15  -1.757836  1706.822  0.64934  0.207E-03  0.192E-02  pot  B   0.1000
        16  -1.757826  1706.869  0.64955  0.649E-04  0.214E-02  pot  B   0.1000
        17  -1.757832  1706.830  0.64973  0.522E-04  0.112E-02  pot  B   0.1000
        18  -1.757833  1706.855  0.64985  0.617E-04  0.647E-03  pot  B   0.1000
        19  -1.757834  1706.845  0.64991  0.269E-04  0.326E-03  pot  B   0.1000
        20  -1.757834  1706.857  0.64994  0.949E-05  0.104E-03  pot  B   0.1000
        21  -1.757834  1706.857  0.64997  0.105E-04  0.110E-03  pot  B   0.1000
        22  -1.757835  1706.850  0.65001  0.542E-05  0.512E-04  pot  B   0.1000
        23  -1.757835  1706.836  0.65003  0.667E-05  0.745E-04  pot  B   0.1000
        24  -1.757835  1706.838  0.65003  0.142E-05  0.182E-04  pot  B   0.1000
        25  -1.757835  1706.829  0.65004  0.406E-05  0.956E-05  pot  B   0.1000
        26  -1.757835  1706.828  0.65004  0.679E-06  0.867E-05  pot  B   0.1000
        27  -1.757835  1706.830  0.65005  0.759E-06  0.545E-05  pot  B   0.1000
        28  -1.757835  1706.832  0.65005  0.886E-06  0.663E-05  pot  B   0.1000
        29  -1.757835  1706.832  0.65005  0.328E-06  0.784E-05  pot  B   0.1000
        30  -1.757835  1706.832  0.65005  0.316E-07  0.399E-05  pot  B   0.1000
        31  -1.757835  1706.832  0.65005  0.643E-07  0.188E-05  pot  B   0.1000
        32  -1.757835  1706.832  0.65005  0.472E-07  0.518E-06  pot  B   0.1000
        33  -1.757835  1706.832  0.65005  0.155E-07  0.590E-06  pot  B   0.1000
        34  -1.757835  1706.832  0.65005  0.123E-07  0.372E-06  pot  B   0.1000
        35  -1.757835  1706.832  0.65005  0.180E-07  0.312E-06  pot  B   0.1000
        36  -1.757835  1706.832  0.65005  0.791E-08  0.213E-06  pot  B   0.1000
        37  -1.757835  1706.832  0.65005  0.397E-08  0.165E-06  pot  B   0.1000
        38  -1.757835  1706.832  0.65005  0.209E-08  0.109E-06  pot  B   0.1000
        39  -1.757835  1706.832  0.65005  0.219E-08  0.559E-07  pot  B   0.1000
        40  -1.757835  1706.832  0.65005  0.191E-08  0.252E-07  pot  B   0.1000
        41  -1.757835  1706.832  0.65005  0.365E-08  0.387E-07  pot  B   0.1000
        42  -1.757835  1706.832  0.65005  0.313E-08  0.137E-07  pot  B   0.1000
        43  -1.757835  1706.832  0.65005  0.240E-08  0.953E-08  pot  B   0.1000
**      44  -1.757835  1706.832  0.65005  0.492E-12  0.953E-08  pot  B   0.1000
