System Description            : WNbMoTaV, BCC structure                         
Number of Atoms in Unit Cell  : 80                                              
Number of Atomic Species      : 5                                               
Number of Atoms in Each Type  : 16(W), 16(Nb), 16(Mo), 16(Ta), 16(V)            
Energy Offset                 : -16231                                          
=======================================================================================
    Iter     Energy      3PV     Efermi   Rms_rho    Rms_pot   Mix  Alg  Alpha 
---------------------------------------------------------------------------------------
**       1  -0.866953  1839.083  0.58616  0.140E+01  0.122E+00  pot  B   0.1000
         2  -1.153712  1816.536  0.59603  0.780E-02  0.339E+00  pot  B   0.1000
         3  -1.262608  1808.585  0.60378  0.416E-02  0.293E+00  pot  B   0.1000
         4  -1.397751  1792.706  0.61194  0.530E-02  0.303E+00  pot  B   0.1000
         5  -1.515022  1781.352  0.61852  0.407E-02  0.241E+00  pot  B   0.1000
         6  -1.654341  1748.334  0.62625  0.111E-01  0.240E+00  pot  B   0.1000
         7  -1.682621  1741.377  0.63000  0.270E-02  0.208E+00  pot  B   0.1000
         8  -1.719824  1730.887  0.63494  0.401E-02  0.540E-01  pot  B   0.1000
         9  -1.730497  1726.101  0.63636  0.220E-02  0.566E-01  pot  B   0.1000
        10  -1.742734  1720.013  0.63783  0.308E-02  0.719E-01  pot  B   0.1000
        11  -1.752733  1714.520  0.63929  0.285E-02  0.524E-01  pot  B   0.1000
        12  -1.757640  1708.935  0.64059  0.303E-02  0.197E-01  pot  B   0.1000
        13  -1.758284  1707.731  0.64212  0.780E-03  0.105E-01  pot  B   0.1000
        14  -1.758512  1707.441  0.64267  0.276E-03  0.677E-02  pot  B   0.1000
        15  -1.758629  1707.234  0.64357  0.185E-03  0.868E-02  pot  B   0.1000
        16  -1.758811  1706.952  0.64497  0.349E-03  0.516E-02  pot  B   0.1000
        17  -1.758909  1706.813  0.64670  0.312E-03  0.696E-02  pot  B   0.1000
        18  -1.758935  1706.804  0.64729  0.102E-03  0.250E-02  pot  B   0.1000
        19  -1.758945  1706.838  0.64765  0.580E-04  0.311E-02  pot  B   0.1000
        20  -1.758950  1706.812  0.64779  0.479E-04  0.117E-02  pot  B   0.1000
        21  -1.758951  1706.802  0.64785  0.227E-04  0.133E-02  pot  B   0.1000
        22  -1.758952  1706.803  0.64793  0.331E-04  0.202E-02  pot  B   0.1000
        23  -1.758953  1706.784  0.64798  0.247E-04  0.875E-03  pot  B   0.1000
        24  -1.758954  1706.773  0.64803  0.233E-04  0.565E-03  pot  B   0.1000
        25  -1.758954  1706.773  0.64805  0.103E-04  0.538E-03  pot  B   0.1000
        26  -1.758954  1706.772  0.64807  0.788E-05  0.303E-03  pot  B   0.1000
        27  -1.758954  1706.771  0.64810  0.635E-05  0.171E-03  pot  B   0.1000
        28  -1.758955  1706.776  0.64811  0.711E-05  0.133E-03  pot  B   0.1000
        29  -1.758955  1706.780  0.64814  0.646E-05  0.191E-03  pot  B   0.1000
        30  -1.758955  1706.786  0.64815  0.614E-05  0.129E-03  pot  B   0.1000
        31  -1.758955  1706.787  0.64815  0.230E-05  0.135E-03  pot  B   0.1000
        32  -1.758955  1706.792  0.64816  0.357E-05  0.367E-04  pot  B   0.1000
        33  -1.758955  1706.795  0.64816  0.127E-05  0.629E-04  pot  B   0.1000
        34  -1.758955  1706.798  0.64816  0.126E-05  0.358E-04  pot  B   0.1000
        35  -1.758955  1706.800  0.64816  0.125E-05  0.298E-04  pot  B   0.1000
        36  -1.758955  1706.804  0.64816  0.119E-05  0.157E-04  pot  B   0.1000
        37  -1.758955  1706.805  0.64816  0.471E-06  0.179E-04  pot  B   0.1000
        38  -1.758955  1706.806  0.64816  0.334E-06  0.154E-04  pot  B   0.1000
        39  -1.758955  1706.806  0.64816  0.142E-06  0.980E-05  pot  B   0.1000
        40  -1.758955  1706.806  0.64816  0.105E-06  0.776E-05  pot  B   0.1000
        41  -1.758955  1706.806  0.64816  0.945E-07  0.678E-05  pot  B   0.1000
        42  -1.758955  1706.806  0.64816  0.770E-07  0.583E-05  pot  B   0.1000
        43  -1.758955  1706.806  0.64816  0.597E-07  0.561E-05  pot  B   0.1000
        44  -1.758955  1706.806  0.64816  0.823E-07  0.381E-05  pot  B   0.1000
        45  -1.758955  1706.806  0.64816  0.442E-07  0.393E-05  pot  B   0.1000
        46  -1.758955  1706.806  0.64816  0.453E-07  0.294E-05  pot  B   0.1000
        47  -1.758955  1706.806  0.64816  0.364E-07  0.241E-05  pot  B   0.1000
        48  -1.758955  1706.806  0.64816  0.293E-07  0.156E-05  pot  B   0.1000
        49  -1.758955  1706.806  0.64816  0.403E-07  0.117E-05  pot  B   0.1000
        50  -1.758955  1706.806  0.64816  0.272E-07  0.203E-05  pot  B   0.1000
        51  -1.758955  1706.806  0.64816  0.248E-07  0.804E-06  pot  B   0.1000
        52  -1.758955  1706.806  0.64816  0.250E-07  0.101E-05  pot  B   0.1000
        53  -1.758955  1706.806  0.64816  0.109E-07  0.398E-06  pot  B   0.1000
        54  -1.758955  1706.806  0.64816  0.170E-07  0.478E-06  pot  B   0.1000
        55  -1.758955  1706.806  0.64816  0.107E-07  0.488E-06  pot  B   0.1000
        56  -1.758955  1706.806  0.64816  0.146E-07  0.416E-06  pot  B   0.1000
        57  -1.758955  1706.806  0.64816  0.539E-08  0.280E-06  pot  B   0.1000
        58  -1.758955  1706.806  0.64816  0.638E-08  0.197E-06  pot  B   0.1000
        59  -1.758955  1706.806  0.64816  0.361E-08  0.160E-06  pot  B   0.1000
        60  -1.758955  1706.806  0.64816  0.332E-08  0.123E-06  pot  B   0.1000
        61  -1.758955  1706.806  0.64816  0.472E-08  0.857E-07  pot  B   0.1000
        62  -1.758955  1706.806  0.64816  0.180E-08  0.116E-06  pot  B   0.1000
        63  -1.758955  1706.806  0.64816  0.222E-08  0.514E-07  pot  B   0.1000
        64  -1.758955  1706.806  0.64816  0.359E-08  0.405E-07  pot  B   0.1000
        65  -1.758955  1706.806  0.64816  0.135E-08  0.273E-07  pot  B   0.1000
        66  -1.758955  1706.806  0.64816  0.505E-09  0.181E-07  pot  B   0.1000
        67  -1.758955  1706.806  0.64816  0.559E-09  0.901E-08  pot  B   0.1000
**      68  -1.758955  1706.806  0.64816  0.478E-12  0.901E-08  pot  B   0.1000
