System Description            : WNbMoTa, BCC structure                          
Number of Atoms in Unit Cell  : 512                                             
Number of Atomic Species      : 4                                               
Number of Atoms in Each Type  : 128(W), 128(Nb), 128(Mo), 128(Ta)               
Energy Offset                 : -19816                                          
=======================================================================================
    Iter     Energy      3PV     Efermi   Rms_rho    Rms_pot   Mix  Alg  Alpha 
---------------------------------------------------------------------------------------
**       1  -0.262945  2293.570  0.59469  0.140E+01  0.160E+00  pot  B   0.1000
         2  -0.537397  2265.374  0.61102  0.781E-02  0.765E+00  pot  B   0.1000
         3  -0.665984  2260.458  0.61337  0.178E-02  0.370E+00  pot  B   0.1000
         4  -0.714854  2247.844  0.62014  0.346E-02  0.820E+00  pot  B   0.1000
         5  -1.037180  2198.852  0.63885  0.129E-01  0.795E+00  pot  B   0.1000
         6  -1.132693  2186.412  0.65156  0.338E-02  0.488E+00  pot  B   0.1000
         7  -1.188541  2174.301  0.66093  0.341E-02  0.163E+00  pot  B   0.1000
         8  -1.208640  2165.324  0.66724  0.292E-02  0.237E+00  pot  B   0.1000
         9  -1.225479  2159.097  0.67105  0.214E-02  0.182E+00  pot  B   0.1000
        10  -1.238843  2154.381  0.67358  0.169E-02  0.103E+00  pot  B   0.1000
        11  -1.252266  2148.616  0.67618  0.220E-02  0.840E-01  pot  B   0.1000
        12  -1.264015  2139.890  0.67996  0.358E-02  0.167E+00  pot  B   0.1000
        13  -1.271264  2136.390  0.68168  0.150E-02  0.646E-01  pot  B   0.1000
        14  -1.274596  2132.582  0.68366  0.191E-02  0.602E-01  pot  B   0.1000
        15  -1.275850  2129.413  0.68546  0.114E-02  0.242E-01  pot  B   0.1000
        16  -1.276066  2128.572  0.68613  0.439E-03  0.294E-01  pot  B   0.1000
        17  -1.276277  2128.337  0.68651  0.180E-03  0.169E-01  pot  B   0.1000
        18  -1.276406  2128.337  0.68677  0.115E-03  0.106E-01  pot  B   0.1000
        19  -1.276567  2128.115  0.68760  0.314E-03  0.564E-02  pot  B   0.1000
        20  -1.276622  2128.013  0.68833  0.208E-03  0.119E-01  pot  B   0.1000
        21  -1.276698  2128.526  0.68877  0.150E-03  0.160E-01  pot  B   0.1000
        22  -1.276733  2128.562  0.68897  0.414E-04  0.968E-02  pot  B   0.1000
        23  -1.276730  2128.494  0.68900  0.259E-04  0.704E-02  pot  B   0.1000
        24  -1.276761  2128.456  0.68960  0.154E-03  0.722E-02  pot  B   0.1000
        25  -1.276769  2128.425  0.68980  0.486E-04  0.503E-02  pot  B   0.1000
        26  -1.276787  2128.569  0.69013  0.633E-04  0.293E-02  pot  B   0.1000
        27  -1.276789  2128.530  0.69026  0.210E-04  0.349E-02  pot  B   0.1000
        28  -1.276794  2128.525  0.69045  0.320E-04  0.433E-02  pot  B   0.1000
        29  -1.276797  2128.523  0.69054  0.150E-04  0.363E-02  pot  B   0.1000
        30  -1.276798  2128.492  0.69067  0.290E-04  0.229E-02  pot  B   0.1000
        31  -1.276801  2128.480  0.69082  0.238E-04  0.117E-02  pot  B   0.1000
        32  -1.276803  2128.460  0.69091  0.153E-04  0.122E-02  pot  B   0.1000
        33  -1.276804  2128.436  0.69101  0.155E-04  0.151E-02  pot  B   0.1000
        34  -1.276804  2128.423  0.69103  0.549E-05  0.122E-02  pot  B   0.1000
        35  -1.276805  2128.384  0.69108  0.117E-04  0.100E-02  pot  B   0.1000
        36  -1.276805  2128.381  0.69111  0.663E-05  0.983E-03  pot  B   0.1000
        37  -1.276805  2128.379  0.69112  0.182E-05  0.103E-02  pot  B   0.1000
        38  -1.276806  2128.352  0.69117  0.998E-05  0.513E-03  pot  B   0.1000
        39  -1.276806  2128.332  0.69119  0.538E-05  0.584E-03  pot  B   0.1000
        40  -1.276806  2128.317  0.69121  0.477E-05  0.738E-03  pot  B   0.1000
        41  -1.276806  2128.312  0.69122  0.186E-05  0.738E-03  pot  B   0.1000
        42  -1.276806  2128.308  0.69122  0.164E-05  0.507E-03  pot  B   0.1000
        43  -1.276806  2128.296  0.69124  0.348E-05  0.293E-03  pot  B   0.1000
        44  -1.276806  2128.289  0.69124  0.175E-05  0.202E-03  pot  B   0.1000
        45  -1.276806  2128.281  0.69125  0.217E-05  0.275E-03  pot  B   0.1000
        46  -1.276806  2128.279  0.69125  0.604E-06  0.285E-03  pot  B   0.1000
        47  -1.276805  2128.273  0.69125  0.142E-05  0.216E-03  pot  B   0.1000
        48  -1.276805  2128.272  0.69124  0.497E-06  0.181E-03  pot  B   0.1000
        49  -1.276805  2128.271  0.69124  0.313E-06  0.288E-03  pot  B   0.1000
        50  -1.276805  2128.268  0.69124  0.831E-06  0.899E-04  pot  B   0.1000
        51  -1.276805  2128.267  0.69124  0.953E-06  0.981E-04  pot  B   0.1000
        52  -1.276805  2128.267  0.69123  0.451E-06  0.137E-03  pot  B   0.1000
        53  -1.276805  2128.267  0.69123  0.194E-06  0.150E-03  pot  B   0.1000
        54  -1.276805  2128.267  0.69123  0.393E-06  0.128E-03  pot  B   0.1000
        55  -1.276805  2128.267  0.69123  0.262E-06  0.902E-04  pot  B   0.1000
        56  -1.276805  2128.267  0.69123  0.704E-06  0.553E-04  pot  B   0.1000
        57  -1.276805  2128.267  0.69123  0.570E-06  0.529E-04  pot  B   0.1000
        58  -1.276805  2128.268  0.69122  0.374E-06  0.694E-04  pot  B   0.1000
        59  -1.276805  2128.269  0.69122  0.803E-06  0.381E-04  pot  B   0.1000
        60  -1.276805  2128.269  0.69122  0.476E-06  0.425E-04  pot  B   0.1000
        61  -1.276805  2128.269  0.69122  0.399E-06  0.810E-04  pot  B   0.1000
        62  -1.276805  2128.270  0.69122  0.463E-06  0.213E-04  pot  B   0.1000
        63  -1.276805  2128.271  0.69121  0.921E-06  0.300E-04  pot  B   0.1000
        64  -1.276805  2128.272  0.69121  0.369E-06  0.378E-04  pot  B   0.1000
        65  -1.276805  2128.272  0.69121  0.264E-06  0.504E-04  pot  B   0.1000
        66  -1.276805  2128.273  0.69121  0.302E-06  0.429E-04  pot  B   0.1000
        67  -1.276805  2128.273  0.69121  0.527E-07  0.365E-04  pot  B   0.1000
        68  -1.276805  2128.274  0.69121  0.450E-06  0.172E-04  pot  B   0.1000
        69  -1.276805  2128.274  0.69121  0.199E-06  0.163E-04  pot  B   0.1000
        70  -1.276805  2128.274  0.69121  0.179E-06  0.199E-04  pot  B   0.1000
        71  -1.276805  2128.275  0.69121  0.232E-06  0.980E-05  pot  B   0.1000
        72  -1.276805  2128.275  0.69121  0.107E-06  0.102E-04  pot  B   0.1000
        73  -1.276805  2128.276  0.69121  0.118E-06  0.205E-04  pot  B   0.1000
        74  -1.276805  2128.276  0.69121  0.914E-07  0.566E-05  pot  B   0.1000
        75  -1.276805  2128.276  0.69121  0.166E-06  0.659E-05  pot  B   0.1000
        76  -1.276805  2128.276  0.69121  0.546E-07  0.838E-05  pot  B   0.1000
        77  -1.276805  2128.276  0.69121  0.439E-07  0.127E-04  pot  B   0.1000
        78  -1.276805  2128.277  0.69121  0.503E-07  0.989E-05  pot  B   0.1000
        79  -1.276805  2128.276  0.69121  0.197E-07  0.111E-04  pot  B   0.1000
        80  -1.276805  2128.277  0.69121  0.804E-07  0.443E-05  pot  B   0.1000
        81  -1.276805  2128.277  0.69121  0.264E-07  0.474E-05  pot  B   0.1000
        82  -1.276805  2128.277  0.69121  0.358E-07  0.580E-05  pot  B   0.1000
        83  -1.276805  2128.277  0.69121  0.373E-07  0.276E-05  pot  B   0.1000
        84  -1.276805  2128.277  0.69121  0.339E-07  0.332E-05  pot  B   0.1000
        85  -1.276805  2128.277  0.69121  0.316E-07  0.593E-05  pot  B   0.1000
        86  -1.276805  2128.277  0.69121  0.975E-08  0.190E-05  pot  B   0.1000
        87  -1.276805  2128.277  0.69121  0.554E-07  0.226E-05  pot  B   0.1000
        88  -1.276805  2128.277  0.69121  0.340E-07  0.283E-05  pot  B   0.1000
        89  -1.276805  2128.277  0.69121  0.240E-07  0.452E-05  pot  B   0.1000
        90  -1.276805  2128.277  0.69121  0.396E-07  0.294E-05  pot  B   0.1000
        91  -1.276805  2128.277  0.69121  0.572E-08  0.415E-05  pot  B   0.1000
        92  -1.276805  2128.277  0.69121  0.378E-07  0.146E-05  pot  B   0.1000
        93  -1.276805  2128.277  0.69121  0.220E-07  0.191E-05  pot  B   0.1000
        94  -1.276805  2128.277  0.69121  0.222E-07  0.253E-05  pot  B   0.1000
        95  -1.276805  2128.277  0.69121  0.278E-07  0.125E-05  pot  B   0.1000
        96  -1.276805  2128.277  0.69121  0.256E-07  0.130E-05  pot  B   0.1000
        97  -1.276805  2128.277  0.69121  0.167E-07  0.217E-05  pot  B   0.1000
        98  -1.276805  2128.276  0.69121  0.864E-08  0.875E-06  pot  B   0.1000
        99  -1.276805  2128.276  0.69121  0.327E-07  0.906E-06  pot  B   0.1000
       100  -1.276805  2128.276  0.69121  0.175E-07  0.107E-05  pot  B   0.1000
**     101  -1.276805  2128.276  0.69121  0.523E-12  0.107E-05  pot  B   0.1000
