 Atom   Index      Q          Qmt        dQ        Vmad        Local Energy
  W         1   73.96819   72.66587   -0.03181    1.64180      -32312.46095
  W         2   73.94614   72.64381   -0.05386    1.66848      -32312.47139
  W         3   73.89363   72.59130   -0.10637    1.71562      -32312.49415
  W         4   73.83239   72.53006   -0.16761    1.77782      -32312.54082
  Nb        5   40.76000   39.45767   -0.24000    1.87464       -7632.64878
  Nb        6   41.01576   39.71343    0.01576    1.63451       -7632.55204
  Nb        7   41.03356   39.73123    0.03356    1.61523       -7632.54248
  Nb        8   40.91767   39.61534   -0.08233    1.72060       -7632.59684
  Mo        9   42.24595   40.94363    0.24595    1.48675       -8090.49273
  Mo       10   42.06194   40.75961    0.06194    1.68098       -8090.61210
  Mo       11   41.97903   40.67670   -0.02097    1.76616       -8090.65643
  Mo       12   41.91445   40.61213   -0.08555    1.83591       -8090.69358
  Ta       13   72.76767   71.46535   -0.23233    1.78390      -31232.95406
  Ta       14   72.69783   71.39551   -0.30217    1.84547      -31232.95206
  Ta       15   72.79254   71.49021   -0.20746    1.76015      -31232.92220
  Ta       16   72.81631   71.51399   -0.18369    1.73786      -31232.91577
  Ti       17   22.35251   21.05018    0.35251    1.52312       -1704.37638
  Ti       18   22.31498   21.01265    0.31498    1.56449       -1704.39578
  Ti       19   22.41219   21.10986    0.41219    1.46892       -1704.36289
  Ti       20   22.27726   20.97493    0.27726    1.60420       -1704.42578
