 Atom   Index      Q          Qmt        dQ        Vmad        Local Energy
  W         1   73.82467   72.52013   -0.17533    1.79730      -32312.56873
  W         2   73.95956   72.65503   -0.04044    1.66244      -32312.46625
  W         3   73.84314   72.53861   -0.15686    1.77902      -32312.54752
  W         4   73.79994   72.49541   -0.20006    1.82309      -32312.56329
  W         5   73.95038   72.64585   -0.04962    1.67498      -32312.47462
  W         6   73.92855   72.62401   -0.07145    1.67671      -32312.46862
  W         7   73.85092   72.54638   -0.14908    1.76836      -32312.54386
  W         8   73.83271   72.52818   -0.16729    1.78667      -32312.53946
  W         9   74.01950   72.71496    0.01950    1.58527      -32312.41311
  W        10   73.93448   72.62994   -0.06552    1.67607      -32312.47132
  W        11   73.90887   72.60433   -0.09113    1.72082      -32312.50932
  W        12   73.96437   72.65984   -0.03563    1.66155      -32312.46996
  W        13   73.91698   72.61245   -0.08302    1.70058      -32312.48743
  W        14   73.79630   72.49176   -0.20370    1.83026      -32312.57352
  W        15   73.84040   72.53586   -0.15960    1.77890      -32312.54178
  W        16   73.80190   72.49736   -0.19810    1.81188      -32312.55586
  W        17   73.84847   72.54394   -0.15153    1.77974      -32312.55455
  W        18   73.87312   72.56858   -0.12688    1.73859      -32312.51725
  W        19   73.86410   72.55956   -0.13590    1.75157      -32312.52193
  W        20   73.82792   72.52338   -0.17208    1.79802      -32312.56319
  W        21   73.73809   72.43355   -0.26191    1.88789      -32312.61334
  W        22   73.91480   72.61026   -0.08520    1.69572      -32312.47791
  W        23   73.94480   72.64027   -0.05520    1.67053      -32312.46895
  W        24   73.98781   72.68327   -0.01219    1.62453      -32312.44350
  W        25   73.93307   72.62853   -0.06693    1.68348      -32312.47541
  W        26   73.80402   72.49949   -0.19598    1.82398      -32312.57435
  W        27   73.93992   72.63538   -0.06008    1.68216      -32312.47696
  W        28   73.88473   72.58020   -0.11527    1.73058      -32312.50506
  W        29   73.94207   72.63754   -0.05793    1.66322      -32312.46170
  W        30   73.86528   72.56074   -0.13472    1.75659      -32312.53556
  W        31   73.91017   72.60564   -0.08983    1.69827      -32312.48212
  W        32   73.82845   72.52391   -0.17155    1.78709      -32312.54414
  Nb       33   41.02527   39.72074    0.02527    1.62218       -7632.53303
  Nb       34   40.88876   39.58422   -0.11124    1.76475       -7632.62744
  Nb       35   41.01449   39.70995    0.01449    1.63827       -7632.54419
  Nb       36   40.97288   39.66834   -0.02712    1.67115       -7632.56468
  Nb       37   40.94349   39.63896   -0.05651    1.70235       -7632.58872
  Nb       38   40.86091   39.55637   -0.13909    1.78593       -7632.64112
  Nb       39   40.88416   39.57962   -0.11584    1.76604       -7632.62550
  Nb       40   40.93657   39.63203   -0.06343    1.70858       -7632.58472
  Nb       41   40.84475   39.54022   -0.15525    1.80982       -7632.65954
  Nb       42   41.04443   39.73990    0.04443    1.59549       -7632.52382
  Nb       43   41.01089   39.70635    0.01089    1.63494       -7632.54842
  Nb       44   41.00250   39.69797    0.00250    1.64756       -7632.55381
  Nb       45   40.90317   39.59863   -0.09683    1.74702       -7632.60795
  Nb       46   40.78649   39.48196   -0.21351    1.86525       -7632.68128
  Nb       47   40.79625   39.49171   -0.20375    1.85339       -7632.66845
  Nb       48   40.82915   39.52462   -0.17085    1.81815       -7632.65901
  Nb       49   40.88529   39.58075   -0.11471    1.76516       -7632.62390
  Nb       50   40.92509   39.62056   -0.07491    1.72652       -7632.60312
  Nb       51   40.85932   39.55479   -0.14068    1.79304       -7632.65112
  Nb       52   40.95512   39.65058   -0.04488    1.69235       -7632.58152
  Nb       53   40.75423   39.44969   -0.24577    1.89700       -7632.69943
  Nb       54   40.89916   39.59462   -0.10084    1.75427       -7632.61543
  Nb       55   40.90313   39.59859   -0.09687    1.74821       -7632.62178
  Nb       56   40.96690   39.66237   -0.03310    1.67832       -7632.56500
  Nb       57   41.06526   39.76073    0.06526    1.58531       -7632.51626
  Nb       58   40.88987   39.58533   -0.11013    1.75600       -7632.60641
  Nb       59   40.83611   39.53157   -0.16389    1.81780       -7632.66369
  Nb       60   41.00662   39.70208    0.00662    1.64198       -7632.54761
  Nb       61   41.03577   39.73123    0.03577    1.60758       -7632.53576
  Nb       62   41.05535   39.75081    0.05535    1.59011       -7632.52578
  Nb       63   40.97038   39.66585   -0.02962    1.68232       -7632.57507
  Nb       64   40.84877   39.54424   -0.15123    1.79684       -7632.64631
  Mo       65   42.03968   40.73514    0.03968    1.70193       -8090.61409
  Mo       66   42.23749   40.93295    0.23749    1.51178       -8090.50999
  Mo       67   42.06247   40.75793    0.06247    1.68595       -8090.60967
  Mo       68   42.24076   40.93623    0.24076    1.49544       -8090.49014
  Mo       69   42.15113   40.84659    0.15113    1.59978       -8090.56488
  Mo       70   42.18052   40.87598    0.18052    1.55162       -8090.51886
  Mo       71   42.11992   40.81538    0.11992    1.62787       -8090.57268
  Mo       72   41.96677   40.66223   -0.03323    1.77932       -8090.65964
  Mo       73   42.10369   40.79915    0.10369    1.63915       -8090.58145
  Mo       74   41.99555   40.69101   -0.00445    1.75634       -8090.65240
  Mo       75   42.05223   40.74769    0.05223    1.68676       -8090.60370
  Mo       76   42.02580   40.72127    0.02580    1.71466       -8090.61958
  Mo       77   42.08142   40.77689    0.08142    1.66170       -8090.59143
  Mo       78   42.16823   40.86369    0.16823    1.57245       -8090.52713
  Mo       79   42.14187   40.83733    0.14187    1.60030       -8090.55369
  Mo       80   42.15043   40.84589    0.15043    1.58712       -8090.52754
  Mo       81   42.10875   40.80422    0.10875    1.63791       -8090.57736
  Mo       82   42.14097   40.83643    0.14097    1.60688       -8090.56028
  Mo       83   42.02955   40.72502    0.02955    1.71061       -8090.60887
  Mo       84   42.02657   40.72203    0.02657    1.71472       -8090.61302
  Mo       85   42.08134   40.77681    0.08134    1.65678       -8090.58232
  Mo       86   41.99966   40.69512   -0.00034    1.74367       -8090.63731
  Mo       87   42.02194   40.71740    0.02194    1.72995       -8090.63522
  Mo       88   42.05630   40.75177    0.05630    1.69987       -8090.62382
  Mo       89   42.11573   40.81120    0.11573    1.62971       -8090.56909
  Mo       90   42.00503   40.70049    0.00503    1.74015       -8090.64832
  Mo       91   42.18316   40.87862    0.18316    1.55333       -8090.52205
  Mo       92   42.14222   40.83769    0.14222    1.60061       -8090.55158
  Mo       93   42.08986   40.78532    0.08986    1.64853       -8090.58935
  Mo       94   42.18475   40.88021    0.18475    1.55486       -8090.52159
  Mo       95   42.06521   40.76067    0.06521    1.67630       -8090.59470
  Mo       96   41.97121   40.66667   -0.02879    1.77055       -8090.64568
  Ta       97   72.77090   71.46636   -0.22910    1.78331      -31232.94283
  Ta       98   72.82764   71.52311   -0.17236    1.73052      -31232.92042
  Ta       99   72.92286   71.61833   -0.07714    1.64375      -31232.86121
  Ta      100   72.88270   71.57816   -0.11730    1.67838      -31232.88956
  Ta      101   72.81590   71.51136   -0.18410    1.72979      -31232.89891
  Ta      102   72.87528   71.57075   -0.12472    1.68376      -31232.88609
  Ta      103   72.74505   71.44051   -0.25495    1.80745      -31232.95569
  Ta      104   72.85708   71.55254   -0.14292    1.70211      -31232.90118
  Ta      105   72.75365   71.44911   -0.24635    1.79713      -31232.94464
  Ta      106   72.73472   71.43019   -0.26528    1.82198      -31232.97243
  Ta      107   72.92696   71.62242   -0.07304    1.62738      -31232.85271
  Ta      108   72.84318   71.53864   -0.15682    1.71165      -31232.90077
  Ta      109   72.65073   71.34620   -0.34927    1.90562      -31233.02530
  Ta      110   72.73914   71.43461   -0.26086    1.81456      -31232.96329
  Ta      111   72.80479   71.50025   -0.19521    1.75165      -31232.91820
  Ta      112   72.77779   71.47326   -0.22221    1.77462      -31232.94723
  Ta      113   72.87582   71.57129   -0.12418    1.68844      -31232.89036
  Ta      114   72.67113   71.36659   -0.32887    1.88658      -31233.01929
  Ta      115   72.87529   71.57076   -0.12471    1.68464      -31232.88230
  Ta      116   72.67172   71.36718   -0.32828    1.88432      -31233.00396
  Ta      117   72.96491   71.66038   -0.03509    1.59069      -31232.82502
  Ta      118   72.74868   71.44415   -0.25132    1.80285      -31232.95857
  Ta      119   72.82359   71.51905   -0.17641    1.73540      -31232.92174
  Ta      120   72.85859   71.55406   -0.14141    1.70274      -31232.90390
  Ta      121   72.85050   71.54596   -0.14950    1.71597      -31232.90887
  Ta      122   72.73540   71.43086   -0.26460    1.80890      -31232.93954
  Ta      123   72.78362   71.47908   -0.21638    1.76866      -31232.94454
  Ta      124   72.76320   71.45866   -0.23680    1.79652      -31232.96011
  Ta      125   72.78801   71.48347   -0.21199    1.77273      -31232.94895
  Ta      126   72.83061   71.52608   -0.16939    1.73254      -31232.91582
  Ta      127   72.82370   71.51916   -0.17630    1.73131      -31232.91224
  Ta      128   72.78940   71.48487   -0.21060    1.77393      -31232.94798
  Ti      129   22.22986   20.92533    0.22986    1.64536       -1704.42953
  Ti      130   22.24346   20.93892    0.24346    1.63505       -1704.42623
  Ti      131   22.19789   20.89335    0.19789    1.67218       -1704.45372
  Ti      132   22.35174   21.04721    0.35174    1.53231       -1704.40759
  Ti      133   22.32736   21.02282    0.32736    1.53164       -1704.34553
  Ti      134   22.28146   20.97692    0.28146    1.59622       -1704.41094
  Ti      135   22.27617   20.97164    0.27617    1.59291       -1704.40556
  Ti      136   22.27099   20.96646    0.27099    1.60711       -1704.41637
  Ti      137   22.36145   21.05692    0.36145    1.51383       -1704.35284
  Ti      138   22.26416   20.95963    0.26416    1.61209       -1704.41973
  Ti      139   22.28246   20.97792    0.28246    1.58605       -1704.39375
  Ti      140   22.13804   20.83350    0.13804    1.72780       -1704.44067
  Ti      141   22.33982   21.03529    0.33982    1.53081       -1704.37215
  Ti      142   22.23971   20.93517    0.23971    1.63561       -1704.43900
  Ti      143   22.31664   21.01210    0.31664    1.55623       -1704.39060
  Ti      144   22.27417   20.96963    0.27417    1.59214       -1704.39828
  Ti      145   22.20626   20.90172    0.20626    1.66819       -1704.43943
  Ti      146   22.30368   20.99914    0.30368    1.56927       -1704.37751
  Ti      147   22.26442   20.95988    0.26442    1.61763       -1704.42440
  Ti      148   22.31303   21.00850    0.31303    1.55773       -1704.38869
  Ti      149   22.31457   21.01003    0.31457    1.56603       -1704.39602
  Ti      150   22.19576   20.89122    0.19576    1.67547       -1704.43877
  Ti      151   22.39521   21.09067    0.39521    1.48320       -1704.37461
  Ti      152   22.34047   21.03594    0.34047    1.54143       -1704.40537
  Ti      153   22.36057   21.05603    0.36057    1.50761       -1704.32928
  Ti      154   22.28212   20.97758    0.28212    1.58173       -1704.38592
  Ti      155   22.36066   21.05612    0.36066    1.51630       -1704.36015
  Ti      156   22.38009   21.07555    0.38009    1.49190       -1704.34515
  Ti      157   22.32847   21.02394    0.32847    1.54545       -1704.39011
  Ti      158   22.27528   20.97074    0.27528    1.60390       -1704.42206
  Ti      159   22.33118   21.02664    0.33118    1.54564       -1704.38775
  Ti      160   22.35004   21.04550    0.35004    1.51569       -1704.34575
