 Atom   Index      Q          Qmt        dQ        Vmad        Local Energy
  W         1   73.89402   72.59475   -0.10598    1.69068      -32312.46287
  W         2   73.81599   72.51672   -0.18401    1.77711      -32312.51515
  W         3   73.95786   72.65859   -0.04214    1.62613      -32312.41735
  W         4   73.74564   72.44637   -0.25436    1.84820      -32312.57698
  W         5   73.81103   72.51176   -0.18897    1.78092      -32312.53294
  W         6   73.87042   72.57114   -0.12958    1.72251      -32312.49168
  W         7   73.78302   72.48375   -0.21698    1.81037      -32312.54817
  W         8   73.91309   72.61382   -0.08691    1.66933      -32312.43898
  Nb        9   40.91950   39.62023   -0.08050    1.70317       -7632.55995
  Nb       10   40.92944   39.63017   -0.07056    1.68990       -7632.56100
  Nb       11   40.97731   39.67804   -0.02269    1.64689       -7632.52672
  Nb       12   40.90712   39.60785   -0.09288    1.71505       -7632.56942
  Nb       13   40.97318   39.67391   -0.02682    1.65051       -7632.52156
  Nb       14   40.83555   39.53628   -0.16445    1.78296       -7632.63206
  Nb       15   40.88530   39.58603   -0.11470    1.73858       -7632.59478
  Nb       16   40.82416   39.52489   -0.17584    1.79738       -7632.63163
  Mo       17   41.92815   40.62888   -0.07185    1.79272       -8090.65149
  Mo       18   42.08745   40.78818    0.08745    1.63061       -8090.56002
  Mo       19   42.09892   40.79964    0.09892    1.61913       -8090.54919
  Mo       20   42.04888   40.74961    0.04888    1.67138       -8090.58309
  Mo       21   42.07156   40.77229    0.07156    1.64928       -8090.56762
  Mo       22   42.08843   40.78916    0.08843    1.63382       -8090.55874
  Mo       23   42.00963   40.71036    0.00963    1.71010       -8090.61060
  Mo       24   41.91683   40.61756   -0.08317    1.80380       -8090.66465
  Ta       25   72.75604   71.45676   -0.24396    1.77510      -31232.91539
  Ta       26   72.83016   71.53089   -0.16984    1.69813      -31232.86283
  Ta       27   72.74489   71.44562   -0.25511    1.78466      -31232.94315
  Ta       28   72.82375   71.52448   -0.17625    1.70752      -31232.87035
  Ta       29   72.87906   71.57979   -0.12094    1.65195      -31232.83215
  Ta       30   72.74330   71.44403   -0.25670    1.78161      -31232.93726
  Ta       31   72.71189   71.41262   -0.28811    1.81873      -31232.95935
  Ta       32   72.62837   71.32910   -0.37163    1.89996      -31233.00027
  V        33   23.38343   22.08415    0.38343    1.56814       -1895.26266
  V        34   23.42874   22.12947    0.42874    1.52022       -1895.23140
  V        35   23.49115   22.19187    0.49115    1.45032       -1895.16700
  V        36   23.48281   22.18354    0.48281    1.46220       -1895.20091
  V        37   23.47340   22.17413    0.47340    1.47050       -1895.19122
  V        38   23.51711   22.21784    0.51711    1.42488       -1895.17782
  V        39   23.31238   22.01311    0.31238    1.63616       -1895.27850
  V        40   23.50106   22.20179    0.50106    1.44450       -1895.18502
