 Atom   Index      Q          Qmt        dQ        Vmad        Local Energy
  W         1   73.96523   72.57799   -0.03477    1.80412      -32312.61660
  W         2   73.94460   72.55737   -0.05540    1.81987      -32312.63275
  W         3   73.95682   72.56959   -0.04318    1.81386      -32312.62698
  W         4   73.97747   72.59024   -0.02253    1.79744      -32312.62221
  W         5   73.97070   72.58346   -0.02930    1.80072      -32312.62187
  W         6   73.88597   72.49874   -0.11403    1.86960      -32312.65897
  W         7   73.94866   72.56142   -0.05134    1.81741      -32312.62892
  W         8   73.94984   72.56260   -0.05016    1.82807      -32312.64168
  W         9   73.96434   72.57710   -0.03566    1.81025      -32312.62886
  W        10   73.89661   72.50938   -0.10339    1.85763      -32312.64216
  W        11   73.99109   72.60386   -0.00891    1.77978      -32312.60513
  W        12   73.99035   72.60311   -0.00965    1.77179      -32312.59304
  W        13   73.96310   72.57587   -0.03690    1.80589      -32312.61908
  W        14   73.96176   72.57453   -0.03824    1.80335      -32312.61827
  W        15   73.93588   72.54864   -0.06412    1.82932      -32312.63579
  W        16   73.95691   72.56967   -0.04309    1.81266      -32312.62427
  W        17   73.97133   72.58409   -0.02867    1.79083      -32312.60572
  W        18   74.03504   72.64781    0.03504    1.74746      -32312.60207
  W        19   73.89324   72.50601   -0.10676    1.86752      -32312.65494
  W        20   73.93663   72.54939   -0.06337    1.83296      -32312.63588
  W        21   73.92858   72.54135   -0.07142    1.83842      -32312.63314
  W        22   73.98376   72.59652   -0.01624    1.77961      -32312.60526
  W        23   73.95811   72.57087   -0.04189    1.80569      -32312.62255
  W        24   73.89871   72.51148   -0.10129    1.86687      -32312.65666
  W        25   73.87879   72.49156   -0.12121    1.88849      -32312.67129
  W        26   73.97303   72.58579   -0.02697    1.79893      -32312.61837
  W        27   73.98367   72.59644   -0.01633    1.78835      -32312.61395
  W        28   74.00361   72.61637    0.00361    1.76906      -32312.60636
  W        29   73.94861   72.56137   -0.05139    1.82025      -32312.63120
  W        30   73.99330   72.60607   -0.00670    1.78244      -32312.60702
  W        31   74.06407   72.67684    0.06407    1.71812      -32312.57387
  W        32   73.99269   72.60545   -0.00731    1.77581      -32312.60203
  Nb       33   41.03928   39.65205    0.03928    1.76342       -7632.70650
  Nb       34   40.99628   39.60904   -0.00372    1.80968       -7632.73156
  Nb       35   41.07036   39.68313    0.07036    1.72852       -7632.67573
  Nb       36   40.99347   39.60624   -0.00653    1.81141       -7632.73235
  Nb       37   41.02385   39.63662    0.02385    1.77952       -7632.71026
  Nb       38   41.02516   39.63792    0.02516    1.77837       -7632.70305
  Nb       39   41.05482   39.66758    0.05482    1.75092       -7632.68981
  Nb       40   41.05045   39.66322    0.05045    1.75838       -7632.70030
  Nb       41   41.03332   39.64609    0.03332    1.77170       -7632.70453
  Nb       42   41.00621   39.61897    0.00621    1.79508       -7632.71876
  Nb       43   41.06989   39.68266    0.06989    1.74049       -7632.69139
  Nb       44   41.01486   39.62763    0.01486    1.79191       -7632.71559
  Nb       45   41.04905   39.66182    0.04905    1.75858       -7632.69450
  Nb       46   41.04243   39.65520    0.04243    1.76554       -7632.70627
  Nb       47   41.00869   39.62146    0.00869    1.79242       -7632.72173
  Nb       48   40.99359   39.60636   -0.00641    1.81180       -7632.72959
  Nb       49   41.01657   39.62933    0.01657    1.79088       -7632.71954
  Nb       50   40.99652   39.60929   -0.00348    1.80593       -7632.72697
  Nb       51   40.92293   39.53570   -0.07707    1.87772       -7632.77325
  Nb       52   41.09138   39.70415    0.09138    1.72038       -7632.67486
  Nb       53   40.99502   39.60778   -0.00498    1.81101       -7632.73021
  Nb       54   41.05620   39.66896    0.05620    1.75730       -7632.70166
  Nb       55   41.00934   39.62211    0.00934    1.79044       -7632.72219
  Nb       56   41.00916   39.62193    0.00916    1.79779       -7632.72591
  Nb       57   40.98052   39.59328   -0.01948    1.82143       -7632.73691
  Nb       58   41.00505   39.61781    0.00505    1.79969       -7632.72006
  Nb       59   41.01873   39.63150    0.01873    1.78539       -7632.71682
  Nb       60   40.97088   39.58365   -0.02912    1.83374       -7632.74600
  Nb       61   41.00879   39.62156    0.00879    1.79621       -7632.72060
  Nb       62   41.00699   39.61976    0.00699    1.79392       -7632.71815
  Nb       63   41.06108   39.67385    0.06108    1.74886       -7632.69166
  Nb       64   40.96588   39.57865   -0.03412    1.83541       -7632.75139
  Mo       65   42.22112   40.83388    0.22112    1.67888       -8090.67656
  Mo       66   42.19953   40.81229    0.19953    1.69803       -8090.68661
  Mo       67   42.06755   40.68032    0.06755    1.82192       -8090.74697
  Mo       68   42.14698   40.75975    0.14698    1.74300       -8090.70605
  Mo       69   42.17587   40.78864    0.17587    1.71958       -8090.69203
  Mo       70   42.17684   40.78961    0.17684    1.71701       -8090.69690
  Mo       71   42.14430   40.75706    0.14430    1.75043       -8090.70259
  Mo       72   42.13057   40.74333    0.13057    1.76555       -8090.72934
  Mo       73   42.18596   40.79873    0.18596    1.70813       -8090.68813
  Mo       74   42.15152   40.76428    0.15152    1.74444       -8090.71019
  Mo       75   42.17091   40.78367    0.17091    1.71529       -8090.68493
  Mo       76   42.23767   40.85044    0.23767    1.65958       -8090.66435
  Mo       77   42.15558   40.76835    0.15558    1.74237       -8090.70643
  Mo       78   42.25366   40.86642    0.25366    1.65009       -8090.65422
  Mo       79   42.19814   40.81091    0.19814    1.69739       -8090.68531
  Mo       80   42.14611   40.75887    0.14611    1.74341       -8090.69797
  Mo       81   42.11564   40.72840    0.11564    1.76979       -8090.71328
  Mo       82   42.11086   40.72363    0.11086    1.77724       -8090.71768
  Mo       83   42.17449   40.78726    0.17449    1.71947       -8090.69264
  Mo       84   42.16487   40.77764    0.16487    1.72666       -8090.69703
  Mo       85   42.18978   40.80255    0.18978    1.70473       -8090.68369
  Mo       86   42.17330   40.78607    0.17330    1.72105       -8090.69725
  Mo       87   42.20978   40.82254    0.20978    1.68963       -8090.67528
  Mo       88   42.18508   40.79784    0.18508    1.70357       -8090.68362
  Mo       89   42.12798   40.74074    0.12798    1.75982       -8090.71408
  Mo       90   42.10539   40.71816    0.10539    1.78168       -8090.72921
  Mo       91   42.14753   40.76029    0.14753    1.74272       -8090.70527
  Mo       92   42.15033   40.76310    0.15033    1.74127       -8090.70653
  Mo       93   42.12003   40.73280    0.12003    1.76752       -8090.71279
  Mo       94   42.17635   40.78911    0.17635    1.72324       -8090.69928
  Mo       95   42.19551   40.80827    0.19551    1.69104       -8090.67367
  Mo       96   42.17227   40.78504    0.17227    1.72417       -8090.68664
  Ta       97   72.87279   71.48556   -0.12721    1.84117      -31233.05859
  Ta       98   72.78723   71.39999   -0.21277    1.91775      -31233.11059
  Ta       99   72.87208   71.48485   -0.12792    1.84091      -31233.05630
  Ta      100   72.89903   71.51180   -0.10097    1.81947      -31233.05179
  Ta      101   72.76266   71.37542   -0.23734    1.94632      -31233.12392
  Ta      102   72.89321   71.50597   -0.10679    1.82530      -31233.05254
  Ta      103   72.82179   71.43456   -0.17821    1.89033      -31233.09021
  Ta      104   72.80925   71.42201   -0.19075    1.89980      -31233.09512
  Ta      105   72.94143   71.55420   -0.05857    1.78171      -31233.03102
  Ta      106   72.89002   71.50278   -0.10998    1.82854      -31233.04917
  Ta      107   72.84248   71.45524   -0.15752    1.87168      -31233.08003
  Ta      108   72.82936   71.44212   -0.17064    1.88338      -31233.08397
  Ta      109   72.90789   71.52065   -0.09211    1.81056      -31233.04450
  Ta      110   72.84088   71.45364   -0.15912    1.86866      -31233.08051
  Ta      111   72.79668   71.40944   -0.20332    1.91350      -31233.10516
  Ta      112   72.84275   71.45552   -0.15725    1.86994      -31233.08149
  Ta      113   72.91680   71.52956   -0.08320    1.80188      -31233.03631
  Ta      114   72.78196   71.39473   -0.21804    1.92647      -31233.11646
  Ta      115   72.95017   71.56293   -0.04983    1.77275      -31233.02105
  Ta      116   72.80108   71.41385   -0.19892    1.90390      -31233.10045
  Ta      117   72.83541   71.44818   -0.16459    1.87480      -31233.07991
  Ta      118   72.88714   71.49990   -0.11286    1.83401      -31233.06015
  Ta      119   72.85443   71.46720   -0.14557    1.86126      -31233.07800
  Ta      120   72.90030   71.51306   -0.09970    1.81855      -31233.04807
  Ta      121   72.76898   71.38175   -0.23102    1.93701      -31233.12363
  Ta      122   72.93078   71.54355   -0.06922    1.79029      -31233.03138
  Ta      123   72.87144   71.48420   -0.12856    1.84626      -31233.06439
  Ta      124   72.84821   71.46097   -0.15179    1.86711      -31233.08127
  Ta      125   72.82933   71.44209   -0.17067    1.87402      -31233.08093
  Ta      126   72.83646   71.44922   -0.16354    1.87098      -31233.07347
  Ta      127   72.87887   71.49163   -0.12113    1.84131      -31233.05777
  Ta      128   72.92836   71.54113   -0.07164    1.79222      -31233.02655
