 Atom   Index      Q          Qmt        dQ        Vmad        Local Energy
  W         1   73.86533   72.56061   -0.13467    1.75556      -32312.52962
  W         2   73.92253   72.61781   -0.07747    1.69986      -32312.49508
  W         3   73.90856   72.60384   -0.09144    1.71080      -32312.49696
  W         4   73.80748   72.50276   -0.19252    1.81084      -32312.56638
  W         5   73.82962   72.52490   -0.17038    1.79197      -32312.55096
  W         6   73.88086   72.57614   -0.11914    1.73663      -32312.51509
  W         7   73.77593   72.47121   -0.22407    1.85149      -32312.60075
  W         8   73.71153   72.40681   -0.28847    1.91238      -32312.63219
  W         9   73.89847   72.59375   -0.10153    1.72651      -32312.51814
  W        10   73.80484   72.50011   -0.19516    1.80458      -32312.55118
  W        11   73.92316   72.61844   -0.07684    1.68748      -32312.47901
  W        12   73.78842   72.48369   -0.21158    1.82981      -32312.56955
  W        13   73.88689   72.58217   -0.11311    1.73040      -32312.50500
  W        14   73.94709   72.64237   -0.05291    1.67704      -32312.48124
  W        15   73.86454   72.55982   -0.13546    1.75702      -32312.53463
  W        16   73.90483   72.60011   -0.09517    1.71505      -32312.50167
  W        17   74.04309   72.73837    0.04309    1.57293      -32312.40804
  W        18   73.90839   72.60367   -0.09161    1.70790      -32312.49190
  W        19   73.86044   72.55572   -0.13956    1.74832      -32312.51131
  W        20   73.79014   72.48542   -0.20986    1.83277      -32312.57971
  W        21   73.91855   72.61383   -0.08145    1.69329      -32312.48309
  W        22   73.75776   72.45304   -0.24224    1.87540      -32312.61757
  W        23   73.85530   72.55058   -0.14470    1.76150      -32312.52986
  W        24   73.92028   72.61556   -0.07972    1.70091      -32312.49573
  W        25   73.86042   72.55570   -0.13958    1.76458      -32312.53980
  W        26   73.88416   72.57944   -0.11584    1.72992      -32312.50024
  W        27   73.96718   72.66246   -0.03282    1.65890      -32312.47277
  W        28   73.77376   72.46904   -0.22624    1.85132      -32312.59194
  W        29   73.88133   72.57661   -0.11867    1.73369      -32312.51555
  W        30   73.87381   72.56909   -0.12619    1.73808      -32312.50500
  W        31   73.79682   72.49210   -0.20318    1.82746      -32312.57891
  W        32   73.81147   72.50675   -0.18853    1.79782      -32312.54034
  Nb       33   41.05673   39.75201    0.05673    1.59354       -7632.50549
  Nb       34   40.84299   39.53827   -0.15701    1.80017       -7632.64754
  Nb       35   40.88602   39.58130   -0.11398    1.75902       -7632.61793
  Nb       36   40.82553   39.52081   -0.17447    1.82392       -7632.66340
  Nb       37   40.99730   39.69258   -0.00270    1.64849       -7632.55009
  Nb       38   40.89065   39.58593   -0.10935    1.75643       -7632.61188
  Nb       39   40.99066   39.68593   -0.00934    1.65444       -7632.55478
  Nb       40   40.78117   39.47645   -0.21883    1.86786       -7632.67809
  Nb       41   40.93086   39.62614   -0.06914    1.71969       -7632.59749
  Nb       42   40.91161   39.60689   -0.08839    1.73675       -7632.60585
  Nb       43   40.83396   39.52923   -0.16604    1.81775       -7632.66027
  Nb       44   40.95402   39.64929   -0.04598    1.69975       -7632.58954
  Nb       45   41.05175   39.74703    0.05175    1.60041       -7632.52135
  Nb       46   40.93051   39.62579   -0.06949    1.72480       -7632.60110
  Nb       47   40.96239   39.65767   -0.03761    1.68571       -7632.57814
  Nb       48   40.85710   39.55238   -0.14290    1.79605       -7632.64069
  Nb       49   41.00203   39.69731    0.00203    1.64700       -7632.55125
  Nb       50   41.03469   39.72997    0.03469    1.60821       -7632.52980
  Nb       51   40.88721   39.58249   -0.11279    1.76587       -7632.62869
  Nb       52   40.84158   39.53686   -0.15842    1.81065       -7632.66162
  Nb       53   40.94244   39.63771   -0.05756    1.70675       -7632.59450
  Nb       54   40.86108   39.55636   -0.13892    1.79133       -7632.64112
  Nb       55   40.87127   39.56655   -0.12873    1.77454       -7632.63251
  Nb       56   41.02196   39.71723    0.02196    1.62533       -7632.54140
  Nb       57   40.84204   39.53731   -0.15796    1.80513       -7632.64508
  Nb       58   40.91795   39.61323   -0.08205    1.73957       -7632.60863
  Nb       59   40.99401   39.68928   -0.00599    1.66126       -7632.57152
  Nb       60   40.91596   39.61123   -0.08404    1.73334       -7632.61540
  Nb       61   41.08310   39.77838    0.08310    1.56603       -7632.50378
  Nb       62   40.97600   39.67128   -0.02400    1.67273       -7632.56851
  Nb       63   40.99980   39.69508   -0.00020    1.65202       -7632.55960
  Nb       64   40.88478   39.58006   -0.11522    1.75929       -7632.62356
  Mo       65   42.09992   40.79520    0.09992    1.64214       -8090.57229
  Mo       66   42.09771   40.79299    0.09771    1.64459       -8090.58051
  Mo       67   42.12434   40.81962    0.12434    1.62440       -8090.57275
  Mo       68   42.04784   40.74312    0.04784    1.70771       -8090.63021
  Mo       69   42.19867   40.89395    0.19867    1.54993       -8090.52568
  Mo       70   42.15799   40.85327    0.15799    1.58441       -8090.54550
  Mo       71   42.08363   40.77891    0.08363    1.65810       -8090.58726
  Mo       72   42.17751   40.87279    0.17751    1.54918       -8090.51322
  Mo       73   42.02291   40.71819    0.02291    1.71729       -8090.61961
  Mo       74   42.11739   40.81266    0.11739    1.62848       -8090.57240
  Mo       75   42.17447   40.86974    0.17447    1.55679       -8090.51746
  Mo       76   41.98398   40.67926   -0.01602    1.76449       -8090.65196
  Mo       77   42.14629   40.84157    0.14629    1.59506       -8090.54561
  Mo       78   42.06093   40.75621    0.06093    1.68432       -8090.60676
  Mo       79   42.05902   40.75430    0.05902    1.68559       -8090.59530
  Mo       80   42.09778   40.79306    0.09778    1.64892       -8090.58367
  Mo       81   42.13951   40.83479    0.13951    1.59952       -8090.54801
  Mo       82   42.09222   40.78750    0.09222    1.64442       -8090.57306
  Mo       83   42.04786   40.74314    0.04786    1.70381       -8090.62052
  Mo       84   42.09341   40.78869    0.09341    1.64645       -8090.57746
  Mo       85   42.11031   40.80559    0.11031    1.62252       -8090.55339
  Mo       86   42.19473   40.89001    0.19473    1.54572       -8090.51362
  Mo       87   42.05897   40.75425    0.05897    1.68873       -8090.60862
  Mo       88   41.98668   40.68196   -0.01332    1.76003       -8090.65026
  Mo       89   42.05574   40.75102    0.05574    1.68955       -8090.60673
  Mo       90   42.25676   40.95204    0.25676    1.48528       -8090.48049
  Mo       91   42.18092   40.87620    0.18092    1.55817       -8090.52674
  Mo       92   42.09473   40.79001    0.09473    1.64059       -8090.57604
  Mo       93   42.10077   40.79605    0.10077    1.62873       -8090.55564
  Mo       94   42.06194   40.75721    0.06194    1.68171       -8090.60097
  Mo       95   42.10392   40.79920    0.10392    1.63786       -8090.57401
  Mo       96   42.09997   40.79525    0.09997    1.63256       -8090.56649
  Ta       97   72.84388   71.53916   -0.15612    1.72068      -31232.90297
  Ta       98   72.88227   71.57755   -0.11773    1.68401      -31232.90159
  Ta       99   72.82874   71.52402   -0.17126    1.72922      -31232.91118
  Ta      100   72.73843   71.43370   -0.26157    1.81251      -31232.96691
  Ta      101   72.70699   71.40226   -0.29301    1.85223      -31232.99469
  Ta      102   72.85287   71.54815   -0.14713    1.70233      -31232.89448
  Ta      103   72.79624   71.49152   -0.20376    1.76591      -31232.94118
  Ta      104   72.95059   71.64587   -0.04941    1.61128      -31232.83780
  Ta      105   72.79014   71.48542   -0.20986    1.76383      -31232.92783
  Ta      106   72.78183   71.47711   -0.21817    1.77819      -31232.94993
  Ta      107   72.83579   71.53107   -0.16421    1.72849      -31232.92095
  Ta      108   72.87477   71.57005   -0.12523    1.67781      -31232.86417
  Ta      109   72.87569   71.57097   -0.12431    1.68520      -31232.87932
  Ta      110   72.79611   71.49139   -0.20389    1.75993      -31232.93762
  Ta      111   72.76006   71.45533   -0.23994    1.79625      -31232.95813
  Ta      112   72.75505   71.45033   -0.24495    1.80475      -31232.95853
  Ta      113   72.82503   71.52031   -0.17497    1.73483      -31232.92045
  Ta      114   72.93295   71.62823   -0.06705    1.62991      -31232.84489
  Ta      115   72.72633   71.42161   -0.27367    1.82731      -31232.98001
  Ta      116   72.70410   71.39938   -0.29590    1.85832      -31232.98429
  Ta      117   72.65447   71.34974   -0.34553    1.90036      -31233.00956
  Ta      118   72.65826   71.35353   -0.34174    1.89638      -31233.01058
  Ta      119   72.63549   71.33077   -0.36451    1.92221      -31233.03136
  Ta      120   72.75540   71.45068   -0.24460    1.80592      -31232.96909
  Ta      121   72.81155   71.50683   -0.18845    1.74650      -31232.91490
  Ta      122   72.82722   71.52250   -0.17278    1.73542      -31232.92105
  Ta      123   72.86113   71.55641   -0.13887    1.69856      -31232.89090
  Ta      124   72.73434   71.42962   -0.26566    1.81883      -31232.96689
  Ta      125   72.79090   71.48618   -0.20910    1.76147      -31232.93084
  Ta      126   72.78108   71.47636   -0.21892    1.77182      -31232.93124
  Ta      127   72.80709   71.50237   -0.19291    1.73732      -31232.91087
  Ta      128   72.75304   71.44832   -0.24696    1.80162      -31232.96419
  Ti      129   22.33863   21.03391    0.33863    1.53593       -1704.38194
  Ti      130   22.26816   20.96344    0.26816    1.61330       -1704.42408
  Ti      131   22.22512   20.92040    0.22512    1.64511       -1704.42755
  Ti      132   22.25383   20.94911    0.25383    1.61329       -1704.38993
  Ti      133   22.31958   21.01486    0.31958    1.54637       -1704.35560
  Ti      134   22.30529   21.00057    0.30529    1.56837       -1704.38787
  Ti      135   22.42116   21.11644    0.42116    1.45169       -1704.33244
  Ti      136   22.38250   21.07778    0.38250    1.49029       -1704.35253
  Ti      137   22.25004   20.94532    0.25004    1.62403       -1704.43331
  Ti      138   22.29351   20.98879    0.29351    1.58821       -1704.40483
  Ti      139   22.21706   20.91234    0.21706    1.65396       -1704.42824
  Ti      140   22.35584   21.05112    0.35584    1.52125       -1704.39291
  Ti      141   22.25336   20.94864    0.25336    1.62663       -1704.42377
  Ti      142   22.32335   21.01862    0.32335    1.54324       -1704.36925
  Ti      143   22.30068   20.99596    0.30068    1.57140       -1704.37117
  Ti      144   22.37653   21.07181    0.37653    1.49730       -1704.35653
  Ti      145   22.26974   20.96502    0.26974    1.60487       -1704.42749
  Ti      146   22.35835   21.05363    0.35835    1.51881       -1704.37761
  Ti      147   22.38644   21.08172    0.38644    1.48870       -1704.34709
  Ti      148   22.25191   20.94719    0.25191    1.62004       -1704.42270
  Ti      149   22.36802   21.06330    0.36802    1.50468       -1704.35711
  Ti      150   22.26479   20.96007    0.26479    1.61118       -1704.41302
  Ti      151   22.32830   21.02358    0.32830    1.55193       -1704.39081
  Ti      152   22.36592   21.06120    0.36592    1.50574       -1704.36233
  Ti      153   22.26977   20.96505    0.26977    1.60047       -1704.37582
  Ti      154   22.31146   21.00674    0.31146    1.55973       -1704.37711
  Ti      155   22.29834   20.99362    0.29834    1.57827       -1704.39423
  Ti      156   22.27591   20.97119    0.27591    1.60469       -1704.42865
  Ti      157   22.22291   20.91819    0.22291    1.64770       -1704.43376
  Ti      158   22.36571   21.06098    0.36571    1.51784       -1704.38537
  Ti      159   22.33353   21.02881    0.33353    1.53744       -1704.37559
  Ti      160   22.38547   21.08075    0.38547    1.48388       -1704.34173
