 Atom   Index      Q          Qmt        dQ        Vmad        Local Energy
  W         1   73.94491   72.55765   -0.05509    1.82456      -32312.63558
  W         2   73.97148   72.58423   -0.02852    1.80662      -32312.62858
  W         3   74.00644   72.61919    0.00644    1.77528      -32312.60955
  W         4   73.90439   72.51713   -0.09561    1.85975      -32312.64538
  W         5   73.94045   72.55319   -0.05955    1.82347      -32312.62420
  W         6   74.01481   72.62755    0.01481    1.76701      -32312.60526
  W         7   73.92968   72.54243   -0.07032    1.82715      -32312.62110
  W         8   73.98676   72.59950   -0.01324    1.77436      -32312.59954
  W         9   73.91671   72.52945   -0.08329    1.84464      -32312.64125
  W        10   73.86806   72.48081   -0.13194    1.88400      -32312.65817
  W        11   73.90705   72.51980   -0.09295    1.86173      -32312.65077
  W        12   73.97510   72.58784   -0.02490    1.79135      -32312.61470
  W        13   73.95549   72.56824   -0.04451    1.80744      -32312.62331
  W        14   73.99388   72.60662   -0.00612    1.78053      -32312.61373
  W        15   73.95109   72.56383   -0.04891    1.81747      -32312.62349
  W        16   73.94254   72.55529   -0.05746    1.81027      -32312.60906
  W        17   73.99116   72.60390   -0.00884    1.77488      -32312.60070
  W        18   73.88515   72.49790   -0.11485    1.88357      -32312.66386
  W        19   73.91667   72.52942   -0.08333    1.84468      -32312.63799
  W        20   73.94628   72.55902   -0.05372    1.82061      -32312.63065
  W        21   73.95964   72.57239   -0.04036    1.81466      -32312.63200
  W        22   73.90483   72.51757   -0.09517    1.85803      -32312.64624
  W        23   73.89184   72.50458   -0.10816    1.86936      -32312.66121
  W        24   73.94377   72.55652   -0.05623    1.81928      -32312.62535
  W        25   73.91624   72.52898   -0.08376    1.84627      -32312.64608
  W        26   73.88275   72.49549   -0.11725    1.88869      -32312.67395
  W        27   73.97317   72.58591   -0.02683    1.79397      -32312.61564
  W        28   73.94573   72.55847   -0.05427    1.82065      -32312.63175
  W        29   73.97686   72.58961   -0.02314    1.79080      -32312.60436
  W        30   73.98320   72.59594   -0.01680    1.78371      -32312.60957
  W        31   73.94007   72.55281   -0.05993    1.83414      -32312.64135
  W        32   73.99572   72.60847   -0.00428    1.77344      -32312.60023
  W        33   73.97993   72.59268   -0.02007    1.79259      -32312.61607
  W        34   73.96827   72.58102   -0.03173    1.79605      -32312.61328
  W        35   73.92745   72.54020   -0.07255    1.84567      -32312.64530
  W        36   74.01213   72.62487    0.01213    1.76139      -32312.59923
  W        37   73.98771   72.60046   -0.01229    1.78862      -32312.61797
  W        38   74.03766   72.65041    0.03766    1.73589      -32312.58308
  W        39   73.92699   72.53973   -0.07301    1.83742      -32312.64111
  W        40   73.95493   72.56767   -0.04507    1.81207      -32312.61817
  W        41   74.01492   72.62767    0.01492    1.75848      -32312.59910
  W        42   73.96944   72.58219   -0.03056    1.79736      -32312.61151
  W        43   73.95869   72.57143   -0.04131    1.81189      -32312.62214
  W        44   73.97796   72.59070   -0.02204    1.79395      -32312.61660
  W        45   73.96142   72.57416   -0.03858    1.80293      -32312.61306
  W        46   73.92117   72.53392   -0.07883    1.84248      -32312.64021
  W        47   73.96282   72.57557   -0.03718    1.80741      -32312.62343
  W        48   73.94532   72.55807   -0.05468    1.80981      -32312.61281
  W        49   73.95992   72.57267   -0.04008    1.80795      -32312.61967
  W        50   73.90865   72.52140   -0.09135    1.86174      -32312.65891
  W        51   73.94061   72.55336   -0.05939    1.82720      -32312.63200
  W        52   73.91393   72.52668   -0.08607    1.84943      -32312.64315
  W        53   73.86436   72.47711   -0.13564    1.90010      -32312.67025
  W        54   73.94997   72.56271   -0.05003    1.80606      -32312.61298
  W        55   73.97630   72.58904   -0.02370    1.79827      -32312.62107
  W        56   73.99490   72.60765   -0.00510    1.78099      -32312.61115
  W        57   73.95273   72.56548   -0.04727    1.81502      -32312.61703
  W        58   73.95191   72.56466   -0.04809    1.81540      -32312.62884
  W        59   73.87446   72.48721   -0.12554    1.88908      -32312.66809
  W        60   74.02868   72.64143    0.02868    1.75103      -32312.58871
  W        61   73.99887   72.61161   -0.00113    1.76900      -32312.59397
  W        62   74.00486   72.61761    0.00486    1.76648      -32312.59743
  W        63   73.92543   72.53817   -0.07457    1.84226      -32312.64668
  W        64   73.90919   72.52194   -0.09081    1.85012      -32312.64204
  W        65   73.99125   72.60399   -0.00875    1.77078      -32312.59645
  W        66   74.00892   72.62167    0.00892    1.75240      -32312.57957
  W        67   74.01499   72.62773    0.01499    1.74894      -32312.58392
  W        68   74.01006   72.62280    0.01006    1.76786      -32312.59695
  W        69   73.96129   72.57403   -0.03871    1.79470      -32312.61379
  W        70   74.03468   72.64743    0.03468    1.73697      -32312.57807
  W        71   73.87861   72.49136   -0.12139    1.87828      -32312.66138
  W        72   73.98360   72.59635   -0.01640    1.77370      -32312.59091
  W        73   73.93150   72.54424   -0.06850    1.82396      -32312.61867
  W        74   73.98564   72.59839   -0.01436    1.79388      -32312.61978
  W        75   73.95212   72.56487   -0.04788    1.81630      -32312.63381
  W        76   73.97667   72.58941   -0.02333    1.78699      -32312.60693
  W        77   73.99316   72.60590   -0.00684    1.78382      -32312.61099
  W        78   73.95813   72.57088   -0.04187    1.81207      -32312.62439
  W        79   73.91674   72.52949   -0.08326    1.85016      -32312.64616
  W        80   73.97870   72.59145   -0.02130    1.78772      -32312.60591
  W        81   74.01516   72.62790    0.01516    1.74177      -32312.57371
  W        82   73.92836   72.54111   -0.07164    1.83933      -32312.64081
  W        83   73.99393   72.60667   -0.00607    1.77368      -32312.60284
  W        84   73.92941   72.54215   -0.07059    1.82643      -32312.61872
  W        85   73.95237   72.56511   -0.04763    1.81666      -32312.62845
  W        86   73.96580   72.57855   -0.03420    1.80470      -32312.61534
  W        87   73.93023   72.54298   -0.06977    1.83714      -32312.63194
  W        88   73.93945   72.55220   -0.06055    1.83045      -32312.63840
  W        89   73.99276   72.60551   -0.00724    1.77778      -32312.61285
  W        90   73.94910   72.56185   -0.05090    1.80966      -32312.61837
  W        91   73.95121   72.56396   -0.04879    1.82510      -32312.63989
  W        92   73.93054   72.54329   -0.06946    1.84387      -32312.64721
  W        93   73.98991   72.60266   -0.01009    1.78279      -32312.61390
  W        94   73.96770   72.58044   -0.03230    1.80499      -32312.62038
  W        95   73.98930   72.60204   -0.01070    1.78507      -32312.61492
  W        96   73.88178   72.49453   -0.11822    1.88162      -32312.66883
  W        97   73.85560   72.46835   -0.14440    1.90716      -32312.67773
  W        98   73.95390   72.56665   -0.04610    1.81240      -32312.62531
  W        99   73.92760   72.54034   -0.07240    1.82738      -32312.62339
  W       100   73.91493   72.52767   -0.08507    1.85212      -32312.64465
  W       101   73.98356   72.59631   -0.01644    1.78218      -32312.60860
  W       102   73.96162   72.57437   -0.03838    1.81115      -32312.62796
  W       103   73.96921   72.58196   -0.03079    1.80603      -32312.62078
  W       104   73.89175   72.50450   -0.10825    1.85690      -32312.64323
  W       105   73.97066   72.58341   -0.02934    1.78862      -32312.60572
  W       106   73.97638   72.58913   -0.02362    1.79811      -32312.61656
  W       107   73.91941   72.53215   -0.08059    1.85251      -32312.65312
  W       108   73.97836   72.59110   -0.02164    1.78956      -32312.60901
  W       109   73.97710   72.58984   -0.02290    1.78986      -32312.61133
  W       110   73.98637   72.59911   -0.01363    1.77574      -32312.59622
  W       111   73.91742   72.53016   -0.08258    1.84731      -32312.63383
  W       112   73.98214   72.59488   -0.01786    1.77593      -32312.60002
  W       113   73.99903   72.61177   -0.00097    1.76425      -32312.59280
  W       114   73.92901   72.54175   -0.07099    1.84316      -32312.64725
  W       115   73.91504   72.52779   -0.08496    1.85523      -32312.64882
  W       116   73.89760   72.51035   -0.10240    1.86985      -32312.65146
  W       117   73.92743   72.54017   -0.07257    1.84088      -32312.63960
  W       118   73.98623   72.59898   -0.01377    1.78013      -32312.60309
  W       119   73.99701   72.60976   -0.00299    1.76220      -32312.59517
  W       120   73.93801   72.55075   -0.06199    1.83582      -32312.64183
  W       121   74.00706   72.61980    0.00706    1.76623      -32312.60739
  W       122   74.02483   72.63758    0.02483    1.74762      -32312.59301
  W       123   73.99049   72.60323   -0.00951    1.77134      -32312.58868
  W       124   73.85785   72.47060   -0.14215    1.90223      -32312.67683
  W       125   73.97829   72.59104   -0.02171    1.79698      -32312.62076
  W       126   73.97296   72.58570   -0.02704    1.78708      -32312.60589
  W       127   73.99426   72.60700   -0.00574    1.77054      -32312.60267
  W       128   73.94842   72.56116   -0.05158    1.82093      -32312.63073
  Nb      129   41.03574   39.64849    0.03574    1.77386       -7632.70832
  Nb      130   40.98778   39.60053   -0.01222    1.81530       -7632.73709
  Nb      131   41.00030   39.61304    0.00030    1.80652       -7632.73043
  Nb      132   41.10415   39.71689    0.10415    1.69562       -7632.65678
  Nb      133   41.00242   39.61516    0.00242    1.80163       -7632.72325
  Nb      134   40.98755   39.60029   -0.01245    1.81925       -7632.73430
  Nb      135   41.04748   39.66023    0.04748    1.76193       -7632.70077
  Nb      136   40.99417   39.60692   -0.00583    1.80831       -7632.71890
  Nb      137   41.00893   39.62168    0.00893    1.80239       -7632.72609
  Nb      138   40.99061   39.60335   -0.00939    1.81168       -7632.73215
  Nb      139   41.04323   39.65597    0.04323    1.76993       -7632.70701
  Nb      140   40.98107   39.59381   -0.01893    1.81581       -7632.73531
  Nb      141   41.03677   39.64952    0.03677    1.76955       -7632.70712
  Nb      142   40.99172   39.60446   -0.00828    1.81327       -7632.72770
  Nb      143   40.98105   39.59380   -0.01895    1.82414       -7632.74258
  Nb      144   40.99965   39.61240   -0.00035    1.80895       -7632.73404
  Nb      145   40.94784   39.56059   -0.05216    1.86145       -7632.76395
  Nb      146   41.03489   39.64764    0.03489    1.76260       -7632.69793
  Nb      147   40.93300   39.54574   -0.06700    1.86898       -7632.76547
  Nb      148   41.00757   39.62032    0.00757    1.79317       -7632.72486
  Nb      149   41.03740   39.65015    0.03740    1.77099       -7632.70895
  Nb      150   40.97041   39.58316   -0.02959    1.83391       -7632.74719
  Nb      151   40.98778   39.60053   -0.01222    1.81906       -7632.73355
  Nb      152   40.92991   39.54265   -0.07009    1.87290       -7632.76470
  Nb      153   41.00094   39.61369    0.00094    1.79649       -7632.72032
  Nb      154   41.03576   39.64851    0.03576    1.76986       -7632.70754
  Nb      155   41.00449   39.61723    0.00449    1.79990       -7632.72242
  Nb      156   41.01345   39.62619    0.01345    1.79245       -7632.71962
  Nb      157   41.03404   39.64679    0.03404    1.77646       -7632.70478
  Nb      158   41.02798   39.64072    0.02798    1.77574       -7632.70817
  Nb      159   41.05975   39.67250    0.05975    1.75103       -7632.68954
  Nb      160   40.96862   39.58137   -0.03138    1.83175       -7632.73779
  Nb      161   40.89140   39.50415   -0.10860    1.90985       -7632.79267
  Nb      162   41.00867   39.62142    0.00867    1.79051       -7632.71580
  Nb      163   41.03557   39.64832    0.03557    1.77319       -7632.70636
  Nb      164   40.98541   39.59816   -0.01459    1.81939       -7632.73681
  Nb      165   40.97837   39.59112   -0.02163    1.82392       -7632.74070
  Nb      166   41.04042   39.65316    0.04042    1.76777       -7632.71086
  Nb      167   41.09978   39.71253    0.09978    1.71554       -7632.67638
  Nb      168   41.04601   39.65876    0.04601    1.76128       -7632.70549
  Nb      169   41.10538   39.71812    0.10538    1.70870       -7632.66961
  Nb      170   41.01358   39.62632    0.01358    1.79095       -7632.72261
  Nb      171   40.96475   39.57749   -0.03525    1.84074       -7632.75462
  Nb      172   41.08128   39.69402    0.08128    1.73817       -7632.68902
  Nb      173   41.05884   39.67159    0.05884    1.75069       -7632.69774
  Nb      174   41.01087   39.62362    0.01087    1.79757       -7632.72383
  Nb      175   40.98854   39.60129   -0.01146    1.81948       -7632.73858
  Nb      176   41.00891   39.62166    0.00891    1.79937       -7632.72501
  Nb      177   41.02888   39.64162    0.02888    1.77949       -7632.71749
  Nb      178   41.03133   39.64407    0.03133    1.78000       -7632.71978
  Nb      179   41.04271   39.65546    0.04271    1.76561       -7632.71302
  Nb      180   41.04128   39.65403    0.04128    1.76544       -7632.70619
  Nb      181   40.98386   39.59661   -0.01614    1.82360       -7632.73995
  Nb      182   41.02569   39.63843    0.02569    1.78002       -7632.71727
  Nb      183   41.00488   39.61763    0.00488    1.80221       -7632.73191
  Nb      184   41.01352   39.62626    0.01352    1.79317       -7632.71831
  Nb      185   40.96935   39.58210   -0.03065    1.82715       -7632.74396
  Nb      186   40.98788   39.60062   -0.01212    1.81310       -7632.72798
  Nb      187   40.99212   39.60486   -0.00788    1.81806       -7632.74461
  Nb      188   41.01471   39.62746    0.01471    1.79198       -7632.72071
  Nb      189   41.04803   39.66078    0.04803    1.75972       -7632.69397
  Nb      190   41.00297   39.61572    0.00297    1.80211       -7632.72621
  Nb      191   41.01808   39.63083    0.01808    1.78117       -7632.70995
  Nb      192   41.04963   39.66237    0.04963    1.75460       -7632.69162
  Nb      193   41.03705   39.64980    0.03705    1.76630       -7632.70836
  Nb      194   40.96466   39.57741   -0.03534    1.83786       -7632.74706
  Nb      195   41.01639   39.62914    0.01639    1.78766       -7632.71657
  Nb      196   40.96370   39.57645   -0.03630    1.83817       -7632.73906
  Nb      197   41.04243   39.65518    0.04243    1.75574       -7632.69683
  Nb      198   41.01362   39.62636    0.01362    1.79231       -7632.71997
  Nb      199   40.96502   39.57776   -0.03498    1.84043       -7632.74823
  Nb      200   41.01477   39.62752    0.01477    1.79646       -7632.72536
  Nb      201   41.11737   39.73011    0.11737    1.69055       -7632.65057
  Nb      202   41.03473   39.64748    0.03473    1.77337       -7632.70878
  Nb      203   41.02310   39.63585    0.02310    1.77786       -7632.70530
  Nb      204   41.05917   39.67191    0.05917    1.75708       -7632.70120
  Nb      205   41.02493   39.63768    0.02493    1.78017       -7632.71086
  Nb      206   40.96084   39.57358   -0.03916    1.83806       -7632.74234
  Nb      207   40.95705   39.56979   -0.04295    1.84771       -7632.74739
  Nb      208   40.97803   39.59078   -0.02197    1.81966       -7632.73132
  Nb      209   40.98250   39.59525   -0.01750    1.81885       -7632.73052
  Nb      210   40.96555   39.57830   -0.03445    1.83898       -7632.74737
  Nb      211   41.09249   39.70524    0.09249    1.71964       -7632.68458
  Nb      212   41.04152   39.65426    0.04152    1.76916       -7632.70544
  Nb      213   40.97193   39.58468   -0.02807    1.83653       -7632.75110
  Nb      214   40.96575   39.57850   -0.03425    1.83872       -7632.74626
  Nb      215   40.97861   39.59135   -0.02139    1.82676       -7632.74421
  Nb      216   40.97512   39.58787   -0.02488    1.82944       -7632.74504
  Nb      217   41.00693   39.61967    0.00693    1.79800       -7632.72135
  Nb      218   41.05854   39.67129    0.05854    1.75583       -7632.69711
  Nb      219   41.05857   39.67131    0.05857    1.75481       -7632.69875
  Nb      220   40.96908   39.58182   -0.03092    1.82654       -7632.73620
  Nb      221   40.99669   39.60943   -0.00331    1.81036       -7632.72876
  Nb      222   41.05091   39.66365    0.05091    1.74906       -7632.69756
  Nb      223   41.01781   39.63056    0.01781    1.78908       -7632.72044
  Nb      224   41.03848   39.65123    0.03848    1.76379       -7632.70284
  Nb      225   40.96175   39.57450   -0.03825    1.84100       -7632.74773
  Nb      226   41.09056   39.70330    0.09056    1.72106       -7632.68139
  Nb      227   40.94359   39.55634   -0.05641    1.86084       -7632.75610
  Nb      228   40.94220   39.55495   -0.05780    1.85781       -7632.75773
  Nb      229   40.95294   39.56568   -0.04706    1.84784       -7632.74859
  Nb      230   40.92625   39.53900   -0.07375    1.87369       -7632.77200
  Nb      231   41.01246   39.62521    0.01246    1.80011       -7632.72305
  Nb      232   41.03691   39.64966    0.03691    1.76728       -7632.70148
  Nb      233   40.96130   39.57404   -0.03870    1.84325       -7632.74468
  Nb      234   40.99463   39.60737   -0.00537    1.80373       -7632.73295
  Nb      235   41.01893   39.63168    0.01893    1.79168       -7632.71841
  Nb      236   40.97644   39.58919   -0.02356    1.83018       -7632.74331
  Nb      237   41.00293   39.61567    0.00293    1.80371       -7632.73038
  Nb      238   41.02711   39.63986    0.02711    1.78149       -7632.71216
  Nb      239   41.10892   39.72167    0.10892    1.69996       -7632.66244
  Nb      240   41.04186   39.65460    0.04186    1.76238       -7632.69783
  Nb      241   41.00209   39.61483    0.00209    1.80165       -7632.72247
  Nb      242   41.00353   39.61627    0.00353    1.80863       -7632.72705
  Nb      243   40.98075   39.59350   -0.01925    1.82221       -7632.74425
  Nb      244   40.98623   39.59898   -0.01377    1.81854       -7632.73622
  Nb      245   41.07187   39.68462    0.07187    1.73503       -7632.69026
  Nb      246   40.96855   39.58130   -0.03145    1.83283       -7632.74684
  Nb      247   40.98064   39.59339   -0.01936    1.82294       -7632.74734
  Nb      248   41.02930   39.64205    0.02930    1.77411       -7632.70592
  Nb      249   40.98872   39.60147   -0.01128    1.81672       -7632.73457
  Nb      250   41.00632   39.61907    0.00632    1.80008       -7632.72739
  Nb      251   41.07691   39.68966    0.07691    1.73706       -7632.69441
  Nb      252   40.99709   39.60983   -0.00291    1.80817       -7632.72837
  Nb      253   41.00174   39.61448    0.00174    1.80288       -7632.72470
  Nb      254   41.00822   39.62097    0.00822    1.79386       -7632.72329
  Nb      255   41.03949   39.65224    0.03949    1.77052       -7632.70447
  Nb      256   41.00264   39.61538    0.00264    1.80379       -7632.73174
  Mo      257   42.17086   40.78361    0.17086    1.72732       -8090.69679
  Mo      258   42.15859   40.77133    0.15859    1.73458       -8090.70679
  Mo      259   42.20118   40.81392    0.20118    1.68966       -8090.67760
  Mo      260   42.27598   40.88873    0.27598    1.63026       -8090.65172
  Mo      261   42.15218   40.76493    0.15218    1.73823       -8090.70113
  Mo      262   42.24036   40.85310    0.24036    1.65462       -8090.66270
  Mo      263   42.20131   40.81406    0.20131    1.69346       -8090.68648
  Mo      264   42.14748   40.76023    0.14748    1.75184       -8090.71396
  Mo      265   42.16697   40.77972    0.16697    1.73011       -8090.70067
  Mo      266   42.11636   40.72911    0.11636    1.78136       -8090.72681
  Mo      267   42.19598   40.80873    0.19598    1.70614       -8090.69455
  Mo      268   42.12002   40.73276    0.12002    1.77206       -8090.72524
  Mo      269   42.16305   40.77580    0.16305    1.72746       -8090.69748
  Mo      270   42.22381   40.83655    0.22381    1.67018       -8090.66420
  Mo      271   42.13634   40.74909    0.13634    1.75890       -8090.71529
  Mo      272   42.15254   40.76529    0.15254    1.74452       -8090.70937
  Mo      273   42.15834   40.77109    0.15834    1.72869       -8090.69325
  Mo      274   42.23715   40.84990    0.23715    1.65868       -8090.65850
  Mo      275   42.15757   40.77032    0.15757    1.73688       -8090.70264
  Mo      276   42.26174   40.87449    0.26174    1.64410       -8090.65339
  Mo      277   42.20664   40.81938    0.20664    1.68678       -8090.67546
  Mo      278   42.18690   40.79964    0.18690    1.70193       -8090.67742
  Mo      279   42.20739   40.82014    0.20739    1.68830       -8090.67748
  Mo      280   42.13288   40.74563    0.13288    1.75237       -8090.70272
  Mo      281   42.16366   40.77641    0.16366    1.73249       -8090.69145
  Mo      282   42.15638   40.76913    0.15638    1.73782       -8090.70607
  Mo      283   42.19262   40.80537    0.19262    1.70378       -8090.68518
  Mo      284   42.17941   40.79216    0.17941    1.71412       -8090.68673
  Mo      285   42.13769   40.75044    0.13769    1.75200       -8090.71129
  Mo      286   42.21397   40.82671    0.21397    1.69065       -8090.68462
  Mo      287   42.19370   40.80645    0.19370    1.70756       -8090.69137
  Mo      288   42.19680   40.80955    0.19680    1.70147       -8090.68754
  Mo      289   42.15104   40.76379    0.15104    1.73665       -8090.69569
  Mo      290   42.25825   40.87100    0.25825    1.64290       -8090.64551
  Mo      291   42.17246   40.78521    0.17246    1.72093       -8090.69444
  Mo      292   42.16544   40.77818    0.16544    1.73710       -8090.71153
  Mo      293   42.17037   40.78312    0.17037    1.72324       -8090.69108
  Mo      294   42.09553   40.70828    0.09553    1.79386       -8090.73968
  Mo      295   42.21932   40.83206    0.21932    1.67164       -8090.67352
  Mo      296   42.17802   40.79076    0.17802    1.71581       -8090.69261
  Mo      297   42.20382   40.81657    0.20382    1.69728       -8090.68899
  Mo      298   42.16956   40.78231    0.16956    1.72267       -8090.68855
  Mo      299   42.20722   40.81997    0.20722    1.68717       -8090.67333
  Mo      300   42.15455   40.76730    0.15455    1.74071       -8090.70334
  Mo      301   42.14659   40.75933    0.14659    1.73469       -8090.69262
  Mo      302   42.17568   40.78842    0.17568    1.71982       -8090.69730
  Mo      303   42.14802   40.76077    0.14802    1.74720       -8090.70821
  Mo      304   42.13979   40.75253    0.13979    1.75702       -8090.71700
  Mo      305   42.23596   40.84870    0.23596    1.65507       -8090.65706
  Mo      306   42.24049   40.85323    0.24049    1.65928       -8090.66207
  Mo      307   42.14343   40.75617    0.14343    1.74078       -8090.69814
  Mo      308   42.12264   40.73539    0.12264    1.76787       -8090.72274
  Mo      309   42.21153   40.82428    0.21153    1.69505       -8090.68490
  Mo      310   42.16214   40.77489    0.16214    1.73227       -8090.70267
  Mo      311   42.13637   40.74912    0.13637    1.75808       -8090.72169
  Mo      312   42.19087   40.80362    0.19087    1.69725       -8090.67621
  Mo      313   42.19397   40.80672    0.19397    1.69257       -8090.67501
  Mo      314   42.25494   40.86769    0.25494    1.64731       -8090.65709
  Mo      315   42.17093   40.78368    0.17093    1.72410       -8090.69847
  Mo      316   42.12254   40.73528    0.12254    1.75084       -8090.69505
  Mo      317   42.17066   40.78340    0.17066    1.72869       -8090.69749
  Mo      318   42.19246   40.80521    0.19246    1.70546       -8090.68724
  Mo      319   42.17891   40.79166    0.17891    1.71793       -8090.69599
  Mo      320   42.21392   40.82666    0.21392    1.68003       -8090.67360
  Mo      321   42.18211   40.79486    0.18211    1.71230       -8090.68853
  Mo      322   42.10700   40.71975    0.10700    1.78541       -8090.73159
  Mo      323   42.16821   40.78096    0.16821    1.71456       -8090.68027
  Mo      324   42.24570   40.85845    0.24570    1.64607       -8090.65248
  Mo      325   42.19754   40.81028    0.19754    1.69824       -8090.68149
  Mo      326   42.10474   40.71748    0.10474    1.78860       -8090.73944
  Mo      327   42.14662   40.75937    0.14662    1.74073       -8090.70085
  Mo      328   42.13276   40.74551    0.13276    1.75994       -8090.71997
  Mo      329   42.21071   40.82345    0.21071    1.68359       -8090.67054
  Mo      330   42.24482   40.85756    0.24482    1.64958       -8090.65351
  Mo      331   42.16301   40.77575    0.16301    1.73385       -8090.70368
  Mo      332   42.16942   40.78217    0.16942    1.72602       -8090.70050
  Mo      333   42.13095   40.74369    0.13095    1.76263       -8090.72322
  Mo      334   42.12694   40.73969    0.12694    1.75423       -8090.70373
  Mo      335   42.19440   40.80715    0.19440    1.70336       -8090.68331
  Mo      336   42.19150   40.80424    0.19150    1.70352       -8090.69275
  Mo      337   42.15639   40.76913    0.15639    1.74002       -8090.70932
  Mo      338   42.16179   40.77453    0.16179    1.73239       -8090.70283
  Mo      339   42.12070   40.73345    0.12070    1.77528       -8090.72481
  Mo      340   42.16372   40.77647    0.16372    1.72899       -8090.69851
  Mo      341   42.21737   40.83011    0.21737    1.68056       -8090.66902
  Mo      342   42.14353   40.75628    0.14353    1.74706       -8090.71013
  Mo      343   42.16262   40.77536    0.16262    1.73471       -8090.70225
  Mo      344   42.14631   40.75905    0.14631    1.74142       -8090.69943
  Mo      345   42.19532   40.80806    0.19532    1.69182       -8090.67615
  Mo      346   42.19450   40.80724    0.19450    1.70654       -8090.69198
  Mo      347   42.18951   40.80225    0.18951    1.70295       -8090.68234
  Mo      348   42.12692   40.73967    0.12692    1.76749       -8090.71725
  Mo      349   42.11708   40.72983    0.11708    1.77209       -8090.72710
  Mo      350   42.17583   40.78858    0.17583    1.71624       -8090.68305
  Mo      351   42.20011   40.81285    0.20011    1.69679       -8090.68732
  Mo      352   42.09272   40.70547    0.09272    1.79693       -8090.73311
  Mo      353   42.16885   40.78160    0.16885    1.73475       -8090.71095
  Mo      354   42.15556   40.76830    0.15556    1.72983       -8090.69974
  Mo      355   42.15467   40.76741    0.15467    1.73824       -8090.70333
  Mo      356   42.17981   40.79256    0.17981    1.72028       -8090.70386
  Mo      357   42.11614   40.72888    0.11614    1.77402       -8090.71689
  Mo      358   42.16052   40.77327    0.16052    1.73298       -8090.70065
  Mo      359   42.18827   40.80101    0.18827    1.70453       -8090.68322
  Mo      360   42.16236   40.77511    0.16236    1.73711       -8090.70227
  Mo      361   42.15519   40.76794    0.15519    1.73871       -8090.70472
  Mo      362   42.22367   40.83641    0.22367    1.67871       -8090.67384
  Mo      363   42.22255   40.83529    0.22255    1.66225       -8090.65355
  Mo      364   42.11879   40.73153    0.11879    1.77571       -8090.72684
  Mo      365   42.24710   40.85985    0.24710    1.65323       -8090.65855
  Mo      366   42.20417   40.81691    0.20417    1.69721       -8090.68408
  Mo      367   42.16227   40.77502    0.16227    1.73378       -8090.70109
  Mo      368   42.14352   40.75626    0.14352    1.74814       -8090.70925
  Mo      369   42.18376   40.79650    0.18376    1.71560       -8090.69283
  Mo      370   42.14734   40.76009    0.14734    1.73289       -8090.69194
  Mo      371   42.12408   40.73683    0.12408    1.76892       -8090.72693
  Mo      372   42.14372   40.75647    0.14372    1.75127       -8090.71086
  Mo      373   42.22131   40.83406    0.22131    1.68120       -8090.67592
  Mo      374   42.13160   40.74434    0.13160    1.75690       -8090.71302
  Mo      375   42.09099   40.70373    0.09099    1.79848       -8090.73739
  Mo      376   42.20815   40.82089    0.20815    1.69013       -8090.67713
  Mo      377   42.12688   40.73963    0.12688    1.76085       -8090.71571
  Mo      378   42.17861   40.79135    0.17861    1.71408       -8090.69019
  Mo      379   42.13303   40.74578    0.13303    1.76291       -8090.71348
  Mo      380   42.20902   40.82176    0.20902    1.69287       -8090.68280
  Mo      381   42.20843   40.82118    0.20843    1.68473       -8090.67779
  Mo      382   42.18708   40.79983    0.18708    1.71048       -8090.68883
  Mo      383   42.24708   40.85982    0.24708    1.64872       -8090.65536
  Mo      384   42.16029   40.77304    0.16029    1.71938       -8090.68667
  Ta      385   72.93171   71.54445   -0.06829    1.79145      -31233.03500
  Ta      386   72.84294   71.45568   -0.15706    1.86713      -31233.09193
  Ta      387   72.82884   71.44158   -0.17116    1.89103      -31233.08726
  Ta      388   72.91497   71.52772   -0.08503    1.80881      -31233.03563
  Ta      389   72.84215   71.45490   -0.15785    1.86900      -31233.08483
  Ta      390   72.85467   71.46742   -0.14533    1.86588      -31233.07588
  Ta      391   72.89194   71.50468   -0.10806    1.82424      -31233.04416
  Ta      392   72.84756   71.46031   -0.15244    1.86864      -31233.08358
  Ta      393   72.86485   71.47760   -0.13515    1.85204      -31233.06625
  Ta      394   72.87812   71.49086   -0.12188    1.83999      -31233.06373
  Ta      395   72.86356   71.47630   -0.13644    1.85604      -31233.07065
  Ta      396   72.86485   71.47759   -0.13515    1.84321      -31233.05972
  Ta      397   72.89424   71.50699   -0.10576    1.82499      -31233.04839
  Ta      398   72.81801   71.43076   -0.18199    1.88370      -31233.08395
  Ta      399   72.75953   71.37227   -0.24047    1.94286      -31233.13205
  Ta      400   72.96264   71.57538   -0.03736    1.76210      -31233.01050
  Ta      401   72.85133   71.46407   -0.14867    1.85888      -31233.06832
  Ta      402   72.92807   71.54081   -0.07193    1.79003      -31233.02726
  Ta      403   72.85600   71.46874   -0.14400    1.86230      -31233.07395
  Ta      404   72.91004   71.52278   -0.08996    1.80580      -31233.03309
  Ta      405   72.83710   71.44984   -0.16290    1.87893      -31233.07633
  Ta      406   72.94681   71.55955   -0.05319    1.77832      -31233.02477
  Ta      407   72.91077   71.52352   -0.08923    1.80971      -31233.04073
  Ta      408   72.88536   71.49810   -0.11464    1.83219      -31233.05337
  Ta      409   72.89102   71.50377   -0.10898    1.82936      -31233.05921
  Ta      410   72.81845   71.43120   -0.18155    1.89461      -31233.09497
  Ta      411   72.88686   71.49961   -0.11314    1.82456      -31233.05409
  Ta      412   72.82900   71.44175   -0.17100    1.88427      -31233.08627
  Ta      413   72.79278   71.40553   -0.20722    1.91582      -31233.11249
  Ta      414   72.88374   71.49648   -0.11626    1.83437      -31233.05706
  Ta      415   72.92328   71.53603   -0.07672    1.80013      -31233.03287
  Ta      416   72.88557   71.49831   -0.11443    1.83366      -31233.06428
  Ta      417   72.77352   71.38626   -0.22648    1.93376      -31233.12471
  Ta      418   72.91683   71.52958   -0.08317    1.79472      -31233.03155
  Ta      419   72.88552   71.49827   -0.11448    1.83131      -31233.05385
  Ta      420   72.82867   71.44142   -0.17133    1.87807      -31233.08617
  Ta      421   72.90411   71.51685   -0.09589    1.81311      -31233.04260
  Ta      422   72.79650   71.40925   -0.20350    1.91180      -31233.10818
  Ta      423   72.82092   71.43366   -0.17908    1.88988      -31233.09586
  Ta      424   72.93941   71.55216   -0.06059    1.78252      -31233.02308
  Ta      425   72.82984   71.44259   -0.17016    1.88205      -31233.08088
  Ta      426   72.82074   71.43348   -0.17926    1.89337      -31233.09827
  Ta      427   72.78921   71.40196   -0.21079    1.92321      -31233.11196
  Ta      428   72.91788   71.53062   -0.08212    1.80017      -31233.02615
  Ta      429   72.84283   71.45557   -0.15717    1.87361      -31233.08285
  Ta      430   72.80168   71.41442   -0.19832    1.91606      -31233.10889
  Ta      431   72.87809   71.49084   -0.12191    1.83787      -31233.05646
  Ta      432   72.88578   71.49853   -0.11422    1.83418      -31233.05220
  Ta      433   72.80922   71.42197   -0.19078    1.88789      -31233.08698
  Ta      434   72.90485   71.51760   -0.09515    1.81076      -31233.04842
  Ta      435   72.92535   71.53809   -0.07465    1.79619      -31233.03610
  Ta      436   72.87430   71.48705   -0.12570    1.84166      -31233.06043
  Ta      437   72.90298   71.51572   -0.09702    1.81377      -31233.04784
  Ta      438   72.82136   71.43411   -0.17864    1.88667      -31233.08317
  Ta      439   72.82029   71.43303   -0.17971    1.88273      -31233.08618
  Ta      440   72.79848   71.41122   -0.20152    1.91202      -31233.11143
  Ta      441   72.85138   71.46413   -0.14862    1.85826      -31233.07822
  Ta      442   72.84717   71.45992   -0.15283    1.86210      -31233.07533
  Ta      443   72.93828   71.55103   -0.06172    1.78523      -31233.02781
  Ta      444   72.89031   71.50306   -0.10969    1.82869      -31233.05059
  Ta      445   72.81812   71.43086   -0.18188    1.89659      -31233.09511
  Ta      446   72.81816   71.43091   -0.18184    1.89267      -31233.10387
  Ta      447   72.80778   71.42053   -0.19222    1.90226      -31233.09552
  Ta      448   72.85079   71.46353   -0.14921    1.86190      -31233.07240
  Ta      449   72.92771   71.54045   -0.07229    1.78514      -31233.02536
  Ta      450   72.86769   71.48044   -0.13231    1.84910      -31233.06509
  Ta      451   72.87651   71.48925   -0.12349    1.83772      -31233.05825
  Ta      452   72.91638   71.52913   -0.08362    1.80074      -31233.03547
  Ta      453   72.82818   71.44093   -0.17182    1.88230      -31233.08268
  Ta      454   72.85972   71.47246   -0.14028    1.85837      -31233.07576
  Ta      455   72.85031   71.46306   -0.14969    1.85974      -31233.06963
  Ta      456   72.86233   71.47508   -0.13767    1.84556      -31233.06270
  Ta      457   72.81576   71.42851   -0.18424    1.88888      -31233.08548
  Ta      458   72.86003   71.47277   -0.13997    1.85804      -31233.06831
  Ta      459   72.86575   71.47850   -0.13425    1.85165      -31233.07368
  Ta      460   72.84281   71.45555   -0.15719    1.87229      -31233.07659
  Ta      461   72.84555   71.45830   -0.15445    1.86323      -31233.07846
  Ta      462   72.79006   71.40280   -0.20994    1.91658      -31233.10748
  Ta      463   72.80520   71.41795   -0.19480    1.90568      -31233.10265
  Ta      464   72.88399   71.49674   -0.11601    1.83066      -31233.05614
  Ta      465   72.86124   71.47399   -0.13876    1.84903      -31233.06585
  Ta      466   72.91516   71.52791   -0.08484    1.80666      -31233.04076
  Ta      467   72.84349   71.45624   -0.15651    1.86997      -31233.08133
  Ta      468   72.80693   71.41967   -0.19307    1.90126      -31233.09074
  Ta      469   72.87688   71.48963   -0.12312    1.83749      -31233.06136
  Ta      470   72.88663   71.49937   -0.11337    1.82897      -31233.05377
  Ta      471   72.81240   71.42514   -0.18760    1.90010      -31233.10212
  Ta      472   72.89446   71.50720   -0.10554    1.82489      -31233.05473
  Ta      473   72.90288   71.51563   -0.09712    1.80753      -31233.03960
  Ta      474   72.82452   71.43726   -0.17548    1.88940      -31233.08709
  Ta      475   72.89664   71.50938   -0.10336    1.81996      -31233.05171
  Ta      476   72.87162   71.48436   -0.12838    1.83811      -31233.05647
  Ta      477   72.87980   71.49254   -0.12020    1.82871      -31233.05250
  Ta      478   72.89303   71.50578   -0.10697    1.82560      -31233.04958
  Ta      479   72.80031   71.41305   -0.19969    1.90881      -31233.10164
  Ta      480   72.85007   71.46282   -0.14993    1.86233      -31233.07998
  Ta      481   72.87377   71.48652   -0.12623    1.84114      -31233.06839
  Ta      482   72.83295   71.44569   -0.16705    1.88008      -31233.08434
  Ta      483   72.79632   71.40907   -0.20368    1.91491      -31233.11007
  Ta      484   72.88473   71.49748   -0.11527    1.83232      -31233.05776
  Ta      485   72.80573   71.41847   -0.19427    1.90819      -31233.10479
  Ta      486   72.88865   71.50140   -0.11135    1.83076      -31233.05247
  Ta      487   72.83808   71.45083   -0.16192    1.87716      -31233.08211
  Ta      488   72.86142   71.47417   -0.13858    1.85576      -31233.07122
  Ta      489   72.94804   71.56079   -0.05196    1.77332      -31233.02355
  Ta      490   72.81613   71.42888   -0.18387    1.89834      -31233.10065
  Ta      491   72.91761   71.53036   -0.08239    1.81027      -31233.04457
  Ta      492   72.81475   71.42749   -0.18525    1.90027      -31233.09708
  Ta      493   72.88941   71.50216   -0.11059    1.82315      -31233.04954
  Ta      494   72.87288   71.48562   -0.12712    1.83930      -31233.05627
  Ta      495   72.85647   71.46921   -0.14353    1.85485      -31233.06611
  Ta      496   72.86099   71.47374   -0.13901    1.85095      -31233.05614
  Ta      497   72.80424   71.41698   -0.19576    1.89792      -31233.09053
  Ta      498   72.91972   71.53246   -0.08028    1.80043      -31233.03633
  Ta      499   72.86533   71.47808   -0.13467    1.84419      -31233.06095
  Ta      500   72.82680   71.43955   -0.17320    1.88368      -31233.08909
  Ta      501   72.89152   71.50427   -0.10848    1.82627      -31233.05397
  Ta      502   72.83748   71.45023   -0.16252    1.87136      -31233.08182
  Ta      503   72.94780   71.56055   -0.05220    1.77221      -31233.02192
  Ta      504   72.84217   71.45491   -0.15783    1.86490      -31233.07313
  Ta      505   72.91106   71.52381   -0.08894    1.80600      -31233.03540
  Ta      506   72.82983   71.44258   -0.17017    1.88524      -31233.09080
  Ta      507   72.81567   71.42842   -0.18433    1.89615      -31233.09249
  Ta      508   72.90149   71.51423   -0.09851    1.81341      -31233.04189
  Ta      509   72.77663   71.38937   -0.22337    1.93272      -31233.12020
  Ta      510   72.81792   71.43066   -0.18208    1.89484      -31233.09670
  Ta      511   72.88927   71.50201   -0.11073    1.82833      -31233.05608
  Ta      512   72.81349   71.42623   -0.18651    1.89356      -31233.08364
