System Description            : WNbMoTa, BCC structure                          
Number of Atoms in Unit Cell  : 64                                              
Number of Atomic Species      : 4                                               
Number of Atoms in Each Type  : 16(W), 16(Nb), 16(Mo), 16(Ta)                   
Energy Offset                 : -19816                                          
=======================================================================================
    Iter     Energy      3PV     Efermi   Rms_rho    Rms_pot   Mix  Alg  Alpha 
---------------------------------------------------------------------------------------
**       1  -0.268038  2293.534  0.59460  0.140E+01  0.112E+00  pot  B   0.1000
         2  -0.625057  2265.284  0.60831  0.748E-02  0.144E+00  pot  B   0.1000
         3  -0.816012  2243.381  0.61867  0.576E-02  0.203E+00  pot  B   0.1000
         4  -1.177423  2183.333  0.64264  0.158E-01  0.978E-01  pot  B   0.1000
         5  -1.201012  2168.898  0.65861  0.420E-02  0.118E+00  pot  B   0.1000
         6  -1.230555  2159.232  0.66971  0.328E-02  0.445E-01  pot  B   0.1000
         7  -1.247349  2151.183  0.67537  0.292E-02  0.387E-01  pot  B   0.1000
         8  -1.270717  2137.271  0.68113  0.567E-02  0.271E-01  pot  B   0.1000
         9  -1.275533  2131.788  0.68396  0.245E-02  0.172E-01  pot  B   0.1000
        10  -1.276623  2129.419  0.68554  0.122E-02  0.981E-02  pot  B   0.1000
        11  -1.276882  2128.797  0.68637  0.418E-03  0.441E-02  pot  B   0.1000
        12  -1.277026  2128.514  0.68738  0.261E-03  0.452E-02  pot  B   0.1000
        13  -1.277109  2128.416  0.68813  0.162E-03  0.390E-02  pot  B   0.1000
        14  -1.277240  2128.224  0.68984  0.347E-03  0.176E-02  pot  B   0.1000
        15  -1.277252  2128.274  0.69060  0.154E-03  0.661E-03  pot  B   0.1000
        16  -1.277253  2128.314  0.69075  0.306E-04  0.401E-03  pot  B   0.1000
        17  -1.277256  2128.336  0.69090  0.275E-04  0.426E-03  pot  B   0.1000
        18  -1.277258  2128.320  0.69113  0.406E-04  0.182E-03  pot  B   0.1000
        19  -1.277258  2128.308  0.69116  0.618E-05  0.187E-03  pot  B   0.1000
        20  -1.277258  2128.278  0.69120  0.963E-05  0.794E-04  pot  B   0.1000
        21  -1.277258  2128.261  0.69122  0.512E-05  0.439E-04  pot  B   0.1000
        22  -1.277258  2128.253  0.69123  0.299E-05  0.269E-04  pot  B   0.1000
        23  -1.277257  2128.258  0.69123  0.289E-05  0.175E-04  pot  B   0.1000
        24  -1.277257  2128.264  0.69124  0.257E-05  0.240E-04  pot  B   0.1000
        25  -1.277257  2128.269  0.69124  0.204E-05  0.174E-04  pot  B   0.1000
        26  -1.277257  2128.272  0.69124  0.919E-06  0.668E-05  pot  B   0.1000
        27  -1.277257  2128.272  0.69124  0.381E-06  0.566E-05  pot  B   0.1000
        28  -1.277257  2128.273  0.69124  0.270E-06  0.326E-05  pot  B   0.1000
        29  -1.277257  2128.273  0.69124  0.435E-06  0.191E-05  pot  B   0.1000
        30  -1.277257  2128.274  0.69125  0.336E-06  0.122E-05  pot  B   0.1000
        31  -1.277257  2128.274  0.69125  0.138E-06  0.892E-06  pot  B   0.1000
        32  -1.277257  2128.274  0.69125  0.402E-07  0.704E-06  pot  B   0.1000
        33  -1.277257  2128.274  0.69125  0.415E-07  0.319E-06  pot  B   0.1000
        34  -1.277257  2128.274  0.69125  0.338E-07  0.227E-06  pot  B   0.1000
        35  -1.277257  2128.274  0.69125  0.217E-07  0.185E-06  pot  B   0.1000
        36  -1.277257  2128.274  0.69125  0.997E-08  0.141E-06  pot  B   0.1000
        37  -1.277257  2128.274  0.69125  0.318E-08  0.153E-06  pot  B   0.1000
        38  -1.277257  2128.274  0.69125  0.507E-08  0.969E-07  pot  B   0.1000
        39  -1.277257  2128.274  0.69125  0.193E-08  0.845E-07  pot  B   0.1000
        40  -1.277257  2128.274  0.69125  0.102E-08  0.622E-07  pot  B   0.1000
        41  -1.277257  2128.274  0.69125  0.176E-08  0.291E-07  pot  B   0.1000
        42  -1.277257  2128.274  0.69125  0.947E-09  0.173E-07  pot  B   0.1000
        43  -1.277257  2128.274  0.69125  0.493E-09  0.141E-07  pot  B   0.1000
        44  -1.277257  2128.274  0.69125  0.342E-09  0.152E-07  pot  B   0.1000
        45  -1.277257  2128.274  0.69125  0.153E-09  0.674E-08  pot  B   0.1000
**      46  -1.277257  2128.274  0.69125  0.537E-12  0.674E-08  pot  B   0.1000
