 Atom   Index      Q          Qmt        dQ        Vmad        Local Energy
  W         1   73.87198   72.56788   -0.12802    1.74202      -32312.52000
  W         2   73.84579   72.54169   -0.15421    1.77584      -32312.53947
  W         3   73.89542   72.59132   -0.10458    1.72512      -32312.51845
  W         4   73.86828   72.56418   -0.13172    1.75008      -32312.52434
  W         5   73.75222   72.44813   -0.24778    1.86938      -32312.59931
  W         6   73.91185   72.60775   -0.08815    1.70104      -32312.48917
  W         7   73.80399   72.49989   -0.19601    1.81508      -32312.55948
  W         8   74.04097   72.73688    0.04097    1.57039      -32312.40588
  W         9   73.80658   72.50248   -0.19342    1.81605      -32312.57134
  W        10   73.80369   72.49959   -0.19631    1.80940      -32312.54925
  W        11   73.88992   72.58583   -0.11008    1.72793      -32312.51581
  W        12   73.69027   72.38617   -0.30973    1.93811      -32312.65096
  W        13   73.91687   72.61278   -0.08313    1.69993      -32312.48583
  W        14   73.76994   72.46584   -0.23006    1.85589      -32312.59199
  W        15   73.86058   72.55648   -0.13942    1.76031      -32312.53686
  W        16   73.87117   72.56707   -0.12883    1.73794      -32312.50739
  W        17   73.88190   72.57780   -0.11810    1.73912      -32312.52510
  W        18   73.95724   72.65315   -0.04276    1.66219      -32312.47321
  W        19   73.86758   72.56348   -0.13242    1.75503      -32312.53579
  W        20   73.77860   72.47451   -0.22140    1.84662      -32312.59245
  W        21   73.79010   72.48601   -0.20990    1.82956      -32312.57252
  W        22   73.91100   72.60690   -0.08900    1.68633      -32312.46173
  W        23   73.76220   72.45810   -0.23780    1.85984      -32312.59035
  W        24   74.00039   72.69630    0.00039    1.61918      -32312.44597
  W        25   73.85266   72.54856   -0.14734    1.76981      -32312.54763
  W        26   73.90148   72.59738   -0.09852    1.71713      -32312.50017
  W        27   73.81925   72.51515   -0.18075    1.80935      -32312.56808
  W        28   73.90775   72.60365   -0.09225    1.71573      -32312.49613
  W        29   73.95033   72.64623   -0.04967    1.66421      -32312.46257
  W        30   73.95407   72.64997   -0.04593    1.65908      -32312.45421
  W        31   73.85390   72.54981   -0.14610    1.76574      -32312.53370
  W        32   73.94184   72.63775   -0.05816    1.66990      -32312.46013
  Nb       33   40.87700   39.57291   -0.12300    1.77360       -7632.64110
  Nb       34   40.93125   39.62715   -0.06875    1.71238       -7632.59405
  Nb       35   40.93771   39.63361   -0.06229    1.71706       -7632.60423
  Nb       36   41.05675   39.75265    0.05675    1.60334       -7632.53893
  Nb       37   40.99464   39.69054   -0.00536    1.65334       -7632.55782
  Nb       38   40.89336   39.58926   -0.10664    1.76006       -7632.63000
  Nb       39   41.03036   39.72626    0.03036    1.61775       -7632.52465
  Nb       40   40.93540   39.63130   -0.06460    1.70852       -7632.58618
  Nb       41   40.79716   39.49306   -0.20284    1.84996       -7632.66790
  Nb       42   40.99118   39.68709   -0.00882    1.64744       -7632.55224
  Nb       43   40.92130   39.61720   -0.07870    1.72339       -7632.59735
  Nb       44   40.99504   39.69094   -0.00496    1.65608       -7632.55908
  Nb       45   40.92314   39.61904   -0.07686    1.72211       -7632.59668
  Nb       46   40.87713   39.57303   -0.12287    1.76562       -7632.61603
  Nb       47   40.89265   39.58855   -0.10735    1.75709       -7632.62183
  Nb       48   40.99860   39.69450   -0.00140    1.64966       -7632.55844
  Nb       49   40.94631   39.64221   -0.05369    1.69914       -7632.59008
  Nb       50   41.02097   39.71687    0.02097    1.63051       -7632.54857
  Nb       51   40.90508   39.60098   -0.09492    1.73788       -7632.59929
  Nb       52   41.04845   39.74435    0.04845    1.60298       -7632.52463
  Nb       53   40.99829   39.69419   -0.00171    1.64712       -7632.54741
  Nb       54   40.87030   39.56621   -0.12970    1.78206       -7632.63444
  Nb       55   40.76208   39.45799   -0.23792    1.88544       -7632.69687
  Nb       56   40.91477   39.61068   -0.08523    1.72487       -7632.59945
  Nb       57   40.96603   39.66194   -0.03397    1.68520       -7632.57184
  Nb       58   40.92412   39.62003   -0.07588    1.72807       -7632.61748
  Nb       59   40.93784   39.63374   -0.06216    1.70712       -7632.58529
  Nb       60   40.85169   39.54760   -0.14831    1.79942       -7632.64980
  Nb       61   40.91526   39.61117   -0.08474    1.73370       -7632.62002
  Nb       62   40.94135   39.63726   -0.05865    1.70858       -7632.59592
  Nb       63   40.93141   39.62731   -0.06859    1.71655       -7632.59890
  Nb       64   40.85372   39.54962   -0.14628    1.79058       -7632.63315
  Mo       65   42.13225   40.82815    0.13225    1.61202       -8090.56513
  Mo       66   42.06577   40.76168    0.06577    1.67626       -8090.59715
  Mo       67   42.13880   40.83470    0.13880    1.59399       -8090.54781
  Mo       68   42.18506   40.88096    0.18506    1.55102       -8090.51826
  Mo       69   42.12442   40.82032    0.12442    1.61914       -8090.55719
  Mo       70   42.10722   40.80312    0.10722    1.64379       -8090.58322
  Mo       71   42.08383   40.77974    0.08383    1.66040       -8090.58866
  Mo       72   42.09333   40.78924    0.09333    1.64246       -8090.57118
  Mo       73   42.19260   40.88850    0.19260    1.55111       -8090.52120
  Mo       74   42.01862   40.71453    0.01862    1.73124       -8090.63581
  Mo       75   42.12176   40.81767    0.12176    1.60936       -8090.54610
  Mo       76   42.17855   40.87446    0.17855    1.55909       -8090.51775
  Mo       77   42.14307   40.83898    0.14307    1.59728       -8090.55803
  Mo       78   42.04979   40.74569    0.04979    1.69893       -8090.61608
  Mo       79   42.06550   40.76140    0.06550    1.67621       -8090.59930
  Mo       80   42.10029   40.79619    0.10029    1.64104       -8090.57392
  Mo       81   41.93428   40.63019   -0.06572    1.82540       -8090.69901
  Mo       82   42.15186   40.84776    0.15186    1.59083       -8090.55074
  Mo       83   42.23957   40.93547    0.23957    1.49799       -8090.49212
  Mo       84   42.00519   40.70109    0.00519    1.74823       -8090.64898
  Mo       85   42.07299   40.76889    0.07299    1.65973       -8090.57267
  Mo       86   42.13007   40.82597    0.13007    1.61450       -8090.56384
  Mo       87   42.12473   40.82063    0.12473    1.61673       -8090.56186
  Mo       88   42.09709   40.79300    0.09709    1.65170       -8090.59325
  Mo       89   42.06115   40.75706    0.06115    1.68483       -8090.60212
  Mo       90   42.04921   40.74511    0.04921    1.70087       -8090.62088
  Mo       91   42.09455   40.79046    0.09455    1.65346       -8090.59262
  Mo       92   42.16315   40.85905    0.16315    1.58329       -8090.55005
  Mo       93   42.01083   40.70673    0.01083    1.73634       -8090.63172
  Mo       94   42.11221   40.80812    0.11221    1.62647       -8090.57252
  Mo       95   42.16458   40.86049    0.16458    1.56120       -8090.51477
  Mo       96   42.18183   40.87773    0.18183    1.55637       -8090.52871
  Ta       97   72.69083   71.38673   -0.30917    1.86372      -31233.00321
  Ta       98   72.72714   71.42304   -0.27286    1.82162      -31232.96440
  Ta       99   72.75010   71.44600   -0.24990    1.80711      -31232.95155
  Ta      100   72.83817   71.53407   -0.16183    1.71901      -31232.90925
  Ta      101   72.76460   71.46051   -0.23540    1.78488      -31232.93803
  Ta      102   72.71168   71.40758   -0.28832    1.84476      -31232.97970
  Ta      103   72.83140   71.52730   -0.16860    1.72415      -31232.92006
  Ta      104   72.88331   71.57922   -0.11669    1.67712      -31232.89212
  Ta      105   72.85353   71.54943   -0.14647    1.70232      -31232.89844
  Ta      106   72.69085   71.38675   -0.30915    1.87257      -31233.01514
  Ta      107   72.76952   71.46543   -0.23048    1.79298      -31232.95638
  Ta      108   72.84837   71.54427   -0.15163    1.71355      -31232.91145
  Ta      109   72.66017   71.35608   -0.33983    1.89288      -31233.01543
  Ta      110   72.88247   71.57838   -0.11753    1.67694      -31232.88156
  Ta      111   72.77698   71.47288   -0.22302    1.78871      -31232.95402
  Ta      112   72.81037   71.50627   -0.18963    1.74884      -31232.93195
  Ta      113   72.79609   71.49199   -0.20391    1.75301      -31232.92833
  Ta      114   72.85264   71.54854   -0.14736    1.70449      -31232.90740
  Ta      115   72.74715   71.44306   -0.25285    1.81259      -31232.96463
  Ta      116   72.80146   71.49737   -0.19854    1.74754      -31232.91387
  Ta      117   72.78665   71.48256   -0.21335    1.76827      -31232.93799
  Ta      118   72.73824   71.43415   -0.26176    1.81601      -31232.97030
  Ta      119   72.87461   71.57051   -0.12539    1.68415      -31232.87878
  Ta      120   72.89920   71.59511   -0.10080    1.66384      -31232.87795
  Ta      121   72.68488   71.38079   -0.31512    1.86277      -31232.99442
  Ta      122   72.74850   71.44440   -0.25150    1.81081      -31232.97176
  Ta      123   72.83649   71.53239   -0.16351    1.71905      -31232.91476
  Ta      124   72.83616   71.53206   -0.16384    1.71625      -31232.90309
  Ta      125   72.82198   71.51789   -0.17802    1.73251      -31232.90491
  Ta      126   72.81841   71.51431   -0.18159    1.73335      -31232.91224
  Ta      127   72.81572   71.51163   -0.18428    1.73119      -31232.90918
  Ta      128   72.61331   71.30921   -0.38669    1.94040      -31233.04787
  Ti      129   22.15429   20.85019    0.15429    1.71363       -1704.45369
  Ti      130   22.23378   20.92968    0.23378    1.64577       -1704.45951
  Ti      131   22.27309   20.96899    0.27309    1.60310       -1704.40667
  Ti      132   22.31608   21.01199    0.31608    1.56672       -1704.40241
  Ti      133   22.49379   21.18970    0.49379    1.37533       -1704.27748
  Ti      134   22.42452   21.12042    0.42452    1.44821       -1704.31811
  Ti      135   22.34519   21.04109    0.34519    1.51616       -1704.35332
  Ti      136   22.39284   21.08874    0.39284    1.47360       -1704.33060
  Ti      137   22.31216   21.00806    0.31216    1.54832       -1704.34546
  Ti      138   22.25145   20.94735    0.25145    1.62524       -1704.42198
  Ti      139   22.29350   20.98940    0.29350    1.57307       -1704.37759
  Ti      140   22.33693   21.03284    0.33693    1.54043       -1704.38760
  Ti      141   22.29796   20.99386    0.29796    1.56767       -1704.37131
  Ti      142   22.28085   20.97675    0.28085    1.58369       -1704.38624
  Ti      143   22.37104   21.06695    0.37104    1.51312       -1704.38562
  Ti      144   22.15687   20.85278    0.15687    1.70987       -1704.46001
  Ti      145   22.30815   21.00405    0.30815    1.56290       -1704.38160
  Ti      146   22.24415   20.94005    0.24415    1.61850       -1704.39129
  Ti      147   22.39196   21.08787    0.39196    1.49211       -1704.38209
  Ti      148   22.30445   21.00035    0.30445    1.57064       -1704.40760
  Ti      149   22.27010   20.96601    0.27010    1.61017       -1704.42939
  Ti      150   22.20322   20.89912    0.20322    1.65894       -1704.40704
  Ti      151   22.33954   21.03544    0.33954    1.53553       -1704.37824
  Ti      152   22.32137   21.01727    0.32137    1.56793       -1704.41838
  Ti      153   22.28318   20.97908    0.28318    1.58398       -1704.38617
  Ti      154   22.30955   21.00546    0.30955    1.57086       -1704.41291
  Ti      155   22.19968   20.89558    0.19968    1.67023       -1704.42453
  Ti      156   22.34965   21.04556    0.34965    1.53032       -1704.39708
  Ti      157   22.30896   21.00487    0.30896    1.55993       -1704.39433
  Ti      158   22.32501   21.02092    0.32501    1.55493       -1704.40558
  Ti      159   22.39308   21.08898    0.39308    1.49303       -1704.37369
  Ti      160   22.38825   21.08415    0.38825    1.47697       -1704.34182
