 Atom   Index      Q          Qmt        dQ        Vmad        Local Energy
  W         1   73.86608   72.56146   -0.13392    1.75474      -32312.53671
  W         2   73.98126   72.67664   -0.01874    1.63930      -32312.46940
  W         3   73.88337   72.57875   -0.11663    1.72814      -32312.49799
  W         4   73.91307   72.60845   -0.08693    1.70836      -32312.49726
  W         5   73.88526   72.58064   -0.11474    1.74301      -32312.53227
  W         6   73.96953   72.66490   -0.03047    1.65446      -32312.47239
  W         7   73.83632   72.53170   -0.16368    1.78367      -32312.54307
  W         8   73.90023   72.59561   -0.09977    1.72081      -32312.51537
  W         9   73.94402   72.63940   -0.05598    1.67437      -32312.46657
  W        10   73.94079   72.63617   -0.05921    1.67672      -32312.47655
  W        11   73.81241   72.50779   -0.18759    1.81040      -32312.56941
  W        12   73.74257   72.43795   -0.25743    1.88336      -32312.61452
  W        13   73.84387   72.53925   -0.15613    1.77544      -32312.52995
  W        14   73.83771   72.53309   -0.16229    1.78819      -32312.54507
  W        15   73.91124   72.60662   -0.08876    1.70178      -32312.48334
  W        16   73.89747   72.59285   -0.10253    1.72140      -32312.50529
  Nb       17   40.90430   39.59968   -0.09570    1.74161       -7632.60844
  Nb       18   40.91581   39.61119   -0.08419    1.73080       -7632.59635
  Nb       19   40.93339   39.62877   -0.06661    1.71621       -7632.59339
  Nb       20   40.91830   39.61367   -0.08170    1.73071       -7632.60033
  Nb       21   40.89895   39.59433   -0.10105    1.75035       -7632.62317
  Nb       22   40.99154   39.68692   -0.00846    1.66127       -7632.57468
  Nb       23   40.96764   39.66302   -0.03236    1.67320       -7632.57068
  Nb       24   40.93331   39.62869   -0.06669    1.71424       -7632.59102
  Nb       25   40.89355   39.58893   -0.10645    1.75357       -7632.61562
  Nb       26   40.80959   39.50497   -0.19041    1.83752       -7632.65630
  Nb       27   40.98291   39.67829   -0.01709    1.67218       -7632.57102
  Nb       28   40.88620   39.58158   -0.11380    1.76579       -7632.62012
  Nb       29   40.99535   39.69073   -0.00465    1.65019       -7632.56088
  Nb       30   40.97276   39.66814   -0.02724    1.67623       -7632.56728
  Nb       31   40.88019   39.57557   -0.11981    1.76548       -7632.62367
  Nb       32   40.85368   39.54906   -0.14632    1.79132       -7632.63282
  Mo       33   42.09989   40.79527    0.09989    1.65354       -8090.59324
  Mo       34   42.12714   40.82252    0.12714    1.61903       -8090.57470
  Mo       35   42.05318   40.74856    0.05318    1.69098       -8090.60462
  Mo       36   42.03244   40.72782    0.03244    1.70644       -8090.60866
  Mo       37   42.04011   40.73549    0.04011    1.70769       -8090.61911
  Mo       38   42.11773   40.81311    0.11773    1.63342       -8090.57908
  Mo       39   41.98868   40.68406   -0.01132    1.75688       -8090.64708
  Mo       40   42.07908   40.77446    0.07908    1.66574       -8090.59247
  Mo       41   42.09513   40.79051    0.09513    1.64996       -8090.58242
  Mo       42   42.04833   40.74371    0.04833    1.68784       -8090.59693
  Mo       43   42.16575   40.86112    0.16575    1.58016       -8090.54931
  Mo       44   42.22131   40.91669    0.22131    1.52270       -8090.51471
  Mo       45   42.10152   40.79690    0.10152    1.63652       -8090.56687
  Mo       46   42.01665   40.71202    0.01665    1.73389       -8090.64339
  Mo       47   42.05649   40.75187    0.05649    1.68469       -8090.59701
  Mo       48   42.25034   40.94572    0.25034    1.49519       -8090.49661
  Ta       49   72.84177   71.53715   -0.15823    1.72276      -31232.92252
  Ta       50   72.67982   71.37520   -0.32018    1.87787      -31233.00677
  Ta       51   72.85478   71.55016   -0.14522    1.70383      -31232.89992
  Ta       52   72.77044   71.46581   -0.22956    1.78222      -31232.93988
  Ta       53   72.79430   71.48968   -0.20570    1.76848      -31232.94512
  Ta       54   72.79826   71.49363   -0.20174    1.76120      -31232.92376
  Ta       55   72.75225   71.44763   -0.24775    1.79765      -31232.95868
  Ta       56   72.76652   71.46190   -0.23348    1.79283      -31232.95898
  Ta       57   72.74616   71.44154   -0.25384    1.80755      -31232.95264
  Ta       58   72.81410   71.50948   -0.18590    1.74385      -31232.92945
  Ta       59   72.68801   71.38339   -0.31199    1.86504      -31232.99719
  Ta       60   72.70120   71.39658   -0.29880    1.85073      -31232.98329
  Ta       61   72.76095   71.45633   -0.23905    1.79526      -31232.96047
  Ta       62   72.74377   71.43915   -0.25623    1.81467      -31232.97430
  Ta       63   72.81055   71.50593   -0.18945    1.74650      -31232.93824
  Ta       64   72.81151   71.50688   -0.18849    1.75222      -31232.92742
  Ti       65   22.38186   21.07724    0.38186    1.48590       -1704.33979
  Ti       66   22.47464   21.17002    0.47464    1.40323       -1704.31315
  Ti       67   22.35951   21.05488    0.35951    1.52120       -1704.38303
  Ti       68   22.34310   21.03848    0.34310    1.52655       -1704.36656
  Ti       69   22.41513   21.11051    0.41513    1.45646       -1704.33135
  Ti       70   22.21511   20.91048    0.21511    1.67062       -1704.47504
  Ti       71   22.34382   21.03920    0.34382    1.52748       -1704.37081
  Ti       72   22.41822   21.11360    0.41822    1.44388       -1704.31416
  Ti       73   22.31658   21.01196    0.31658    1.54902       -1704.37321
  Ti       74   22.33781   21.03319    0.33781    1.52121       -1704.33412
  Ti       75   22.36990   21.06527    0.36990    1.50285       -1704.34883
  Ti       76   22.27025   20.96563    0.27025    1.59249       -1704.38225
  Ti       77   22.28722   20.98260    0.28722    1.57815       -1704.37320
  Ti       78   22.21991   20.91529    0.21991    1.66056       -1704.46797
  Ti       79   22.22133   20.91671    0.22133    1.64758       -1704.42906
  Ti       80   22.29475   20.99013    0.29475    1.57478       -1704.38791
