System Description            : WNbMoTaTi, BCC structure                        
Number of Atoms in Unit Cell  : 320                                             
Number of Atomic Species      : 5                                               
Number of Atoms in Each Type  : 64(W), 64(Nb), 64(Mo), 64(Ta), 64(Ti)           
Energy Offset                 : -16193                                          
=======================================================================================
    Iter     Energy      3PV     Efermi   Rms_rho    Rms_pot   Mix  Alg  Alpha 
---------------------------------------------------------------------------------------
**       1  -0.749612  1839.842  0.54278  0.140E+01  0.215E+00  pot  B   0.1000
         2   0.065179  1817.609  0.57539  0.792E-02  0.216E+01  pot  B   0.1000
         3  -1.065721  1815.511  0.57677  0.323E-02  0.339E+00  pot  B   0.1000
         4  -1.105845  1800.148  0.58794  0.568E-02  0.717E+00  pot  B   0.1000
         5  -1.299254  1780.725  0.60113  0.650E-02  0.581E+00  pot  B   0.1000
         6  -1.318074  1772.891  0.60774  0.272E-02  0.695E+00  pot  B   0.1000
         7  -1.464372  1762.499  0.61488  0.360E-02  0.263E+00  pot  B   0.1000
         8  -1.517402  1746.267  0.62635  0.562E-02  0.294E+00  pot  B   0.1000
         9  -1.552315  1735.115  0.63476  0.400E-02  0.133E+00  pot  B   0.1000
        10  -1.565656  1729.484  0.63935  0.225E-02  0.954E-01  pot  B   0.1000
        11  -1.575189  1725.983  0.64214  0.161E-02  0.775E-01  pot  B   0.1000
        12  -1.585732  1721.277  0.64564  0.241E-02  0.103E+00  pot  B   0.1000
        13  -1.596633  1715.455  0.64953  0.308E-02  0.635E-01  pot  B   0.1000
        14  -1.597770  1712.254  0.65198  0.130E-02  0.953E-01  pot  B   0.1000
        15  -1.603139  1707.868  0.65527  0.279E-02  0.590E-01  pot  B   0.1000
        16  -1.603848  1707.241  0.65602  0.533E-03  0.481E-01  pot  B   0.1000
        17  -1.604309  1706.217  0.65705  0.548E-03  0.231E-01  pot  B   0.1000
        18  -1.603341  1706.092  0.65737  0.167E-03  0.672E-01  pot  B   0.1000
        19  -1.604446  1706.126  0.65750  0.132E-03  0.129E-01  pot  B   0.1000
        20  -1.604536  1706.064  0.65788  0.166E-03  0.123E-01  pot  B   0.1000
        21  -1.604601  1706.123  0.65815  0.908E-04  0.872E-02  pot  B   0.1000
        22  -1.604651  1706.129  0.65859  0.112E-03  0.765E-02  pot  B   0.1000
        23  -1.604723  1706.174  0.65926  0.164E-03  0.812E-02  pot  B   0.1000
        24  -1.604766  1706.182  0.65987  0.144E-03  0.108E-01  pot  B   0.1000
        25  -1.604795  1706.164  0.66036  0.110E-03  0.607E-02  pot  B   0.1000
        26  -1.604809  1706.096  0.66074  0.901E-04  0.479E-02  pot  B   0.1000
        27  -1.604823  1706.125  0.66103  0.478E-04  0.431E-02  pot  B   0.1000
        28  -1.604831  1706.119  0.66123  0.329E-04  0.284E-02  pot  B   0.1000
        29  -1.604836  1706.100  0.66140  0.257E-04  0.491E-02  pot  B   0.1000
        30  -1.604842  1706.085  0.66161  0.347E-04  0.558E-02  pot  B   0.1000
        31  -1.604841  1706.093  0.66158  0.163E-04  0.438E-02  pot  B   0.1000
        32  -1.604851  1706.088  0.66175  0.266E-04  0.224E-02  pot  B   0.1000
        33  -1.604853  1706.091  0.66183  0.205E-04  0.222E-02  pot  B   0.1000
        34  -1.604856  1706.093  0.66191  0.138E-04  0.101E-02  pot  B   0.1000
        35  -1.604857  1706.094  0.66195  0.738E-05  0.103E-02  pot  B   0.1000
        36  -1.604859  1706.098  0.66198  0.689E-05  0.105E-02  pot  B   0.1000
        37  -1.604859  1706.103  0.66199  0.750E-05  0.559E-03  pot  B   0.1000
        38  -1.604860  1706.113  0.66200  0.800E-05  0.549E-03  pot  B   0.1000
        39  -1.604860  1706.120  0.66203  0.824E-05  0.976E-03  pot  B   0.1000
        40  -1.604861  1706.127  0.66205  0.618E-05  0.627E-03  pot  B   0.1000
        41  -1.604861  1706.142  0.66205  0.116E-04  0.819E-03  pot  B   0.1000
        42  -1.604861  1706.152  0.66206  0.749E-05  0.774E-03  pot  B   0.1000
        43  -1.604861  1706.151  0.66205  0.257E-05  0.779E-03  pot  B   0.1000
        44  -1.604862  1706.160  0.66206  0.662E-05  0.392E-03  pot  B   0.1000
        45  -1.604861  1706.167  0.66205  0.500E-05  0.479E-03  pot  B   0.1000
        46  -1.604861  1706.174  0.66205  0.413E-05  0.264E-03  pot  B   0.1000
        47  -1.604861  1706.178  0.66204  0.278E-05  0.283E-03  pot  B   0.1000
        48  -1.604861  1706.184  0.66204  0.346E-05  0.332E-03  pot  B   0.1000
        49  -1.604861  1706.188  0.66203  0.277E-05  0.236E-03  pot  B   0.1000
        50  -1.604861  1706.193  0.66202  0.300E-05  0.189E-03  pot  B   0.1000
        51  -1.604861  1706.195  0.66202  0.131E-05  0.218E-03  pot  B   0.1000
        52  -1.604861  1706.196  0.66202  0.896E-06  0.118E-03  pot  B   0.1000
        53  -1.604861  1706.198  0.66201  0.187E-05  0.148E-03  pot  B   0.1000
        54  -1.604861  1706.200  0.66201  0.932E-06  0.125E-03  pot  B   0.1000
        55  -1.604861  1706.200  0.66201  0.612E-06  0.167E-03  pot  B   0.1000
        56  -1.604861  1706.201  0.66200  0.895E-06  0.816E-04  pot  B   0.1000
        57  -1.604861  1706.202  0.66200  0.126E-05  0.132E-03  pot  B   0.1000
        58  -1.604861  1706.203  0.66199  0.114E-05  0.797E-04  pot  B   0.1000
        59  -1.604860  1706.204  0.66199  0.840E-06  0.705E-04  pot  B   0.1000
        60  -1.604860  1706.204  0.66199  0.684E-06  0.648E-04  pot  B   0.1000
        61  -1.604860  1706.205  0.66198  0.507E-06  0.504E-04  pot  B   0.1000
        62  -1.604860  1706.204  0.66198  0.534E-06  0.397E-04  pot  B   0.1000
        63  -1.604860  1706.205  0.66198  0.366E-06  0.456E-04  pot  B   0.1000
        64  -1.604860  1706.205  0.66198  0.230E-06  0.400E-04  pot  B   0.1000
        65  -1.604860  1706.204  0.66198  0.561E-06  0.354E-04  pot  B   0.1000
        66  -1.604860  1706.204  0.66198  0.327E-06  0.399E-04  pot  B   0.1000
        67  -1.604860  1706.204  0.66198  0.330E-06  0.414E-04  pot  B   0.1000
        68  -1.604860  1706.204  0.66198  0.213E-06  0.203E-04  pot  B   0.1000
        69  -1.604860  1706.204  0.66198  0.244E-06  0.217E-04  pot  B   0.1000
        70  -1.604860  1706.204  0.66198  0.149E-06  0.172E-04  pot  B   0.1000
        71  -1.604860  1706.204  0.66198  0.137E-06  0.168E-04  pot  B   0.1000
        72  -1.604860  1706.203  0.66198  0.111E-06  0.118E-04  pot  B   0.1000
        73  -1.604860  1706.203  0.66198  0.137E-06  0.135E-04  pot  B   0.1000
        74  -1.604860  1706.203  0.66198  0.155E-06  0.126E-04  pot  B   0.1000
        75  -1.604860  1706.203  0.66198  0.103E-06  0.104E-04  pot  B   0.1000
        76  -1.604860  1706.203  0.66198  0.782E-07  0.139E-04  pot  B   0.1000
        77  -1.604860  1706.202  0.66198  0.145E-06  0.746E-05  pot  B   0.1000
        78  -1.604860  1706.202  0.66198  0.101E-06  0.783E-05  pot  B   0.1000
        79  -1.604860  1706.202  0.66198  0.138E-06  0.901E-05  pot  B   0.1000
        80  -1.604860  1706.202  0.66198  0.386E-07  0.558E-05  pot  B   0.1000
        81  -1.604860  1706.202  0.66198  0.930E-07  0.552E-05  pot  B   0.1000
        82  -1.604860  1706.202  0.66198  0.916E-07  0.583E-05  pot  B   0.1000
        83  -1.604860  1706.202  0.66198  0.943E-07  0.609E-05  pot  B   0.1000
        84  -1.604860  1706.202  0.66198  0.799E-07  0.379E-05  pot  B   0.1000
        85  -1.604860  1706.202  0.66198  0.726E-07  0.452E-05  pot  B   0.1000
        86  -1.604860  1706.201  0.66198  0.676E-07  0.414E-05  pot  B   0.1000
        87  -1.604860  1706.201  0.66198  0.275E-07  0.309E-05  pot  B   0.1000
        88  -1.604860  1706.201  0.66198  0.319E-07  0.424E-05  pot  B   0.1000
        89  -1.604860  1706.201  0.66198  0.410E-07  0.275E-05  pot  B   0.1000
        90  -1.604860  1706.201  0.66198  0.309E-07  0.255E-05  pot  B   0.1000
        91  -1.604860  1706.201  0.66198  0.446E-07  0.271E-05  pot  B   0.1000
        92  -1.604860  1706.201  0.66198  0.138E-07  0.302E-05  pot  B   0.1000
        93  -1.604860  1706.201  0.66198  0.400E-07  0.226E-05  pot  B   0.1000
        94  -1.604860  1706.201  0.66198  0.254E-07  0.178E-05  pot  B   0.1000
        95  -1.604860  1706.201  0.66198  0.225E-07  0.179E-05  pot  B   0.1000
        96  -1.604860  1706.201  0.66198  0.163E-07  0.115E-05  pot  B   0.1000
        97  -1.604860  1706.201  0.66198  0.127E-07  0.141E-05  pot  B   0.1000
        98  -1.604860  1706.201  0.66198  0.148E-07  0.127E-05  pot  B   0.1000
        99  -1.604860  1706.201  0.66198  0.974E-08  0.141E-05  pot  B   0.1000
       100  -1.604860  1706.201  0.66198  0.105E-07  0.185E-05  pot  B   0.1000
       101  -1.604860  1706.201  0.66198  0.111E-07  0.109E-05  pot  B   0.1000
       102  -1.604860  1706.201  0.66198  0.713E-08  0.109E-05  pot  B   0.1000
       103  -1.604860  1706.201  0.66198  0.156E-07  0.990E-06  pot  B   0.1000
       104  -1.604860  1706.201  0.66198  0.397E-08  0.852E-06  pot  B   0.1000
       105  -1.604860  1706.201  0.66198  0.866E-08  0.592E-06  pot  B   0.1000
       106  -1.604860  1706.201  0.66198  0.526E-08  0.624E-06  pot  B   0.1000
       107  -1.604860  1706.201  0.66198  0.906E-08  0.462E-06  pot  B   0.1000
       108  -1.604860  1706.201  0.66198  0.609E-08  0.382E-06  pot  B   0.1000
       109  -1.604860  1706.201  0.66198  0.877E-08  0.559E-06  pot  B   0.1000
       110  -1.604860  1706.201  0.66198  0.839E-08  0.454E-06  pot  B   0.1000
       111  -1.604860  1706.201  0.66198  0.728E-08  0.764E-06  pot  B   0.1000
       112  -1.604860  1706.201  0.66198  0.622E-08  0.838E-06  pot  B   0.1000
       113  -1.604860  1706.201  0.66198  0.278E-08  0.378E-06  pot  B   0.1000
       114  -1.604860  1706.201  0.66198  0.547E-08  0.307E-06  pot  B   0.1000
       115  -1.604860  1706.201  0.66198  0.636E-08  0.248E-06  pot  B   0.1000
       116  -1.604860  1706.201  0.66198  0.112E-08  0.254E-06  pot  B   0.1000
       117  -1.604860  1706.201  0.66198  0.557E-08  0.226E-06  pot  B   0.1000
       118  -1.604860  1706.201  0.66198  0.343E-08  0.294E-06  pot  B   0.1000
       119  -1.604860  1706.201  0.66198  0.571E-08  0.212E-06  pot  B   0.1000
       120  -1.604860  1706.201  0.66198  0.297E-08  0.195E-06  pot  B   0.1000
       121  -1.604860  1706.201  0.66198  0.373E-08  0.218E-06  pot  B   0.1000
       122  -1.604860  1706.201  0.66198  0.237E-08  0.150E-06  pot  B   0.1000
       123  -1.604860  1706.201  0.66198  0.228E-08  0.230E-06  pot  B   0.1000
       124  -1.604860  1706.201  0.66198  0.145E-08  0.244E-06  pot  B   0.1000
       125  -1.604860  1706.201  0.66198  0.928E-09  0.134E-06  pot  B   0.1000
       126  -1.604860  1706.201  0.66198  0.152E-08  0.123E-06  pot  B   0.1000
       127  -1.604860  1706.201  0.66198  0.212E-08  0.116E-06  pot  B   0.1000
       128  -1.604860  1706.201  0.66198  0.798E-09  0.115E-06  pot  B   0.1000
       129  -1.604860  1706.201  0.66198  0.109E-08  0.889E-07  pot  B   0.1000
       130  -1.604860  1706.201  0.66198  0.811E-09  0.121E-06  pot  B   0.1000
       131  -1.604860  1706.201  0.66198  0.826E-09  0.645E-07  pot  B   0.1000
       132  -1.604860  1706.201  0.66198  0.412E-09  0.570E-07  pot  B   0.1000
       133  -1.604860  1706.201  0.66198  0.525E-09  0.548E-07  pot  B   0.1000
       134  -1.604860  1706.201  0.66198  0.461E-09  0.516E-07  pot  B   0.1000
       135  -1.604860  1706.201  0.66198  0.806E-09  0.763E-07  pot  B   0.1000
       136  -1.604860  1706.201  0.66198  0.775E-09  0.980E-07  pot  B   0.1000
       137  -1.604860  1706.201  0.66198  0.522E-09  0.709E-07  pot  B   0.1000
       138  -1.604860  1706.201  0.66198  0.103E-08  0.498E-07  pot  B   0.1000
       139  -1.604860  1706.201  0.66198  0.550E-09  0.439E-07  pot  B   0.1000
       140  -1.604860  1706.201  0.66198  0.675E-09  0.423E-07  pot  B   0.1000
       141  -1.604860  1706.201  0.66198  0.287E-09  0.292E-07  pot  B   0.1000
       142  -1.604860  1706.201  0.66198  0.455E-09  0.345E-07  pot  B   0.1000
       143  -1.604860  1706.201  0.66198  0.536E-09  0.256E-07  pot  B   0.1000
       144  -1.604860  1706.201  0.66198  0.433E-09  0.323E-07  pot  B   0.1000
       145  -1.604860  1706.201  0.66198  0.510E-09  0.265E-07  pot  B   0.1000
       146  -1.604860  1706.201  0.66198  0.467E-09  0.276E-07  pot  B   0.1000
       147  -1.604860  1706.201  0.66198  0.494E-09  0.335E-07  pot  B   0.1000
       148  -1.604860  1706.201  0.66198  0.402E-09  0.299E-07  pot  B   0.1000
       149  -1.604860  1706.201  0.66198  0.187E-09  0.249E-07  pot  B   0.1000
       150  -1.604860  1706.201  0.66198  0.419E-09  0.150E-07  pot  B   0.1000
**     151  -1.604860  1706.201  0.66198  0.469E-12  0.150E-07  pot  B   0.1000
**     152  -1.604860  1706.201  0.66198  0.469E-12  0.150E-07  pot  B   0.1000
