System Description            : WNbMoTaTi, BCC structure                        
Number of Atoms in Unit Cell  : 80                                              
Number of Atomic Species      : 5                                               
Number of Atoms in Each Type  : 16(W), 16(Nb), 16(Mo), 16(Ta), 16(Ti)           
Energy Offset                 : -16193                                          
=======================================================================================
    Iter     Energy      3PV     Efermi   Rms_rho    Rms_pot   Mix  Alg  Alpha 
---------------------------------------------------------------------------------------
**       1  -0.753973  1839.828  0.54089  0.140E+01  0.165E+00  pot  B   0.1000
         2  -0.952521  1816.595  0.57742  0.783E-02  0.472E+00  pot  B   0.1000
         3  -1.092096  1812.940  0.57793  0.194E-02  0.233E+00  pot  B   0.1000
         4  -1.317270  1783.448  0.59705  0.954E-02  0.287E+00  pot  B   0.1000
         5  -1.364389  1770.564  0.60724  0.438E-02  0.408E+00  pot  B   0.1000
         6  -1.472823  1758.629  0.61659  0.409E-02  0.208E+00  pot  B   0.1000
         7  -1.531923  1741.013  0.62901  0.602E-02  0.203E+00  pot  B   0.1000
         8  -1.562361  1731.073  0.63706  0.365E-02  0.910E-01  pot  B   0.1000
         9  -1.576455  1725.704  0.64228  0.248E-02  0.388E-01  pot  B   0.1000
        10  -1.587000  1720.764  0.64595  0.252E-02  0.620E-01  pot  B   0.1000
        11  -1.597642  1715.007  0.65014  0.311E-02  0.376E-01  pot  B   0.1000
        12  -1.603547  1708.839  0.65456  0.335E-02  0.241E-01  pot  B   0.1000
        13  -1.604311  1706.886  0.65659  0.115E-02  0.119E-01  pot  B   0.1000
        14  -1.604449  1706.633  0.65723  0.313E-03  0.101E-01  pot  B   0.1000
        15  -1.604530  1706.257  0.65793  0.190E-03  0.380E-02  pot  B   0.1000
        16  -1.604633  1705.973  0.65899  0.244E-03  0.462E-02  pot  B   0.1000
        17  -1.604770  1705.924  0.66048  0.290E-03  0.253E-02  pot  B   0.1000
        18  -1.604795  1705.890  0.66137  0.176E-03  0.159E-02  pot  B   0.1000
        19  -1.604797  1705.967  0.66158  0.480E-04  0.217E-02  pot  B   0.1000
        20  -1.604805  1706.028  0.66172  0.326E-04  0.131E-02  pot  B   0.1000
        21  -1.604811  1706.120  0.66186  0.524E-04  0.724E-03  pot  B   0.1000
        22  -1.604812  1706.184  0.66192  0.269E-04  0.664E-03  pot  B   0.1000
        23  -1.604813  1706.211  0.66196  0.134E-04  0.408E-03  pot  B   0.1000
        24  -1.604814  1706.206  0.66203  0.149E-04  0.295E-03  pot  B   0.1000
        25  -1.604815  1706.207  0.66209  0.108E-04  0.258E-03  pot  B   0.1000
        26  -1.604816  1706.202  0.66213  0.664E-05  0.171E-03  pot  B   0.1000
        27  -1.604817  1706.190  0.66219  0.892E-05  0.105E-03  pot  B   0.1000
        28  -1.604817  1706.186  0.66221  0.379E-05  0.624E-04  pot  B   0.1000
        29  -1.604817  1706.188  0.66222  0.149E-05  0.243E-04  pot  B   0.1000
        30  -1.604817  1706.191  0.66222  0.180E-05  0.298E-04  pot  B   0.1000
        31  -1.604817  1706.195  0.66222  0.262E-05  0.283E-04  pot  B   0.1000
        32  -1.604817  1706.198  0.66222  0.153E-05  0.505E-04  pot  B   0.1000
        33  -1.604817  1706.200  0.66222  0.125E-05  0.199E-04  pot  B   0.1000
        34  -1.604817  1706.202  0.66222  0.111E-05  0.150E-04  pot  B   0.1000
        35  -1.604817  1706.203  0.66222  0.661E-06  0.104E-04  pot  B   0.1000
        36  -1.604817  1706.203  0.66222  0.778E-06  0.138E-04  pot  B   0.1000
        37  -1.604817  1706.203  0.66222  0.578E-06  0.719E-05  pot  B   0.1000
        38  -1.604817  1706.203  0.66222  0.510E-06  0.615E-05  pot  B   0.1000
        39  -1.604817  1706.202  0.66222  0.156E-06  0.455E-05  pot  B   0.1000
        40  -1.604817  1706.202  0.66222  0.104E-06  0.274E-05  pot  B   0.1000
        41  -1.604817  1706.202  0.66222  0.133E-06  0.215E-05  pot  B   0.1000
        42  -1.604817  1706.202  0.66222  0.120E-06  0.262E-05  pot  B   0.1000
        43  -1.604817  1706.202  0.66222  0.922E-07  0.194E-05  pot  B   0.1000
        44  -1.604817  1706.202  0.66222  0.728E-07  0.115E-05  pot  B   0.1000
        45  -1.604817  1706.202  0.66222  0.420E-07  0.121E-05  pot  B   0.1000
        46  -1.604817  1706.202  0.66222  0.294E-07  0.103E-05  pot  B   0.1000
        47  -1.604817  1706.202  0.66222  0.347E-07  0.732E-06  pot  B   0.1000
        48  -1.604817  1706.202  0.66222  0.237E-07  0.568E-06  pot  B   0.1000
        49  -1.604817  1706.202  0.66222  0.192E-07  0.414E-06  pot  B   0.1000
        50  -1.604817  1706.202  0.66222  0.588E-08  0.399E-06  pot  B   0.1000
        51  -1.604817  1706.202  0.66222  0.108E-07  0.264E-06  pot  B   0.1000
        52  -1.604817  1706.202  0.66222  0.928E-08  0.287E-06  pot  B   0.1000
        53  -1.604817  1706.202  0.66222  0.113E-07  0.250E-06  pot  B   0.1000
        54  -1.604817  1706.202  0.66222  0.529E-08  0.147E-06  pot  B   0.1000
        55  -1.604817  1706.202  0.66222  0.312E-08  0.120E-06  pot  B   0.1000
        56  -1.604817  1706.202  0.66222  0.303E-08  0.926E-07  pot  B   0.1000
        57  -1.604817  1706.202  0.66222  0.269E-08  0.918E-07  pot  B   0.1000
        58  -1.604817  1706.202  0.66222  0.195E-08  0.875E-07  pot  B   0.1000
        59  -1.604817  1706.202  0.66222  0.266E-08  0.491E-07  pot  B   0.1000
        60  -1.604817  1706.202  0.66222  0.204E-08  0.373E-07  pot  B   0.1000
        61  -1.604817  1706.202  0.66222  0.549E-09  0.250E-07  pot  B   0.1000
        62  -1.604817  1706.202  0.66222  0.719E-09  0.266E-07  pot  B   0.1000
        63  -1.604817  1706.202  0.66222  0.496E-09  0.180E-07  pot  B   0.1000
        64  -1.604817  1706.202  0.66222  0.494E-09  0.135E-07  pot  B   0.1000
        65  -1.604817  1706.202  0.66222  0.220E-09  0.140E-07  pot  B   0.1000
        66  -1.604817  1706.202  0.66222  0.321E-09  0.715E-08  pot  B   0.1000
**      67  -1.604817  1706.202  0.66222  0.481E-12  0.715E-08  pot  B   0.1000
