System Description            : WNbMoTaV, BCC structure                         
Number of Atoms in Unit Cell  : 1280                                            
Number of Atomic Species      : 5                                               
Number of Atoms in Each Type  : 256(W), 256(Nb), 256(Mo), 256(Ta), 256(V)       
Energy Offset                 : -16231                                          
=======================================================================================
    Iter     Energy      3PV     Efermi   Rms_rho    Rms_pot   Mix  Alg  Alpha 
---------------------------------------------------------------------------------------
**       1  -0.856293  1839.072  0.58695  0.140E+01  0.333E+00  pot  B   0.1000
         2   4.368960  1822.156  0.61092  0.844E-02  0.928E+01  pot  B   0.1000
         3  -0.636414  1816.736  0.60052  0.456E-02  0.336E+01  pot  B   0.1000
         4  -0.746994  1815.792  0.60043  0.417E-02  0.269E+01  pot  B   0.1000
         5  -0.984218  1813.255  0.60142  0.424E-02  0.208E+01  pot  B   0.1000
         6  -1.131319  1803.540  0.60926  0.509E-02  0.176E+01  pot  B   0.1000
         7  -1.299515  1796.258  0.61351  0.443E-02  0.124E+01  pot  B   0.1000
         8  -1.426823  1788.879  0.61618  0.398E-02  0.869E+00  pot  B   0.1000
         9  -1.463691  1780.249  0.61833  0.402E-02  0.919E+00  pot  B   0.1000
        10  -1.554815  1769.037  0.62074  0.390E-02  0.733E+00  pot  B   0.1000
        11  -1.608695  1755.235  0.62515  0.490E-02  0.667E+00  pot  B   0.1000
        12  -1.641671  1746.581  0.62839  0.309E-02  0.827E+00  pot  B   0.1000
        13  -1.682715  1737.141  0.63209  0.347E-02  0.533E+00  pot  B   0.1000
        14  -1.285934  1754.564  0.62854  0.592E-02  0.239E+01  pot  B   0.1000
        15  -1.697802  1739.151  0.63327  0.529E-02  0.456E+00  pot  B   0.1000
        16  -1.663642  1732.773  0.63644  0.238E-02  0.954E+00  pot  B   0.1000
        17  -1.606425  1737.868  0.63348  0.217E-02  0.122E+01  pot  B   0.1000
        18  -1.720750  1727.571  0.63664  0.366E-02  0.335E+00  pot  B   0.1000
        19  -1.699735  1729.815  0.63508  0.182E-02  0.703E+00  pot  B   0.1000
        20  -1.723454  1729.143  0.63503  0.182E-02  0.287E+00  pot  B   0.1000
        21  -1.718127  1728.932  0.63544  0.177E-02  0.404E+00  pot  B   0.1000
        22  -1.730183  1727.890  0.63596  0.116E-02  0.231E+00  pot  B   0.1000
        23  -1.735333  1727.143  0.63608  0.137E-02  0.199E+00  pot  B   0.1000
        24  -1.737618  1726.292  0.63652  0.870E-03  0.199E+00  pot  B   0.1000
        25  -1.741430  1725.440  0.63675  0.905E-03  0.134E+00  pot  B   0.1000
        26  -1.730363  1723.486  0.63729  0.101E-02  0.457E+00  pot  B   0.1000
        27  -1.742435  1724.990  0.63683  0.721E-03  0.124E+00  pot  B   0.1000
        28  -1.741721  1723.402  0.63727  0.849E-03  0.277E+00  pot  B   0.1000
        29  -1.741886  1723.763  0.63727  0.503E-03  0.263E+00  pot  B   0.1000
        30  -1.746194  1722.927  0.63763  0.568E-03  0.134E+00  pot  B   0.1000
        31  -1.744624  1721.605  0.63824  0.796E-03  0.287E+00  pot  B   0.1000
        32  -1.746391  1721.691  0.63824  0.968E-03  0.139E+00  pot  B   0.1000
        33  -1.746774  1720.607  0.63873  0.772E-03  0.182E+00  pot  B   0.1000
        34  -1.748712  1720.329  0.63883  0.598E-03  0.120E+00  pot  B   0.1000
        35  -1.748890  1720.062  0.63907  0.720E-03  0.162E+00  pot  B   0.1000
        36  -1.750229  1719.303  0.63934  0.566E-03  0.145E+00  pot  B   0.1000
        37  -1.751265  1719.072  0.63948  0.625E-03  0.103E+00  pot  B   0.1000
        38  -1.748092  1718.100  0.64010  0.576E-03  0.288E+00  pot  B   0.1000
        39  -1.751678  1718.940  0.63956  0.440E-03  0.926E-01  pot  B   0.1000
        40  -1.752398  1717.367  0.64043  0.799E-03  0.162E+00  pot  B   0.1000
        41  -1.751406  1718.152  0.63998  0.400E-03  0.206E+00  pot  B   0.1000
        42  -1.753364  1717.782  0.64016  0.367E-03  0.857E-01  pot  B   0.1000
        43  -1.753438  1716.904  0.64073  0.469E-03  0.148E+00  pot  B   0.1000
        44  -1.753775  1716.886  0.64073  0.514E-03  0.993E-01  pot  B   0.1000
        45  -1.754242  1716.294  0.64105  0.317E-03  0.818E-01  pot  B   0.1000
        46  -1.754574  1716.077  0.64122  0.338E-03  0.838E-01  pot  B   0.1000
        47  -1.755002  1715.489  0.64156  0.378E-03  0.839E-01  pot  B   0.1000
        48  -1.754979  1715.286  0.64172  0.419E-03  0.108E+00  pot  B   0.1000
        49  -1.755401  1714.944  0.64190  0.457E-03  0.834E-01  pot  B   0.1000
        50  -1.755462  1713.557  0.64274  0.693E-03  0.167E+00  pot  B   0.1000
        51  -1.755427  1714.843  0.64197  0.642E-03  0.897E-01  pot  B   0.1000
        52  -1.756109  1713.528  0.64281  0.652E-03  0.101E+00  pot  B   0.1000
        53  -1.755041  1714.330  0.64235  0.399E-03  0.161E+00  pot  B   0.1000
        54  -1.755997  1714.308  0.64239  0.248E-03  0.932E-01  pot  B   0.1000
        55  -1.756410  1713.523  0.64283  0.389E-03  0.798E-01  pot  B   0.1000
        56  -1.756398  1713.386  0.64295  0.297E-03  0.860E-01  pot  B   0.1000
        57  -1.756816  1713.199  0.64311  0.218E-03  0.505E-01  pot  B   0.1000
        58  -1.756904  1713.091  0.64317  0.199E-03  0.527E-01  pot  B   0.1000
        59  -1.757155  1712.678  0.64345  0.216E-03  0.491E-01  pot  B   0.1000
        60  -1.757202  1712.487  0.64358  0.219E-03  0.770E-01  pot  B   0.1000
        61  -1.757314  1712.292  0.64375  0.257E-03  0.444E-01  pot  B   0.1000
        62  -1.757448  1711.699  0.64418  0.296E-03  0.797E-01  pot  B   0.1000
        63  -1.757323  1712.098  0.64389  0.214E-03  0.563E-01  pot  B   0.1000
        64  -1.757716  1711.267  0.64449  0.413E-03  0.441E-01  pot  B   0.1000
        65  -1.756635  1711.839  0.64404  0.286E-03  0.134E+00  pot  B   0.1000
        66  -1.757433  1711.677  0.64416  0.175E-03  0.869E-01  pot  B   0.1000
        67  -1.757645  1711.350  0.64447  0.205E-03  0.646E-01  pot  B   0.1000
        68  -1.757689  1711.011  0.64472  0.194E-03  0.723E-01  pot  B   0.1000
        69  -1.757824  1710.989  0.64471  0.174E-03  0.562E-01  pot  B   0.1000
        70  -1.757878  1710.945  0.64475  0.156E-03  0.417E-01  pot  B   0.1000
        71  -1.758031  1710.676  0.64497  0.172E-03  0.319E-01  pot  B   0.1000
        72  -1.758006  1710.715  0.64495  0.155E-03  0.519E-01  pot  B   0.1000
        73  -1.758102  1710.542  0.64507  0.169E-03  0.334E-01  pot  B   0.1000
        74  -1.758201  1710.184  0.64536  0.179E-03  0.431E-01  pot  B   0.1000
        75  -1.758101  1710.359  0.64522  0.972E-04  0.432E-01  pot  B   0.1000
        76  -1.758266  1709.951  0.64556  0.205E-03  0.256E-01  pot  B   0.1000
        77  -1.757974  1710.004  0.64555  0.217E-03  0.830E-01  pot  B   0.1000
        78  -1.758114  1710.038  0.64552  0.132E-03  0.596E-01  pot  B   0.1000
        79  -1.758282  1709.862  0.64564  0.126E-03  0.298E-01  pot  B   0.1000
        80  -1.758290  1709.575  0.64588  0.146E-03  0.455E-01  pot  B   0.1000
        81  -1.758312  1709.594  0.64588  0.118E-03  0.373E-01  pot  B   0.1000
        82  -1.758320  1709.588  0.64589  0.124E-03  0.332E-01  pot  B   0.1000
        83  -1.758401  1709.386  0.64604  0.127E-03  0.261E-01  pot  B   0.1000
        84  -1.758374  1709.439  0.64600  0.117E-03  0.428E-01  pot  B   0.1000
        85  -1.758431  1709.365  0.64608  0.112E-03  0.228E-01  pot  B   0.1000
        86  -1.758471  1709.197  0.64622  0.871E-04  0.236E-01  pot  B   0.1000
        87  -1.758440  1709.201  0.64623  0.672E-04  0.263E-01  pot  B   0.1000
        88  -1.758508  1709.047  0.64636  0.794E-04  0.142E-01  pot  B   0.1000
        89  -1.758486  1708.914  0.64646  0.104E-03  0.368E-01  pot  B   0.1000
        90  -1.758484  1708.887  0.64649  0.772E-04  0.353E-01  pot  B   0.1000
        91  -1.758512  1708.968  0.64644  0.809E-04  0.212E-01  pot  B   0.1000
        92  -1.758542  1708.733  0.64665  0.120E-03  0.229E-01  pot  B   0.1000
        93  -1.758534  1708.691  0.64668  0.744E-04  0.304E-01  pot  B   0.1000
        94  -1.758546  1708.659  0.64671  0.673E-04  0.202E-01  pot  B   0.1000
        95  -1.758576  1708.548  0.64682  0.857E-04  0.174E-01  pot  B   0.1000
        96  -1.758533  1708.652  0.64673  0.879E-04  0.328E-01  pot  B   0.1000
        97  -1.758577  1708.564  0.64680  0.801E-04  0.156E-01  pot  B   0.1000
        98  -1.758600  1708.454  0.64691  0.573E-04  0.189E-01  pot  B   0.1000
        99  -1.758587  1708.426  0.64693  0.396E-04  0.248E-01  pot  B   0.1000
       100  -1.758617  1708.375  0.64698  0.556E-04  0.107E-01  pot  B   0.1000
       101  -1.758621  1708.283  0.64708  0.481E-04  0.178E-01  pot  B   0.1000
       102  -1.758617  1708.227  0.64714  0.513E-04  0.200E-01  pot  B   0.1000
       103  -1.758614  1708.313  0.64704  0.610E-04  0.221E-01  pot  B   0.1000
       104  -1.758642  1708.169  0.64719  0.753E-04  0.113E-01  pot  B   0.1000
       105  -1.758641  1708.112  0.64724  0.448E-04  0.168E-01  pot  B   0.1000
       106  -1.758642  1708.094  0.64726  0.385E-04  0.136E-01  pot  B   0.1000
       107  -1.758656  1708.001  0.64735  0.552E-04  0.135E-01  pot  B   0.1000
       108  -1.758630  1708.022  0.64733  0.615E-04  0.252E-01  pot  B   0.1000
       109  -1.758653  1707.989  0.64737  0.566E-04  0.140E-01  pot  B   0.1000
       110  -1.758662  1707.948  0.64741  0.382E-04  0.120E-01  pot  B   0.1000
       111  -1.758660  1707.880  0.64748  0.366E-04  0.180E-01  pot  B   0.1000
       112  -1.758672  1707.884  0.64748  0.363E-04  0.106E-01  pot  B   0.1000
       113  -1.758676  1707.813  0.64755  0.376E-04  0.993E-02  pot  B   0.1000
       114  -1.758678  1707.743  0.64762  0.378E-04  0.144E-01  pot  B   0.1000
       115  -1.758662  1707.899  0.64747  0.819E-04  0.181E-01  pot  B   0.1000
       116  -1.758685  1707.756  0.64761  0.751E-04  0.827E-02  pot  B   0.1000
       117  -1.758687  1707.709  0.64766  0.339E-04  0.113E-01  pot  B   0.1000
       118  -1.758688  1707.691  0.64768  0.254E-04  0.861E-02  pot  B   0.1000
       119  -1.758694  1707.639  0.64774  0.330E-04  0.783E-02  pot  B   0.1000
       120  -1.758681  1707.624  0.64775  0.398E-04  0.149E-01  pot  B   0.1000
       121  -1.758693  1707.608  0.64777  0.363E-04  0.775E-02  pot  B   0.1000
       122  -1.758695  1707.590  0.64779  0.266E-04  0.887E-02  pot  B   0.1000
       123  -1.758696  1707.531  0.64785  0.314E-04  0.124E-01  pot  B   0.1000
       124  -1.758699  1707.558  0.64782  0.257E-04  0.727E-02  pot  B   0.1000
       125  -1.758703  1707.501  0.64789  0.308E-04  0.731E-02  pot  B   0.1000
       126  -1.758704  1707.449  0.64795  0.282E-04  0.957E-02  pot  B   0.1000
       127  -1.758690  1707.540  0.64784  0.486E-04  0.172E-01  pot  B   0.1000
       128  -1.758706  1707.471  0.64792  0.371E-04  0.537E-02  pot  B   0.1000
       129  -1.758707  1707.433  0.64796  0.215E-04  0.618E-02  pot  B   0.1000
       130  -1.758708  1707.424  0.64797  0.200E-04  0.578E-02  pot  B   0.1000
       131  -1.758711  1707.392  0.64801  0.207E-04  0.593E-02  pot  B   0.1000
       132  -1.758709  1707.344  0.64807  0.263E-04  0.891E-02  pot  B   0.1000
       133  -1.758711  1707.352  0.64805  0.225E-04  0.594E-02  pot  B   0.1000
       134  -1.758711  1707.347  0.64806  0.219E-04  0.591E-02  pot  B   0.1000
       135  -1.758713  1707.302  0.64812  0.247E-04  0.697E-02  pot  B   0.1000
       136  -1.758713  1707.327  0.64809  0.200E-04  0.614E-02  pot  B   0.1000
       137  -1.758715  1707.283  0.64813  0.236E-04  0.415E-02  pot  B   0.1000
       138  -1.758717  1707.246  0.64818  0.204E-04  0.604E-02  pot  B   0.1000
       139  -1.758702  1707.328  0.64809  0.450E-04  0.157E-01  pot  B   0.1000
       140  -1.758716  1707.265  0.64816  0.343E-04  0.528E-02  pot  B   0.1000
       141  -1.758718  1707.233  0.64820  0.187E-04  0.461E-02  pot  B   0.1000
       142  -1.758718  1707.233  0.64820  0.138E-04  0.461E-02  pot  B   0.1000
       143  -1.758719  1707.216  0.64822  0.155E-04  0.389E-02  pot  B   0.1000
       144  -1.758719  1707.175  0.64827  0.227E-04  0.450E-02  pot  B   0.1000
       145  -1.758720  1707.189  0.64825  0.153E-04  0.390E-02  pot  B   0.1000
       146  -1.758720  1707.183  0.64826  0.142E-04  0.379E-02  pot  B   0.1000
       147  -1.758721  1707.152  0.64829  0.172E-04  0.382E-02  pot  B   0.1000
       148  -1.758720  1707.167  0.64828  0.123E-04  0.422E-02  pot  B   0.1000
       149  -1.758722  1707.142  0.64831  0.137E-04  0.255E-02  pot  B   0.1000
       150  -1.758722  1707.115  0.64834  0.149E-04  0.336E-02  pot  B   0.1000
       151  -1.758716  1707.117  0.64833  0.179E-04  0.113E-01  pot  B   0.1000
       152  -1.758722  1707.123  0.64833  0.205E-04  0.369E-02  pot  B   0.1000
       153  -1.758723  1707.098  0.64836  0.151E-04  0.282E-02  pot  B   0.1000
       154  -1.758723  1707.099  0.64836  0.116E-04  0.330E-02  pot  B   0.1000
       155  -1.758723  1707.095  0.64837  0.122E-04  0.338E-02  pot  B   0.1000
       156  -1.758724  1707.063  0.64841  0.179E-04  0.315E-02  pot  B   0.1000
       157  -1.758724  1707.071  0.64840  0.101E-04  0.293E-02  pot  B   0.1000
       158  -1.758724  1707.066  0.64840  0.829E-05  0.291E-02  pot  B   0.1000
       159  -1.758724  1707.051  0.64842  0.983E-05  0.216E-02  pot  B   0.1000
       160  -1.758724  1707.053  0.64842  0.725E-05  0.290E-02  pot  B   0.1000
       161  -1.758725  1707.041  0.64844  0.795E-05  0.191E-02  pot  B   0.1000
       162  -1.758725  1707.026  0.64846  0.832E-05  0.227E-02  pot  B   0.1000
       163  -1.758723  1707.022  0.64847  0.121E-04  0.623E-02  pot  B   0.1000
       164  -1.758725  1707.023  0.64846  0.146E-04  0.298E-02  pot  B   0.1000
       165  -1.758725  1707.007  0.64848  0.104E-04  0.247E-02  pot  B   0.1000
       166  -1.758725  1707.008  0.64848  0.103E-04  0.282E-02  pot  B   0.1000
       167  -1.758725  1707.008  0.64848  0.890E-05  0.232E-02  pot  B   0.1000
       168  -1.758726  1706.985  0.64851  0.130E-04  0.185E-02  pot  B   0.1000
       169  -1.758726  1706.992  0.64850  0.644E-05  0.258E-02  pot  B   0.1000
       170  -1.758726  1706.987  0.64851  0.613E-05  0.198E-02  pot  B   0.1000
       171  -1.758726  1706.979  0.64852  0.708E-05  0.154E-02  pot  B   0.1000
       172  -1.758726  1706.974  0.64853  0.527E-05  0.216E-02  pot  B   0.1000
       173  -1.758726  1706.973  0.64853  0.562E-05  0.122E-02  pot  B   0.1000
       174  -1.758727  1706.963  0.64854  0.554E-05  0.123E-02  pot  B   0.1000
       175  -1.758726  1706.942  0.64857  0.119E-04  0.320E-02  pot  B   0.1000
       176  -1.758726  1706.956  0.64855  0.946E-05  0.177E-02  pot  B   0.1000
       177  -1.758727  1706.949  0.64856  0.770E-05  0.149E-02  pot  B   0.1000
       178  -1.758727  1706.946  0.64857  0.743E-05  0.167E-02  pot  B   0.1000
       179  -1.758727  1706.949  0.64856  0.666E-05  0.204E-02  pot  B   0.1000
       180  -1.758727  1706.934  0.64858  0.821E-05  0.113E-02  pot  B   0.1000
       181  -1.758727  1706.935  0.64858  0.335E-05  0.192E-02  pot  B   0.1000
       182  -1.758727  1706.929  0.64859  0.479E-05  0.161E-02  pot  B   0.1000
       183  -1.758727  1706.929  0.64859  0.504E-05  0.141E-02  pot  B   0.1000
       184  -1.758727  1706.919  0.64860  0.574E-05  0.141E-02  pot  B   0.1000
       185  -1.758727  1706.923  0.64860  0.414E-05  0.108E-02  pot  B   0.1000
       186  -1.758727  1706.919  0.64860  0.392E-05  0.805E-03  pot  B   0.1000
       187  -1.758727  1706.906  0.64862  0.709E-05  0.159E-02  pot  B   0.1000
       188  -1.758727  1706.909  0.64862  0.589E-05  0.122E-02  pot  B   0.1000
       189  -1.758727  1706.907  0.64862  0.543E-05  0.125E-02  pot  B   0.1000
       190  -1.758727  1706.903  0.64863  0.453E-05  0.129E-02  pot  B   0.1000
       191  -1.758727  1706.903  0.64863  0.483E-05  0.138E-02  pot  B   0.1000
       192  -1.758728  1706.895  0.64864  0.515E-05  0.920E-03  pot  B   0.1000
       193  -1.758728  1706.896  0.64864  0.251E-05  0.158E-02  pot  B   0.1000
       194  -1.758728  1706.892  0.64864  0.389E-05  0.982E-03  pot  B   0.1000
       195  -1.758728  1706.892  0.64864  0.369E-05  0.107E-02  pot  B   0.1000
       196  -1.758728  1706.882  0.64866  0.591E-05  0.860E-03  pot  B   0.1000
       197  -1.758728  1706.888  0.64865  0.339E-05  0.916E-03  pot  B   0.1000
       198  -1.758728  1706.886  0.64865  0.372E-05  0.712E-03  pot  B   0.1000
       199  -1.758728  1706.875  0.64867  0.643E-05  0.826E-03  pot  B   0.1000
       200  -1.758728  1706.877  0.64867  0.359E-05  0.629E-03  pot  B   0.1000
       201  -1.758728  1706.878  0.64866  0.378E-05  0.692E-03  pot  B   0.1000
       202  -1.758728  1706.873  0.64867  0.278E-05  0.697E-03  pot  B   0.1000
       203  -1.758728  1706.873  0.64867  0.348E-05  0.117E-02  pot  B   0.1000
       204  -1.758728  1706.870  0.64868  0.387E-05  0.533E-03  pot  B   0.1000
       205  -1.758728  1706.867  0.64868  0.200E-05  0.103E-02  pot  B   0.1000
       206  -1.758728  1706.864  0.64869  0.295E-05  0.853E-03  pot  B   0.1000
       207  -1.758728  1706.867  0.64868  0.275E-05  0.940E-03  pot  B   0.1000
       208  -1.758728  1706.859  0.64870  0.500E-05  0.631E-03  pot  B   0.1000
       209  -1.758728  1706.862  0.64869  0.217E-05  0.722E-03  pot  B   0.1000
       210  -1.758728  1706.863  0.64869  0.325E-05  0.507E-03  pot  B   0.1000
       211  -1.758728  1706.857  0.64870  0.384E-05  0.581E-03  pot  B   0.1000
       212  -1.758728  1706.855  0.64870  0.221E-05  0.474E-03  pot  B   0.1000
       213  -1.758728  1706.856  0.64870  0.231E-05  0.533E-03  pot  B   0.1000
       214  -1.758728  1706.853  0.64870  0.192E-05  0.528E-03  pot  B   0.1000
       215  -1.758728  1706.851  0.64871  0.239E-05  0.776E-03  pot  B   0.1000
       216  -1.758728  1706.850  0.64871  0.273E-05  0.458E-03  pot  B   0.1000
       217  -1.758728  1706.848  0.64871  0.153E-05  0.764E-03  pot  B   0.1000
       218  -1.758728  1706.847  0.64871  0.221E-05  0.496E-03  pot  B   0.1000
       219  -1.758728  1706.849  0.64871  0.187E-05  0.633E-03  pot  B   0.1000
       220  -1.758728  1706.843  0.64872  0.316E-05  0.390E-03  pot  B   0.1000
       221  -1.758728  1706.844  0.64872  0.171E-05  0.478E-03  pot  B   0.1000
       222  -1.758728  1706.846  0.64872  0.262E-05  0.556E-03  pot  B   0.1000
       223  -1.758728  1706.841  0.64872  0.261E-05  0.411E-03  pot  B   0.1000
       224  -1.758728  1706.840  0.64873  0.163E-05  0.338E-03  pot  B   0.1000
       225  -1.758728  1706.841  0.64872  0.143E-05  0.379E-03  pot  B   0.1000
       226  -1.758728  1706.839  0.64873  0.135E-05  0.421E-03  pot  B   0.1000
       227  -1.758728  1706.837  0.64873  0.182E-05  0.590E-03  pot  B   0.1000
       228  -1.758728  1706.838  0.64873  0.186E-05  0.246E-03  pot  B   0.1000
       229  -1.758728  1706.835  0.64873  0.204E-05  0.405E-03  pot  B   0.1000
       230  -1.758728  1706.835  0.64873  0.140E-05  0.376E-03  pot  B   0.1000
       231  -1.758728  1706.836  0.64873  0.130E-05  0.560E-03  pot  B   0.1000
       232  -1.758728  1706.833  0.64874  0.196E-05  0.238E-03  pot  B   0.1000
       233  -1.758728  1706.832  0.64874  0.114E-05  0.328E-03  pot  B   0.1000
       234  -1.758728  1706.833  0.64874  0.184E-05  0.379E-03  pot  B   0.1000
       235  -1.758728  1706.831  0.64874  0.160E-05  0.276E-03  pot  B   0.1000
       236  -1.758728  1706.830  0.64874  0.119E-05  0.202E-03  pot  B   0.1000
       237  -1.758728  1706.830  0.64874  0.843E-06  0.290E-03  pot  B   0.1000
       238  -1.758728  1706.830  0.64874  0.769E-06  0.258E-03  pot  B   0.1000
       239  -1.758728  1706.828  0.64875  0.109E-05  0.338E-03  pot  B   0.1000
       240  -1.758728  1706.828  0.64875  0.111E-05  0.233E-03  pot  B   0.1000
       241  -1.758728  1706.826  0.64875  0.119E-05  0.282E-03  pot  B   0.1000
       242  -1.758728  1706.827  0.64875  0.862E-06  0.272E-03  pot  B   0.1000
       243  -1.758728  1706.827  0.64875  0.868E-06  0.376E-03  pot  B   0.1000
       244  -1.758728  1706.826  0.64875  0.859E-06  0.189E-03  pot  B   0.1000
       245  -1.758728  1706.824  0.64875  0.738E-06  0.248E-03  pot  B   0.1000
       246  -1.758728  1706.824  0.64875  0.101E-05  0.315E-03  pot  B   0.1000
       247  -1.758728  1706.824  0.64875  0.113E-05  0.236E-03  pot  B   0.1000
       248  -1.758728  1706.823  0.64875  0.785E-06  0.176E-03  pot  B   0.1000
       249  -1.758728  1706.823  0.64876  0.526E-06  0.204E-03  pot  B   0.1000
       250  -1.758728  1706.822  0.64876  0.506E-06  0.252E-03  pot  B   0.1000
       251  -1.758728  1706.822  0.64876  0.724E-06  0.260E-03  pot  B   0.1000
       252  -1.758728  1706.822  0.64876  0.760E-06  0.149E-03  pot  B   0.1000
       253  -1.758728  1706.820  0.64876  0.121E-05  0.168E-03  pot  B   0.1000
       254  -1.758728  1706.821  0.64876  0.605E-06  0.176E-03  pot  B   0.1000
       255  -1.758728  1706.821  0.64876  0.590E-06  0.320E-03  pot  B   0.1000
       256  -1.758728  1706.820  0.64876  0.467E-06  0.114E-03  pot  B   0.1000
       257  -1.758728  1706.819  0.64876  0.699E-06  0.154E-03  pot  B   0.1000
       258  -1.758728  1706.818  0.64876  0.534E-06  0.160E-03  pot  B   0.1000
       259  -1.758728  1706.819  0.64876  0.783E-06  0.146E-03  pot  B   0.1000
       260  -1.758728  1706.818  0.64876  0.566E-06  0.109E-03  pot  B   0.1000
       261  -1.758728  1706.818  0.64876  0.361E-06  0.174E-03  pot  B   0.1000
       262  -1.758728  1706.818  0.64876  0.415E-06  0.166E-03  pot  B   0.1000
       263  -1.758728  1706.817  0.64877  0.514E-06  0.160E-03  pot  B   0.1000
       264  -1.758728  1706.817  0.64877  0.534E-06  0.160E-03  pot  B   0.1000
       265  -1.758728  1706.816  0.64877  0.575E-06  0.132E-03  pot  B   0.1000
       266  -1.758728  1706.816  0.64877  0.415E-06  0.146E-03  pot  B   0.1000
       267  -1.758728  1706.816  0.64877  0.351E-06  0.215E-03  pot  B   0.1000
       268  -1.758728  1706.816  0.64877  0.354E-06  0.128E-03  pot  B   0.1000
       269  -1.758728  1706.815  0.64877  0.562E-06  0.118E-03  pot  B   0.1000
       270  -1.758729  1706.815  0.64877  0.471E-06  0.107E-03  pot  B   0.1000
       271  -1.758728  1706.815  0.64877  0.547E-06  0.136E-03  pot  B   0.1000
       272  -1.758729  1706.815  0.64877  0.436E-06  0.998E-04  pot  B   0.1000
       273  -1.758729  1706.814  0.64877  0.392E-06  0.114E-03  pot  B   0.1000
       274  -1.758729  1706.814  0.64877  0.309E-06  0.152E-03  pot  B   0.1000
       275  -1.758729  1706.814  0.64877  0.369E-06  0.134E-03  pot  B   0.1000
       276  -1.758729  1706.814  0.64877  0.404E-06  0.112E-03  pot  B   0.1000
       277  -1.758729  1706.813  0.64877  0.480E-06  0.847E-04  pot  B   0.1000
       278  -1.758729  1706.813  0.64877  0.338E-06  0.929E-04  pot  B   0.1000
       279  -1.758729  1706.813  0.64877  0.272E-06  0.161E-03  pot  B   0.1000
       280  -1.758729  1706.813  0.64877  0.364E-06  0.942E-04  pot  B   0.1000
       281  -1.758729  1706.813  0.64877  0.440E-06  0.665E-04  pot  B   0.1000
       282  -1.758729  1706.812  0.64878  0.422E-06  0.732E-04  pot  B   0.1000
       283  -1.758729  1706.812  0.64878  0.379E-06  0.962E-04  pot  B   0.1000
       284  -1.758729  1706.812  0.64878  0.333E-06  0.619E-04  pot  B   0.1000
       285  -1.758729  1706.812  0.64878  0.280E-06  0.697E-04  pot  B   0.1000
       286  -1.758729  1706.812  0.64878  0.230E-06  0.973E-04  pot  B   0.1000
       287  -1.758729  1706.811  0.64878  0.237E-06  0.776E-04  pot  B   0.1000
       288  -1.758729  1706.811  0.64878  0.270E-06  0.987E-04  pot  B   0.1000
       289  -1.758729  1706.811  0.64878  0.260E-06  0.743E-04  pot  B   0.1000
       290  -1.758729  1706.811  0.64878  0.241E-06  0.693E-04  pot  B   0.1000
       291  -1.758729  1706.811  0.64878  0.275E-06  0.105E-03  pot  B   0.1000
       292  -1.758729  1706.811  0.64878  0.401E-06  0.105E-03  pot  B   0.1000
       293  -1.758729  1706.811  0.64878  0.310E-06  0.556E-04  pot  B   0.1000
       294  -1.758729  1706.810  0.64878  0.252E-06  0.540E-04  pot  B   0.1000
       295  -1.758729  1706.810  0.64878  0.238E-06  0.865E-04  pot  B   0.1000
       296  -1.758729  1706.810  0.64878  0.244E-06  0.638E-04  pot  B   0.1000
       297  -1.758729  1706.810  0.64878  0.194E-06  0.430E-04  pot  B   0.1000
       298  -1.758729  1706.810  0.64878  0.155E-06  0.780E-04  pot  B   0.1000
       299  -1.758729  1706.810  0.64878  0.183E-06  0.628E-04  pot  B   0.1000
       300  -1.758729  1706.810  0.64878  0.200E-06  0.582E-04  pot  B   0.1000
**     301  -1.758729  1706.810  0.64878  0.559E-12  0.582E-04  pot  B   0.1000
