 Atom   Index      Q          Qmt        dQ        Vmad        Local Energy
  W         1   73.90347   72.59883   -0.09653    1.70354      -32312.48549
  W         2   73.95492   72.65028   -0.04508    1.65788      -32312.46828
  W         3   73.87163   72.56699   -0.12837    1.73703      -32312.50974
  W         4   73.86086   72.55621   -0.13914    1.75789      -32312.53835
  Nb        5   40.87771   39.57307   -0.12229    1.77610       -7632.62036
  Nb        6   40.88405   39.57941   -0.11595    1.76159       -7632.63746
  Nb        7   40.98126   39.67662   -0.01874    1.67715       -7632.56829
  Nb        8   40.89151   39.58687   -0.10849    1.75753       -7632.60656
  Mo        9   42.09068   40.78604    0.09068    1.65368       -8090.59044
  Mo       10   42.08450   40.77986    0.08450    1.65844       -8090.58988
  Mo       11   42.15664   40.85200    0.15664    1.58010       -8090.53966
  Mo       12   42.05909   40.75445    0.05909    1.68788       -8090.61171
  Ta       13   72.72658   71.42194   -0.27342    1.82914      -31232.95179
  Ta       14   72.77894   71.47430   -0.22106    1.77926      -31232.95575
  Ta       15   72.88992   71.58528   -0.11008    1.67208      -31232.86948
  Ta       16   72.73898   71.43434   -0.26102    1.81632      -31232.96025
  Ti       17   22.36440   21.05976    0.36440    1.52505       -1704.41966
  Ti       18   22.25427   20.94963    0.25427    1.61858       -1704.40408
  Ti       19   22.24484   20.94020    0.24484    1.62473       -1704.39205
  Ti       20   22.38575   21.08111    0.38575    1.49253       -1704.34730
