System Description            : WNbMoTaV, BCC structure                         
Number of Atoms in Unit Cell  : 80                                              
Number of Atomic Species      : 5                                               
Number of Atoms in Each Type  : 16(W), 16(Nb), 16(Mo), 16(Ta), 16(V)            
Energy Offset                 : -16231                                          
=======================================================================================
    Iter     Energy      3PV     Efermi   Rms_rho    Rms_pot   Mix  Alg  Alpha 
---------------------------------------------------------------------------------------
**       1  -0.860676  1839.088  0.58560  0.140E+01  0.128E+00  pot  B   0.1000
         2  -1.135407  1816.575  0.59553  0.774E-02  0.466E+00  pot  B   0.1000
         3  -1.212195  1810.515  0.60235  0.474E-02  0.410E+00  pot  B   0.1000
         4  -1.425230  1795.756  0.61164  0.487E-02  0.158E+00  pot  B   0.1000
         5  -1.557225  1770.867  0.62004  0.835E-02  0.285E+00  pot  B   0.1000
         6  -1.673287  1746.294  0.62801  0.828E-02  0.160E+00  pot  B   0.1000
         7  -1.699596  1735.779  0.63207  0.378E-02  0.188E+00  pot  B   0.1000
         8  -1.716231  1731.483  0.63519  0.174E-02  0.902E-01  pot  B   0.1000
         9  -1.731874  1726.066  0.63706  0.239E-02  0.660E-01  pot  B   0.1000
        10  -1.748582  1717.817  0.63901  0.416E-02  0.353E-01  pot  B   0.1000
        11  -1.755376  1711.049  0.63999  0.360E-02  0.547E-01  pot  B   0.1000
        12  -1.758114  1708.723  0.64086  0.131E-02  0.347E-01  pot  B   0.1000
        13  -1.758946  1707.949  0.64196  0.525E-03  0.187E-01  pot  B   0.1000
        14  -1.759305  1707.492  0.64267  0.381E-03  0.699E-02  pot  B   0.1000
        15  -1.759436  1707.214  0.64368  0.269E-03  0.859E-02  pot  B   0.1000
        16  -1.759561  1707.375  0.64448  0.161E-03  0.487E-02  pot  B   0.1000
        17  -1.759680  1707.083  0.64606  0.313E-03  0.695E-02  pot  B   0.1000
        18  -1.759695  1707.235  0.64646  0.845E-04  0.437E-02  pot  B   0.1000
        19  -1.759746  1707.206  0.64738  0.141E-03  0.255E-02  pot  B   0.1000
        20  -1.759744  1707.103  0.64763  0.679E-04  0.503E-02  pot  B   0.1000
        21  -1.759755  1707.123  0.64777  0.456E-04  0.191E-02  pot  B   0.1000
        22  -1.759762  1707.121  0.64792  0.304E-04  0.153E-02  pot  B   0.1000
        23  -1.759764  1707.052  0.64801  0.410E-04  0.157E-02  pot  B   0.1000
        24  -1.759764  1707.069  0.64798  0.166E-04  0.107E-02  pot  B   0.1000
        25  -1.759765  1707.015  0.64805  0.345E-04  0.821E-03  pot  B   0.1000
        26  -1.759766  1706.971  0.64809  0.250E-04  0.623E-03  pot  B   0.1000
        27  -1.759765  1706.936  0.64810  0.192E-04  0.643E-03  pot  B   0.1000
        28  -1.759765  1706.878  0.64815  0.326E-04  0.412E-03  pot  B   0.1000
        29  -1.759764  1706.855  0.64816  0.132E-04  0.367E-03  pot  B   0.1000
        30  -1.759764  1706.843  0.64818  0.810E-05  0.300E-03  pot  B   0.1000
        31  -1.759764  1706.833  0.64818  0.622E-05  0.213E-03  pot  B   0.1000
        32  -1.759765  1706.823  0.64821  0.681E-05  0.196E-03  pot  B   0.1000
        33  -1.759765  1706.820  0.64822  0.289E-05  0.131E-03  pot  B   0.1000
        34  -1.759765  1706.810  0.64825  0.606E-05  0.112E-03  pot  B   0.1000
        35  -1.759765  1706.808  0.64827  0.347E-05  0.136E-03  pot  B   0.1000
        36  -1.759766  1706.806  0.64829  0.216E-05  0.157E-03  pot  B   0.1000
        37  -1.759766  1706.804  0.64830  0.209E-05  0.678E-04  pot  B   0.1000
        38  -1.759766  1706.803  0.64831  0.132E-05  0.589E-04  pot  B   0.1000
        39  -1.759766  1706.803  0.64831  0.612E-06  0.345E-04  pot  B   0.1000
        40  -1.759766  1706.802  0.64832  0.150E-05  0.324E-04  pot  B   0.1000
        41  -1.759766  1706.802  0.64832  0.839E-06  0.323E-04  pot  B   0.1000
        42  -1.759766  1706.801  0.64832  0.595E-06  0.238E-04  pot  B   0.1000
        43  -1.759766  1706.802  0.64832  0.438E-06  0.148E-04  pot  B   0.1000
        44  -1.759766  1706.801  0.64833  0.582E-06  0.129E-04  pot  B   0.1000
        45  -1.759766  1706.801  0.64833  0.237E-06  0.116E-04  pot  B   0.1000
        46  -1.759766  1706.801  0.64833  0.182E-06  0.635E-05  pot  B   0.1000
        47  -1.759766  1706.801  0.64833  0.197E-06  0.512E-05  pot  B   0.1000
        48  -1.759766  1706.801  0.64833  0.219E-06  0.441E-05  pot  B   0.1000
        49  -1.759766  1706.801  0.64833  0.130E-06  0.651E-05  pot  B   0.1000
        50  -1.759766  1706.801  0.64833  0.120E-06  0.270E-05  pot  B   0.1000
        51  -1.759766  1706.801  0.64833  0.419E-07  0.355E-05  pot  B   0.1000
        52  -1.759766  1706.801  0.64833  0.420E-07  0.128E-05  pot  B   0.1000
        53  -1.759766  1706.801  0.64833  0.241E-07  0.135E-05  pot  B   0.1000
        54  -1.759766  1706.801  0.64833  0.257E-07  0.253E-05  pot  B   0.1000
        55  -1.759766  1706.801  0.64833  0.285E-07  0.147E-05  pot  B   0.1000
        56  -1.759766  1706.801  0.64833  0.160E-07  0.131E-05  pot  B   0.1000
        57  -1.759766  1706.801  0.64833  0.121E-07  0.109E-05  pot  B   0.1000
        58  -1.759766  1706.801  0.64833  0.113E-07  0.113E-05  pot  B   0.1000
        59  -1.759766  1706.801  0.64833  0.978E-08  0.531E-06  pot  B   0.1000
        60  -1.759766  1706.801  0.64833  0.952E-08  0.420E-06  pot  B   0.1000
        61  -1.759766  1706.801  0.64833  0.905E-08  0.288E-06  pot  B   0.1000
        62  -1.759766  1706.801  0.64833  0.566E-08  0.278E-06  pot  B   0.1000
        63  -1.759766  1706.801  0.64833  0.364E-08  0.178E-06  pot  B   0.1000
        64  -1.759766  1706.801  0.64833  0.148E-08  0.970E-07  pot  B   0.1000
        65  -1.759766  1706.801  0.64833  0.143E-08  0.709E-07  pot  B   0.1000
        66  -1.759766  1706.801  0.64833  0.160E-08  0.608E-07  pot  B   0.1000
        67  -1.759766  1706.801  0.64833  0.103E-08  0.425E-07  pot  B   0.1000
        68  -1.759766  1706.801  0.64833  0.181E-08  0.799E-07  pot  B   0.1000
        69  -1.759766  1706.801  0.64833  0.655E-09  0.464E-07  pot  B   0.1000
        70  -1.759766  1706.801  0.64833  0.122E-08  0.373E-07  pot  B   0.1000
        71  -1.759766  1706.801  0.64833  0.106E-08  0.478E-07  pot  B   0.1000
        72  -1.759766  1706.801  0.64833  0.124E-08  0.201E-07  pot  B   0.1000
        73  -1.759766  1706.801  0.64833  0.940E-09  0.249E-07  pot  B   0.1000
        74  -1.759766  1706.801  0.64833  0.491E-09  0.162E-07  pot  B   0.1000
        75  -1.759766  1706.801  0.64833  0.899E-09  0.142E-07  pot  B   0.1000
        76  -1.759766  1706.801  0.64833  0.326E-09  0.101E-07  pot  B   0.1000
        77  -1.759766  1706.801  0.64833  0.179E-09  0.685E-08  pot  B   0.1000
**      78  -1.759766  1706.801  0.64833  0.487E-12  0.685E-08  pot  B   0.1000
