System Description            : WNbMoTaTi, BCC structure                        
Number of Atoms in Unit Cell  : 160                                             
Number of Atomic Species      : 5                                               
Number of Atoms in Each Type  : 32(W), 32(Nb), 32(Mo), 32(Ta), 32(Ti)           
Energy Offset                 : -16193                                          
=======================================================================================
    Iter     Energy      3PV     Efermi   Rms_rho    Rms_pot   Mix  Alg  Alpha 
---------------------------------------------------------------------------------------
**       1  -0.754782  1839.805  0.54609  0.140E+01  0.133E+00  pot  B   0.1000
         2  -1.046640  1816.532  0.57481  0.758E-02  0.347E+00  pot  B   0.1000
         3  -1.039339  1809.156  0.58163  0.287E-02  0.478E+00  pot  B   0.1000
         4  -1.331445  1783.135  0.59800  0.849E-02  0.367E+00  pot  B   0.1000
         5  -1.424852  1767.009  0.60967  0.567E-02  0.290E+00  pot  B   0.1000
         6  -1.493816  1754.890  0.62032  0.428E-02  0.242E+00  pot  B   0.1000
         7  -1.525690  1743.266  0.62970  0.412E-02  0.189E+00  pot  B   0.1000
         8  -1.559304  1732.309  0.63774  0.396E-02  0.138E+00  pot  B   0.1000
         9  -1.570459  1727.372  0.64184  0.205E-02  0.913E-01  pot  B   0.1000
        10  -1.580224  1723.862  0.64450  0.166E-02  0.380E-01  pot  B   0.1000
        11  -1.593236  1717.446  0.64875  0.337E-02  0.584E-01  pot  B   0.1000
        12  -1.601339  1711.056  0.65365  0.346E-02  0.354E-01  pot  B   0.1000
        13  -1.603267  1707.824  0.65599  0.182E-02  0.258E-01  pot  B   0.1000
        14  -1.603605  1706.504  0.65757  0.641E-03  0.155E-01  pot  B   0.1000
        15  -1.603833  1706.376  0.65811  0.315E-03  0.705E-02  pot  B   0.1000
        16  -1.603916  1706.344  0.65848  0.151E-03  0.600E-02  pot  B   0.1000
        17  -1.604001  1706.389  0.65909  0.145E-03  0.573E-02  pot  B   0.1000
        18  -1.604105  1706.656  0.66000  0.207E-03  0.400E-02  pot  B   0.1000
        19  -1.604116  1706.638  0.66067  0.133E-03  0.855E-02  pot  B   0.1000
        20  -1.604150  1706.660  0.66105  0.685E-04  0.336E-02  pot  B   0.1000
        21  -1.604170  1706.574  0.66160  0.102E-03  0.348E-02  pot  B   0.1000
        22  -1.604180  1706.530  0.66195  0.539E-04  0.371E-02  pot  B   0.1000
        23  -1.604186  1706.462  0.66214  0.360E-04  0.230E-02  pot  B   0.1000
        24  -1.604192  1706.384  0.66235  0.417E-04  0.104E-02  pot  B   0.1000
        25  -1.604194  1706.336  0.66246  0.264E-04  0.103E-02  pot  B   0.1000
        26  -1.604194  1706.332  0.66248  0.102E-04  0.777E-03  pot  B   0.1000
        27  -1.604195  1706.285  0.66257  0.225E-04  0.835E-03  pot  B   0.1000
        28  -1.604196  1706.262  0.66264  0.158E-04  0.496E-03  pot  B   0.1000
        29  -1.604196  1706.236  0.66266  0.104E-04  0.451E-03  pot  B   0.1000
        30  -1.604196  1706.218  0.66270  0.108E-04  0.227E-03  pot  B   0.1000
        31  -1.604197  1706.213  0.66273  0.553E-05  0.197E-03  pot  B   0.1000
        32  -1.604197  1706.212  0.66273  0.173E-05  0.176E-03  pot  B   0.1000
        33  -1.604197  1706.211  0.66274  0.275E-05  0.183E-03  pot  B   0.1000
        34  -1.604197  1706.211  0.66276  0.403E-05  0.120E-03  pot  B   0.1000
        35  -1.604197  1706.212  0.66278  0.315E-05  0.166E-03  pot  B   0.1000
        36  -1.604197  1706.213  0.66279  0.240E-05  0.111E-03  pot  B   0.1000
        37  -1.604197  1706.213  0.66280  0.257E-05  0.866E-04  pot  B   0.1000
        38  -1.604197  1706.213  0.66281  0.871E-06  0.733E-04  pot  B   0.1000
        39  -1.604197  1706.214  0.66282  0.149E-05  0.464E-04  pot  B   0.1000
        40  -1.604197  1706.214  0.66283  0.621E-06  0.349E-04  pot  B   0.1000
        41  -1.604198  1706.214  0.66283  0.791E-06  0.406E-04  pot  B   0.1000
        42  -1.604198  1706.214  0.66283  0.278E-06  0.206E-04  pot  B   0.1000
        43  -1.604198  1706.213  0.66284  0.380E-06  0.232E-04  pot  B   0.1000
        44  -1.604198  1706.213  0.66284  0.276E-06  0.273E-04  pot  B   0.1000
        45  -1.604198  1706.213  0.66284  0.187E-06  0.243E-04  pot  B   0.1000
        46  -1.604198  1706.213  0.66284  0.283E-06  0.181E-04  pot  B   0.1000
        47  -1.604198  1706.212  0.66284  0.114E-06  0.141E-04  pot  B   0.1000
        48  -1.604198  1706.212  0.66284  0.198E-06  0.846E-05  pot  B   0.1000
        49  -1.604198  1706.212  0.66284  0.157E-06  0.977E-05  pot  B   0.1000
        50  -1.604198  1706.212  0.66285  0.156E-06  0.125E-04  pot  B   0.1000
        51  -1.604198  1706.211  0.66285  0.174E-06  0.517E-05  pot  B   0.1000
        52  -1.604198  1706.211  0.66285  0.777E-07  0.548E-05  pot  B   0.1000
        53  -1.604198  1706.211  0.66285  0.136E-06  0.462E-05  pot  B   0.1000
        54  -1.604198  1706.211  0.66285  0.510E-07  0.822E-05  pot  B   0.1000
        55  -1.604198  1706.211  0.66285  0.147E-06  0.329E-05  pot  B   0.1000
        56  -1.604198  1706.211  0.66285  0.839E-07  0.292E-05  pot  B   0.1000
        57  -1.604198  1706.211  0.66285  0.261E-07  0.379E-05  pot  B   0.1000
        58  -1.604198  1706.211  0.66285  0.491E-07  0.205E-05  pot  B   0.1000
        59  -1.604198  1706.211  0.66285  0.279E-07  0.161E-05  pot  B   0.1000
        60  -1.604198  1706.211  0.66285  0.227E-07  0.175E-05  pot  B   0.1000
        61  -1.604198  1706.211  0.66285  0.316E-07  0.152E-05  pot  B   0.1000
        62  -1.604198  1706.211  0.66285  0.164E-07  0.107E-05  pot  B   0.1000
        63  -1.604198  1706.211  0.66285  0.174E-07  0.736E-06  pot  B   0.1000
        64  -1.604198  1706.211  0.66285  0.102E-07  0.739E-06  pot  B   0.1000
        65  -1.604198  1706.211  0.66285  0.753E-08  0.703E-06  pot  B   0.1000
        66  -1.604198  1706.211  0.66285  0.719E-08  0.104E-05  pot  B   0.1000
        67  -1.604198  1706.211  0.66285  0.824E-08  0.488E-06  pot  B   0.1000
        68  -1.604198  1706.211  0.66285  0.431E-08  0.336E-06  pot  B   0.1000
        69  -1.604198  1706.211  0.66285  0.269E-08  0.357E-06  pot  B   0.1000
        70  -1.604198  1706.211  0.66285  0.307E-08  0.285E-06  pot  B   0.1000
        71  -1.604198  1706.211  0.66285  0.430E-08  0.285E-06  pot  B   0.1000
        72  -1.604198  1706.211  0.66285  0.395E-08  0.172E-06  pot  B   0.1000
        73  -1.604198  1706.211  0.66285  0.434E-08  0.146E-06  pot  B   0.1000
        74  -1.604198  1706.211  0.66285  0.226E-08  0.195E-06  pot  B   0.1000
        75  -1.604198  1706.211  0.66285  0.201E-08  0.101E-06  pot  B   0.1000
        76  -1.604198  1706.211  0.66285  0.304E-08  0.998E-07  pot  B   0.1000
        77  -1.604198  1706.211  0.66285  0.179E-08  0.811E-07  pot  B   0.1000
        78  -1.604198  1706.211  0.66285  0.281E-08  0.127E-06  pot  B   0.1000
        79  -1.604198  1706.211  0.66285  0.102E-08  0.634E-07  pot  B   0.1000
        80  -1.604198  1706.211  0.66285  0.119E-08  0.505E-07  pot  B   0.1000
        81  -1.604198  1706.211  0.66285  0.739E-09  0.737E-07  pot  B   0.1000
        82  -1.604198  1706.211  0.66285  0.575E-09  0.472E-07  pot  B   0.1000
        83  -1.604198  1706.211  0.66285  0.447E-09  0.399E-07  pot  B   0.1000
        84  -1.604198  1706.211  0.66285  0.328E-09  0.291E-07  pot  B   0.1000
        85  -1.604198  1706.211  0.66285  0.244E-09  0.212E-07  pot  B   0.1000
        86  -1.604198  1706.211  0.66285  0.287E-09  0.247E-07  pot  B   0.1000
        87  -1.604198  1706.211  0.66285  0.214E-09  0.186E-07  pot  B   0.1000
        88  -1.604198  1706.211  0.66285  0.346E-09  0.148E-07  pot  B   0.1000
        89  -1.604198  1706.211  0.66285  0.194E-09  0.113E-07  pot  B   0.1000
        90  -1.604198  1706.211  0.66285  0.203E-09  0.967E-08  pot  B   0.1000
**      91  -1.604198  1706.211  0.66285  0.479E-12  0.967E-08  pot  B   0.1000
**      92  -1.604198  1706.211  0.66285  0.479E-12  0.967E-08  pot  B   0.1000
