 Atom   Index      Q          Qmt        dQ        Vmad        Local Energy
  W         1   73.88352   72.58281   -0.11648    1.71439      -32312.48791
  W         2   73.99999   72.69927   -0.00001    1.59564      -32312.41722
  W         3   73.82521   72.52450   -0.17479    1.76224      -32312.50442
  W         4   73.71285   72.41214   -0.28715    1.87891      -32312.58588
  W         5   73.95367   72.65296   -0.04633    1.62890      -32312.42468
  W         6   73.74218   72.44147   -0.25782    1.85237      -32312.57124
  W         7   73.93604   72.63533   -0.06396    1.64560      -32312.42762
  W         8   73.97748   72.67676   -0.02252    1.61339      -32312.42076
  W         9   73.97214   72.67143   -0.02786    1.61754      -32312.42670
  W        10   73.95663   72.65591   -0.04337    1.62729      -32312.43336
  W        11   73.76905   72.46833   -0.23095    1.82063      -32312.53324
  W        12   73.86356   72.56285   -0.13644    1.72123      -32312.47476
  W        13   73.76496   72.46425   -0.23504    1.82510      -32312.53316
  W        14   73.82017   72.51946   -0.17983    1.76683      -32312.52506
  W        15   73.82100   72.52029   -0.17900    1.77243      -32312.52339
  W        16   73.97651   72.67580   -0.02349    1.61870      -32312.43059
  W        17   73.94145   72.64074   -0.05855    1.65146      -32312.45248
  W        18   73.92777   72.62706   -0.07223    1.66291      -32312.44391
  W        19   73.77900   72.47829   -0.22100    1.81648      -32312.54233
  W        20   73.74118   72.44047   -0.25882    1.85339      -32312.56745
  W        21   73.84498   72.54426   -0.15502    1.74776      -32312.51103
  W        22   73.84988   72.54917   -0.15012    1.73010      -32312.47803
  W        23   73.88317   72.58246   -0.11683    1.71508      -32312.48431
  W        24   73.83340   72.53269   -0.16660    1.74901      -32312.48364
  W        25   73.91748   72.61677   -0.08252    1.66367      -32312.44194
  W        26   73.73155   72.43084   -0.26845    1.87103      -32312.58392
  W        27   73.89660   72.59589   -0.10340    1.69095      -32312.45229
  W        28   73.93349   72.63277   -0.06651    1.66037      -32312.45190
  W        29   73.83028   72.52957   -0.16972    1.75707      -32312.50527
  W        30   73.90852   72.60781   -0.09148    1.68275      -32312.46795
  W        31   73.79618   72.49547   -0.20382    1.80217      -32312.54097
  W        32   73.93097   72.63026   -0.06903    1.65031      -32312.43465
  W        33   73.80773   72.50702   -0.19227    1.78764      -32312.52429
  W        34   73.91202   72.61131   -0.08798    1.67184      -32312.44896
  W        35   73.86368   72.56297   -0.13632    1.73482      -32312.49193
  W        36   73.86613   72.56542   -0.13387    1.72673      -32312.48326
  W        37   73.88243   72.58172   -0.11757    1.70995      -32312.47954
  W        38   73.64235   72.34164   -0.35765    1.95253      -32312.63657
  W        39   73.76695   72.46624   -0.23305    1.82384      -32312.54666
  W        40   73.69137   72.39066   -0.30863    1.90444      -32312.59371
  W        41   74.06141   72.76070    0.06141    1.53564      -32312.36998
  W        42   73.86826   72.56754   -0.13174    1.72416      -32312.48698
  W        43   73.94685   72.64614   -0.05315    1.64923      -32312.44284
  W        44   73.61762   72.31691   -0.38238    1.97870      -32312.65244
  W        45   73.78650   72.48579   -0.21350    1.81292      -32312.55797
  W        46   73.83438   72.53366   -0.16562    1.75101      -32312.48835
  W        47   73.91977   72.61906   -0.08023    1.68123      -32312.47001
  W        48   73.89764   72.59693   -0.10236    1.70154      -32312.47647
  W        49   73.86789   72.56718   -0.13211    1.71334      -32312.46828
  W        50   73.74216   72.44145   -0.25784    1.85884      -32312.58067
  W        51   73.96651   72.66580   -0.03349    1.62534      -32312.42313
  W        52   74.00052   72.69981    0.00052    1.59061      -32312.40132
  W        53   73.93395   72.63324   -0.06605    1.65601      -32312.43409
  W        54   73.83852   72.53780   -0.16148    1.75761      -32312.50824
  W        55   73.97391   72.67320   -0.02609    1.61463      -32312.40698
  W        56   73.80716   72.50645   -0.19284    1.78693      -32312.53841
  W        57   73.84120   72.54049   -0.15880    1.75256      -32312.50461
  W        58   73.97503   72.67432   -0.02497    1.61492      -32312.41691
  W        59   73.89095   72.59024   -0.10905    1.70116      -32312.47316
  W        60   73.84106   72.54035   -0.15894    1.75838      -32312.51228
  W        61   73.85846   72.55775   -0.14154    1.73796      -32312.49204
  W        62   73.92243   72.62172   -0.07757    1.66094      -32312.44974
  W        63   73.76784   72.46713   -0.23216    1.81890      -32312.54274
  W        64   73.87775   72.57704   -0.12225    1.71076      -32312.47813
  Nb       65   40.98557   39.68486   -0.01443    1.63810       -7632.52165
  Nb       66   40.91757   39.61686   -0.08243    1.70913       -7632.58458
  Nb       67   40.91871   39.61800   -0.08129    1.70261       -7632.56866
  Nb       68   40.81454   39.51383   -0.18546    1.81037       -7632.63575
  Nb       69   40.98575   39.68504   -0.01425    1.64256       -7632.52758
  Nb       70   40.82285   39.52214   -0.17715    1.80570       -7632.63716
  Nb       71   40.85147   39.55076   -0.14853    1.77753       -7632.61179
  Nb       72   40.97069   39.66997   -0.02931    1.64881       -7632.53131
  Nb       73   41.06389   39.76317    0.06389    1.56051       -7632.48800
  Nb       74   40.77553   39.47482   -0.22447    1.84703       -7632.63935
  Nb       75   40.96770   39.66699   -0.03230    1.65340       -7632.54563
  Nb       76   40.93557   39.63486   -0.06443    1.68274       -7632.55017
  Nb       77   41.05130   39.75058    0.05130    1.57331       -7632.49050
  Nb       78   41.01739   39.71668    0.01739    1.61391       -7632.52703
  Nb       79   40.91023   39.60952   -0.08977    1.71670       -7632.58189
  Nb       80   41.02325   39.72254    0.02325    1.60421       -7632.51076
  Nb       81   40.97551   39.67480   -0.02449    1.64278       -7632.54181
  Nb       82   40.96749   39.66678   -0.03251    1.66137       -7632.55521
  Nb       83   40.80104   39.50033   -0.19896    1.82095       -7632.64454
  Nb       84   40.97977   39.67906   -0.02023    1.64122       -7632.54261
  Nb       85   40.86229   39.56158   -0.13771    1.75826       -7632.60272
  Nb       86   40.79663   39.49592   -0.20337    1.83031       -7632.64391
  Nb       87   40.72092   39.42021   -0.27908    1.90767       -7632.68719
  Nb       88   40.97868   39.67797   -0.02132    1.64747       -7632.53493
  Nb       89   40.85474   39.55403   -0.14526    1.76847       -7632.59906
  Nb       90   40.88812   39.58741   -0.11188    1.74276       -7632.60102
  Nb       91   40.81035   39.50964   -0.18965    1.81344       -7632.63108
  Nb       92   40.97363   39.67292   -0.02637    1.65439       -7632.55331
  Nb       93   40.62693   39.32622   -0.37307    2.00027       -7632.75116
  Nb       94   40.71523   39.41452   -0.28477    1.91126       -7632.69627
  Nb       95   40.85220   39.55149   -0.14780    1.77343       -7632.61705
  Nb       96   40.96922   39.66851   -0.03078    1.64315       -7632.52618
  Nb       97   40.86825   39.56754   -0.13175    1.75834       -7632.61013
  Nb       98   40.87675   39.57604   -0.12325    1.74321       -7632.60745
  Nb       99   40.79302   39.49231   -0.20698    1.83211       -7632.64481
  Nb      100   40.78516   39.48444   -0.21484    1.83676       -7632.64698
  Nb      101   41.08923   39.78852    0.08923    1.53843       -7632.47370
  Nb      102   40.92394   39.62323   -0.07606    1.69779       -7632.57245
  Nb      103   40.95908   39.65837   -0.04092    1.66571       -7632.55308
  Nb      104   40.94382   39.64311   -0.05618    1.68248       -7632.55820
  Nb      105   40.81103   39.51032   -0.18897    1.81090       -7632.62831
  Nb      106   40.97589   39.67518   -0.02411    1.65113       -7632.53764
  Nb      107   40.94959   39.64888   -0.05041    1.67464       -7632.53306
  Nb      108   40.82522   39.52451   -0.17478    1.80212       -7632.62422
  Nb      109   40.72941   39.42870   -0.27059    1.89261       -7632.67637
  Nb      110   40.85082   39.55010   -0.14918    1.77266       -7632.60682
  Nb      111   40.93513   39.63442   -0.06487    1.68519       -7632.54808
  Nb      112   40.83336   39.53265   -0.16664    1.78857       -7632.62261
  Nb      113   40.83812   39.53740   -0.16188    1.78740       -7632.61798
  Nb      114   40.98481   39.68410   -0.01519    1.64368       -7632.54042
  Nb      115   41.04612   39.74541    0.04612    1.58518       -7632.50391
  Nb      116   40.85757   39.55686   -0.14243    1.76572       -7632.61146
  Nb      117   40.88444   39.58373   -0.11556    1.74185       -7632.59733
  Nb      118   40.79753   39.49682   -0.20247    1.82592       -7632.63475
  Nb      119   40.86526   39.56455   -0.13474    1.76520       -7632.60262
  Nb      120   41.04562   39.74491    0.04562    1.58773       -7632.51127
  Nb      121   40.92489   39.62418   -0.07511    1.69665       -7632.56138
  Nb      122   41.02527   39.72456    0.02527    1.59969       -7632.51292
  Nb      123   40.81787   39.51716   -0.18213    1.80546       -7632.61770
  Nb      124   41.02330   39.72259    0.02330    1.60459       -7632.50292
  Nb      125   40.94952   39.64880   -0.05048    1.67264       -7632.55108
  Nb      126   40.88104   39.58033   -0.11896    1.74158       -7632.60252
  Nb      127   41.02384   39.72312    0.02384    1.60081       -7632.51255
  Nb      128   40.98961   39.68890   -0.01039    1.63868       -7632.54361
  Mo      129   41.92826   40.62755   -0.07174    1.79928       -8090.64890
  Mo      130   42.21724   40.91653    0.21724    1.49293       -8090.46948
  Mo      131   42.11963   40.81892    0.11963    1.59135       -8090.53096
  Mo      132   42.04749   40.74678    0.04749    1.67256       -8090.58898
  Mo      133   41.94897   40.64826   -0.05103    1.78372       -8090.65915
  Mo      134   42.08111   40.78040    0.08111    1.64205       -8090.56030
  Mo      135   41.86589   40.56518   -0.13411    1.85961       -8090.68447
  Mo      136   42.14487   40.84416    0.14487    1.56693       -8090.52217
  Mo      137   42.08870   40.78799    0.08870    1.63438       -8090.55656
  Mo      138   41.92755   40.62684   -0.07245    1.79447       -8090.64281
  Mo      139   42.09551   40.79480    0.09551    1.62329       -8090.55473
  Mo      140   42.11868   40.81797    0.11868    1.58312       -8090.50792
  Mo      141   42.05935   40.75864    0.05935    1.65688       -8090.57476
  Mo      142   42.06803   40.76732    0.06803    1.64203       -8090.54782
  Mo      143   42.13062   40.82991    0.13062    1.58629       -8090.53204
  Mo      144   41.79582   40.49511   -0.20418    1.93037       -8090.73145
  Mo      145   42.08043   40.77972    0.08043    1.62608       -8090.53502
  Mo      146   42.18801   40.88730    0.18801    1.53240       -8090.49645
  Mo      147   41.98618   40.68547   -0.01382    1.73241       -8090.60617
  Mo      148   41.98949   40.68878   -0.01051    1.73476       -8090.61561
  Mo      149   42.07520   40.77449    0.07520    1.64289       -8090.55444
  Mo      150   42.15228   40.85157    0.15228    1.57389       -8090.52063
  Mo      151   42.04790   40.74719    0.04790    1.66589       -8090.56983
  Mo      152   42.04955   40.74883    0.04955    1.65746       -8090.55909
  Mo      153   42.19391   40.89320    0.19391    1.52167       -8090.48515
  Mo      154   42.00006   40.69935    0.00006    1.72296       -8090.60445
  Mo      155   42.07625   40.77554    0.07625    1.63595       -8090.53946
  Mo      156   42.00394   40.70323    0.00394    1.71504       -8090.60354
  Mo      157   41.93188   40.63117   -0.06812    1.79599       -8090.65510
  Mo      158   42.10268   40.80197    0.10268    1.60901       -8090.53361
  Mo      159   42.11991   40.81920    0.11991    1.58709       -8090.51071
  Mo      160   42.14726   40.84655    0.14726    1.57373       -8090.52581
  Mo      161   41.96060   40.65989   -0.03940    1.76208       -8090.62612
  Mo      162   42.08824   40.78752    0.08824    1.63320       -8090.54556
  Mo      163   42.16155   40.86084    0.16155    1.55256       -8090.50429
  Mo      164   42.03360   40.73289    0.03360    1.68844       -8090.58946
  Mo      165   42.17459   40.87388    0.17459    1.52865       -8090.47975
  Mo      166   42.08506   40.78435    0.08506    1.63146       -8090.55713
  Mo      167   42.15858   40.85787    0.15858    1.55876       -8090.51453
  Mo      168   42.15801   40.85730    0.15801    1.55629       -8090.50929
  Mo      169   42.12255   40.82184    0.12255    1.58904       -8090.51560
  Mo      170   41.91015   40.60944   -0.08985    1.80928       -8090.65405
  Mo      171   41.99905   40.69834   -0.00095    1.72720       -8090.60714
  Mo      172   41.99641   40.69570   -0.00359    1.72225       -8090.60837
  Mo      173   42.01440   40.71369    0.01440    1.70404       -8090.59402
  Mo      174   41.99256   40.69185   -0.00744    1.73604       -8090.61920
  Mo      175   42.07839   40.77768    0.07839    1.64205       -8090.56354
  Mo      176   42.20484   40.90412    0.20484    1.51303       -8090.48580
  Mo      177   41.99631   40.69559   -0.00369    1.72720       -8090.62132
  Mo      178   42.17614   40.87543    0.17614    1.53831       -8090.49242
  Mo      179   42.05487   40.75416    0.05487    1.67125       -8090.58064
  Mo      180   42.08805   40.78734    0.08805    1.62718       -8090.55665
  Mo      181   42.10003   40.79932    0.10003    1.62361       -8090.55212
  Mo      182   42.02403   40.72331    0.02403    1.70009       -8090.60242
  Mo      183   42.11067   40.80996    0.11067    1.61754       -8090.56247
  Mo      184   42.10441   40.80369    0.10441    1.60693       -8090.53507
  Mo      185   42.15201   40.85130    0.15201    1.55845       -8090.48967
  Mo      186   42.17337   40.87266    0.17337    1.54284       -8090.49779
  Mo      187   41.95909   40.65838   -0.04091    1.75692       -8090.62224
  Mo      188   42.02899   40.72828    0.02899    1.68938       -8090.58726
  Mo      189   41.90199   40.60128   -0.09801    1.82472       -8090.66891
  Mo      190   41.99634   40.69563   -0.00366    1.72971       -8090.62474
  Mo      191   41.95728   40.65657   -0.04272    1.76903       -8090.64614
  Mo      192   42.13614   40.83543    0.13614    1.57571       -8090.52273
  Ta      193   72.64757   71.34686   -0.35243    1.89233      -31233.00666
  Ta      194   72.84308   71.54237   -0.15692    1.69315      -31232.88362
  Ta      195   72.79097   71.49026   -0.20903    1.74551      -31232.91655
  Ta      196   72.80519   71.50448   -0.19481    1.73258      -31232.89247
  Ta      197   72.70508   71.40437   -0.29492    1.82950      -31232.95533
  Ta      198   72.75735   71.45663   -0.24265    1.76594      -31232.91948
  Ta      199   72.74430   71.44359   -0.25570    1.79081      -31232.93909
  Ta      200   72.64972   71.34901   -0.35028    1.88608      -31232.99859
  Ta      201   72.75626   71.45555   -0.24374    1.77168      -31232.92791
  Ta      202   72.72026   71.41955   -0.27974    1.81617      -31232.95702
  Ta      203   72.66930   71.36859   -0.33070    1.86501      -31232.98686
  Ta      204   72.94936   71.64865   -0.05064    1.58271      -31232.79795
  Ta      205   72.75448   71.45377   -0.24552    1.77618      -31232.92571
  Ta      206   72.98098   71.68027   -0.01902    1.55777      -31232.78871
  Ta      207   72.84136   71.54065   -0.15864    1.68955      -31232.87189
  Ta      208   72.68747   71.38676   -0.31253    1.84210      -31232.96085
  Ta      209   72.89054   71.58983   -0.10946    1.64597      -31232.84997
  Ta      210   72.77509   71.47438   -0.22491    1.76345      -31232.91670
  Ta      211   72.68210   71.38139   -0.31790    1.84771      -31232.97197
  Ta      212   72.76899   71.46828   -0.23101    1.77362      -31232.93733
  Ta      213   72.80025   71.49954   -0.19975    1.73461      -31232.90198
  Ta      214   72.50664   71.20592   -0.49336    2.02606      -31233.08003
  Ta      215   72.77581   71.47510   -0.22419    1.75610      -31232.90903
  Ta      216   72.71983   71.41911   -0.28017    1.81771      -31232.96328
  Ta      217   72.66739   71.36667   -0.33261    1.86485      -31232.98588
  Ta      218   72.73714   71.43642   -0.26286    1.79410      -31232.94943
  Ta      219   72.73823   71.43752   -0.26177    1.79968      -31232.95610
  Ta      220   72.80247   71.50176   -0.19753    1.72675      -31232.90111
  Ta      221   72.70348   71.40277   -0.29652    1.82747      -31232.96036
  Ta      222   72.74362   71.44291   -0.25638    1.78513      -31232.92793
  Ta      223   72.61410   71.31339   -0.38590    1.92054      -31233.01349
  Ta      224   72.82829   71.52758   -0.17171    1.70228      -31232.86889
  Ta      225   72.75493   71.45421   -0.24507    1.77239      -31232.91919
  Ta      226   72.70463   71.40392   -0.29537    1.81733      -31232.95385
  Ta      227   72.62613   71.32542   -0.37387    1.90836      -31233.01043
  Ta      228   72.77529   71.47458   -0.22471    1.74968      -31232.91130
  Ta      229   72.88255   71.58184   -0.11745    1.65663      -31232.84862
  Ta      230   72.84034   71.53963   -0.15966    1.69324      -31232.86392
  Ta      231   72.84316   71.54245   -0.15684    1.68863      -31232.86871
  Ta      232   72.73123   71.43052   -0.26877    1.80185      -31232.94052
  Ta      233   72.87120   71.57049   -0.12880    1.66340      -31232.85252
  Ta      234   72.72542   71.42471   -0.27458    1.80873      -31232.94177
  Ta      235   72.52489   71.22418   -0.47511    2.00718      -31233.06793
  Ta      236   72.71805   71.41734   -0.28195    1.81471      -31232.95359
  Ta      237   72.64400   71.34329   -0.35600    1.89429      -31232.99302
  Ta      238   72.73901   71.43830   -0.26099    1.79513      -31232.94408
  Ta      239   72.72520   71.42449   -0.27480    1.80226      -31232.92663
  Ta      240   72.93804   71.63733   -0.06196    1.60243      -31232.82231
  Ta      241   72.70840   71.40768   -0.29160    1.83108      -31232.97746
  Ta      242   72.80001   71.49930   -0.19999    1.73015      -31232.88619
  Ta      243   72.91822   71.61751   -0.08178    1.61703      -31232.82745
  Ta      244   72.93859   71.63788   -0.06141    1.59966      -31232.80660
  Ta      245   72.79792   71.49721   -0.20208    1.73863      -31232.91394
  Ta      246   72.82987   71.52916   -0.17013    1.69924      -31232.88026
  Ta      247   72.72821   71.42750   -0.27179    1.79895      -31232.93559
  Ta      248   72.86724   71.56653   -0.13276    1.66365      -31232.85885
  Ta      249   72.93717   71.63646   -0.06283    1.60806      -31232.83045
  Ta      250   72.72821   71.42750   -0.27179    1.80558      -31232.93868
  Ta      251   72.81629   71.51558   -0.18371    1.70737      -31232.88021
  Ta      252   72.76122   71.46051   -0.23878    1.77296      -31232.93410
  Ta      253   72.66910   71.36839   -0.33090    1.86563      -31233.00064
  Ta      254   72.90261   71.60190   -0.09739    1.63146      -31232.82855
  Ta      255   72.79730   71.49659   -0.20270    1.73212      -31232.90726
  Ta      256   72.73417   71.43346   -0.26583    1.79721      -31232.94079
  V       257   23.34888   22.04817    0.34888    1.59877       -1895.25350
  V       258   23.29379   21.99307    0.29379    1.65846       -1895.28543
  V       259   23.36366   22.06295    0.36366    1.58843       -1895.24119
  V       260   23.25062   21.94991    0.25062    1.70763       -1895.32832
  V       261   23.31469   22.01398    0.31469    1.63648       -1895.27194
  V       262   23.28053   21.97982    0.28053    1.67532       -1895.29951
  V       263   23.25472   21.95401    0.25472    1.70207       -1895.32845
  V       264   23.39612   22.09541    0.39612    1.54849       -1895.21123
  V       265   23.40380   22.10309    0.40380    1.55010       -1895.23331
  V       266   23.58162   22.28091    0.58162    1.35831       -1895.13210
  V       267   23.44172   22.14101    0.44172    1.50306       -1895.20354
  V       268   23.29590   21.99519    0.29590    1.65553       -1895.28457
  V       269   23.40727   22.10656    0.40727    1.53607       -1895.21694
  V       270   23.32967   22.02896    0.32967    1.62337       -1895.28086
  V       271   23.40235   22.10163    0.40235    1.54628       -1895.21870
  V       272   23.21621   21.91550    0.21621    1.74414       -1895.33216
  V       273   23.22223   21.92152    0.22223    1.73400       -1895.33840
  V       274   23.55809   22.25738    0.55809    1.38483       -1895.13324
  V       275   23.34459   22.04388    0.34459    1.60540       -1895.26980
  V       276   23.45492   22.15420    0.45492    1.48754       -1895.18743
  V       277   23.49094   22.19023    0.49094    1.45018       -1895.16717
  V       278   23.54541   22.24470    0.54541    1.40204       -1895.16737
  V       279   23.38398   22.08327    0.38398    1.56080       -1895.22916
  V       280   23.46956   22.16885    0.46956    1.47016       -1895.17349
  V       281   23.28962   21.98891    0.28962    1.66241       -1895.28974
  V       282   23.44530   22.14459    0.44530    1.49673       -1895.19328
  V       283   23.45301   22.15229    0.45301    1.49463       -1895.21634
  V       284   23.51328   22.21257    0.51328    1.42855       -1895.19574
  V       285   23.38278   22.08207    0.38278    1.56673       -1895.24573
  V       286   23.35645   22.05574    0.35645    1.59143       -1895.24854
  V       287   23.33333   22.03262    0.33333    1.61662       -1895.26894
  V       288   23.49501   22.19429    0.49501    1.44302       -1895.18888
  V       289   23.39074   22.09003    0.39074    1.55940       -1895.24133
  V       290   23.54623   22.24552    0.54623    1.39660       -1895.15709
  V       291   23.31270   22.01199    0.31270    1.64327       -1895.29072
  V       292   23.36293   22.06222    0.36293    1.58522       -1895.25711
  V       293   23.51397   22.21326    0.51397    1.42539       -1895.16038
  V       294   23.42987   22.12916    0.42987    1.51626       -1895.19632
  V       295   23.23185   21.93114    0.23185    1.72745       -1895.33555
  V       296   23.59049   22.28978    0.59049    1.35095       -1895.11382
  V       297   23.45118   22.15047    0.45118    1.49539       -1895.18293
  V       298   23.53351   22.23280    0.53351    1.41604       -1895.15702
  V       299   23.51559   22.21488    0.51559    1.43414       -1895.18534
  V       300   23.41095   22.11023    0.41095    1.53616       -1895.24442
  V       301   23.58173   22.28102    0.58173    1.35725       -1895.13623
  V       302   23.40655   22.10583    0.40655    1.54338       -1895.23139
  V       303   23.33419   22.03348    0.33419    1.61412       -1895.27591
  V       304   23.49283   22.19212    0.49283    1.45169       -1895.18015
  V       305   23.56708   22.26637    0.56708    1.37136       -1895.13389
  V       306   23.39834   22.09763    0.39834    1.54806       -1895.23767
  V       307   23.41377   22.11306    0.41377    1.53834       -1895.24363
  V       308   23.33258   22.03187    0.33258    1.61188       -1895.24407
  V       309   23.41600   22.11529    0.41600    1.53791       -1895.23589
  V       310   23.39296   22.09225    0.39296    1.55689       -1895.24560
  V       311   23.33290   22.03219    0.33290    1.61712       -1895.24660
  V       312   23.51203   22.21132    0.51203    1.43205       -1895.15191
  V       313   23.44741   22.14670    0.44741    1.49818       -1895.18435
  V       314   23.36039   22.05968    0.36039    1.58980       -1895.23885
  V       315   23.44051   22.13980    0.44051    1.50390       -1895.20307
  V       316   23.38586   22.08515    0.38586    1.56498       -1895.25248
  V       317   23.39568   22.09496    0.39568    1.54981       -1895.24263
  V       318   23.38651   22.08580    0.38651    1.56670       -1895.25694
  V       319   23.33453   22.03382    0.33453    1.61741       -1895.27409
  V       320   23.46121   22.16049    0.46121    1.48465       -1895.20048
