System Description            : WNbMoTa, BCC structure                          
Number of Atoms in Unit Cell  : 128                                             
Number of Atomic Species      : 4                                               
Number of Atoms in Each Type  : 32(W), 32(Nb), 32(Mo), 32(Ta)                   
Energy Offset                 : -19816                                          
=======================================================================================
    Iter     Energy      3PV     Efermi   Rms_rho    Rms_pot   Mix  Alg  Alpha 
---------------------------------------------------------------------------------------
**       1  -0.265680  2293.530  0.59529  0.140E+01  0.139E+00  pot  B   0.1000
         2  -0.621919  2265.263  0.60870  0.746E-02  0.201E+00  pot  B   0.1000
         3  -0.809099  2245.914  0.61858  0.508E-02  0.216E+00  pot  B   0.1000
         4  -1.178891  2182.841  0.64219  0.165E-01  0.847E-01  pot  B   0.1000
         5  -1.207785  2167.882  0.65880  0.440E-02  0.105E+00  pot  B   0.1000
         6  -1.230243  2159.098  0.66997  0.300E-02  0.389E-01  pot  B   0.1000
         7  -1.248428  2150.397  0.67591  0.320E-02  0.494E-01  pot  B   0.1000
         8  -1.268919  2138.797  0.68079  0.478E-02  0.234E-01  pot  B   0.1000
         9  -1.275207  2131.299  0.68444  0.331E-02  0.211E-01  pot  B   0.1000
        10  -1.275992  2129.474  0.68587  0.927E-03  0.136E-01  pot  B   0.1000
        11  -1.276240  2128.792  0.68675  0.431E-03  0.576E-02  pot  B   0.1000
        12  -1.276381  2128.524  0.68769  0.250E-03  0.481E-02  pot  B   0.1000
        13  -1.276476  2128.412  0.68848  0.178E-03  0.359E-02  pot  B   0.1000
        14  -1.276595  2128.281  0.69000  0.315E-03  0.163E-02  pot  B   0.1000
        15  -1.276612  2128.256  0.69081  0.163E-03  0.950E-03  pot  B   0.1000
        16  -1.276615  2128.280  0.69103  0.432E-04  0.740E-03  pot  B   0.1000
        17  -1.276616  2128.286  0.69112  0.168E-04  0.564E-03  pot  B   0.1000
        18  -1.276619  2128.333  0.69125  0.274E-04  0.375E-03  pot  B   0.1000
        19  -1.276620  2128.319  0.69141  0.302E-04  0.335E-03  pot  B   0.1000
        20  -1.276620  2128.343  0.69148  0.162E-04  0.161E-03  pot  B   0.1000
        21  -1.276620  2128.324  0.69151  0.623E-05  0.912E-04  pot  B   0.1000
        22  -1.276620  2128.311  0.69152  0.412E-05  0.111E-03  pot  B   0.1000
        23  -1.276620  2128.298  0.69154  0.389E-05  0.715E-04  pot  B   0.1000
        24  -1.276620  2128.288  0.69154  0.239E-05  0.510E-04  pot  B   0.1000
        25  -1.276620  2128.283  0.69155  0.222E-05  0.374E-04  pot  B   0.1000
        26  -1.276620  2128.278  0.69155  0.158E-05  0.320E-04  pot  B   0.1000
        27  -1.276620  2128.277  0.69156  0.128E-05  0.180E-04  pot  B   0.1000
        28  -1.276620  2128.276  0.69156  0.696E-06  0.114E-04  pot  B   0.1000
        29  -1.276620  2128.275  0.69157  0.404E-06  0.122E-04  pot  B   0.1000
        30  -1.276620  2128.275  0.69157  0.223E-06  0.105E-04  pot  B   0.1000
        31  -1.276620  2128.275  0.69157  0.314E-06  0.489E-05  pot  B   0.1000
        32  -1.276620  2128.276  0.69157  0.117E-06  0.350E-05  pot  B   0.1000
        33  -1.276620  2128.276  0.69158  0.785E-07  0.189E-05  pot  B   0.1000
        34  -1.276620  2128.276  0.69158  0.350E-07  0.131E-05  pot  B   0.1000
        35  -1.276620  2128.276  0.69158  0.320E-07  0.114E-05  pot  B   0.1000
        36  -1.276620  2128.276  0.69158  0.373E-07  0.862E-06  pot  B   0.1000
        37  -1.276620  2128.276  0.69158  0.277E-07  0.586E-06  pot  B   0.1000
        38  -1.276620  2128.276  0.69158  0.278E-07  0.362E-06  pot  B   0.1000
        39  -1.276620  2128.276  0.69158  0.119E-07  0.309E-06  pot  B   0.1000
        40  -1.276620  2128.276  0.69158  0.126E-07  0.253E-06  pot  B   0.1000
        41  -1.276620  2128.276  0.69158  0.121E-07  0.213E-06  pot  B   0.1000
        42  -1.276620  2128.276  0.69158  0.952E-08  0.201E-06  pot  B   0.1000
        43  -1.276620  2128.276  0.69158  0.570E-08  0.919E-07  pot  B   0.1000
        44  -1.276620  2128.276  0.69158  0.537E-08  0.759E-07  pot  B   0.1000
        45  -1.276620  2128.276  0.69158  0.354E-08  0.644E-07  pot  B   0.1000
        46  -1.276620  2128.276  0.69158  0.471E-08  0.566E-07  pot  B   0.1000
        47  -1.276620  2128.276  0.69158  0.325E-08  0.472E-07  pot  B   0.1000
        48  -1.276620  2128.276  0.69158  0.195E-08  0.300E-07  pot  B   0.1000
        49  -1.276620  2128.276  0.69158  0.602E-09  0.225E-07  pot  B   0.1000
        50  -1.276620  2128.276  0.69158  0.706E-09  0.181E-07  pot  B   0.1000
        51  -1.276620  2128.276  0.69158  0.668E-09  0.163E-07  pot  B   0.1000
        52  -1.276620  2128.276  0.69158  0.629E-09  0.786E-08  pot  B   0.1000
**      53  -1.276620  2128.276  0.69158  0.604E-12  0.786E-08  pot  B   0.1000
