System Description            : WNbMoTaV, BCC structure                         
Number of Atoms in Unit Cell  : 40                                              
Number of Atomic Species      : 5                                               
Number of Atoms in Each Type  : 8(W), 8(Nb), 8(Mo), 8(Ta), 8(V)                 
Energy Offset                 : -16231                                          
=======================================================================================
    Iter     Energy      3PV     Efermi   Rms_rho    Rms_pot   Mix  Alg  Alpha 
---------------------------------------------------------------------------------------
**       1  -0.856123  1839.137  0.58262  0.140E+01  0.136E+00  pot  B   0.1000
         2  -1.062471  1816.633  0.59514  0.782E-02  0.489E+00  pot  B   0.1000
         3  -1.223079  1811.785  0.60107  0.360E-02  0.268E+00  pot  B   0.1000
         4  -1.418077  1796.217  0.61099  0.506E-02  0.144E+00  pot  B   0.1000
         5  -1.515664  1766.630  0.62036  0.983E-02  0.396E+00  pot  B   0.1000
         6  -1.633843  1754.270  0.62584  0.420E-02  0.182E+00  pot  B   0.1000
         7  -1.699622  1737.901  0.63064  0.563E-02  0.953E-01  pot  B   0.1000
         8  -1.724455  1728.548  0.63522  0.380E-02  0.561E-01  pot  B   0.1000
         9  -1.741605  1721.449  0.63713  0.344E-02  0.357E-01  pot  B   0.1000
        10  -1.755313  1711.988  0.63887  0.499E-02  0.310E-01  pot  B   0.1000
        11  -1.757570  1708.507  0.64008  0.193E-02  0.274E-01  pot  B   0.1000
        12  -1.758549  1707.550  0.64165  0.656E-03  0.494E-02  pot  B   0.1000
        13  -1.758733  1707.234  0.64271  0.342E-03  0.510E-02  pot  B   0.1000
        14  -1.758886  1706.985  0.64418  0.280E-03  0.445E-02  pot  B   0.1000
        15  -1.759051  1706.824  0.64619  0.388E-03  0.298E-02  pot  B   0.1000
        16  -1.759059  1706.723  0.64708  0.146E-03  0.123E-02  pot  B   0.1000
        17  -1.759057  1706.777  0.64724  0.451E-04  0.139E-02  pot  B   0.1000
        18  -1.759057  1706.796  0.64727  0.286E-04  0.160E-02  pot  B   0.1000
        19  -1.759060  1706.808  0.64736  0.223E-04  0.944E-03  pot  B   0.1000
        20  -1.759060  1706.848  0.64741  0.383E-04  0.400E-03  pot  B   0.1000
        21  -1.759060  1706.828  0.64744  0.186E-04  0.528E-03  pot  B   0.1000
        22  -1.759061  1706.839  0.64747  0.105E-04  0.252E-03  pot  B   0.1000
        23  -1.759061  1706.824  0.64750  0.952E-05  0.146E-03  pot  B   0.1000
        24  -1.759061  1706.813  0.64753  0.768E-05  0.766E-04  pot  B   0.1000
        25  -1.759061  1706.806  0.64754  0.307E-05  0.982E-04  pot  B   0.1000
        26  -1.759061  1706.805  0.64755  0.199E-05  0.707E-04  pot  B   0.1000
        27  -1.759061  1706.804  0.64756  0.146E-05  0.224E-04  pot  B   0.1000
        28  -1.759061  1706.804  0.64757  0.101E-05  0.373E-04  pot  B   0.1000
        29  -1.759061  1706.805  0.64757  0.602E-06  0.152E-04  pot  B   0.1000
        30  -1.759061  1706.804  0.64757  0.364E-06  0.924E-05  pot  B   0.1000
        31  -1.759061  1706.804  0.64757  0.215E-06  0.560E-05  pot  B   0.1000
        32  -1.759061  1706.804  0.64758  0.174E-06  0.664E-05  pot  B   0.1000
        33  -1.759061  1706.804  0.64758  0.358E-06  0.645E-05  pot  B   0.1000
        34  -1.759061  1706.803  0.64758  0.113E-06  0.474E-05  pot  B   0.1000
        35  -1.759061  1706.803  0.64758  0.481E-07  0.212E-05  pot  B   0.1000
        36  -1.759061  1706.804  0.64758  0.347E-07  0.203E-05  pot  B   0.1000
        37  -1.759061  1706.804  0.64758  0.442E-07  0.168E-05  pot  B   0.1000
        38  -1.759061  1706.804  0.64758  0.441E-07  0.583E-06  pot  B   0.1000
        39  -1.759061  1706.804  0.64758  0.224E-07  0.582E-06  pot  B   0.1000
        40  -1.759061  1706.804  0.64758  0.121E-07  0.447E-06  pot  B   0.1000
        41  -1.759061  1706.804  0.64758  0.825E-08  0.521E-06  pot  B   0.1000
        42  -1.759061  1706.804  0.64758  0.114E-07  0.304E-06  pot  B   0.1000
        43  -1.759061  1706.804  0.64758  0.586E-08  0.176E-06  pot  B   0.1000
        44  -1.759061  1706.804  0.64758  0.357E-08  0.105E-06  pot  B   0.1000
        45  -1.759061  1706.804  0.64758  0.176E-08  0.580E-07  pot  B   0.1000
        46  -1.759061  1706.804  0.64758  0.153E-08  0.521E-07  pot  B   0.1000
        47  -1.759061  1706.804  0.64758  0.176E-08  0.235E-07  pot  B   0.1000
        48  -1.759061  1706.804  0.64758  0.112E-08  0.269E-07  pot  B   0.1000
        49  -1.759061  1706.804  0.64758  0.716E-09  0.124E-07  pot  B   0.1000
        50  -1.759061  1706.804  0.64758  0.411E-09  0.191E-07  pot  B   0.1000
        51  -1.759061  1706.804  0.64758  0.432E-09  0.145E-07  pot  B   0.1000
        52  -1.759061  1706.804  0.64758  0.295E-09  0.674E-08  pot  B   0.1000
**      53  -1.759061  1706.804  0.64758  0.467E-12  0.674E-08  pot  B   0.1000
