 Atom   Index      Q          Qmt        dQ        Vmad        Local Energy
  W         1   73.79362   72.48880   -0.20638    1.81470      -32312.55293
  W         2   73.94748   72.64266   -0.05252    1.65721      -32312.45432
  W         3   73.92176   72.61694   -0.07824    1.68446      -32312.47340
  W         4   73.90892   72.60410   -0.09108    1.69625      -32312.47881
  W         5   73.92415   72.61933   -0.07585    1.69477      -32312.48717
  W         6   73.76923   72.46441   -0.23077    1.86121      -32312.60840
  W         7   73.86170   72.55688   -0.13830    1.76229      -32312.53738
  W         8   73.89411   72.58929   -0.10589    1.71983      -32312.49312
  W         9   73.85931   72.55449   -0.14069    1.77146      -32312.55140
  W        10   73.83496   72.53014   -0.16504    1.79154      -32312.54979
  W        11   73.94097   72.63615   -0.05903    1.67128      -32312.46575
  W        12   73.98365   72.67883   -0.01635    1.63795      -32312.45161
  W        13   73.94983   72.64502   -0.05017    1.65568      -32312.45560
  W        14   74.04177   72.73695    0.04177    1.58089      -32312.40963
  W        15   73.98949   72.68467   -0.01051    1.63025      -32312.44567
  W        16   73.86029   72.55547   -0.13971    1.75825      -32312.52095
  Nb       17   40.84924   39.54442   -0.15076    1.80774       -7632.65962
  Nb       18   41.01234   39.70752    0.01234    1.64272       -7632.55884
  Nb       19   40.99282   39.68800   -0.00718    1.65849       -7632.56363
  Nb       20   40.89939   39.59457   -0.10061    1.75742       -7632.63258
  Nb       21   40.87940   39.57458   -0.12060    1.76837       -7632.61789
  Nb       22   40.80069   39.49587   -0.19931    1.84572       -7632.66077
  Nb       23   41.01542   39.71060    0.01542    1.64229       -7632.56050
  Nb       24   40.96691   39.66209   -0.03309    1.68753       -7632.58016
  Nb       25   40.96375   39.65893   -0.03625    1.68600       -7632.59012
  Nb       26   41.00762   39.70280    0.00762    1.63103       -7632.54976
  Nb       27   40.89532   39.59050   -0.10468    1.75701       -7632.63090
  Nb       28   40.98819   39.68337   -0.01181    1.65205       -7632.54855
  Nb       29   40.86245   39.55763   -0.13755    1.78321       -7632.62527
  Nb       30   40.82942   39.52460   -0.17058    1.81189       -7632.65552
  Nb       31   40.90727   39.60245   -0.09273    1.73964       -7632.60945
  Nb       32   40.91767   39.61285   -0.08233    1.73138       -7632.60209
  Mo       33   42.13349   40.82867    0.13349    1.61174       -8090.56814
  Mo       34   41.94274   40.63792   -0.05726    1.80922       -8090.67780
  Mo       35   42.07589   40.77107    0.07589    1.66517       -8090.58370
  Mo       36   42.00193   40.69711    0.00193    1.74953       -8090.64980
  Mo       37   42.16282   40.85801    0.16282    1.56967       -8090.53221
  Mo       38   42.15454   40.84972    0.15454    1.58650       -8090.54853
  Mo       39   42.15664   40.85182    0.15664    1.57878       -8090.54016
  Mo       40   42.03496   40.73014    0.03496    1.71585       -8090.62633
  Mo       41   42.19475   40.88993    0.19475    1.55287       -8090.52765
  Mo       42   42.12619   40.82137    0.12619    1.61441       -8090.55558
  Mo       43   41.97124   40.66642   -0.02876    1.78002       -8090.66324
  Mo       44   41.98115   40.67633   -0.01885    1.77299       -8090.66879
  Mo       45   42.06937   40.76455    0.06937    1.67807       -8090.60171
  Mo       46   42.21060   40.90578    0.21060    1.51736       -8090.49758
  Mo       47   42.03589   40.73107    0.03589    1.70983       -8090.61451
  Mo       48   42.18449   40.87967    0.18449    1.55428       -8090.52375
  Ta       49   72.83998   71.53516   -0.16002    1.71866      -31232.89968
  Ta       50   72.83917   71.53435   -0.16083    1.72226      -31232.91442
  Ta       51   72.76299   71.45817   -0.23701    1.80145      -31232.97162
  Ta       52   72.93221   71.62739   -0.06779    1.62523      -31232.84918
  Ta       53   72.71189   71.40707   -0.28811    1.84462      -31232.97146
  Ta       54   72.75822   71.45340   -0.24178    1.79287      -31232.95748
  Ta       55   72.87959   71.57477   -0.12041    1.67828      -31232.87450
  Ta       56   72.76918   71.46436   -0.23082    1.79444      -31232.95926
  Ta       57   72.61846   71.31364   -0.38154    1.93712      -31233.03486
  Ta       58   72.79514   71.49032   -0.20486    1.76719      -31232.93350
  Ta       59   72.79768   71.49286   -0.20232    1.75181      -31232.93058
  Ta       60   72.84245   71.53763   -0.15755    1.71792      -31232.91832
  Ta       61   72.84773   71.54291   -0.15227    1.70417      -31232.89498
  Ta       62   72.78464   71.47982   -0.21536    1.78115      -31232.95493
  Ta       63   72.87930   71.57448   -0.12070    1.68285      -31232.88531
  Ta       64   72.74575   71.44093   -0.25425    1.80362      -31232.95654
  Ti       65   22.15099   20.84617    0.15099    1.71820       -1704.45555
  Ti       66   22.20977   20.90495    0.20977    1.66847       -1704.44377
  Ti       67   22.19154   20.88672    0.19154    1.68125       -1704.43476
  Ti       68   22.25071   20.94590    0.25071    1.61857       -1704.40501
  Ti       69   22.32519   21.02037    0.32519    1.55242       -1704.38821
  Ti       70   22.27392   20.96910    0.27392    1.60864       -1704.42354
  Ti       71   22.31981   21.01499    0.31981    1.55397       -1704.38163
  Ti       72   22.24916   20.94434    0.24916    1.62171       -1704.41791
  Ti       73   22.22125   20.91644    0.22125    1.66376       -1704.44598
  Ti       74   22.38914   21.08432    0.38914    1.47676       -1704.31499
  Ti       75   22.28586   20.98104    0.28586    1.59074       -1704.40639
  Ti       76   22.35807   21.05325    0.35807    1.52326       -1704.37652
  Ti       77   22.34624   21.04142    0.34624    1.52610       -1704.37262
  Ti       78   22.39437   21.08956    0.39437    1.48116       -1704.35258
  Ti       79   22.25600   20.95118    0.25600    1.61277       -1704.39399
  Ti       80   22.26777   20.96295    0.26777    1.60639       -1704.41187
