System Description            : WNbMoTaV, BCC structure                         
Number of Atoms in Unit Cell  : 80                                              
Number of Atomic Species      : 5                                               
Number of Atoms in Each Type  : 16(W), 16(Nb), 16(Mo), 16(Ta), 16(V)            
Energy Offset                 : -16231                                          
=======================================================================================
    Iter     Energy      3PV     Efermi   Rms_rho    Rms_pot   Mix  Alg  Alpha 
---------------------------------------------------------------------------------------
**       1  -0.840533  1839.153  0.58191  0.140E+01  0.111E+00  pot  B   0.1000
         2  -1.175151  1816.502  0.59280  0.769E-02  0.317E+00  pot  B   0.1000
         3  -1.263382  1805.873  0.60465  0.576E-02  0.413E+00  pot  B   0.1000
         4  -1.388697  1796.031  0.61127  0.328E-02  0.277E+00  pot  B   0.1000
         5  -1.526467  1778.441  0.61786  0.599E-02  0.252E+00  pot  B   0.1000
         6  -1.640435  1752.072  0.62511  0.890E-02  0.305E+00  pot  B   0.1000
         7  -1.690355  1741.650  0.62917  0.362E-02  0.126E+00  pot  B   0.1000
         8  -1.714954  1732.524  0.63297  0.337E-02  0.733E-01  pot  B   0.1000
         9  -1.725460  1728.515  0.63482  0.180E-02  0.579E-01  pot  B   0.1000
        10  -1.739619  1722.721  0.63633  0.289E-02  0.516E-01  pot  B   0.1000
        11  -1.752302  1715.384  0.63820  0.380E-02  0.417E-01  pot  B   0.1000
        12  -1.757626  1709.574  0.63966  0.311E-02  0.270E-01  pot  B   0.1000
        13  -1.758687  1707.980  0.64068  0.941E-03  0.156E-01  pot  B   0.1000
        14  -1.758986  1707.498  0.64138  0.351E-03  0.670E-02  pot  B   0.1000
        15  -1.759140  1707.335  0.64227  0.234E-03  0.571E-02  pot  B   0.1000
        16  -1.759315  1706.860  0.64393  0.386E-03  0.495E-02  pot  B   0.1000
        17  -1.759402  1707.003  0.64520  0.227E-03  0.641E-02  pot  B   0.1000
        18  -1.759456  1706.906  0.64611  0.149E-03  0.360E-02  pot  B   0.1000
        19  -1.759469  1706.782  0.64665  0.117E-03  0.287E-02  pot  B   0.1000
        20  -1.759466  1706.855  0.64657  0.389E-04  0.315E-02  pot  B   0.1000
        21  -1.759476  1706.776  0.64685  0.746E-04  0.144E-02  pot  B   0.1000
        22  -1.759477  1706.854  0.64684  0.351E-04  0.121E-02  pot  B   0.1000
        23  -1.759479  1706.847  0.64693  0.307E-04  0.102E-02  pot  B   0.1000
        24  -1.759480  1706.854  0.64698  0.266E-04  0.760E-03  pot  B   0.1000
        25  -1.759480  1706.858  0.64702  0.208E-04  0.614E-03  pot  B   0.1000
        26  -1.759480  1706.853  0.64704  0.118E-04  0.361E-03  pot  B   0.1000
        27  -1.759479  1706.852  0.64704  0.956E-05  0.338E-03  pot  B   0.1000
        28  -1.759479  1706.846  0.64705  0.539E-05  0.340E-03  pot  B   0.1000
        29  -1.759479  1706.833  0.64708  0.897E-05  0.209E-03  pot  B   0.1000
        30  -1.759479  1706.818  0.64710  0.830E-05  0.121E-03  pot  B   0.1000
        31  -1.759479  1706.812  0.64711  0.257E-05  0.141E-03  pot  B   0.1000
        32  -1.759479  1706.808  0.64712  0.243E-05  0.163E-03  pot  B   0.1000
        33  -1.759479  1706.805  0.64713  0.171E-05  0.986E-04  pot  B   0.1000
        34  -1.759480  1706.800  0.64714  0.281E-05  0.115E-03  pot  B   0.1000
        35  -1.759480  1706.798  0.64715  0.134E-05  0.642E-04  pot  B   0.1000
        36  -1.759480  1706.796  0.64716  0.138E-05  0.559E-04  pot  B   0.1000
        37  -1.759480  1706.794  0.64717  0.122E-05  0.509E-04  pot  B   0.1000
        38  -1.759480  1706.794  0.64717  0.644E-06  0.388E-04  pot  B   0.1000
        39  -1.759480  1706.793  0.64718  0.885E-06  0.240E-04  pot  B   0.1000
        40  -1.759480  1706.793  0.64718  0.513E-06  0.232E-04  pot  B   0.1000
        41  -1.759480  1706.794  0.64718  0.545E-06  0.234E-04  pot  B   0.1000
        42  -1.759480  1706.794  0.64719  0.616E-06  0.135E-04  pot  B   0.1000
        43  -1.759480  1706.794  0.64719  0.350E-06  0.106E-04  pot  B   0.1000
        44  -1.759480  1706.794  0.64719  0.258E-06  0.115E-04  pot  B   0.1000
        45  -1.759480  1706.794  0.64719  0.130E-06  0.554E-05  pot  B   0.1000
        46  -1.759480  1706.794  0.64719  0.151E-06  0.111E-04  pot  B   0.1000
        47  -1.759480  1706.794  0.64719  0.124E-06  0.493E-05  pot  B   0.1000
        48  -1.759480  1706.794  0.64719  0.136E-06  0.380E-05  pot  B   0.1000
        49  -1.759480  1706.794  0.64719  0.693E-07  0.232E-05  pot  B   0.1000
        50  -1.759480  1706.794  0.64719  0.422E-07  0.206E-05  pot  B   0.1000
        51  -1.759480  1706.794  0.64719  0.337E-07  0.127E-05  pot  B   0.1000
        52  -1.759480  1706.794  0.64719  0.205E-07  0.158E-05  pot  B   0.1000
        53  -1.759480  1706.794  0.64719  0.242E-07  0.813E-06  pot  B   0.1000
        54  -1.759480  1706.794  0.64719  0.110E-07  0.787E-06  pot  B   0.1000
        55  -1.759480  1706.794  0.64719  0.155E-07  0.764E-06  pot  B   0.1000
        56  -1.759480  1706.794  0.64719  0.176E-07  0.868E-06  pot  B   0.1000
        57  -1.759480  1706.794  0.64719  0.113E-07  0.100E-05  pot  B   0.1000
        58  -1.759480  1706.794  0.64719  0.901E-08  0.106E-05  pot  B   0.1000
        59  -1.759480  1706.794  0.64719  0.948E-08  0.437E-06  pot  B   0.1000
        60  -1.759480  1706.794  0.64719  0.746E-08  0.421E-06  pot  B   0.1000
        61  -1.759480  1706.794  0.64719  0.677E-08  0.251E-06  pot  B   0.1000
        62  -1.759480  1706.794  0.64719  0.512E-08  0.300E-06  pot  B   0.1000
        63  -1.759480  1706.794  0.64719  0.429E-08  0.179E-06  pot  B   0.1000
        64  -1.759480  1706.794  0.64719  0.305E-08  0.109E-06  pot  B   0.1000
        65  -1.759480  1706.794  0.64719  0.284E-08  0.108E-06  pot  B   0.1000
        66  -1.759480  1706.794  0.64719  0.136E-08  0.641E-07  pot  B   0.1000
        67  -1.759480  1706.794  0.64719  0.149E-08  0.469E-07  pot  B   0.1000
        68  -1.759480  1706.794  0.64719  0.105E-08  0.431E-07  pot  B   0.1000
        69  -1.759480  1706.794  0.64719  0.106E-08  0.586E-07  pot  B   0.1000
        70  -1.759480  1706.794  0.64719  0.656E-09  0.544E-07  pot  B   0.1000
        71  -1.759480  1706.794  0.64719  0.655E-09  0.237E-07  pot  B   0.1000
        72  -1.759480  1706.794  0.64719  0.565E-09  0.201E-07  pot  B   0.1000
        73  -1.759480  1706.794  0.64719  0.712E-09  0.180E-07  pot  B   0.1000
        74  -1.759480  1706.794  0.64719  0.310E-09  0.220E-07  pot  B   0.1000
        75  -1.759480  1706.794  0.64719  0.337E-09  0.152E-07  pot  B   0.1000
        76  -1.759480  1706.794  0.64719  0.194E-09  0.899E-08  pot  B   0.1000
**      77  -1.759480  1706.794  0.64719  0.449E-12  0.899E-08  pot  B   0.1000
