 Atom   Index      Q          Qmt        dQ        Vmad        Local Energy
  W         1   73.96683   72.66215   -0.03317    1.63948      -32312.44880
  W         2   73.84488   72.54020   -0.15512    1.76573      -32312.53622
  W         3   74.01962   72.71494    0.01962    1.60273      -32312.43335
  W         4   73.87625   72.57157   -0.12375    1.73464      -32312.50787
  Nb        5   40.78890   39.48422   -0.21110    1.86347       -7632.66843
  Nb        6   40.90662   39.60194   -0.09338    1.74350       -7632.61335
  Nb        7   40.76975   39.46507   -0.23025    1.87835       -7632.67100
  Nb        8   41.06363   39.75894    0.06363    1.59418       -7632.52977
  Mo        9   41.96231   40.65762   -0.03769    1.78980       -8090.66907
  Mo       10   42.17018   40.86549    0.17018    1.57845       -8090.54542
  Mo       11   42.15712   40.85244    0.15712    1.57342       -8090.53770
  Mo       12   42.06909   40.76441    0.06909    1.66759       -8090.59380
  Ta       13   72.83511   71.53042   -0.16489    1.72264      -31232.90166
  Ta       14   72.73719   71.43251   -0.26281    1.82140      -31232.97459
  Ta       15   72.78585   71.48116   -0.21415    1.76770      -31232.95075
  Ta       16   72.62187   71.31719   -0.37813    1.92661      -31233.01059
  Ti       17   22.33260   21.02792    0.33260    1.54089       -1704.35882
  Ti       18   22.33634   21.03166    0.33634    1.54625       -1704.39652
  Ti       19   22.31210   21.00742    0.31210    1.57029       -1704.38564
  Ti       20   22.44377   21.13909    0.44377    1.44046       -1704.34542
