 Atom   Index      Q          Qmt        dQ        Vmad        Local Energy
  W         1   73.81255   72.51146   -0.18745    1.79243      -32312.53938
  W         2   73.72814   72.42705   -0.27186    1.86121      -32312.56227
  W         3   73.86338   72.56229   -0.13662    1.72454      -32312.48476
  W         4   73.98434   72.68325   -0.01566    1.60157      -32312.39457
  W         5   73.95907   72.65798   -0.04093    1.63717      -32312.43338
  W         6   73.97187   72.67078   -0.02813    1.62831      -32312.43357
  W         7   73.91393   72.61284   -0.08607    1.66774      -32312.43004
  W         8   73.87360   72.57251   -0.12640    1.72651      -32312.49108
  W         9   73.87083   72.56974   -0.12917    1.73152      -32312.49823
  W        10   73.88887   72.58778   -0.11113    1.69848      -32312.45619
  W        11   73.86031   72.55922   -0.13969    1.73447      -32312.49590
  W        12   73.89065   72.58957   -0.10935    1.69275      -32312.46152
  W        13   73.81094   72.50986   -0.18906    1.79016      -32312.52247
  W        14   73.94957   72.64848   -0.05043    1.64012      -32312.43521
  W        15   73.72338   72.42229   -0.27662    1.87369      -32312.58955
  W        16   73.78772   72.48664   -0.21228    1.80178      -32312.53432
  W        17   73.85883   72.55774   -0.14117    1.73622      -32312.49289
  W        18   73.84776   72.54667   -0.15224    1.74907      -32312.50223
  W        19   73.82307   72.52198   -0.17693    1.77977      -32312.53255
  W        20   73.90311   72.60202   -0.09689    1.68124      -32312.44940
  W        21   73.96557   72.66448   -0.03443    1.62125      -32312.42192
  W        22   73.94979   72.64870   -0.05021    1.65028      -32312.45350
  W        23   73.84758   72.54649   -0.15242    1.73773      -32312.48976
  W        24   73.88071   72.57962   -0.11929    1.71431      -32312.48422
  W        25   73.82585   72.52476   -0.17415    1.77232      -32312.51986
  W        26   73.91193   72.61084   -0.08807    1.68692      -32312.46826
  W        27   73.94335   72.64226   -0.05665    1.65272      -32312.44971
  W        28   73.81424   72.51315   -0.18576    1.78226      -32312.52000
  W        29   73.85813   72.55704   -0.14187    1.72559      -32312.47779
  W        30   73.93390   72.63281   -0.06610    1.65556      -32312.43582
  W        31   73.78648   72.48539   -0.21352    1.80913      -32312.53352
  W        32   73.94421   72.64312   -0.05579    1.64954      -32312.43472
  Nb       33   40.78253   39.48144   -0.21747    1.85244       -7632.67148
  Nb       34   40.89506   39.59397   -0.10494    1.72710       -7632.59250
  Nb       35   40.93465   39.63356   -0.06535    1.68860       -7632.56748
  Nb       36   40.87510   39.57401   -0.12490    1.75475       -7632.60921
  Nb       37   40.95731   39.65623   -0.04269    1.66417       -7632.54837
  Nb       38   41.00459   39.70350    0.00459    1.61705       -7632.50309
  Nb       39   40.83381   39.53272   -0.16619    1.79250       -7632.62662
  Nb       40   41.09233   39.79124    0.09233    1.53157       -7632.46342
  Nb       41   40.70453   39.40344   -0.29547    1.92021       -7632.70324
  Nb       42   40.85708   39.55599   -0.14292    1.76691       -7632.61669
  Nb       43   40.91062   39.60953   -0.08938    1.71606       -7632.58657
  Nb       44   40.99730   39.69621   -0.00270    1.62706       -7632.52502
  Nb       45   40.84832   39.54723   -0.15168    1.77634       -7632.61429
  Nb       46   40.89063   39.58954   -0.10937    1.73406       -7632.59297
  Nb       47   40.91863   39.61754   -0.08137    1.70495       -7632.57338
  Nb       48   40.91863   39.61754   -0.08137    1.70188       -7632.58021
  Nb       49   40.99753   39.69644   -0.00247    1.61906       -7632.51204
  Nb       50   40.79956   39.49847   -0.20044    1.82690       -7632.64508
  Nb       51   40.78081   39.47972   -0.21919    1.84494       -7632.66203
  Nb       52   40.74924   39.44815   -0.25076    1.87703       -7632.67662
  Nb       53   40.83467   39.53358   -0.16533    1.78717       -7632.61679
  Nb       54   40.78002   39.47893   -0.21998    1.84376       -7632.65754
  Nb       55   41.06911   39.76802    0.06911    1.55939       -7632.49063
  Nb       56   40.95480   39.65371   -0.04520    1.67618       -7632.55996
  Nb       57   40.88325   39.58216   -0.11675    1.74805       -7632.59625
  Nb       58   40.91154   39.61045   -0.08846    1.72086       -7632.58752
  Nb       59   40.81453   39.51344   -0.18547    1.81162       -7632.63764
  Nb       60   40.72926   39.42817   -0.27074    1.89773       -7632.68323
  Nb       61   40.93537   39.63428   -0.06463    1.68654       -7632.56678
  Nb       62   40.79539   39.49430   -0.20461    1.83488       -7632.64604
  Nb       63   40.83646   39.53538   -0.16354    1.79165       -7632.62529
  Nb       64   40.90652   39.60543   -0.09348    1.72056       -7632.57713
  Mo       65   42.16164   40.86055    0.16164    1.55619       -8090.51053
  Mo       66   42.02060   40.71951    0.02060    1.70315       -8090.59793
  Mo       67   42.19503   40.89395    0.19503    1.51271       -8090.48103
  Mo       68   42.12934   40.82825    0.12934    1.57680       -8090.50714
  Mo       69   41.95173   40.65064   -0.04827    1.76303       -8090.62444
  Mo       70   42.04059   40.73950    0.04059    1.68298       -8090.58273
  Mo       71   41.93779   40.63670   -0.06221    1.79209       -8090.65055
  Mo       72   41.95562   40.65453   -0.04438    1.77025       -8090.63228
  Mo       73   42.02700   40.72591    0.02700    1.69122       -8090.58981
  Mo       74   42.18492   40.88383    0.18492    1.52906       -8090.47988
  Mo       75   42.07414   40.77305    0.07414    1.63814       -8090.54556
  Mo       76   41.94246   40.64137   -0.05754    1.77686       -8090.63239
  Mo       77   42.00521   40.70412    0.00521    1.71703       -8090.60884
  Mo       78   42.07483   40.77374    0.07483    1.63722       -8090.54851
  Mo       79   42.14509   40.84400    0.14509    1.56897       -8090.51108
  Mo       80   42.16720   40.86611    0.16720    1.54816       -8090.50295
  Mo       81   42.11475   40.81366    0.11475    1.60210       -8090.53266
  Mo       82   42.21334   40.91225    0.21334    1.49945       -8090.47494
  Mo       83   42.09648   40.79539    0.09648    1.61999       -8090.54208
  Mo       84   42.05737   40.75628    0.05737    1.66841       -8090.57912
  Mo       85   42.07589   40.77480    0.07589    1.64257       -8090.55298
  Mo       86   42.14374   40.84265    0.14374    1.57065       -8090.51197
  Mo       87   42.18367   40.88258    0.18367    1.53443       -8090.49388
  Mo       88   42.13353   40.83244    0.13353    1.57731       -8090.52259
  Mo       89   41.98957   40.68848   -0.01043    1.73315       -8090.61707
  Mo       90   41.98884   40.68775   -0.01116    1.72642       -8090.60565
  Mo       91   42.11414   40.81305    0.11414    1.60657       -8090.53395
  Mo       92   42.05861   40.75752    0.05861    1.65976       -8090.57341
  Mo       93   42.14217   40.84108    0.14217    1.57516       -8090.51697
  Mo       94   41.95746   40.65637   -0.04254    1.76761       -8090.63369
  Mo       95   42.09141   40.79032    0.09141    1.62662       -8090.54517
  Mo       96   42.06179   40.76070    0.06179    1.64418       -8090.54750
  Ta       97   72.73434   71.43325   -0.26566    1.79207      -31232.93711
  Ta       98   72.67683   71.37574   -0.32317    1.85324      -31232.96475
  Ta       99   72.73369   71.43260   -0.26631    1.79489      -31232.93667
  Ta      100   72.76668   71.46559   -0.23332    1.76641      -31232.92280
  Ta      101   72.78760   71.48651   -0.21240    1.74212      -31232.89838
  Ta      102   72.77509   71.47400   -0.22491    1.76372      -31232.92814
  Ta      103   72.77739   71.47630   -0.22261    1.75063      -31232.91044
  Ta      104   72.61039   71.30930   -0.38961    1.92456      -31233.01311
  Ta      105   72.61121   71.31012   -0.38879    1.91780      -31233.01442
  Ta      106   72.72150   71.42041   -0.27850    1.81358      -31232.95674
  Ta      107   72.87281   71.57172   -0.12719    1.66149      -31232.85725
  Ta      108   72.78816   71.48707   -0.21184    1.74691      -31232.91348
  Ta      109   72.79297   71.49189   -0.20703    1.74190      -31232.91294
  Ta      110   72.76235   71.46126   -0.23765    1.77230      -31232.92549
  Ta      111   72.81640   71.51531   -0.18360    1.72007      -31232.88851
  Ta      112   72.88091   71.57982   -0.11909    1.65546      -31232.85193
  Ta      113   72.78146   71.48037   -0.21854    1.75588      -31232.92843
  Ta      114   72.59527   71.29418   -0.40473    1.94006      -31233.04095
  Ta      115   72.68356   71.38247   -0.31644    1.85380      -31232.98370
  Ta      116   72.73623   71.43514   -0.26377    1.79400      -31232.93410
  Ta      117   72.83358   71.53249   -0.16642    1.69912      -31232.88038
  Ta      118   72.63158   71.33049   -0.36842    1.89198      -31232.99521
  Ta      119   72.85858   71.55749   -0.14142    1.67461      -31232.86494
  Ta      120   72.65090   71.34981   -0.34910    1.88127      -31233.00090
  Ta      121   72.66364   71.36255   -0.33636    1.86987      -31232.99501
  Ta      122   72.80536   71.50427   -0.19464    1.73533      -31232.89816
  Ta      123   72.69766   71.39657   -0.30234    1.83548      -31232.96569
  Ta      124   72.82180   71.52071   -0.17820    1.70879      -31232.89180
  Ta      125   72.81316   71.51207   -0.18684    1.71971      -31232.90140
  Ta      126   72.72491   71.42382   -0.27509    1.80644      -31232.95772
  Ta      127   72.61603   71.31494   -0.38397    1.91585      -31233.01321
  Ta      128   72.61563   71.31454   -0.38437    1.91940      -31233.00721
  V       129   23.22108   21.91999    0.22108    1.74346       -1895.34703
  V       130   23.59370   22.29261    0.59370    1.35287       -1895.13217
  V       131   23.52266   22.22157    0.52266    1.41663       -1895.15249
  V       132   23.38214   22.08105    0.38214    1.56623       -1895.22939
  V       133   23.32806   22.02697    0.32806    1.62334       -1895.26445
  V       134   23.45014   22.14905    0.45014    1.49029       -1895.17513
  V       135   23.46218   22.16109    0.46218    1.49202       -1895.21426
  V       136   23.36802   22.06693    0.36802    1.58632       -1895.25442
  V       137   23.49687   22.19578    0.49687    1.45112       -1895.19864
  V       138   23.41433   22.11324    0.41433    1.53254       -1895.22647
  V       139   23.52713   22.22604    0.52713    1.41735       -1895.15774
  V       140   23.51999   22.21890    0.51999    1.42526       -1895.15736
  V       141   23.22294   21.92185    0.22294    1.73071       -1895.33639
  V       142   23.49400   22.19291    0.49400    1.45065       -1895.18051
  V       143   23.49307   22.19198    0.49307    1.45335       -1895.18359
  V       144   23.37937   22.07828    0.37937    1.57443       -1895.24509
  V       145   23.42533   22.12424    0.42533    1.53104       -1895.22745
  V       146   23.30206   22.00097    0.30206    1.65489       -1895.29775
  V       147   23.48682   22.18573    0.48682    1.45581       -1895.19626
  V       148   23.43441   22.13332    0.43441    1.51375       -1895.19993
  V       149   23.57062   22.26953    0.57062    1.36737       -1895.11775
  V       150   23.36717   22.06608    0.36717    1.58386       -1895.24765
  V       151   23.49956   22.19847    0.49956    1.44513       -1895.17578
  V       152   23.42175   22.12066    0.42175    1.52964       -1895.22043
  V       153   23.37582   22.07473    0.37582    1.56899       -1895.21726
  V       154   23.38478   22.08369    0.38478    1.56754       -1895.24806
  V       155   23.41455   22.11346    0.41455    1.53490       -1895.23058
  V       156   23.45234   22.15125    0.45234    1.49941       -1895.20454
  V       157   23.36080   22.05971    0.36080    1.59715       -1895.27170
  V       158   23.40475   22.10366    0.40475    1.54563       -1895.22925
  V       159   23.54079   22.23970    0.54079    1.40749       -1895.17221
  V       160   23.42623   22.12514    0.42623    1.52245       -1895.22437
