System Description            : WNbMoTaV, BCC structure                         
Number of Atoms in Unit Cell  : 160                                             
Number of Atomic Species      : 5                                               
Number of Atoms in Each Type  : 32(W), 32(Nb), 32(Mo), 32(Ta), 32(V)            
Energy Offset                 : -16231                                          
=======================================================================================
    Iter     Energy      3PV     Efermi   Rms_rho    Rms_pot   Mix  Alg  Alpha 
---------------------------------------------------------------------------------------
**       1  -0.871720  1839.018  0.58794  0.140E+01  0.111E+00  pot  B   0.1000
         2  -1.163636  1816.529  0.59614  0.768E-02  0.360E+00  pot  B   0.1000
         3  -1.242240  1808.105  0.60641  0.440E-02  0.421E+00  pot  B   0.1000
         4  -1.369949  1795.515  0.61377  0.422E-02  0.357E+00  pot  B   0.1000
         5  -1.515856  1778.361  0.61945  0.576E-02  0.321E+00  pot  B   0.1000
         6  -1.648608  1755.110  0.62594  0.781E-02  0.170E+00  pot  B   0.1000
         7  -1.679362  1740.598  0.63118  0.504E-02  0.215E+00  pot  B   0.1000
         8  -1.708746  1733.631  0.63421  0.256E-02  0.132E+00  pot  B   0.1000
         9  -1.723651  1728.479  0.63666  0.223E-02  0.734E-01  pot  B   0.1000
        10  -1.733928  1723.901  0.63769  0.221E-02  0.748E-01  pot  B   0.1000
        11  -1.746709  1718.076  0.63943  0.301E-02  0.531E-01  pot  B   0.1000
        12  -1.752875  1711.963  0.64089  0.326E-02  0.562E-01  pot  B   0.1000
        13  -1.756557  1708.886  0.64201  0.169E-02  0.174E-01  pot  B   0.1000
        14  -1.756930  1707.813  0.64295  0.662E-03  0.216E-01  pot  B   0.1000
        15  -1.757214  1707.543  0.64362  0.411E-03  0.761E-02  pot  B   0.1000
        16  -1.757309  1707.443  0.64421  0.217E-03  0.996E-02  pot  B   0.1000
        17  -1.757478  1707.460  0.64538  0.238E-03  0.720E-02  pot  B   0.1000
        18  -1.757485  1707.588  0.64584  0.128E-03  0.101E-01  pot  B   0.1000
        19  -1.757591  1707.428  0.64704  0.249E-03  0.481E-02  pot  B   0.1000
        20  -1.757601  1707.475  0.64752  0.884E-04  0.541E-02  pot  B   0.1000
        21  -1.757635  1707.382  0.64813  0.120E-03  0.289E-02  pot  B   0.1000
        22  -1.757644  1707.369  0.64847  0.549E-04  0.431E-02  pot  B   0.1000
        23  -1.757653  1707.291  0.64863  0.486E-04  0.273E-02  pot  B   0.1000
        24  -1.757659  1707.246  0.64874  0.290E-04  0.271E-02  pot  B   0.1000
        25  -1.757662  1707.200  0.64882  0.288E-04  0.167E-02  pot  B   0.1000
        26  -1.757663  1707.136  0.64886  0.308E-04  0.113E-02  pot  B   0.1000
        27  -1.757664  1707.075  0.64889  0.298E-04  0.112E-02  pot  B   0.1000
        28  -1.757664  1707.019  0.64894  0.303E-04  0.120E-02  pot  B   0.1000
        29  -1.757664  1706.961  0.64892  0.217E-04  0.854E-03  pot  B   0.1000
        30  -1.757664  1706.896  0.64900  0.411E-04  0.745E-03  pot  B   0.1000
        31  -1.757664  1706.895  0.64899  0.974E-05  0.499E-03  pot  B   0.1000
        32  -1.757664  1706.863  0.64901  0.161E-04  0.421E-03  pot  B   0.1000
        33  -1.757664  1706.854  0.64903  0.732E-05  0.271E-03  pot  B   0.1000
        34  -1.757664  1706.845  0.64906  0.687E-05  0.185E-03  pot  B   0.1000
        35  -1.757665  1706.834  0.64909  0.802E-05  0.329E-03  pot  B   0.1000
        36  -1.757665  1706.833  0.64911  0.356E-05  0.273E-03  pot  B   0.1000
        37  -1.757665  1706.829  0.64913  0.351E-05  0.170E-03  pot  B   0.1000
        38  -1.757666  1706.827  0.64915  0.303E-05  0.120E-03  pot  B   0.1000
        39  -1.757666  1706.824  0.64917  0.201E-05  0.934E-04  pot  B   0.1000
        40  -1.757666  1706.824  0.64918  0.161E-05  0.117E-03  pot  B   0.1000
        41  -1.757666  1706.822  0.64919  0.203E-05  0.112E-03  pot  B   0.1000
        42  -1.757666  1706.819  0.64919  0.251E-05  0.748E-04  pot  B   0.1000
        43  -1.757666  1706.820  0.64919  0.888E-06  0.587E-04  pot  B   0.1000
        44  -1.757666  1706.818  0.64920  0.140E-05  0.713E-04  pot  B   0.1000
        45  -1.757666  1706.817  0.64920  0.637E-06  0.464E-04  pot  B   0.1000
        46  -1.757666  1706.816  0.64920  0.633E-06  0.252E-04  pot  B   0.1000
        47  -1.757666  1706.815  0.64920  0.431E-06  0.312E-04  pot  B   0.1000
        48  -1.757666  1706.815  0.64920  0.523E-06  0.206E-04  pot  B   0.1000
        49  -1.757666  1706.814  0.64920  0.240E-06  0.120E-04  pot  B   0.1000
        50  -1.757666  1706.814  0.64920  0.444E-06  0.106E-04  pot  B   0.1000
        51  -1.757666  1706.813  0.64920  0.260E-06  0.112E-04  pot  B   0.1000
        52  -1.757666  1706.813  0.64920  0.444E-06  0.126E-04  pot  B   0.1000
        53  -1.757666  1706.813  0.64921  0.188E-06  0.807E-05  pot  B   0.1000
        54  -1.757666  1706.813  0.64921  0.139E-06  0.467E-05  pot  B   0.1000
        55  -1.757666  1706.813  0.64921  0.101E-06  0.896E-05  pot  B   0.1000
        56  -1.757666  1706.812  0.64921  0.150E-06  0.447E-05  pot  B   0.1000
        57  -1.757666  1706.812  0.64921  0.491E-07  0.442E-05  pot  B   0.1000
        58  -1.757666  1706.812  0.64921  0.838E-07  0.429E-05  pot  B   0.1000
        59  -1.757666  1706.812  0.64921  0.637E-07  0.392E-05  pot  B   0.1000
        60  -1.757666  1706.812  0.64921  0.888E-07  0.334E-05  pot  B   0.1000
        61  -1.757666  1706.812  0.64921  0.308E-07  0.226E-05  pot  B   0.1000
        62  -1.757666  1706.812  0.64921  0.360E-07  0.204E-05  pot  B   0.1000
        63  -1.757666  1706.812  0.64921  0.181E-07  0.159E-05  pot  B   0.1000
        64  -1.757666  1706.812  0.64921  0.304E-07  0.122E-05  pot  B   0.1000
        65  -1.757666  1706.812  0.64921  0.142E-07  0.772E-06  pot  B   0.1000
        66  -1.757666  1706.812  0.64921  0.236E-07  0.528E-06  pot  B   0.1000
        67  -1.757666  1706.812  0.64921  0.221E-07  0.381E-06  pot  B   0.1000
        68  -1.757666  1706.812  0.64921  0.101E-07  0.481E-06  pot  B   0.1000
        69  -1.757666  1706.812  0.64921  0.891E-08  0.399E-06  pot  B   0.1000
        70  -1.757666  1706.812  0.64921  0.107E-07  0.229E-06  pot  B   0.1000
        71  -1.757666  1706.812  0.64921  0.530E-08  0.370E-06  pot  B   0.1000
        72  -1.757666  1706.812  0.64921  0.488E-08  0.149E-06  pot  B   0.1000
        73  -1.757666  1706.812  0.64921  0.183E-08  0.171E-06  pot  B   0.1000
        74  -1.757666  1706.812  0.64921  0.177E-08  0.851E-07  pot  B   0.1000
        75  -1.757666  1706.812  0.64921  0.168E-08  0.120E-06  pot  B   0.1000
        76  -1.757666  1706.812  0.64921  0.137E-08  0.945E-07  pot  B   0.1000
        77  -1.757666  1706.812  0.64921  0.838E-09  0.699E-07  pot  B   0.1000
        78  -1.757666  1706.812  0.64921  0.127E-08  0.562E-07  pot  B   0.1000
        79  -1.757666  1706.812  0.64921  0.134E-08  0.374E-07  pot  B   0.1000
        80  -1.757666  1706.812  0.64921  0.746E-09  0.366E-07  pot  B   0.1000
        81  -1.757666  1706.812  0.64921  0.537E-09  0.348E-07  pot  B   0.1000
        82  -1.757666  1706.812  0.64921  0.248E-09  0.147E-07  pot  B   0.1000
        83  -1.757666  1706.812  0.64921  0.261E-09  0.142E-07  pot  B   0.1000
        84  -1.757666  1706.812  0.64921  0.183E-09  0.110E-07  pot  B   0.1000
        85  -1.757666  1706.812  0.64921  0.107E-09  0.105E-07  pot  B   0.1000
        86  -1.757666  1706.812  0.64921  0.111E-09  0.687E-08  pot  B   0.1000
**      87  -1.757666  1706.812  0.64921  0.415E-11  0.687E-08  pot  B   0.1000
