 Atom   Index      Q          Qmt        dQ        Vmad        Local Energy
  W         1   73.84469   72.45739   -0.15531    1.90678      -32312.67084
  W         2   73.94187   72.55457   -0.05813    1.82863      -32312.64000
  W         3   73.94472   72.55741   -0.05528    1.82766      -32312.63645
  W         4   73.98532   72.59802   -0.01468    1.78432      -32312.60829
  W         5   74.02426   72.63696    0.02426    1.75617      -32312.59974
  W         6   73.91707   72.52977   -0.08293    1.85419      -32312.64811
  W         7   73.99881   72.61151   -0.00119    1.76768      -32312.59365
  W         8   73.99422   72.60692   -0.00578    1.78975      -32312.62060
  W         9   73.95007   72.56277   -0.04993    1.81374      -32312.61848
  W        10   73.92968   72.54238   -0.07032    1.84107      -32312.64150
  W        11   73.91285   72.52555   -0.08715    1.85281      -32312.64009
  W        12   73.94567   72.55837   -0.05433    1.81479      -32312.62302
  W        13   73.98083   72.59353   -0.01917    1.80005      -32312.61853
  W        14   73.99532   72.60802   -0.00468    1.76785      -32312.59206
  W        15   73.89944   72.51214   -0.10056    1.86253      -32312.65260
  W        16   73.90967   72.52237   -0.09033    1.85678      -32312.65472
  W        17   73.91510   72.52780   -0.08490    1.84924      -32312.64310
  W        18   73.91516   72.52786   -0.08484    1.85875      -32312.65935
  W        19   73.93970   72.55240   -0.06030    1.82893      -32312.63548
  W        20   74.02165   72.63435    0.02165    1.74908      -32312.59173
  W        21   73.83295   72.44565   -0.16705    1.92367      -32312.68128
  W        22   74.00462   72.61732    0.00462    1.76692      -32312.59289
  W        23   74.03307   72.64577    0.03307    1.73765      -32312.57387
  W        24   74.04672   72.65942    0.04672    1.72576      -32312.57668
  W        25   73.91965   72.53235   -0.08035    1.84770      -32312.64728
  W        26   73.92658   72.53928   -0.07342    1.83906      -32312.63613
  W        27   73.99288   72.60558   -0.00712    1.77754      -32312.60015
  W        28   74.00500   72.61770    0.00500    1.77044      -32312.60165
  W        29   73.95775   72.57045   -0.04225    1.80335      -32312.60852
  W        30   73.98442   72.59712   -0.01558    1.78862      -32312.60855
  W        31   73.94138   72.55408   -0.05862    1.82922      -32312.63054
  W        32   73.90535   72.51805   -0.09465    1.85689      -32312.65272
  W        33   73.96332   72.57602   -0.03668    1.80068      -32312.61541
  W        34   73.98367   72.59637   -0.01633    1.78594      -32312.60415
  W        35   74.00853   72.62122    0.00853    1.76222      -32312.59781
  W        36   74.00848   72.62118    0.00848    1.77150      -32312.60949
  W        37   74.02235   72.63505    0.02235    1.75150      -32312.59552
  W        38   74.00579   72.61849    0.00579    1.77050      -32312.60112
  W        39   73.94596   72.55866   -0.05404    1.82814      -32312.64135
  W        40   73.89401   72.50670   -0.10599    1.87151      -32312.65423
  W        41   74.06054   72.67324    0.06054    1.72163      -32312.57681
  W        42   73.91688   72.52958   -0.08312    1.84908      -32312.64156
  W        43   73.93210   72.54480   -0.06790    1.82090      -32312.61965
  W        44   73.96637   72.57906   -0.03363    1.80427      -32312.61298
  W        45   73.96792   72.58062   -0.03208    1.80715      -32312.62500
  W        46   74.03693   72.64963    0.03693    1.74157      -32312.59024
  W        47   74.00920   72.62190    0.00920    1.77000      -32312.60186
  W        48   73.97162   72.58432   -0.02838    1.80336      -32312.61706
  W        49   73.93787   72.55057   -0.06213    1.83562      -32312.64094
  W        50   73.93231   72.54501   -0.06769    1.82839      -32312.62914
  W        51   74.05898   72.67168    0.05898    1.72012      -32312.56955
  W        52   73.87784   72.49054   -0.12216    1.87997      -32312.66014
  W        53   73.95920   72.57190   -0.04080    1.81193      -32312.63135
  W        54   74.04580   72.65849    0.04580    1.72301      -32312.57303
  W        55   74.00567   72.61837    0.00567    1.76684      -32312.60076
  W        56   74.00596   72.61866    0.00596    1.77373      -32312.61348
  W        57   73.97863   72.59133   -0.02137    1.78725      -32312.61081
  W        58   73.89849   72.51119   -0.10151    1.86158      -32312.64809
  W        59   73.99842   72.61112   -0.00158    1.77005      -32312.60142
  W        60   73.94636   72.55906   -0.05364    1.82300      -32312.63359
  W        61   73.91190   72.52460   -0.08810    1.85292      -32312.64456
  W        62   73.99557   72.60827   -0.00443    1.77948      -32312.60758
  W        63   73.85289   72.46559   -0.14711    1.90476      -32312.66733
  W        64   74.00925   72.62195    0.00925    1.76568      -32312.60457
  W        65   73.90579   72.51849   -0.09421    1.85384      -32312.64284
  W        66   73.90430   72.51700   -0.09570    1.85993      -32312.64508
  W        67   73.98727   72.59997   -0.01273    1.78887      -32312.62237
  W        68   74.05466   72.66736    0.05466    1.72582      -32312.57961
  W        69   73.91571   72.52841   -0.08429    1.85253      -32312.64977
  W        70   73.94877   72.56146   -0.05123    1.80997      -32312.62196
  W        71   73.94905   72.56175   -0.05095    1.81618      -32312.62075
  W        72   73.90362   72.51631   -0.09638    1.84966      -32312.63132
  W        73   74.03209   72.64479    0.03209    1.74186      -32312.58906
  W        74   73.89378   72.50648   -0.10622    1.86539      -32312.64673
  W        75   73.90186   72.51456   -0.09814    1.85946      -32312.64314
  W        76   73.91462   72.52731   -0.08538    1.84963      -32312.64483
  W        77   73.94802   72.56072   -0.05198    1.82233      -32312.62829
  W        78   73.93138   72.54408   -0.06862    1.83743      -32312.64675
  W        79   73.94969   72.56239   -0.05031    1.81416      -32312.62363
  W        80   74.00344   72.61613    0.00344    1.76527      -32312.60452
  W        81   73.95303   72.56573   -0.04697    1.81610      -32312.63919
  W        82   73.99047   72.60317   -0.00953    1.78103      -32312.61298
  W        83   73.96732   72.58002   -0.03268    1.81326      -32312.63715
  W        84   74.01209   72.62479    0.01209    1.76407      -32312.59748
  W        85   73.85355   72.46625   -0.14645    1.89486      -32312.66176
  W        86   73.95098   72.56368   -0.04902    1.81098      -32312.62282
  W        87   73.99623   72.60893   -0.00377    1.77908      -32312.60760
  W        88   73.94791   72.56061   -0.05209    1.81759      -32312.62740
  W        89   73.96727   72.57997   -0.03273    1.81103      -32312.62583
  W        90   73.94174   72.55444   -0.05826    1.82597      -32312.63122
  W        91   73.94862   72.56132   -0.05138    1.82659      -32312.63427
  W        92   73.92894   72.54164   -0.07106    1.83832      -32312.63444
  W        93   73.98093   72.59363   -0.01907    1.79505      -32312.62062
  W        94   74.00527   72.61797    0.00527    1.76616      -32312.59776
  W        95   73.90289   72.51558   -0.09711    1.85656      -32312.64325
  W        96   73.85551   72.46821   -0.14449    1.90037      -32312.67176
  W        97   73.86075   72.47345   -0.13925    1.89679      -32312.67072
  W        98   74.02277   72.63547    0.02277    1.74860      -32312.58814
  W        99   74.03777   72.65047    0.03777    1.74049      -32312.58078
  W       100   74.05764   72.67034    0.05764    1.71583      -32312.56575
  W       101   73.95819   72.57089   -0.04181    1.80421      -32312.62033
  W       102   73.90581   72.51851   -0.09419    1.85223      -32312.64009
  W       103   73.89190   72.50459   -0.10810    1.87524      -32312.65600
  W       104   73.92698   72.53968   -0.07302    1.83622      -32312.63196
  W       105   74.00222   72.61492    0.00222    1.78080      -32312.61211
  W       106   74.02873   72.64142    0.02873    1.74713      -32312.59287
  W       107   73.98873   72.60143   -0.01127    1.78423      -32312.61125
  W       108   73.99907   72.61176   -0.00093    1.76813      -32312.59574
  W       109   74.03466   72.64736    0.03466    1.73624      -32312.58426
  W       110   73.94336   72.55606   -0.05664    1.82036      -32312.62766
  W       111   73.94976   72.56246   -0.05024    1.81873      -32312.62487
  W       112   74.03465   72.64735    0.03465    1.73945      -32312.58764
  W       113   73.95043   72.56312   -0.04957    1.81790      -32312.62889
  W       114   73.84994   72.46263   -0.15006    1.90865      -32312.67845
  W       115   73.99574   72.60843   -0.00426    1.78016      -32312.61753
  W       116   73.87818   72.49088   -0.12182    1.87493      -32312.64976
  W       117   73.91763   72.53033   -0.08237    1.83845      -32312.63471
  W       118   73.92515   72.53785   -0.07485    1.84211      -32312.64382
  W       119   73.99509   72.60778   -0.00491    1.76959      -32312.59092
  W       120   73.91678   72.52948   -0.08322    1.85476      -32312.66375
  W       121   73.95682   72.56952   -0.04318    1.81875      -32312.63394
  W       122   73.97921   72.59191   -0.02079    1.79316      -32312.60777
  W       123   73.89256   72.50525   -0.10744    1.86822      -32312.65075
  W       124   73.98176   72.59446   -0.01824    1.77622      -32312.59634
  W       125   73.94953   72.56223   -0.05047    1.81698      -32312.62395
  W       126   73.99137   72.60407   -0.00863    1.78275      -32312.61311
  W       127   73.94045   72.55315   -0.05955    1.82701      -32312.62760
  W       128   73.93194   72.54464   -0.06806    1.84123      -32312.64416
  Nb      129   40.97876   39.59146   -0.02124    1.82712       -7632.74341
  Nb      130   40.99664   39.60934   -0.00336    1.81005       -7632.73045
  Nb      131   41.08261   39.69531    0.08261    1.73370       -7632.69104
  Nb      132   41.05760   39.67029    0.05760    1.75336       -7632.69645
  Nb      133   41.02554   39.63824    0.02554    1.78496       -7632.71639
  Nb      134   40.97808   39.59077   -0.02192    1.82663       -7632.74294
  Nb      135   41.06310   39.67580    0.06310    1.74383       -7632.69350
  Nb      136   41.03252   39.64522    0.03252    1.77173       -7632.70659
  Nb      137   41.08385   39.69654    0.08385    1.73395       -7632.68740
  Nb      138   41.07080   39.68350    0.07080    1.73686       -7632.68931
  Nb      139   41.02379   39.63649    0.02379    1.78291       -7632.71057
  Nb      140   41.02831   39.64100    0.02831    1.77405       -7632.71167
  Nb      141   41.09204   39.70474    0.09204    1.71557       -7632.67439
  Nb      142   40.98810   39.60080   -0.01190    1.81326       -7632.73256
  Nb      143   40.98505   39.59774   -0.01495    1.82453       -7632.74373
  Nb      144   41.00905   39.62175    0.00905    1.80425       -7632.72698
  Nb      145   41.05354   39.66624    0.05354    1.75236       -7632.69416
  Nb      146   41.02030   39.63300    0.02030    1.79094       -7632.72208
  Nb      147   41.06511   39.67781    0.06511    1.74749       -7632.69753
  Nb      148   41.06188   39.67458    0.06188    1.74830       -7632.69385
  Nb      149   41.07246   39.68516    0.07246    1.73512       -7632.68707
  Nb      150   41.00355   39.61625    0.00355    1.80207       -7632.72070
  Nb      151   41.01946   39.63216    0.01946    1.79042       -7632.72261
  Nb      152   40.98782   39.60052   -0.01218    1.81376       -7632.73761
  Nb      153   40.98891   39.60161   -0.01109    1.82052       -7632.74116
  Nb      154   40.97646   39.58916   -0.02354    1.82106       -7632.73031
  Nb      155   40.98089   39.59359   -0.01911    1.82194       -7632.73368
  Nb      156   41.06325   39.67595    0.06325    1.74931       -7632.69528
  Nb      157   41.03230   39.64500    0.03230    1.76494       -7632.69962
  Nb      158   41.03149   39.64419    0.03149    1.77950       -7632.72160
  Nb      159   41.04272   39.65542    0.04272    1.76853       -7632.70917
  Nb      160   41.10306   39.71576    0.10306    1.71180       -7632.67690
  Nb      161   41.00198   39.61468    0.00198    1.80404       -7632.73075
  Nb      162   41.01683   39.62953    0.01683    1.79482       -7632.72398
  Nb      163   41.03084   39.64354    0.03084    1.78077       -7632.71194
  Nb      164   41.05414   39.66684    0.05414    1.75872       -7632.70850
  Nb      165   40.98462   39.59732   -0.01538    1.81300       -7632.72999
  Nb      166   40.93584   39.54854   -0.06416    1.86438       -7632.76821
  Nb      167   41.04305   39.65575    0.04305    1.76019       -7632.70059
  Nb      168   41.00880   39.62150    0.00880    1.80156       -7632.72637
  Nb      169   41.06259   39.67529    0.06259    1.74479       -7632.68913
  Nb      170   40.95586   39.56856   -0.04414    1.84569       -7632.75398
  Nb      171   40.95342   39.56612   -0.04658    1.84323       -7632.74775
  Nb      172   41.10195   39.71465    0.10195    1.70835       -7632.67153
  Nb      173   41.04013   39.65283    0.04013    1.76848       -7632.70441
  Nb      174   40.96805   39.58075   -0.03195    1.82901       -7632.73869
  Nb      175   40.97400   39.58670   -0.02600    1.82396       -7632.73464
  Nb      176   41.01904   39.63174    0.01904    1.78816       -7632.71862
  Nb      177   40.98957   39.60227   -0.01043    1.81316       -7632.73347
  Nb      178   41.05809   39.67079    0.05809    1.74330       -7632.69322
  Nb      179   40.99626   39.60896   -0.00374    1.81212       -7632.72420
  Nb      180   40.97557   39.58827   -0.02443    1.82517       -7632.73897
  Nb      181   40.98327   39.59597   -0.01673    1.82149       -7632.74138
  Nb      182   41.04560   39.65829    0.04560    1.76743       -7632.71008
  Nb      183   40.99703   39.60973   -0.00297    1.81141       -7632.73503
  Nb      184   41.01546   39.62816    0.01546    1.78285       -7632.70892
  Nb      185   41.04853   39.66123    0.04853    1.75513       -7632.69940
  Nb      186   41.00633   39.61903    0.00633    1.79886       -7632.73380
  Nb      187   40.98917   39.60187   -0.01083    1.80793       -7632.72038
  Nb      188   41.03210   39.64479    0.03210    1.77598       -7632.70968
  Nb      189   40.99809   39.61078   -0.00191    1.80857       -7632.73334
  Nb      190   41.01877   39.63147    0.01877    1.79108       -7632.71955
  Nb      191   41.02790   39.64060    0.02790    1.77955       -7632.70668
  Nb      192   41.04291   39.65561    0.04291    1.76714       -7632.70929
  Nb      193   40.99465   39.60735   -0.00535    1.80737       -7632.73169
  Nb      194   40.93120   39.54390   -0.06880    1.86240       -7632.75872
  Nb      195   41.02732   39.64001    0.02732    1.78220       -7632.71222
  Nb      196   41.06675   39.67945    0.06675    1.74323       -7632.69239
  Nb      197   41.01898   39.63168    0.01898    1.77965       -7632.71088
  Nb      198   41.01207   39.62477    0.01207    1.79957       -7632.72271
  Nb      199   41.02581   39.63851    0.02581    1.77645       -7632.70983
  Nb      200   41.06656   39.67926    0.06656    1.74113       -7632.69487
  Nb      201   41.12337   39.73607    0.12337    1.68575       -7632.65376
  Nb      202   40.99479   39.60749   -0.00521    1.80901       -7632.73044
  Nb      203   41.11779   39.73049    0.11779    1.69472       -7632.66385
  Nb      204   41.01310   39.62580    0.01310    1.79666       -7632.72725
  Nb      205   41.03718   39.64988    0.03718    1.77002       -7632.71000
  Nb      206   41.02506   39.63776    0.02506    1.78362       -7632.71147
  Nb      207   41.00878   39.62148    0.00878    1.79851       -7632.71946
  Nb      208   41.04343   39.65613    0.04343    1.76552       -7632.70971
  Nb      209   40.98860   39.60130   -0.01140    1.81397       -7632.72531
  Nb      210   41.00255   39.61525    0.00255    1.80043       -7632.72556
  Nb      211   41.01853   39.63122    0.01853    1.78835       -7632.72095
  Nb      212   41.02622   39.63892    0.02622    1.77936       -7632.71097
  Nb      213   40.98320   39.59590   -0.01680    1.81807       -7632.73858
  Nb      214   41.06007   39.67277    0.06007    1.74238       -7632.69157
  Nb      215   41.04869   39.66139    0.04869    1.75631       -7632.69510
  Nb      216   41.01165   39.62435    0.01165    1.79364       -7632.71999
  Nb      217   40.97843   39.59113   -0.02157    1.83064       -7632.74071
  Nb      218   41.08536   39.69806    0.08536    1.72915       -7632.68647
  Nb      219   41.03034   39.64304    0.03034    1.78326       -7632.71933
  Nb      220   40.93992   39.55262   -0.06008    1.86110       -7632.75891
  Nb      221   41.08130   39.69400    0.08130    1.73218       -7632.68453
  Nb      222   41.06981   39.68251    0.06981    1.73302       -7632.68506
  Nb      223   40.99997   39.61267   -0.00003    1.80991       -7632.73120
  Nb      224   40.96547   39.57817   -0.03453    1.84033       -7632.74672
  Nb      225   41.04565   39.65834    0.04565    1.76403       -7632.70623
  Nb      226   40.94462   39.55732   -0.05538    1.85897       -7632.75824
  Nb      227   41.07423   39.68692    0.07423    1.73766       -7632.68765
  Nb      228   41.07991   39.69261    0.07991    1.72167       -7632.67483
  Nb      229   41.03696   39.64966    0.03696    1.76920       -7632.70663
  Nb      230   41.04037   39.65307    0.04037    1.76540       -7632.70291
  Nb      231   41.05498   39.66767    0.05498    1.74320       -7632.68527
  Nb      232   41.00876   39.62146    0.00876    1.80248       -7632.72789
  Nb      233   41.00447   39.61717    0.00447    1.80375       -7632.72819
  Nb      234   41.04070   39.65340    0.04070    1.76931       -7632.71337
  Nb      235   41.01626   39.62896    0.01626    1.77823       -7632.71006
  Nb      236   40.89824   39.51094   -0.10176    1.90002       -7632.78209
  Nb      237   41.04285   39.65555    0.04285    1.77041       -7632.70868
  Nb      238   40.96218   39.57488   -0.03782    1.84238       -7632.75612
  Nb      239   40.96753   39.58023   -0.03247    1.83317       -7632.74448
  Nb      240   41.02116   39.63386    0.02116    1.78087       -7632.70687
  Nb      241   41.01616   39.62886    0.01616    1.79696       -7632.72968
  Nb      242   40.97331   39.58601   -0.02669    1.82370       -7632.74244
  Nb      243   41.05354   39.66624    0.05354    1.75150       -7632.69903
  Nb      244   41.08825   39.70095    0.08825    1.72666       -7632.68038
  Nb      245   41.04071   39.65340    0.04071    1.77234       -7632.71257
  Nb      246   41.06426   39.67696    0.06426    1.74550       -7632.69331
  Nb      247   41.02794   39.64063    0.02794    1.77006       -7632.70207
  Nb      248   41.07117   39.68387    0.07117    1.73708       -7632.68780
  Nb      249   40.99552   39.60822   -0.00448    1.81241       -7632.73381
  Nb      250   41.00304   39.61574    0.00304    1.79638       -7632.71965
  Nb      251   40.99862   39.61131   -0.00138    1.80891       -7632.73485
  Nb      252   41.06940   39.68210    0.06940    1.73889       -7632.68626
  Nb      253   41.08723   39.69992    0.08723    1.72021       -7632.68166
  Nb      254   41.01849   39.63119    0.01849    1.78705       -7632.72409
  Nb      255   41.00669   39.61939    0.00669    1.80242       -7632.72943
  Nb      256   41.02419   39.63689    0.02419    1.78325       -7632.71716
  Mo      257   42.13557   40.74827    0.13557    1.75175       -8090.70676
  Mo      258   42.13767   40.75037    0.13767    1.74773       -8090.70105
  Mo      259   42.14009   40.75278    0.14009    1.75847       -8090.71793
  Mo      260   42.15752   40.77021    0.15752    1.73898       -8090.70622
  Mo      261   42.18307   40.79577    0.18307    1.71994       -8090.70511
  Mo      262   42.15994   40.77264    0.15994    1.73392       -8090.69660
  Mo      263   42.06843   40.68112    0.06843    1.81442       -8090.74597
  Mo      264   42.20275   40.81545    0.20275    1.69466       -8090.68181
  Mo      265   42.17990   40.79260    0.17990    1.71221       -8090.68380
  Mo      266   42.20657   40.81927    0.20657    1.68143       -8090.66635
  Mo      267   42.06648   40.67918    0.06648    1.81217       -8090.72835
  Mo      268   42.21220   40.82490    0.21220    1.68195       -8090.67321
  Mo      269   42.12246   40.73516    0.12246    1.76955       -8090.72178
  Mo      270   42.18890   40.80160    0.18890    1.70681       -8090.68599
  Mo      271   42.20494   40.81764    0.20494    1.69127       -8090.67925
  Mo      272   42.08435   40.69705    0.08435    1.81091       -8090.75276
  Mo      273   42.16230   40.77500    0.16230    1.72610       -8090.69130
  Mo      274   42.18659   40.79929    0.18659    1.71381       -8090.68928
  Mo      275   42.22131   40.83401    0.22131    1.67222       -8090.66649
  Mo      276   42.14536   40.75806    0.14536    1.74470       -8090.70178
  Mo      277   42.13818   40.75087    0.13818    1.75406       -8090.71072
  Mo      278   42.14787   40.76057    0.14787    1.74123       -8090.70730
  Mo      279   42.11091   40.72361    0.11091    1.78028       -8090.72181
  Mo      280   42.14415   40.75685    0.14415    1.75233       -8090.71363
  Mo      281   42.25643   40.86913    0.25643    1.64231       -8090.65178
  Mo      282   42.17648   40.78917    0.17648    1.72304       -8090.70217
  Mo      283   42.22540   40.83810    0.22540    1.67106       -8090.66617
  Mo      284   42.20468   40.81738    0.20468    1.69419       -8090.68075
  Mo      285   42.20006   40.81275    0.20006    1.69388       -8090.68024
  Mo      286   42.20797   40.82067    0.20797    1.68510       -8090.67190
  Mo      287   42.16114   40.77384    0.16114    1.72709       -8090.69074
  Mo      288   42.18959   40.80228    0.18959    1.70053       -8090.67674
  Mo      289   42.13849   40.75119    0.13849    1.75819       -8090.71457
  Mo      290   42.13136   40.74406    0.13136    1.75280       -8090.71131
  Mo      291   42.18776   40.80046    0.18776    1.71750       -8090.70993
  Mo      292   42.08257   40.69527    0.08257    1.80159       -8090.72730
  Mo      293   42.19092   40.80362    0.19092    1.70781       -8090.69033
  Mo      294   42.15488   40.76758    0.15488    1.74479       -8090.70708
  Mo      295   42.12281   40.73551    0.12281    1.76841       -8090.71779
  Mo      296   42.10912   40.72182    0.10912    1.77138       -8090.71692
  Mo      297   42.19274   40.80544    0.19274    1.70834       -8090.69558
  Mo      298   42.06515   40.67785    0.06515    1.81414       -8090.73370
  Mo      299   42.13140   40.74410    0.13140    1.76353       -8090.71683
  Mo      300   42.17090   40.78360    0.17090    1.71881       -8090.69077
  Mo      301   42.17736   40.79006    0.17736    1.71760       -8090.69433
  Mo      302   42.19448   40.80718    0.19448    1.69479       -8090.67213
  Mo      303   42.16623   40.77893    0.16623    1.73273       -8090.70724
  Mo      304   42.16221   40.77491    0.16221    1.72392       -8090.68926
  Mo      305   42.19027   40.80297    0.19027    1.70588       -8090.68698
  Mo      306   42.17038   40.78308    0.17038    1.71214       -8090.68225
  Mo      307   42.14395   40.75665    0.14395    1.75171       -8090.71503
  Mo      308   42.20004   40.81273    0.20004    1.70344       -8090.69318
  Mo      309   42.12822   40.74092    0.12822    1.75778       -8090.70775
  Mo      310   42.21859   40.83129    0.21859    1.67908       -8090.67338
  Mo      311   42.18814   40.80083    0.18814    1.70576       -8090.68812
  Mo      312   42.13882   40.75151    0.13882    1.74523       -8090.69579
  Mo      313   42.18245   40.79515    0.18245    1.70816       -8090.69075
  Mo      314   42.15341   40.76611    0.15341    1.74073       -8090.71121
  Mo      315   42.12012   40.73282    0.12012    1.76413       -8090.70807
  Mo      316   42.15574   40.76844    0.15574    1.73807       -8090.70698
  Mo      317   42.13661   40.74931    0.13661    1.75416       -8090.71254
  Mo      318   42.10378   40.71648    0.10378    1.78165       -8090.72087
  Mo      319   42.14399   40.75669    0.14399    1.75582       -8090.71400
  Mo      320   42.17039   40.78309    0.17039    1.72517       -8090.69938
  Mo      321   42.13186   40.74456    0.13186    1.75123       -8090.70566
  Mo      322   42.12239   40.73509    0.12239    1.76533       -8090.71799
  Mo      323   42.16401   40.77671    0.16401    1.72270       -8090.68496
  Mo      324   42.20891   40.82161    0.20891    1.68906       -8090.67840
  Mo      325   42.13132   40.74402    0.13132    1.76032       -8090.72040
  Mo      326   42.16949   40.78219    0.16949    1.72640       -8090.69548
  Mo      327   42.17425   40.78695    0.17425    1.72435       -8090.70209
  Mo      328   42.27356   40.88625    0.27356    1.63257       -8090.65302
  Mo      329   42.21470   40.82740    0.21470    1.68392       -8090.67399
  Mo      330   42.14427   40.75697    0.14427    1.74271       -8090.69407
  Mo      331   42.11509   40.72779    0.11509    1.76912       -8090.71432
  Mo      332   42.14118   40.75388    0.14118    1.75341       -8090.71057
  Mo      333   42.16842   40.78112    0.16842    1.72221       -8090.68980
  Mo      334   42.13793   40.75063    0.13793    1.74750       -8090.69617
  Mo      335   42.10677   40.71947    0.10677    1.78348       -8090.72992
  Mo      336   42.09326   40.70596    0.09326    1.80033       -8090.74329
  Mo      337   42.11234   40.72504    0.11234    1.76698       -8090.70797
  Mo      338   42.22617   40.83887    0.22617    1.66734       -8090.66053
  Mo      339   42.21448   40.82718    0.21448    1.68475       -8090.68167
  Mo      340   42.14618   40.75888    0.14618    1.75244       -8090.71530
  Mo      341   42.15461   40.76731    0.15461    1.73292       -8090.69649
  Mo      342   42.17520   40.78790    0.17520    1.72213       -8090.69932
  Mo      343   42.18755   40.80025    0.18755    1.71133       -8090.69559
  Mo      344   42.21859   40.83129    0.21859    1.67434       -8090.67228
  Mo      345   42.16549   40.77819    0.16549    1.73202       -8090.70886
  Mo      346   42.22334   40.83604    0.22334    1.67789       -8090.67645
  Mo      347   42.18794   40.80064    0.18794    1.71293       -8090.69081
  Mo      348   42.23362   40.84632    0.23362    1.66288       -8090.66698
  Mo      349   42.19261   40.80531    0.19261    1.70419       -8090.68967
  Mo      350   42.17605   40.78875    0.17605    1.71200       -8090.67661
  Mo      351   42.16566   40.77836    0.16566    1.72768       -8090.69715
  Mo      352   42.17214   40.78484    0.17214    1.72386       -8090.69242
  Mo      353   42.19186   40.80455    0.19186    1.70560       -8090.69035
  Mo      354   42.15900   40.77170    0.15900    1.73538       -8090.70416
  Mo      355   42.15978   40.77248    0.15978    1.73981       -8090.70474
  Mo      356   42.17222   40.78491    0.17222    1.71100       -8090.68229
  Mo      357   42.20023   40.81293    0.20023    1.69378       -8090.68014
  Mo      358   42.13637   40.74907    0.13637    1.74591       -8090.69613
  Mo      359   42.16254   40.77524    0.16254    1.72422       -8090.68917
  Mo      360   42.16746   40.78015    0.16746    1.72663       -8090.69796
  Mo      361   42.22050   40.83320    0.22050    1.67791       -8090.67697
  Mo      362   42.08077   40.69347    0.08077    1.79788       -8090.72926
  Mo      363   42.25011   40.86281    0.25011    1.64601       -8090.65173
  Mo      364   42.09124   40.70394    0.09124    1.79294       -8090.72483
  Mo      365   42.14831   40.76101    0.14831    1.74187       -8090.69804
  Mo      366   42.19253   40.80523    0.19253    1.70371       -8090.68829
  Mo      367   42.19901   40.81171    0.19901    1.69842       -8090.68544
  Mo      368   42.22248   40.83518    0.22248    1.66895       -8090.66803
  Mo      369   42.17034   40.78304    0.17034    1.72293       -8090.69056
  Mo      370   42.20363   40.81633    0.20363    1.68955       -8090.67730
  Mo      371   42.21731   40.83001    0.21731    1.68833       -8090.68389
  Mo      372   42.11906   40.73175    0.11906    1.76643       -8090.71172
  Mo      373   42.10661   40.71931    0.10661    1.77640       -8090.71607
  Mo      374   42.12305   40.73575    0.12305    1.76572       -8090.71297
  Mo      375   42.22295   40.83565    0.22295    1.66940       -8090.65740
  Mo      376   42.19398   40.80667    0.19398    1.70160       -8090.68379
  Mo      377   42.21446   40.82716    0.21446    1.68273       -8090.67742
  Mo      378   42.11394   40.72664    0.11394    1.77874       -8090.71770
  Mo      379   42.14114   40.75384    0.14114    1.74160       -8090.69654
  Mo      380   42.10206   40.71476    0.10206    1.78624       -8090.72285
  Mo      381   42.20407   40.81677    0.20407    1.69331       -8090.68296
  Mo      382   42.15943   40.77213    0.15943    1.72388       -8090.68244
  Mo      383   42.13895   40.75165    0.13895    1.75440       -8090.71664
  Mo      384   42.20015   40.81285    0.20015    1.70097       -8090.69223
  Ta      385   72.89106   71.50376   -0.10894    1.81771      -31233.03820
  Ta      386   72.87981   71.49251   -0.12019    1.83044      -31233.05458
  Ta      387   72.86470   71.47740   -0.13530    1.84966      -31233.06741
  Ta      388   72.84134   71.45404   -0.15866    1.87007      -31233.08003
  Ta      389   72.90603   71.51873   -0.09397    1.80816      -31233.04168
  Ta      390   72.83941   71.45211   -0.16059    1.87026      -31233.07858
  Ta      391   72.88819   71.50089   -0.11181    1.82990      -31233.04880
  Ta      392   72.84596   71.45866   -0.15404    1.86621      -31233.07705
  Ta      393   72.87461   71.48730   -0.12539    1.84480      -31233.06593
  Ta      394   72.93424   71.54694   -0.06576    1.78657      -31233.02037
  Ta      395   72.90045   71.51314   -0.09955    1.81781      -31233.04225
  Ta      396   72.89954   71.51224   -0.10046    1.81767      -31233.05164
  Ta      397   72.82002   71.43272   -0.17998    1.88876      -31233.08353
  Ta      398   72.79625   71.40895   -0.20375    1.90813      -31233.09939
  Ta      399   72.81771   71.43041   -0.18229    1.89035      -31233.09338
  Ta      400   72.86680   71.47950   -0.13320    1.84802      -31233.06609
  Ta      401   72.85395   71.46665   -0.14605    1.86024      -31233.07236
  Ta      402   72.92011   71.53281   -0.07989    1.79768      -31233.03275
  Ta      403   72.79347   71.40616   -0.20653    1.91785      -31233.10384
  Ta      404   72.82199   71.43469   -0.17801    1.88570      -31233.08470
  Ta      405   72.82274   71.43544   -0.17726    1.88459      -31233.08024
  Ta      406   72.79403   71.40672   -0.20597    1.91333      -31233.10019
  Ta      407   72.79826   71.41096   -0.20174    1.91491      -31233.10692
  Ta      408   72.75596   71.36866   -0.24404    1.95238      -31233.13345
  Ta      409   72.84503   71.45773   -0.15497    1.87193      -31233.08207
  Ta      410   72.87312   71.48582   -0.12688    1.83892      -31233.06470
  Ta      411   72.82783   71.44053   -0.17217    1.88214      -31233.09007
  Ta      412   72.89710   71.50980   -0.10290    1.81702      -31233.05100
  Ta      413   72.87494   71.48764   -0.12506    1.83653      -31233.05506
  Ta      414   72.77064   71.38334   -0.22936    1.93491      -31233.11760
  Ta      415   72.87927   71.49197   -0.12073    1.82942      -31233.04933
  Ta      416   72.92654   71.53924   -0.07346    1.79859      -31233.03119
  Ta      417   72.87107   71.48377   -0.12893    1.84295      -31233.06019
  Ta      418   72.83323   71.44593   -0.16677    1.88080      -31233.08666
  Ta      419   72.81323   71.42593   -0.18677    1.90276      -31233.10745
  Ta      420   72.87437   71.48707   -0.12563    1.84825      -31233.07196
  Ta      421   72.84234   71.45504   -0.15766    1.86847      -31233.08843
  Ta      422   72.87469   71.48739   -0.12531    1.83459      -31233.05671
  Ta      423   72.87299   71.48569   -0.12701    1.85064      -31233.07495
  Ta      424   72.82172   71.43441   -0.17828    1.88795      -31233.09430
  Ta      425   72.86354   71.47624   -0.13646    1.84670      -31233.06316
  Ta      426   72.79005   71.40275   -0.20995    1.92313      -31233.11541
  Ta      427   72.89919   71.51189   -0.10081    1.81822      -31233.04826
  Ta      428   72.88883   71.50153   -0.11117    1.82603      -31233.05042
  Ta      429   72.87327   71.48597   -0.12673    1.84052      -31233.05940
  Ta      430   72.85205   71.46475   -0.14795    1.86120      -31233.07466
  Ta      431   72.91103   71.52373   -0.08897    1.81243      -31233.04539
  Ta      432   72.86568   71.47838   -0.13432    1.85044      -31233.06866
  Ta      433   72.75741   71.37011   -0.24259    1.95008      -31233.11912
  Ta      434   72.92493   71.53763   -0.07507    1.79653      -31233.03676
  Ta      435   72.81216   71.42486   -0.18784    1.89664      -31233.10297
  Ta      436   72.86918   71.48188   -0.13082    1.83772      -31233.05453
  Ta      437   72.79252   71.40522   -0.20748    1.91624      -31233.10906
  Ta      438   72.86434   71.47704   -0.13566    1.85383      -31233.06556
  Ta      439   72.86333   71.47602   -0.13667    1.85103      -31233.07318
  Ta      440   72.88388   71.49658   -0.11612    1.82953      -31233.05585
  Ta      441   72.87002   71.48272   -0.12998    1.84431      -31233.06349
  Ta      442   72.88900   71.50170   -0.11100    1.82374      -31233.04488
  Ta      443   72.93626   71.54896   -0.06374    1.78693      -31233.02549
  Ta      444   72.87016   71.48286   -0.12984    1.84660      -31233.06910
  Ta      445   72.85477   71.46747   -0.14523    1.85686      -31233.07206
  Ta      446   72.83288   71.44558   -0.16712    1.87917      -31233.08181
  Ta      447   72.82743   71.44013   -0.17257    1.89103      -31233.09977
  Ta      448   72.73671   71.34941   -0.26329    1.96810      -31233.13690
  Ta      449   72.87085   71.48355   -0.12915    1.84660      -31233.06418
  Ta      450   72.83530   71.44800   -0.16470    1.87818      -31233.07741
  Ta      451   72.84767   71.46037   -0.15233    1.86288      -31233.07325
  Ta      452   72.78381   71.39651   -0.21619    1.92730      -31233.11746
  Ta      453   72.89730   71.51000   -0.10270    1.81941      -31233.04640
  Ta      454   72.80388   71.41658   -0.19612    1.90917      -31233.10280
  Ta      455   72.89848   71.51118   -0.10152    1.81853      -31233.04807
  Ta      456   72.83683   71.44953   -0.16317    1.87036      -31233.07687
  Ta      457   72.82749   71.44019   -0.17251    1.88686      -31233.08185
  Ta      458   72.86136   71.47406   -0.13864    1.85314      -31233.07901
  Ta      459   72.85984   71.47254   -0.14016    1.85428      -31233.06472
  Ta      460   72.80476   71.41746   -0.19524    1.90979      -31233.10326
  Ta      461   72.84673   71.45943   -0.15327    1.86262      -31233.07173
  Ta      462   72.83388   71.44658   -0.16612    1.88392      -31233.08631
  Ta      463   72.81271   71.42541   -0.18729    1.90147      -31233.10210
  Ta      464   72.83278   71.44548   -0.16722    1.87717      -31233.08808
  Ta      465   72.88206   71.49475   -0.11794    1.82823      -31233.04783
  Ta      466   72.89531   71.50801   -0.10469    1.82581      -31233.05541
  Ta      467   72.82113   71.43383   -0.17887    1.89366      -31233.09615
  Ta      468   72.85883   71.47153   -0.14117    1.86049      -31233.07516
  Ta      469   72.86102   71.47372   -0.13898    1.85208      -31233.06078
  Ta      470   72.81994   71.43264   -0.18006    1.89196      -31233.08965
  Ta      471   72.86337   71.47607   -0.13663    1.85338      -31233.06579
  Ta      472   72.85137   71.46407   -0.14863    1.86639      -31233.07526
  Ta      473   72.87862   71.49132   -0.12138    1.83893      -31233.06645
  Ta      474   72.89322   71.50592   -0.10678    1.82145      -31233.04744
  Ta      475   72.92144   71.53413   -0.07856    1.79396      -31233.03328
  Ta      476   72.89042   71.50312   -0.10958    1.83472      -31233.06511
  Ta      477   72.85876   71.47146   -0.14124    1.84786      -31233.06845
  Ta      478   72.84577   71.45847   -0.15423    1.86554      -31233.07252
  Ta      479   72.85102   71.46372   -0.14898    1.86006      -31233.06556
  Ta      480   72.88703   71.49973   -0.11297    1.83192      -31233.05767
  Ta      481   72.85820   71.47090   -0.14180    1.86480      -31233.07585
  Ta      482   72.81552   71.42822   -0.18448    1.89172      -31233.09258
  Ta      483   72.85914   71.47184   -0.14086    1.85659      -31233.07173
  Ta      484   72.82487   71.43757   -0.17513    1.88572      -31233.09123
  Ta      485   72.92587   71.53857   -0.07413    1.79468      -31233.03484
  Ta      486   72.88502   71.49772   -0.11498    1.82933      -31233.04862
  Ta      487   72.94847   71.56117   -0.05153    1.77830      -31233.02810
  Ta      488   72.90709   71.51979   -0.09291    1.81520      -31233.04939
  Ta      489   72.81774   71.43044   -0.18226    1.88681      -31233.08591
  Ta      490   72.86309   71.47579   -0.13691    1.85485      -31233.07104
  Ta      491   72.82469   71.43738   -0.17531    1.88402      -31233.08878
  Ta      492   72.85336   71.46606   -0.14664    1.85039      -31233.07323
  Ta      493   72.89871   71.51141   -0.10129    1.81784      -31233.04438
  Ta      494   72.85425   71.46695   -0.14575    1.86459      -31233.08197
  Ta      495   72.81006   71.42275   -0.18994    1.89872      -31233.08758
  Ta      496   72.86802   71.48072   -0.13198    1.84503      -31233.05940
  Ta      497   72.77163   71.38433   -0.22837    1.93515      -31233.11633
  Ta      498   72.83708   71.44978   -0.16292    1.87228      -31233.08146
  Ta      499   72.89010   71.50280   -0.10990    1.82380      -31233.04883
  Ta      500   72.87390   71.48660   -0.12610    1.84543      -31233.05864
  Ta      501   72.82160   71.43430   -0.17840    1.88837      -31233.08972
  Ta      502   72.86504   71.47774   -0.13496    1.84432      -31233.05720
  Ta      503   72.86460   71.47730   -0.13540    1.85734      -31233.07701
  Ta      504   72.80119   71.41389   -0.19881    1.90398      -31233.10044
  Ta      505   72.79198   71.40468   -0.20802    1.91510      -31233.10406
  Ta      506   72.88005   71.49275   -0.11995    1.83392      -31233.06111
  Ta      507   72.84385   71.45655   -0.15615    1.86133      -31233.07053
  Ta      508   72.86688   71.47957   -0.13312    1.85175      -31233.06521
  Ta      509   72.81869   71.43138   -0.18131    1.89365      -31233.09729
  Ta      510   72.80199   71.41469   -0.19801    1.90759      -31233.09412
  Ta      511   72.81689   71.42959   -0.18311    1.89392      -31233.09422
  Ta      512   72.94974   71.56244   -0.05026    1.77348      -31233.02722
