System Description            : WNbMoTa, BCC structure                          
Number of Atoms in Unit Cell  : 64                                              
Number of Atomic Species      : 4                                               
Number of Atoms in Each Type  : 16(W), 16(Nb), 16(Mo), 16(Ta)                   
Energy Offset                 : -19816                                          
=======================================================================================
    Iter     Energy      3PV     Efermi   Rms_rho    Rms_pot   Mix  Alg  Alpha 
---------------------------------------------------------------------------------------
**       1  -0.266614  2293.571  0.59407  0.140E+01  0.107E+00  pot  B   0.1000
         2  -0.627404  2265.269  0.60711  0.739E-02  0.133E+00  pot  B   0.1000
         3  -0.852614  2239.007  0.61955  0.689E-02  0.241E+00  pot  B   0.1000
         4  -1.177378  2182.204  0.64249  0.149E-01  0.812E-01  pot  B   0.1000
         5  -1.200129  2169.887  0.65806  0.363E-02  0.114E+00  pot  B   0.1000
         6  -1.226477  2160.999  0.66841  0.301E-02  0.382E-01  pot  B   0.1000
         7  -1.247359  2151.439  0.67436  0.348E-02  0.315E-01  pot  B   0.1000
         8  -1.270293  2137.913  0.68031  0.547E-02  0.270E-01  pot  B   0.1000
         9  -1.275054  2132.188  0.68332  0.254E-02  0.226E-01  pot  B   0.1000
        10  -1.276515  2129.143  0.68521  0.153E-02  0.728E-02  pot  B   0.1000
        11  -1.276672  2128.740  0.68598  0.273E-03  0.368E-02  pot  B   0.1000
        12  -1.276849  2128.447  0.68721  0.314E-03  0.381E-02  pot  B   0.1000
        13  -1.276997  2128.323  0.68880  0.335E-03  0.267E-02  pot  B   0.1000
        14  -1.277018  2128.251  0.68961  0.160E-03  0.229E-02  pot  B   0.1000
        15  -1.277030  2128.282  0.69004  0.874E-04  0.633E-03  pot  B   0.1000
        16  -1.277034  2128.318  0.69022  0.337E-04  0.451E-03  pot  B   0.1000
        17  -1.277037  2128.345  0.69041  0.337E-04  0.394E-03  pot  B   0.1000
        18  -1.277038  2128.342  0.69058  0.294E-04  0.311E-03  pot  B   0.1000
        19  -1.277039  2128.337  0.69065  0.122E-04  0.141E-03  pot  B   0.1000
        20  -1.277039  2128.320  0.69068  0.584E-05  0.110E-03  pot  B   0.1000
        21  -1.277039  2128.308  0.69070  0.382E-05  0.897E-04  pot  B   0.1000
        22  -1.277039  2128.297  0.69071  0.292E-05  0.617E-04  pot  B   0.1000
        23  -1.277039  2128.289  0.69072  0.256E-05  0.321E-04  pot  B   0.1000
        24  -1.277039  2128.283  0.69073  0.265E-05  0.246E-04  pot  B   0.1000
        25  -1.277038  2128.280  0.69073  0.163E-05  0.222E-04  pot  B   0.1000
        26  -1.277038  2128.279  0.69074  0.112E-05  0.166E-04  pot  B   0.1000
        27  -1.277038  2128.278  0.69074  0.375E-06  0.121E-04  pot  B   0.1000
        28  -1.277038  2128.277  0.69074  0.609E-06  0.800E-05  pot  B   0.1000
        29  -1.277038  2128.276  0.69074  0.515E-06  0.555E-05  pot  B   0.1000
        30  -1.277038  2128.275  0.69075  0.315E-06  0.376E-05  pot  B   0.1000
        31  -1.277038  2128.275  0.69075  0.105E-06  0.251E-05  pot  B   0.1000
        32  -1.277038  2128.275  0.69075  0.737E-07  0.191E-05  pot  B   0.1000
        33  -1.277038  2128.275  0.69075  0.556E-07  0.202E-05  pot  B   0.1000
        34  -1.277038  2128.275  0.69075  0.636E-07  0.934E-06  pot  B   0.1000
        35  -1.277038  2128.275  0.69075  0.293E-07  0.819E-06  pot  B   0.1000
        36  -1.277038  2128.275  0.69075  0.192E-07  0.549E-06  pot  B   0.1000
        37  -1.277038  2128.275  0.69075  0.185E-07  0.402E-06  pot  B   0.1000
        38  -1.277038  2128.275  0.69075  0.364E-07  0.216E-06  pot  B   0.1000
        39  -1.277038  2128.275  0.69075  0.129E-07  0.194E-06  pot  B   0.1000
        40  -1.277038  2128.275  0.69075  0.734E-08  0.165E-06  pot  B   0.1000
        41  -1.277038  2128.275  0.69075  0.623E-08  0.155E-06  pot  B   0.1000
        42  -1.277038  2128.275  0.69075  0.637E-08  0.939E-07  pot  B   0.1000
        43  -1.277038  2128.275  0.69075  0.401E-08  0.456E-07  pot  B   0.1000
        44  -1.277038  2128.275  0.69075  0.256E-08  0.451E-07  pot  B   0.1000
        45  -1.277038  2128.275  0.69075  0.243E-08  0.262E-07  pot  B   0.1000
        46  -1.277038  2128.275  0.69075  0.183E-08  0.204E-07  pot  B   0.1000
        47  -1.277038  2128.275  0.69075  0.564E-09  0.187E-07  pot  B   0.1000
        48  -1.277038  2128.275  0.69075  0.357E-09  0.133E-07  pot  B   0.1000
        49  -1.277038  2128.275  0.69075  0.406E-09  0.958E-08  pot  B   0.1000
**      50  -1.277038  2128.275  0.69075  0.521E-12  0.958E-08  pot  B   0.1000
