System Description            : WNbMoTaTi, BCC structure                        
Number of Atoms in Unit Cell  : 80                                              
Number of Atomic Species      : 5                                               
Number of Atoms in Each Type  : 16(W), 16(Nb), 16(Mo), 16(Ta), 16(Ti)           
Energy Offset                 : -16193                                          
=======================================================================================
    Iter     Energy      3PV     Efermi   Rms_rho    Rms_pot   Mix  Alg  Alpha 
---------------------------------------------------------------------------------------
**       1  -0.758384  1839.781  0.54046  0.140E+01  0.139E+00  pot  B   0.1000
         2  -0.963154  1816.592  0.57766  0.768E-02  0.471E+00  pot  B   0.1000
         3  -1.097806  1812.887  0.57803  0.215E-02  0.276E+00  pot  B   0.1000
         4  -1.324778  1777.056  0.60089  0.116E-01  0.439E+00  pot  B   0.1000
         5  -1.428435  1768.781  0.60808  0.289E-02  0.223E+00  pot  B   0.1000
         6  -1.467314  1759.513  0.61594  0.327E-02  0.219E+00  pot  B   0.1000
         7  -1.535297  1740.788  0.62986  0.650E-02  0.178E+00  pot  B   0.1000
         8  -1.565479  1730.377  0.63833  0.381E-02  0.667E-01  pot  B   0.1000
         9  -1.576474  1725.369  0.64260  0.225E-02  0.429E-01  pot  B   0.1000
        10  -1.585798  1721.421  0.64531  0.203E-02  0.545E-01  pot  B   0.1000
        11  -1.599562  1712.937  0.65183  0.462E-02  0.473E-01  pot  B   0.1000
        12  -1.604032  1707.634  0.65554  0.288E-02  0.144E-01  pot  B   0.1000
        13  -1.604267  1706.709  0.65672  0.567E-03  0.845E-02  pot  B   0.1000
        14  -1.604397  1706.375  0.65741  0.279E-03  0.448E-02  pot  B   0.1000
        15  -1.604491  1706.145  0.65825  0.194E-03  0.369E-02  pot  B   0.1000
        16  -1.604670  1705.992  0.65994  0.359E-03  0.349E-02  pot  B   0.1000
        17  -1.604715  1706.109  0.66099  0.212E-03  0.411E-02  pot  B   0.1000
        18  -1.604720  1705.996  0.66143  0.964E-04  0.253E-02  pot  B   0.1000
        19  -1.604725  1706.012  0.66160  0.369E-04  0.130E-02  pot  B   0.1000
        20  -1.604730  1706.129  0.66168  0.428E-04  0.104E-02  pot  B   0.1000
        21  -1.604733  1706.136  0.66181  0.358E-04  0.647E-03  pot  B   0.1000
        22  -1.604735  1706.189  0.66189  0.264E-04  0.549E-03  pot  B   0.1000
        23  -1.604737  1706.200  0.66198  0.181E-04  0.554E-03  pot  B   0.1000
        24  -1.604738  1706.206  0.66203  0.877E-05  0.325E-03  pot  B   0.1000
        25  -1.604739  1706.195  0.66210  0.107E-04  0.173E-03  pot  B   0.1000
        26  -1.604739  1706.186  0.66213  0.592E-05  0.158E-03  pot  B   0.1000
        27  -1.604740  1706.179  0.66217  0.582E-05  0.805E-04  pot  B   0.1000
        28  -1.604740  1706.178  0.66218  0.330E-05  0.476E-04  pot  B   0.1000
        29  -1.604740  1706.182  0.66219  0.180E-05  0.539E-04  pot  B   0.1000
        30  -1.604740  1706.184  0.66219  0.209E-05  0.480E-04  pot  B   0.1000
        31  -1.604740  1706.189  0.66219  0.251E-05  0.379E-04  pot  B   0.1000
        32  -1.604740  1706.194  0.66219  0.268E-05  0.282E-04  pot  B   0.1000
        33  -1.604740  1706.196  0.66218  0.107E-05  0.148E-04  pot  B   0.1000
        34  -1.604740  1706.198  0.66218  0.112E-05  0.108E-04  pot  B   0.1000
        35  -1.604740  1706.198  0.66218  0.610E-06  0.185E-04  pot  B   0.1000
        36  -1.604740  1706.198  0.66218  0.661E-06  0.120E-04  pot  B   0.1000
        37  -1.604740  1706.198  0.66218  0.606E-06  0.730E-05  pot  B   0.1000
        38  -1.604740  1706.198  0.66218  0.377E-06  0.655E-05  pot  B   0.1000
        39  -1.604740  1706.197  0.66218  0.139E-06  0.518E-05  pot  B   0.1000
        40  -1.604740  1706.197  0.66218  0.173E-06  0.284E-05  pot  B   0.1000
        41  -1.604740  1706.198  0.66218  0.209E-06  0.331E-05  pot  B   0.1000
        42  -1.604740  1706.198  0.66218  0.172E-06  0.381E-05  pot  B   0.1000
        43  -1.604740  1706.198  0.66218  0.828E-07  0.211E-05  pot  B   0.1000
        44  -1.604740  1706.198  0.66218  0.648E-07  0.164E-05  pot  B   0.1000
        45  -1.604740  1706.198  0.66218  0.479E-07  0.152E-05  pot  B   0.1000
        46  -1.604740  1706.198  0.66218  0.432E-07  0.121E-05  pot  B   0.1000
        47  -1.604740  1706.198  0.66218  0.438E-07  0.972E-06  pot  B   0.1000
        48  -1.604740  1706.198  0.66218  0.255E-07  0.920E-06  pot  B   0.1000
        49  -1.604740  1706.198  0.66218  0.184E-07  0.509E-06  pot  B   0.1000
        50  -1.604740  1706.198  0.66218  0.144E-07  0.343E-06  pot  B   0.1000
        51  -1.604740  1706.198  0.66218  0.186E-07  0.297E-06  pot  B   0.1000
        52  -1.604740  1706.198  0.66218  0.189E-07  0.332E-06  pot  B   0.1000
        53  -1.604740  1706.198  0.66218  0.113E-07  0.181E-06  pot  B   0.1000
        54  -1.604740  1706.198  0.66218  0.710E-08  0.111E-06  pot  B   0.1000
        55  -1.604740  1706.198  0.66218  0.568E-08  0.113E-06  pot  B   0.1000
        56  -1.604740  1706.198  0.66218  0.374E-08  0.174E-06  pot  B   0.1000
        57  -1.604740  1706.198  0.66218  0.649E-08  0.972E-07  pot  B   0.1000
        58  -1.604740  1706.198  0.66218  0.365E-08  0.678E-07  pot  B   0.1000
        59  -1.604740  1706.198  0.66218  0.300E-08  0.471E-07  pot  B   0.1000
        60  -1.604740  1706.198  0.66218  0.209E-08  0.559E-07  pot  B   0.1000
        61  -1.604740  1706.198  0.66218  0.185E-08  0.449E-07  pot  B   0.1000
        62  -1.604740  1706.198  0.66218  0.290E-08  0.325E-07  pot  B   0.1000
        63  -1.604740  1706.198  0.66218  0.186E-08  0.222E-07  pot  B   0.1000
        64  -1.604740  1706.198  0.66218  0.896E-09  0.227E-07  pot  B   0.1000
        65  -1.604740  1706.198  0.66218  0.711E-09  0.165E-07  pot  B   0.1000
        66  -1.604740  1706.198  0.66218  0.703E-09  0.122E-07  pot  B   0.1000
        67  -1.604740  1706.198  0.66218  0.589E-09  0.112E-07  pot  B   0.1000
        68  -1.604740  1706.198  0.66218  0.229E-09  0.146E-07  pot  B   0.1000
        69  -1.604740  1706.198  0.66218  0.327E-09  0.101E-07  pot  B   0.1000
        70  -1.604740  1706.198  0.66218  0.191E-09  0.105E-07  pot  B   0.1000
        71  -1.604740  1706.198  0.66218  0.197E-09  0.651E-08  pot  B   0.1000
**      72  -1.604740  1706.198  0.66218  0.453E-12  0.651E-08  pot  B   0.1000
