 Atom   Index      Q          Qmt        dQ        Vmad        Local Energy
  W         1   73.89543   72.59043   -0.10457    1.72930      -32312.51505
  W         2   73.83894   72.53394   -0.16106    1.78401      -32312.55420
  W         3   73.94375   72.63875   -0.05625    1.67758      -32312.48471
  W         4   73.96466   72.65966   -0.03534    1.65942      -32312.47001
  W         5   73.82499   72.51999   -0.17501    1.79652      -32312.54883
  W         6   73.85077   72.54577   -0.14923    1.77197      -32312.54659
  W         7   73.93280   72.62780   -0.06720    1.69311      -32312.48509
  W         8   73.89374   72.58874   -0.10626    1.72386      -32312.51576
  Nb        9   40.98837   39.68337   -0.01163    1.66787       -7632.57795
  Nb       10   40.92224   39.61724   -0.07776    1.72798       -7632.60185
  Nb       11   40.91642   39.61142   -0.08358    1.72716       -7632.59232
  Nb       12   40.76634   39.46134   -0.23366    1.87916       -7632.68896
  Nb       13   40.85490   39.54990   -0.14510    1.78952       -7632.63607
  Nb       14   41.02514   39.72014    0.02514    1.62734       -7632.54877
  Nb       15   40.99955   39.69455   -0.00045    1.65137       -7632.56229
  Nb       16   40.80141   39.49641   -0.19859    1.84989       -7632.67430
  Mo       17   42.19378   40.88878    0.19378    1.54943       -8090.52490
  Mo       18   42.02128   40.71628    0.02128    1.71824       -8090.61712
  Mo       19   42.16461   40.85961    0.16461    1.57903       -8090.54585
  Mo       20   41.98885   40.68385   -0.01115    1.74988       -8090.63840
  Mo       21   42.19203   40.88703    0.19203    1.54703       -8090.52317
  Mo       22   42.01131   40.70631    0.01131    1.74056       -8090.63228
  Mo       23   42.18960   40.88460    0.18960    1.55396       -8090.52456
  Mo       24   42.01252   40.70752    0.01252    1.73874       -8090.64027
  Ta       25   72.78632   71.48132   -0.21368    1.76828      -31232.93201
  Ta       26   72.67228   71.36729   -0.32772    1.88109      -31233.01163
  Ta       27   72.83618   71.53118   -0.16382    1.72864      -31232.93204
  Ta       28   72.75786   71.45286   -0.24214    1.79892      -31232.95398
  Ta       29   72.79341   71.48841   -0.20659    1.76230      -31232.93478
  Ta       30   72.75058   71.44558   -0.24942    1.80747      -31232.95268
  Ta       31   72.80430   71.49930   -0.19570    1.75836      -31232.93604
  Ta       32   72.75939   71.45439   -0.24061    1.79533      -31232.95668
  Ti       33   22.41567   21.11067    0.41567    1.45693       -1704.33633
  Ti       34   22.35181   21.04681    0.35181    1.52300       -1704.35736
  Ti       35   22.29657   20.99157    0.29657    1.57417       -1704.39962
  Ti       36   22.33243   21.02743    0.33243    1.54288       -1704.37074
  Ti       37   22.26753   20.96253    0.26753    1.59863       -1704.39853
  Ti       38   22.42882   21.12382    0.42882    1.44234       -1704.32132
  Ti       39   22.30524   21.00024    0.30524    1.55537       -1704.36393
  Ti       40   22.24817   20.94318    0.24817    1.62499       -1704.40685
