System Description            : WNbMoTaTi, BCC structure                        
Number of Atoms in Unit Cell  : 320                                             
Number of Atomic Species      : 5                                               
Number of Atoms in Each Type  : 64(W), 64(Nb), 64(Mo), 64(Ta), 64(Ti)           
Energy Offset                 : -16193                                          
=======================================================================================
    Iter     Energy      3PV     Efermi   Rms_rho    Rms_pot   Mix  Alg  Alpha 
---------------------------------------------------------------------------------------
**       1  -0.754937  1839.790  0.54475  0.140E+01  0.186E+00  pot  B   0.1000
         2  -0.940513  1816.619  0.57601  0.792E-02  0.861E+00  pot  B   0.1000
         3  -0.977963  1814.517  0.57855  0.246E-02  0.751E+00  pot  B   0.1000
         4  -1.082988  1802.460  0.58605  0.449E-02  0.781E+00  pot  B   0.1000
         5  -1.339415  1779.664  0.60181  0.753E-02  0.417E+00  pot  B   0.1000
         6  -1.428629  1767.581  0.61062  0.423E-02  0.332E+00  pot  B   0.1000
         7  -1.442020  1752.264  0.62240  0.531E-02  0.579E+00  pot  B   0.1000
         8  -1.510756  1747.575  0.62688  0.174E-02  0.258E+00  pot  B   0.1000
         9  -1.544005  1735.812  0.63549  0.421E-02  0.200E+00  pot  B   0.1000
        10  -1.564246  1729.859  0.64057  0.233E-02  0.102E+00  pot  B   0.1000
        11  -1.572661  1726.668  0.64265  0.139E-02  0.957E-01  pot  B   0.1000
        12  -1.584961  1721.951  0.64608  0.237E-02  0.472E-01  pot  B   0.1000
        13  -1.597360  1714.691  0.65088  0.388E-02  0.701E-01  pot  B   0.1000
        14  -1.601363  1709.352  0.65501  0.250E-02  0.554E-01  pot  B   0.1000
        15  -1.603140  1707.329  0.65684  0.140E-02  0.427E-01  pot  B   0.1000
        16  -1.603684  1707.385  0.65722  0.595E-03  0.391E-01  pot  B   0.1000
        17  -1.604010  1706.311  0.65815  0.397E-03  0.103E-01  pot  B   0.1000
        18  -1.604062  1706.213  0.65854  0.130E-03  0.112E-01  pot  B   0.1000
        19  -1.604141  1706.395  0.65888  0.112E-03  0.116E-01  pot  B   0.1000
        20  -1.604150  1706.276  0.65904  0.741E-04  0.130E-01  pot  B   0.1000
        21  -1.604252  1706.403  0.65973  0.190E-03  0.110E-01  pot  B   0.1000
        22  -1.604282  1706.596  0.66015  0.971E-04  0.136E-01  pot  B   0.1000
        23  -1.604323  1706.341  0.66069  0.172E-03  0.832E-02  pot  B   0.1000
        24  -1.604369  1706.496  0.66131  0.118E-03  0.801E-02  pot  B   0.1000
        25  -1.604385  1706.437  0.66171  0.889E-04  0.517E-02  pot  B   0.1000
        26  -1.604396  1706.378  0.66200  0.595E-04  0.211E-02  pot  B   0.1000
        27  -1.604406  1706.349  0.66229  0.441E-04  0.295E-02  pot  B   0.1000
        28  -1.604413  1706.312  0.66249  0.325E-04  0.213E-02  pot  B   0.1000
        29  -1.604411  1706.282  0.66259  0.281E-04  0.471E-02  pot  B   0.1000
        30  -1.604417  1706.269  0.66268  0.154E-04  0.193E-02  pot  B   0.1000
        31  -1.604418  1706.256  0.66274  0.174E-04  0.165E-02  pot  B   0.1000
        32  -1.604418  1706.257  0.66280  0.120E-04  0.249E-02  pot  B   0.1000
        33  -1.604420  1706.245  0.66282  0.724E-05  0.104E-02  pot  B   0.1000
        34  -1.604421  1706.231  0.66287  0.834E-05  0.935E-03  pot  B   0.1000
        35  -1.604422  1706.230  0.66290  0.538E-05  0.971E-03  pot  B   0.1000
        36  -1.604422  1706.221  0.66293  0.620E-05  0.566E-03  pot  B   0.1000
        37  -1.604422  1706.218  0.66295  0.408E-05  0.125E-02  pot  B   0.1000
        38  -1.604423  1706.213  0.66297  0.427E-05  0.407E-03  pot  B   0.1000
        39  -1.604424  1706.205  0.66302  0.743E-05  0.341E-03  pot  B   0.1000
        40  -1.604424  1706.201  0.66304  0.424E-05  0.287E-03  pot  B   0.1000
        41  -1.604424  1706.200  0.66305  0.305E-05  0.423E-03  pot  B   0.1000
        42  -1.604424  1706.199  0.66305  0.206E-05  0.414E-03  pot  B   0.1000
        43  -1.604424  1706.199  0.66306  0.271E-05  0.288E-03  pot  B   0.1000
        44  -1.604424  1706.200  0.66306  0.190E-05  0.455E-03  pot  B   0.1000
        45  -1.604424  1706.198  0.66306  0.127E-05  0.195E-03  pot  B   0.1000
        46  -1.604424  1706.199  0.66306  0.160E-05  0.167E-03  pot  B   0.1000
        47  -1.604424  1706.200  0.66306  0.109E-05  0.177E-03  pot  B   0.1000
        48  -1.604424  1706.200  0.66306  0.124E-05  0.153E-03  pot  B   0.1000
        49  -1.604424  1706.199  0.66306  0.941E-06  0.244E-03  pot  B   0.1000
        50  -1.604423  1706.200  0.66306  0.791E-06  0.671E-04  pot  B   0.1000
        51  -1.604423  1706.200  0.66306  0.680E-06  0.800E-04  pot  B   0.1000
        52  -1.604423  1706.201  0.66306  0.578E-06  0.532E-04  pot  B   0.1000
        53  -1.604423  1706.201  0.66305  0.837E-06  0.722E-04  pot  B   0.1000
        54  -1.604423  1706.201  0.66305  0.388E-06  0.833E-04  pot  B   0.1000
        55  -1.604423  1706.202  0.66305  0.698E-06  0.760E-04  pot  B   0.1000
        56  -1.604423  1706.202  0.66305  0.667E-06  0.105E-03  pot  B   0.1000
        57  -1.604423  1706.203  0.66305  0.284E-06  0.489E-04  pot  B   0.1000
        58  -1.604423  1706.203  0.66305  0.819E-06  0.450E-04  pot  B   0.1000
        59  -1.604423  1706.204  0.66305  0.711E-06  0.376E-04  pot  B   0.1000
        60  -1.604423  1706.204  0.66305  0.262E-06  0.396E-04  pot  B   0.1000
        61  -1.604423  1706.204  0.66304  0.411E-06  0.673E-04  pot  B   0.1000
        62  -1.604423  1706.205  0.66304  0.237E-06  0.251E-04  pot  B   0.1000
        63  -1.604423  1706.205  0.66304  0.466E-06  0.214E-04  pot  B   0.1000
        64  -1.604423  1706.205  0.66304  0.398E-06  0.213E-04  pot  B   0.1000
        65  -1.604423  1706.206  0.66304  0.398E-06  0.192E-04  pot  B   0.1000
        66  -1.604423  1706.206  0.66304  0.115E-06  0.293E-04  pot  B   0.1000
        67  -1.604423  1706.206  0.66304  0.180E-06  0.193E-04  pot  B   0.1000
        68  -1.604423  1706.207  0.66304  0.185E-06  0.218E-04  pot  B   0.1000
        69  -1.604423  1706.207  0.66304  0.718E-07  0.130E-04  pot  B   0.1000
        70  -1.604423  1706.207  0.66304  0.151E-06  0.115E-04  pot  B   0.1000
        71  -1.604423  1706.207  0.66304  0.918E-07  0.976E-05  pot  B   0.1000
        72  -1.604423  1706.207  0.66304  0.596E-07  0.123E-04  pot  B   0.1000
        73  -1.604423  1706.207  0.66304  0.710E-07  0.135E-04  pot  B   0.1000
        74  -1.604423  1706.207  0.66304  0.573E-07  0.112E-04  pot  B   0.1000
        75  -1.604423  1706.207  0.66304  0.596E-07  0.568E-05  pot  B   0.1000
        76  -1.604423  1706.207  0.66304  0.377E-07  0.537E-05  pot  B   0.1000
        77  -1.604423  1706.207  0.66304  0.455E-07  0.381E-05  pot  B   0.1000
        78  -1.604423  1706.207  0.66304  0.291E-07  0.676E-05  pot  B   0.1000
        79  -1.604423  1706.207  0.66304  0.270E-07  0.507E-05  pot  B   0.1000
        80  -1.604423  1706.207  0.66304  0.552E-07  0.437E-05  pot  B   0.1000
        81  -1.604423  1706.207  0.66304  0.232E-07  0.401E-05  pot  B   0.1000
        82  -1.604423  1706.207  0.66304  0.302E-07  0.373E-05  pot  B   0.1000
        83  -1.604423  1706.207  0.66304  0.494E-07  0.267E-05  pot  B   0.1000
        84  -1.604423  1706.207  0.66304  0.271E-07  0.316E-05  pot  B   0.1000
        85  -1.604423  1706.207  0.66304  0.305E-07  0.348E-05  pot  B   0.1000
        86  -1.604423  1706.207  0.66304  0.216E-07  0.321E-05  pot  B   0.1000
        87  -1.604423  1706.207  0.66304  0.200E-07  0.155E-05  pot  B   0.1000
        88  -1.604423  1706.207  0.66304  0.193E-07  0.185E-05  pot  B   0.1000
        89  -1.604423  1706.207  0.66304  0.416E-07  0.106E-05  pot  B   0.1000
        90  -1.604423  1706.207  0.66304  0.134E-07  0.279E-05  pot  B   0.1000
        91  -1.604423  1706.207  0.66304  0.247E-07  0.229E-05  pot  B   0.1000
        92  -1.604423  1706.207  0.66304  0.305E-07  0.151E-05  pot  B   0.1000
        93  -1.604423  1706.207  0.66304  0.100E-07  0.161E-05  pot  B   0.1000
        94  -1.604423  1706.207  0.66304  0.211E-07  0.132E-05  pot  B   0.1000
        95  -1.604423  1706.207  0.66304  0.207E-07  0.938E-06  pot  B   0.1000
        96  -1.604423  1706.207  0.66304  0.127E-07  0.118E-05  pot  B   0.1000
        97  -1.604423  1706.207  0.66304  0.981E-08  0.129E-05  pot  B   0.1000
        98  -1.604423  1706.207  0.66304  0.123E-07  0.107E-05  pot  B   0.1000
        99  -1.604423  1706.207  0.66304  0.663E-08  0.698E-06  pot  B   0.1000
       100  -1.604423  1706.207  0.66304  0.712E-08  0.940E-06  pot  B   0.1000
       101  -1.604423  1706.207  0.66304  0.158E-07  0.578E-06  pot  B   0.1000
       102  -1.604423  1706.207  0.66304  0.405E-08  0.110E-05  pot  B   0.1000
       103  -1.604423  1706.207  0.66304  0.415E-08  0.706E-06  pot  B   0.1000
       104  -1.604423  1706.207  0.66304  0.648E-08  0.630E-06  pot  B   0.1000
       105  -1.604423  1706.207  0.66304  0.383E-08  0.591E-06  pot  B   0.1000
       106  -1.604423  1706.207  0.66304  0.394E-08  0.514E-06  pot  B   0.1000
       107  -1.604423  1706.207  0.66304  0.347E-08  0.394E-06  pot  B   0.1000
       108  -1.604423  1706.207  0.66304  0.230E-08  0.435E-06  pot  B   0.1000
       109  -1.604423  1706.207  0.66304  0.195E-08  0.514E-06  pot  B   0.1000
       110  -1.604423  1706.207  0.66304  0.287E-08  0.400E-06  pot  B   0.1000
       111  -1.604423  1706.207  0.66304  0.270E-08  0.284E-06  pot  B   0.1000
       112  -1.604423  1706.207  0.66304  0.241E-08  0.356E-06  pot  B   0.1000
       113  -1.604423  1706.207  0.66304  0.300E-08  0.157E-06  pot  B   0.1000
       114  -1.604423  1706.207  0.66304  0.256E-08  0.308E-06  pot  B   0.1000
       115  -1.604423  1706.207  0.66304  0.105E-08  0.185E-06  pot  B   0.1000
       116  -1.604423  1706.207  0.66304  0.328E-08  0.266E-06  pot  B   0.1000
       117  -1.604423  1706.207  0.66304  0.244E-08  0.295E-06  pot  B   0.1000
       118  -1.604423  1706.207  0.66304  0.170E-08  0.220E-06  pot  B   0.1000
       119  -1.604423  1706.207  0.66304  0.292E-08  0.133E-06  pot  B   0.1000
       120  -1.604423  1706.207  0.66304  0.230E-08  0.148E-06  pot  B   0.1000
       121  -1.604423  1706.207  0.66304  0.164E-08  0.156E-06  pot  B   0.1000
       122  -1.604423  1706.207  0.66304  0.138E-08  0.155E-06  pot  B   0.1000
       123  -1.604423  1706.207  0.66304  0.147E-08  0.921E-07  pot  B   0.1000
       124  -1.604423  1706.207  0.66304  0.854E-09  0.153E-06  pot  B   0.1000
       125  -1.604423  1706.207  0.66304  0.177E-08  0.720E-07  pot  B   0.1000
       126  -1.604423  1706.207  0.66304  0.174E-08  0.961E-07  pot  B   0.1000
       127  -1.604423  1706.207  0.66304  0.477E-09  0.109E-06  pot  B   0.1000
       128  -1.604423  1706.207  0.66304  0.146E-08  0.809E-07  pot  B   0.1000
       129  -1.604423  1706.207  0.66304  0.113E-08  0.920E-07  pot  B   0.1000
       130  -1.604423  1706.207  0.66304  0.605E-09  0.904E-07  pot  B   0.1000
       131  -1.604423  1706.207  0.66304  0.920E-09  0.377E-07  pot  B   0.1000
       132  -1.604423  1706.207  0.66304  0.543E-09  0.561E-07  pot  B   0.1000
       133  -1.604423  1706.207  0.66304  0.407E-09  0.597E-07  pot  B   0.1000
       134  -1.604423  1706.207  0.66304  0.317E-09  0.583E-07  pot  B   0.1000
       135  -1.604423  1706.207  0.66304  0.323E-09  0.421E-07  pot  B   0.1000
       136  -1.604423  1706.207  0.66304  0.376E-09  0.657E-07  pot  B   0.1000
       137  -1.604423  1706.207  0.66304  0.284E-09  0.285E-07  pot  B   0.1000
       138  -1.604423  1706.207  0.66304  0.241E-09  0.319E-07  pot  B   0.1000
       139  -1.604423  1706.207  0.66304  0.177E-09  0.464E-07  pot  B   0.1000
       140  -1.604423  1706.207  0.66304  0.206E-09  0.250E-07  pot  B   0.1000
       141  -1.604423  1706.207  0.66304  0.191E-09  0.268E-07  pot  B   0.1000
       142  -1.604423  1706.207  0.66304  0.206E-09  0.384E-07  pot  B   0.1000
       143  -1.604423  1706.207  0.66304  0.155E-09  0.144E-07  pot  B   0.1000
       144  -1.604423  1706.207  0.66304  0.179E-09  0.181E-07  pot  B   0.1000
       145  -1.604423  1706.207  0.66304  0.140E-09  0.200E-07  pot  B   0.1000
       146  -1.604423  1706.207  0.66304  0.200E-09  0.204E-07  pot  B   0.1000
       147  -1.604423  1706.207  0.66304  0.139E-09  0.134E-07  pot  B   0.1000
       148  -1.604423  1706.207  0.66304  0.206E-09  0.200E-07  pot  B   0.1000
       149  -1.604423  1706.207  0.66304  0.106E-09  0.134E-07  pot  B   0.1000
       150  -1.604423  1706.207  0.66304  0.243E-09  0.123E-07  pot  B   0.1000
**     151  -1.604423  1706.207  0.66304  0.523E-12  0.123E-07  pot  B   0.1000
**     152  -1.604423  1706.207  0.66304  0.523E-12  0.123E-07  pot  B   0.1000
