System Description            : WNbMoTaV, BCC structure                         
Number of Atoms in Unit Cell  : 320                                             
Number of Atomic Species      : 5                                               
Number of Atoms in Each Type  : 64(W), 64(Nb), 64(Mo), 64(Ta), 64(V)            
Energy Offset                 : -16231                                          
=======================================================================================
    Iter     Energy      3PV     Efermi   Rms_rho    Rms_pot   Mix  Alg  Alpha 
---------------------------------------------------------------------------------------
**       1  -0.851426  1839.093  0.58569  0.140E+01  0.193E+00  pot  B   0.1000
         2  -0.292179  1817.425  0.60345  0.799E-02  0.188E+01  pot  B   0.1000
         3  -1.201280  1815.157  0.59720  0.433E-02  0.366E+00  pot  B   0.1000
         4  -1.183777  1805.429  0.60630  0.416E-02  0.790E+00  pot  B   0.1000
         5  -1.311483  1800.114  0.61116  0.241E-02  0.542E+00  pot  B   0.1000
         6  -1.503015  1783.506  0.61707  0.562E-02  0.303E+00  pot  B   0.1000
         7  -1.624287  1758.117  0.62398  0.857E-02  0.382E+00  pot  B   0.1000
         8  -1.669505  1743.889  0.62951  0.493E-02  0.351E+00  pot  B   0.1000
         9  -1.706306  1734.592  0.63283  0.334E-02  0.184E+00  pot  B   0.1000
        10  -1.721737  1729.581  0.63521  0.207E-02  0.123E+00  pot  B   0.1000
        11  -1.732754  1724.789  0.63694  0.232E-02  0.114E+00  pot  B   0.1000
        12  -1.743481  1719.552  0.63832  0.268E-02  0.886E-01  pot  B   0.1000
        13  -1.750882  1714.391  0.63936  0.271E-02  0.849E-01  pot  B   0.1000
        14  -1.746577  1716.542  0.63939  0.147E-02  0.137E+00  pot  B   0.1000
        15  -1.756913  1708.735  0.64114  0.381E-02  0.346E-01  pot  B   0.1000
        16  -1.757825  1707.582  0.64219  0.799E-03  0.285E-01  pot  B   0.1000
        17  -1.757997  1707.272  0.64253  0.227E-03  0.235E-01  pot  B   0.1000
        18  -1.758181  1707.018  0.64319  0.179E-03  0.117E-01  pot  B   0.1000
        19  -1.758354  1707.217  0.64394  0.242E-03  0.135E-01  pot  B   0.1000
        20  -1.758349  1707.068  0.64402  0.131E-03  0.125E-01  pot  B   0.1000
        21  -1.758382  1707.083  0.64452  0.165E-03  0.162E-01  pot  B   0.1000
        22  -1.758489  1707.135  0.64533  0.175E-03  0.128E-01  pot  B   0.1000
        23  -1.758566  1707.223  0.64614  0.140E-03  0.741E-02  pot  B   0.1000
        24  -1.758576  1706.965  0.64659  0.183E-03  0.922E-02  pot  B   0.1000
        25  -1.758612  1707.072  0.64712  0.835E-04  0.563E-02  pot  B   0.1000
        26  -1.758629  1707.100  0.64745  0.580E-04  0.476E-02  pot  B   0.1000
        27  -1.758626  1707.009  0.64759  0.684E-04  0.590E-02  pot  B   0.1000
        28  -1.758644  1706.987  0.64782  0.606E-04  0.263E-02  pot  B   0.1000
        29  -1.758641  1706.965  0.64786  0.406E-04  0.550E-02  pot  B   0.1000
        30  -1.758652  1706.947  0.64804  0.406E-04  0.394E-02  pot  B   0.1000
        31  -1.758655  1706.929  0.64815  0.269E-04  0.216E-02  pot  B   0.1000
        32  -1.758655  1706.906  0.64817  0.172E-04  0.268E-02  pot  B   0.1000
        33  -1.758656  1706.893  0.64821  0.255E-04  0.193E-02  pot  B   0.1000
        34  -1.758657  1706.879  0.64822  0.166E-04  0.149E-02  pot  B   0.1000
        35  -1.758658  1706.872  0.64823  0.112E-04  0.127E-02  pot  B   0.1000
        36  -1.758658  1706.866  0.64826  0.104E-04  0.763E-03  pot  B   0.1000
        37  -1.758658  1706.848  0.64827  0.974E-05  0.562E-03  pot  B   0.1000
        38  -1.758658  1706.830  0.64828  0.111E-04  0.813E-03  pot  B   0.1000
        39  -1.758657  1706.827  0.64827  0.851E-05  0.723E-03  pot  B   0.1000
        40  -1.758657  1706.814  0.64830  0.988E-05  0.490E-03  pot  B   0.1000
        41  -1.758657  1706.807  0.64830  0.906E-05  0.789E-03  pot  B   0.1000
        42  -1.758657  1706.807  0.64830  0.409E-05  0.550E-03  pot  B   0.1000
        43  -1.758657  1706.803  0.64830  0.375E-05  0.224E-03  pot  B   0.1000
        44  -1.758657  1706.800  0.64830  0.345E-05  0.325E-03  pot  B   0.1000
        45  -1.758657  1706.799  0.64830  0.325E-05  0.419E-03  pot  B   0.1000
        46  -1.758657  1706.798  0.64830  0.322E-05  0.355E-03  pot  B   0.1000
        47  -1.758656  1706.797  0.64830  0.244E-05  0.278E-03  pot  B   0.1000
        48  -1.758656  1706.797  0.64831  0.235E-05  0.282E-03  pot  B   0.1000
        49  -1.758656  1706.796  0.64831  0.204E-05  0.127E-03  pot  B   0.1000
        50  -1.758656  1706.796  0.64831  0.961E-06  0.735E-04  pot  B   0.1000
        51  -1.758656  1706.796  0.64831  0.914E-06  0.888E-04  pot  B   0.1000
        52  -1.758656  1706.797  0.64831  0.846E-06  0.770E-04  pot  B   0.1000
        53  -1.758656  1706.798  0.64831  0.786E-06  0.721E-04  pot  B   0.1000
        54  -1.758656  1706.797  0.64831  0.802E-06  0.140E-03  pot  B   0.1000
        55  -1.758656  1706.798  0.64831  0.120E-05  0.871E-04  pot  B   0.1000
        56  -1.758656  1706.799  0.64831  0.776E-06  0.850E-04  pot  B   0.1000
        57  -1.758656  1706.799  0.64831  0.416E-06  0.613E-04  pot  B   0.1000
        58  -1.758656  1706.800  0.64831  0.400E-06  0.345E-04  pot  B   0.1000
        59  -1.758656  1706.800  0.64831  0.277E-06  0.388E-04  pot  B   0.1000
        60  -1.758657  1706.800  0.64831  0.365E-06  0.486E-04  pot  B   0.1000
        61  -1.758657  1706.800  0.64831  0.351E-06  0.163E-04  pot  B   0.1000
        62  -1.758657  1706.801  0.64831  0.389E-06  0.162E-04  pot  B   0.1000
        63  -1.758657  1706.801  0.64831  0.383E-06  0.217E-04  pot  B   0.1000
        64  -1.758657  1706.802  0.64832  0.254E-06  0.198E-04  pot  B   0.1000
        65  -1.758657  1706.802  0.64832  0.471E-06  0.140E-04  pot  B   0.1000
        66  -1.758657  1706.802  0.64832  0.127E-06  0.257E-04  pot  B   0.1000
        67  -1.758657  1706.802  0.64831  0.184E-06  0.162E-04  pot  B   0.1000
        68  -1.758657  1706.802  0.64831  0.117E-06  0.109E-04  pot  B   0.1000
        69  -1.758657  1706.803  0.64831  0.136E-06  0.802E-05  pot  B   0.1000
        70  -1.758657  1706.803  0.64831  0.802E-07  0.890E-05  pot  B   0.1000
        71  -1.758657  1706.803  0.64831  0.112E-06  0.122E-04  pot  B   0.1000
        72  -1.758657  1706.803  0.64831  0.752E-07  0.817E-05  pot  B   0.1000
        73  -1.758657  1706.803  0.64831  0.105E-06  0.109E-04  pot  B   0.1000
        74  -1.758657  1706.803  0.64831  0.754E-07  0.534E-05  pot  B   0.1000
        75  -1.758657  1706.803  0.64831  0.621E-07  0.418E-05  pot  B   0.1000
        76  -1.758657  1706.803  0.64831  0.310E-07  0.310E-05  pot  B   0.1000
        77  -1.758657  1706.803  0.64831  0.233E-07  0.270E-05  pot  B   0.1000
        78  -1.758657  1706.803  0.64831  0.283E-07  0.410E-05  pot  B   0.1000
        79  -1.758657  1706.803  0.64831  0.440E-07  0.645E-05  pot  B   0.1000
        80  -1.758657  1706.803  0.64831  0.415E-07  0.555E-05  pot  B   0.1000
        81  -1.758657  1706.803  0.64831  0.252E-07  0.263E-05  pot  B   0.1000
        82  -1.758657  1706.803  0.64831  0.211E-07  0.158E-05  pot  B   0.1000
        83  -1.758657  1706.803  0.64831  0.140E-07  0.168E-05  pot  B   0.1000
        84  -1.758657  1706.803  0.64831  0.116E-07  0.269E-05  pot  B   0.1000
        85  -1.758657  1706.803  0.64831  0.171E-07  0.109E-05  pot  B   0.1000
        86  -1.758657  1706.803  0.64831  0.855E-08  0.714E-06  pot  B   0.1000
        87  -1.758657  1706.803  0.64831  0.136E-07  0.851E-06  pot  B   0.1000
        88  -1.758657  1706.803  0.64831  0.103E-07  0.113E-05  pot  B   0.1000
        89  -1.758657  1706.803  0.64831  0.131E-07  0.563E-06  pot  B   0.1000
        90  -1.758657  1706.803  0.64831  0.655E-08  0.540E-06  pot  B   0.1000
        91  -1.758657  1706.803  0.64831  0.104E-07  0.795E-06  pot  B   0.1000
        92  -1.758657  1706.803  0.64831  0.440E-08  0.617E-06  pot  B   0.1000
        93  -1.758657  1706.803  0.64831  0.437E-08  0.732E-06  pot  B   0.1000
        94  -1.758657  1706.803  0.64831  0.899E-08  0.475E-06  pot  B   0.1000
        95  -1.758657  1706.803  0.64831  0.815E-08  0.792E-06  pot  B   0.1000
        96  -1.758657  1706.803  0.64831  0.599E-08  0.496E-06  pot  B   0.1000
        97  -1.758657  1706.803  0.64831  0.609E-08  0.827E-06  pot  B   0.1000
        98  -1.758657  1706.803  0.64831  0.636E-08  0.360E-06  pot  B   0.1000
        99  -1.758657  1706.803  0.64831  0.552E-08  0.245E-06  pot  B   0.1000
       100  -1.758657  1706.803  0.64831  0.130E-08  0.138E-06  pot  B   0.1000
       101  -1.758657  1706.803  0.64831  0.300E-08  0.129E-06  pot  B   0.1000
       102  -1.758657  1706.803  0.64831  0.159E-08  0.132E-06  pot  B   0.1000
       103  -1.758657  1706.803  0.64831  0.288E-08  0.206E-06  pot  B   0.1000
       104  -1.758657  1706.803  0.64831  0.312E-08  0.395E-06  pot  B   0.1000
       105  -1.758657  1706.803  0.64831  0.178E-08  0.172E-06  pot  B   0.1000
       106  -1.758657  1706.803  0.64831  0.110E-08  0.134E-06  pot  B   0.1000
       107  -1.758657  1706.803  0.64831  0.994E-09  0.116E-06  pot  B   0.1000
       108  -1.758657  1706.803  0.64831  0.193E-08  0.104E-06  pot  B   0.1000
       109  -1.758657  1706.803  0.64831  0.927E-09  0.144E-06  pot  B   0.1000
       110  -1.758657  1706.803  0.64831  0.631E-09  0.706E-07  pot  B   0.1000
       111  -1.758657  1706.803  0.64831  0.519E-09  0.636E-07  pot  B   0.1000
       112  -1.758657  1706.803  0.64831  0.334E-09  0.594E-07  pot  B   0.1000
       113  -1.758657  1706.803  0.64831  0.552E-09  0.440E-07  pot  B   0.1000
       114  -1.758657  1706.803  0.64831  0.473E-09  0.367E-07  pot  B   0.1000
       115  -1.758657  1706.803  0.64831  0.372E-09  0.289E-07  pot  B   0.1000
       116  -1.758657  1706.803  0.64831  0.390E-09  0.448E-07  pot  B   0.1000
       117  -1.758657  1706.803  0.64831  0.311E-09  0.285E-07  pot  B   0.1000
       118  -1.758657  1706.803  0.64831  0.286E-09  0.313E-07  pot  B   0.1000
       119  -1.758657  1706.803  0.64831  0.283E-09  0.245E-07  pot  B   0.1000
       120  -1.758657  1706.803  0.64831  0.303E-09  0.394E-07  pot  B   0.1000
       121  -1.758657  1706.803  0.64831  0.234E-09  0.412E-07  pot  B   0.1000
       122  -1.758657  1706.803  0.64831  0.282E-09  0.340E-07  pot  B   0.1000
       123  -1.758657  1706.803  0.64831  0.266E-09  0.196E-07  pot  B   0.1000
       124  -1.758657  1706.803  0.64831  0.214E-09  0.183E-07  pot  B   0.1000
       125  -1.758657  1706.803  0.64831  0.117E-09  0.871E-08  pot  B   0.1000
**     126  -1.758657  1706.803  0.64831  0.141E-11  0.871E-08  pot  B   0.1000
