 Atom   Index      Q          Qmt        dQ        Vmad        Local Energy
  W         1   73.90606   72.51923   -0.09394    1.85679      -32312.64189
  W         2   73.88810   72.50128   -0.11190    1.87211      -32312.65590
  W         3   73.91659   72.52976   -0.08341    1.84966      -32312.63991
  W         4   73.93554   72.54871   -0.06446    1.82996      -32312.63375
  W         5   74.02416   72.63733    0.02416    1.75016      -32312.59211
  W         6   73.96378   72.57695   -0.03622    1.81163      -32312.63051
  W         7   74.00163   72.61480    0.00163    1.76587      -32312.59710
  W         8   73.94284   72.55601   -0.05716    1.82351      -32312.63674
  W         9   73.99655   72.60972   -0.00345    1.77264      -32312.60100
  W        10   73.96098   72.57415   -0.03902    1.81445      -32312.63302
  W        11   73.97989   72.59306   -0.02011    1.79031      -32312.61279
  W        12   73.95612   72.56929   -0.04388    1.81658      -32312.62792
  W        13   74.02171   72.63488    0.02171    1.75050      -32312.59115
  W        14   74.02393   72.63710    0.02393    1.74729      -32312.58634
  W        15   73.95504   72.56821   -0.04496    1.81015      -32312.62193
  W        16   73.97886   72.59203   -0.02114    1.79507      -32312.62139
  Nb       17   40.99646   39.60963   -0.00354    1.80533       -7632.72831
  Nb       18   40.99885   39.61202   -0.00115    1.80780       -7632.72897
  Nb       19   40.93769   39.55086   -0.06231    1.85733       -7632.75371
  Nb       20   41.02875   39.64192    0.02875    1.78128       -7632.71659
  Nb       21   41.01071   39.62388    0.01071    1.79189       -7632.71571
  Nb       22   41.05520   39.66837    0.05520    1.74974       -7632.69482
  Nb       23   41.00057   39.61374    0.00057    1.80360       -7632.72114
  Nb       24   41.04872   39.66189    0.04872    1.76041       -7632.70589
  Nb       25   40.99370   39.60688   -0.00630    1.80946       -7632.73822
  Nb       26   40.98151   39.59468   -0.01849    1.82223       -7632.73886
  Nb       27   40.94819   39.56136   -0.05181    1.85165       -7632.75606
  Nb       28   41.08073   39.69390    0.08073    1.72625       -7632.67909
  Nb       29   41.03670   39.64987    0.03670    1.77386       -7632.70263
  Nb       30   41.05451   39.66768    0.05451    1.74868       -7632.68970
  Nb       31   41.04062   39.65379    0.04062    1.76642       -7632.70564
  Nb       32   41.01745   39.63062    0.01745    1.79217       -7632.72269
  Mo       33   42.23216   40.84533    0.23216    1.66906       -8090.67290
  Mo       34   42.18685   40.80002    0.18685    1.70539       -8090.68528
  Mo       35   42.16655   40.77972    0.16655    1.72374       -8090.69541
  Mo       36   42.19513   40.80830    0.19513    1.70076       -8090.68447
  Mo       37   42.09517   40.70834    0.09517    1.79175       -8090.73645
  Mo       38   42.12624   40.73941    0.12624    1.76108       -8090.71419
  Mo       39   42.14087   40.75404    0.14087    1.74924       -8090.70705
  Mo       40   42.17575   40.78892    0.17575    1.71651       -8090.69740
  Mo       41   42.18258   40.79575    0.18258    1.70929       -8090.68601
  Mo       42   42.20541   40.81858    0.20541    1.69239       -8090.68395
  Mo       43   42.09866   40.71183    0.09866    1.78780       -8090.72287
  Mo       44   42.16645   40.77962    0.16645    1.72856       -8090.69828
  Mo       45   42.10964   40.72281    0.10964    1.77740       -8090.72342
  Mo       46   42.20031   40.81349    0.20031    1.69250       -8090.67862
  Mo       47   42.12473   40.73790    0.12473    1.76837       -8090.72389
  Mo       48   42.18384   40.79701    0.18384    1.70901       -8090.68680
  Ta       49   72.80046   71.41363   -0.19954    1.90597      -31233.10611
  Ta       50   72.85807   71.47124   -0.14193    1.85317      -31233.07334
  Ta       51   72.82544   71.43861   -0.17456    1.88547      -31233.09060
  Ta       52   72.93162   71.54479   -0.06838    1.78803      -31233.02610
  Ta       53   72.89170   71.50487   -0.10830    1.82522      -31233.05195
  Ta       54   72.89254   71.50571   -0.10746    1.82789      -31233.04903
  Ta       55   72.77029   71.38346   -0.22971    1.92952      -31233.11605
  Ta       56   72.89926   71.51244   -0.10074    1.81961      -31233.04802
  Ta       57   72.83454   71.44771   -0.16546    1.87741      -31233.08000
  Ta       58   72.87358   71.48675   -0.12642    1.83670      -31233.05522
  Ta       59   72.87855   71.49172   -0.12145    1.83362      -31233.05995
  Ta       60   72.92659   71.53976   -0.07341    1.79361      -31233.03708
  Ta       61   72.80090   71.41407   -0.19910    1.90578      -31233.10182
  Ta       62   72.88270   71.49587   -0.11730    1.83119      -31233.06166
  Ta       63   72.82444   71.43762   -0.17556    1.88297      -31233.08067
  Ta       64   72.83682   71.44999   -0.16318    1.87605      -31233.07843
