System Description            : WNbMoTaV, BCC structure                         
Number of Atoms in Unit Cell  : 40                                              
Number of Atomic Species      : 5                                               
Number of Atoms in Each Type  : 8(W), 8(Nb), 8(Mo), 8(Ta), 8(V)                 
Energy Offset                 : -16231                                          
=======================================================================================
    Iter     Energy      3PV     Efermi   Rms_rho    Rms_pot   Mix  Alg  Alpha 
---------------------------------------------------------------------------------------
**       1  -0.843044  1839.105  0.58124  0.140E+01  0.116E+00  pot  B   0.1000
         2  -1.180667  1816.544  0.59239  0.757E-02  0.243E+00  pot  B   0.1000
         3  -1.180055  1806.787  0.60358  0.495E-02  0.433E+00  pot  B   0.1000
         4  -1.418758  1796.530  0.61013  0.332E-02  0.125E+00  pot  B   0.1000
         5  -1.487387  1766.807  0.62102  0.998E-02  0.450E+00  pot  B   0.1000
         6  -1.682081  1743.978  0.62666  0.762E-02  0.107E+00  pot  B   0.1000
         7  -1.709037  1735.045  0.63183  0.335E-02  0.754E-01  pot  B   0.1000
         8  -1.731728  1727.082  0.63514  0.350E-02  0.301E-01  pot  B   0.1000
         9  -1.745991  1719.859  0.63670  0.350E-02  0.319E-01  pot  B   0.1000
        10  -1.756753  1709.972  0.63831  0.519E-02  0.287E-01  pot  B   0.1000
        11  -1.759124  1708.063  0.64008  0.122E-02  0.697E-02  pot  B   0.1000
        12  -1.759361  1707.399  0.64109  0.478E-03  0.659E-02  pot  B   0.1000
        13  -1.759513  1707.205  0.64202  0.224E-03  0.379E-02  pot  B   0.1000
        14  -1.759773  1706.886  0.64430  0.470E-03  0.381E-02  pot  B   0.1000
        15  -1.759818  1706.780  0.64581  0.256E-03  0.341E-02  pot  B   0.1000
        16  -1.759826  1706.737  0.64634  0.937E-04  0.851E-03  pot  B   0.1000
        17  -1.759826  1706.744  0.64642  0.443E-04  0.144E-02  pot  B   0.1000
        18  -1.759828  1706.758  0.64647  0.219E-04  0.116E-02  pot  B   0.1000
        19  -1.759831  1706.759  0.64655  0.254E-04  0.653E-03  pot  B   0.1000
        20  -1.759831  1706.795  0.64664  0.538E-04  0.347E-03  pot  B   0.1000
        21  -1.759830  1706.781  0.64667  0.152E-04  0.150E-03  pot  B   0.1000
        22  -1.759831  1706.787  0.64669  0.812E-05  0.138E-03  pot  B   0.1000
        23  -1.759831  1706.783  0.64672  0.104E-04  0.194E-03  pot  B   0.1000
        24  -1.759831  1706.781  0.64674  0.469E-05  0.898E-04  pot  B   0.1000
        25  -1.759831  1706.782  0.64676  0.237E-05  0.563E-04  pot  B   0.1000
        26  -1.759831  1706.783  0.64676  0.111E-05  0.211E-04  pot  B   0.1000
        27  -1.759831  1706.785  0.64676  0.758E-06  0.194E-04  pot  B   0.1000
        28  -1.759831  1706.790  0.64677  0.168E-05  0.167E-04  pot  B   0.1000
        29  -1.759831  1706.793  0.64677  0.145E-05  0.138E-04  pot  B   0.1000
        30  -1.759831  1706.793  0.64677  0.232E-06  0.138E-04  pot  B   0.1000
        31  -1.759831  1706.793  0.64677  0.285E-06  0.412E-05  pot  B   0.1000
        32  -1.759831  1706.793  0.64677  0.251E-06  0.526E-05  pot  B   0.1000
        33  -1.759831  1706.793  0.64677  0.163E-06  0.289E-05  pot  B   0.1000
        34  -1.759831  1706.793  0.64677  0.679E-07  0.291E-05  pot  B   0.1000
        35  -1.759831  1706.793  0.64677  0.292E-07  0.162E-05  pot  B   0.1000
        36  -1.759831  1706.793  0.64677  0.297E-07  0.927E-06  pot  B   0.1000
        37  -1.759831  1706.793  0.64677  0.367E-07  0.570E-06  pot  B   0.1000
        38  -1.759831  1706.793  0.64677  0.152E-07  0.771E-06  pot  B   0.1000
        39  -1.759831  1706.793  0.64677  0.143E-07  0.398E-06  pot  B   0.1000
        40  -1.759831  1706.793  0.64677  0.143E-07  0.512E-06  pot  B   0.1000
        41  -1.759831  1706.793  0.64677  0.714E-08  0.187E-06  pot  B   0.1000
        42  -1.759831  1706.793  0.64677  0.659E-08  0.107E-06  pot  B   0.1000
        43  -1.759831  1706.793  0.64677  0.356E-08  0.172E-06  pot  B   0.1000
        44  -1.759831  1706.793  0.64677  0.165E-08  0.287E-07  pot  B   0.1000
        45  -1.759831  1706.793  0.64677  0.196E-08  0.374E-07  pot  B   0.1000
        46  -1.759831  1706.793  0.64677  0.187E-08  0.284E-07  pot  B   0.1000
        47  -1.759831  1706.793  0.64677  0.204E-08  0.249E-07  pot  B   0.1000
        48  -1.759831  1706.793  0.64677  0.803E-09  0.120E-07  pot  B   0.1000
        49  -1.759831  1706.793  0.64677  0.504E-09  0.138E-07  pot  B   0.1000
        50  -1.759831  1706.793  0.64677  0.315E-09  0.635E-08  pot  B   0.1000
**      51  -1.759831  1706.793  0.64677  0.429E-12  0.635E-08  pot  B   0.1000
