System Description            : WNbMoTaTi, BCC structure                        
Number of Atoms in Unit Cell  : 320                                             
Number of Atomic Species      : 5                                               
Number of Atoms in Each Type  : 64(W), 64(Nb), 64(Mo), 64(Ta), 64(Ti)           
Energy Offset                 : -16193                                          
=======================================================================================
    Iter     Energy      3PV     Efermi   Rms_rho    Rms_pot   Mix  Alg  Alpha 
---------------------------------------------------------------------------------------
**       1  -0.752008  1839.797  0.54532  0.140E+01  0.221E+00  pot  B   0.1000
         2  -0.168023  1817.417  0.57963  0.780E-02  0.179E+01  pot  B   0.1000
         3  -1.075282  1815.476  0.57719  0.258E-02  0.365E+00  pot  B   0.1000
         4  -0.939694  1802.948  0.58708  0.486E-02  0.120E+01  pot  B   0.1000
         5  -1.089674  1793.012  0.59451  0.344E-02  0.917E+00  pot  B   0.1000
         6  -1.376261  1778.435  0.60427  0.484E-02  0.311E+00  pot  B   0.1000
         7  -1.460613  1761.453  0.61632  0.576E-02  0.345E+00  pot  B   0.1000
         8  -1.512663  1744.968  0.62714  0.568E-02  0.323E+00  pot  B   0.1000
         9  -1.553251  1733.938  0.63595  0.403E-02  0.201E+00  pot  B   0.1000
        10  -1.564296  1729.344  0.64016  0.196E-02  0.144E+00  pot  B   0.1000
        11  -1.573829  1726.091  0.64273  0.152E-02  0.895E-01  pot  B   0.1000
        12  -1.585009  1721.421  0.64613  0.236E-02  0.923E-01  pot  B   0.1000
        13  -1.596281  1714.661  0.65114  0.358E-02  0.964E-01  pot  B   0.1000
        14  -1.592987  1716.636  0.64951  0.994E-03  0.978E-01  pot  B   0.1000
        15  -1.602477  1708.276  0.65561  0.424E-02  0.497E-01  pot  B   0.1000
        16  -1.603180  1706.611  0.65727  0.101E-02  0.327E-01  pot  B   0.1000
        17  -1.603222  1706.576  0.65780  0.356E-03  0.420E-01  pot  B   0.1000
        18  -1.603580  1706.004  0.65834  0.217E-03  0.127E-01  pot  B   0.1000
        19  -1.603643  1706.123  0.65851  0.766E-04  0.122E-01  pot  B   0.1000
        20  -1.603780  1706.171  0.65913  0.201E-03  0.834E-02  pot  B   0.1000
        21  -1.603777  1706.205  0.65940  0.875E-04  0.151E-01  pot  B   0.1000
        22  -1.603893  1706.416  0.65999  0.148E-03  0.839E-02  pot  B   0.1000
        23  -1.603935  1706.459  0.66071  0.172E-03  0.751E-02  pot  B   0.1000
        24  -1.603945  1706.471  0.66099  0.530E-04  0.706E-02  pot  B   0.1000
        25  -1.603975  1706.584  0.66135  0.682E-04  0.318E-02  pot  B   0.1000
        26  -1.603988  1706.602  0.66167  0.508E-04  0.334E-02  pot  B   0.1000
        27  -1.603989  1706.550  0.66185  0.364E-04  0.392E-02  pot  B   0.1000
        28  -1.603999  1706.569  0.66208  0.410E-04  0.358E-02  pot  B   0.1000
        29  -1.604000  1706.544  0.66216  0.198E-04  0.302E-02  pot  B   0.1000
        30  -1.604001  1706.520  0.66224  0.233E-04  0.381E-02  pot  B   0.1000
        31  -1.604004  1706.503  0.66233  0.206E-04  0.240E-02  pot  B   0.1000
        32  -1.604006  1706.484  0.66242  0.168E-04  0.132E-02  pot  B   0.1000
        33  -1.604007  1706.448  0.66245  0.121E-04  0.139E-02  pot  B   0.1000
        34  -1.604008  1706.417  0.66253  0.173E-04  0.118E-02  pot  B   0.1000
        35  -1.604009  1706.388  0.66260  0.183E-04  0.153E-02  pot  B   0.1000
        36  -1.604010  1706.351  0.66268  0.182E-04  0.158E-02  pot  B   0.1000
        37  -1.604011  1706.338  0.66272  0.952E-05  0.120E-02  pot  B   0.1000
        38  -1.604012  1706.297  0.66280  0.209E-04  0.681E-03  pot  B   0.1000
        39  -1.604012  1706.276  0.66284  0.121E-04  0.102E-02  pot  B   0.1000
        40  -1.604013  1706.260  0.66287  0.901E-05  0.368E-03  pot  B   0.1000
        41  -1.604013  1706.250  0.66289  0.613E-05  0.511E-03  pot  B   0.1000
        42  -1.604013  1706.237  0.66291  0.917E-05  0.386E-03  pot  B   0.1000
        43  -1.604013  1706.235  0.66291  0.256E-05  0.693E-03  pot  B   0.1000
        44  -1.604013  1706.226  0.66292  0.548E-05  0.274E-03  pot  B   0.1000
        45  -1.604013  1706.220  0.66293  0.324E-05  0.323E-03  pot  B   0.1000
        46  -1.604013  1706.216  0.66293  0.272E-05  0.290E-03  pot  B   0.1000
        47  -1.604013  1706.213  0.66293  0.189E-05  0.290E-03  pot  B   0.1000
        48  -1.604013  1706.213  0.66293  0.124E-05  0.152E-03  pot  B   0.1000
        49  -1.604013  1706.212  0.66293  0.107E-05  0.128E-03  pot  B   0.1000
        50  -1.604013  1706.209  0.66293  0.127E-05  0.790E-04  pot  B   0.1000
        51  -1.604013  1706.208  0.66293  0.130E-05  0.131E-03  pot  B   0.1000
        52  -1.604013  1706.207  0.66293  0.835E-06  0.764E-04  pot  B   0.1000
        53  -1.604013  1706.206  0.66293  0.949E-06  0.120E-03  pot  B   0.1000
        54  -1.604013  1706.204  0.66293  0.142E-05  0.724E-04  pot  B   0.1000
        55  -1.604012  1706.203  0.66292  0.350E-06  0.111E-03  pot  B   0.1000
        56  -1.604012  1706.203  0.66292  0.544E-06  0.595E-04  pot  B   0.1000
        57  -1.604012  1706.203  0.66292  0.412E-06  0.551E-04  pot  B   0.1000
        58  -1.604012  1706.203  0.66292  0.505E-06  0.605E-04  pot  B   0.1000
        59  -1.604012  1706.204  0.66292  0.572E-06  0.681E-04  pot  B   0.1000
        60  -1.604012  1706.203  0.66292  0.337E-06  0.745E-04  pot  B   0.1000
        61  -1.604012  1706.204  0.66292  0.475E-06  0.493E-04  pot  B   0.1000
        62  -1.604012  1706.204  0.66292  0.517E-06  0.330E-04  pot  B   0.1000
        63  -1.604012  1706.205  0.66291  0.775E-06  0.348E-04  pot  B   0.1000
        64  -1.604012  1706.205  0.66291  0.184E-06  0.224E-04  pot  B   0.1000
        65  -1.604012  1706.205  0.66291  0.386E-06  0.242E-04  pot  B   0.1000
        66  -1.604012  1706.206  0.66291  0.328E-06  0.150E-04  pot  B   0.1000
        67  -1.604012  1706.206  0.66291  0.253E-06  0.263E-04  pot  B   0.1000
        68  -1.604012  1706.207  0.66291  0.201E-06  0.184E-04  pot  B   0.1000
        69  -1.604012  1706.207  0.66291  0.323E-06  0.227E-04  pot  B   0.1000
        70  -1.604012  1706.208  0.66291  0.368E-06  0.191E-04  pot  B   0.1000
        71  -1.604012  1706.208  0.66291  0.317E-06  0.158E-04  pot  B   0.1000
        72  -1.604012  1706.208  0.66291  0.118E-06  0.207E-04  pot  B   0.1000
        73  -1.604012  1706.209  0.66291  0.159E-06  0.137E-04  pot  B   0.1000
        74  -1.604012  1706.209  0.66290  0.151E-06  0.900E-05  pot  B   0.1000
        75  -1.604012  1706.209  0.66290  0.196E-06  0.775E-05  pot  B   0.1000
        76  -1.604012  1706.209  0.66290  0.585E-07  0.815E-05  pot  B   0.1000
        77  -1.604012  1706.210  0.66290  0.968E-07  0.763E-05  pot  B   0.1000
        78  -1.604012  1706.210  0.66290  0.105E-06  0.847E-05  pot  B   0.1000
        79  -1.604012  1706.210  0.66290  0.596E-07  0.875E-05  pot  B   0.1000
        80  -1.604012  1706.210  0.66290  0.479E-07  0.457E-05  pot  B   0.1000
        81  -1.604012  1706.210  0.66290  0.465E-07  0.477E-05  pot  B   0.1000
        82  -1.604012  1706.210  0.66290  0.347E-07  0.308E-05  pot  B   0.1000
        83  -1.604012  1706.210  0.66290  0.331E-07  0.352E-05  pot  B   0.1000
        84  -1.604012  1706.210  0.66290  0.282E-07  0.455E-05  pot  B   0.1000
        85  -1.604012  1706.210  0.66290  0.314E-07  0.386E-05  pot  B   0.1000
        86  -1.604012  1706.210  0.66290  0.225E-07  0.245E-05  pot  B   0.1000
        87  -1.604012  1706.210  0.66290  0.602E-07  0.343E-05  pot  B   0.1000
        88  -1.604012  1706.210  0.66290  0.338E-07  0.357E-05  pot  B   0.1000
        89  -1.604012  1706.210  0.66290  0.433E-07  0.326E-05  pot  B   0.1000
        90  -1.604012  1706.210  0.66290  0.269E-07  0.263E-05  pot  B   0.1000
        91  -1.604012  1706.210  0.66290  0.259E-07  0.241E-05  pot  B   0.1000
        92  -1.604012  1706.210  0.66290  0.249E-07  0.164E-05  pot  B   0.1000
        93  -1.604012  1706.210  0.66290  0.254E-07  0.165E-05  pot  B   0.1000
        94  -1.604012  1706.210  0.66290  0.288E-07  0.160E-05  pot  B   0.1000
        95  -1.604012  1706.210  0.66290  0.254E-07  0.161E-05  pot  B   0.1000
        96  -1.604012  1706.210  0.66290  0.323E-07  0.207E-05  pot  B   0.1000
        97  -1.604012  1706.210  0.66290  0.218E-07  0.157E-05  pot  B   0.1000
        98  -1.604012  1706.210  0.66290  0.173E-07  0.141E-05  pot  B   0.1000
        99  -1.604012  1706.210  0.66290  0.311E-07  0.118E-05  pot  B   0.1000
       100  -1.604012  1706.210  0.66290  0.119E-07  0.121E-05  pot  B   0.1000
       101  -1.604012  1706.210  0.66290  0.109E-07  0.811E-06  pot  B   0.1000
       102  -1.604012  1706.210  0.66290  0.843E-08  0.971E-06  pot  B   0.1000
       103  -1.604012  1706.210  0.66290  0.989E-08  0.111E-05  pot  B   0.1000
       104  -1.604012  1706.210  0.66290  0.662E-08  0.877E-06  pot  B   0.1000
       105  -1.604012  1706.210  0.66290  0.738E-08  0.695E-06  pot  B   0.1000
       106  -1.604012  1706.210  0.66290  0.814E-08  0.657E-06  pot  B   0.1000
       107  -1.604012  1706.210  0.66290  0.542E-08  0.493E-06  pot  B   0.1000
       108  -1.604012  1706.210  0.66290  0.650E-08  0.581E-06  pot  B   0.1000
       109  -1.604012  1706.210  0.66290  0.385E-08  0.358E-06  pot  B   0.1000
       110  -1.604012  1706.210  0.66290  0.266E-08  0.355E-06  pot  B   0.1000
       111  -1.604012  1706.210  0.66290  0.418E-08  0.258E-06  pot  B   0.1000
       112  -1.604012  1706.210  0.66290  0.515E-08  0.444E-06  pot  B   0.1000
       113  -1.604012  1706.210  0.66290  0.283E-08  0.375E-06  pot  B   0.1000
       114  -1.604012  1706.210  0.66290  0.268E-08  0.376E-06  pot  B   0.1000
       115  -1.604012  1706.210  0.66290  0.563E-08  0.426E-06  pot  B   0.1000
       116  -1.604012  1706.210  0.66290  0.208E-08  0.422E-06  pot  B   0.1000
       117  -1.604012  1706.210  0.66290  0.306E-08  0.326E-06  pot  B   0.1000
       118  -1.604012  1706.210  0.66290  0.295E-08  0.253E-06  pot  B   0.1000
       119  -1.604012  1706.210  0.66290  0.224E-08  0.179E-06  pot  B   0.1000
       120  -1.604012  1706.210  0.66290  0.245E-08  0.223E-06  pot  B   0.1000
       121  -1.604012  1706.210  0.66290  0.313E-08  0.188E-06  pot  B   0.1000
       122  -1.604012  1706.210  0.66290  0.127E-08  0.237E-06  pot  B   0.1000
       123  -1.604012  1706.210  0.66290  0.327E-08  0.140E-06  pot  B   0.1000
       124  -1.604012  1706.210  0.66290  0.483E-08  0.210E-06  pot  B   0.1000
       125  -1.604012  1706.210  0.66290  0.105E-08  0.163E-06  pot  B   0.1000
       126  -1.604012  1706.210  0.66290  0.104E-08  0.128E-06  pot  B   0.1000
       127  -1.604012  1706.210  0.66290  0.287E-08  0.139E-06  pot  B   0.1000
       128  -1.604012  1706.210  0.66290  0.730E-09  0.140E-06  pot  B   0.1000
       129  -1.604012  1706.210  0.66290  0.131E-08  0.108E-06  pot  B   0.1000
       130  -1.604012  1706.210  0.66290  0.866E-09  0.855E-07  pot  B   0.1000
       131  -1.604012  1706.210  0.66290  0.104E-08  0.902E-07  pot  B   0.1000
       132  -1.604012  1706.210  0.66290  0.134E-08  0.125E-06  pot  B   0.1000
       133  -1.604012  1706.210  0.66290  0.110E-08  0.702E-07  pot  B   0.1000
       134  -1.604012  1706.210  0.66290  0.488E-09  0.945E-07  pot  B   0.1000
       135  -1.604012  1706.210  0.66290  0.745E-09  0.368E-07  pot  B   0.1000
       136  -1.604012  1706.210  0.66290  0.948E-09  0.527E-07  pot  B   0.1000
       137  -1.604012  1706.210  0.66290  0.344E-09  0.480E-07  pot  B   0.1000
       138  -1.604012  1706.210  0.66290  0.262E-09  0.474E-07  pot  B   0.1000
       139  -1.604012  1706.210  0.66290  0.630E-09  0.420E-07  pot  B   0.1000
       140  -1.604012  1706.210  0.66290  0.362E-09  0.577E-07  pot  B   0.1000
       141  -1.604012  1706.210  0.66290  0.389E-09  0.397E-07  pot  B   0.1000
       142  -1.604012  1706.210  0.66290  0.334E-09  0.535E-07  pot  B   0.1000
       143  -1.604012  1706.210  0.66290  0.262E-09  0.396E-07  pot  B   0.1000
       144  -1.604012  1706.210  0.66290  0.348E-09  0.315E-07  pot  B   0.1000
       145  -1.604012  1706.210  0.66290  0.269E-09  0.166E-07  pot  B   0.1000
       146  -1.604012  1706.210  0.66290  0.146E-09  0.333E-07  pot  B   0.1000
       147  -1.604012  1706.210  0.66290  0.232E-09  0.179E-07  pot  B   0.1000
       148  -1.604012  1706.210  0.66290  0.429E-09  0.146E-07  pot  B   0.1000
       149  -1.604012  1706.210  0.66290  0.192E-09  0.216E-07  pot  B   0.1000
       150  -1.604012  1706.210  0.66290  0.285E-09  0.206E-07  pot  B   0.1000
**     151  -1.604012  1706.210  0.66290  0.552E-12  0.206E-07  pot  B   0.1000
**     152  -1.604012  1706.210  0.66290  0.552E-12  0.206E-07  pot  B   0.1000
