System Description            : WNbMoTa, BCC structure                          
Number of Atoms in Unit Cell  : 64                                              
Number of Atomic Species      : 4                                               
Number of Atoms in Each Type  : 16(W), 16(Nb), 16(Mo), 16(Ta)                   
Energy Offset                 : -19816                                          
=======================================================================================
    Iter     Energy      3PV     Efermi   Rms_rho    Rms_pot   Mix  Alg  Alpha 
---------------------------------------------------------------------------------------
**       1  -0.267369  2293.556  0.59488  0.140E+01  0.826E-01  pot  B   0.1000
         2  -0.633775  2265.245  0.60687  0.738E-02  0.932E-01  pot  B   0.1000
         3  -1.010550  2212.813  0.62750  0.137E-01  0.297E+00  pot  B   0.1000
         4  -1.165558  2183.762  0.64562  0.779E-02  0.114E+00  pot  B   0.1000
         5  -1.200014  2172.532  0.65933  0.325E-02  0.523E-01  pot  B   0.1000
         6  -1.234641  2157.022  0.67037  0.507E-02  0.374E-01  pot  B   0.1000
         7  -1.250862  2149.220  0.67529  0.296E-02  0.394E-01  pot  B   0.1000
         8  -1.269108  2138.386  0.68002  0.440E-02  0.244E-01  pot  B   0.1000
         9  -1.275273  2131.027  0.68369  0.330E-02  0.168E-01  pot  B   0.1000
        10  -1.275895  2129.104  0.68505  0.977E-03  0.102E-01  pot  B   0.1000
        11  -1.276056  2128.806  0.68561  0.219E-03  0.449E-02  pot  B   0.1000
        12  -1.276270  2128.502  0.68686  0.347E-03  0.303E-02  pot  B   0.1000
        13  -1.276436  2128.304  0.68871  0.383E-03  0.413E-02  pot  B   0.1000
        14  -1.276464  2128.203  0.68960  0.172E-03  0.119E-02  pot  B   0.1000
        15  -1.276470  2128.224  0.69001  0.766E-04  0.644E-03  pot  B   0.1000
        16  -1.276473  2128.244  0.69019  0.314E-04  0.419E-03  pot  B   0.1000
        17  -1.276477  2128.275  0.69044  0.484E-04  0.402E-03  pot  B   0.1000
        18  -1.276478  2128.319  0.69054  0.249E-04  0.250E-03  pot  B   0.1000
        19  -1.276478  2128.300  0.69058  0.875E-05  0.175E-03  pot  B   0.1000
        20  -1.276478  2128.303  0.69060  0.622E-05  0.117E-03  pot  B   0.1000
        21  -1.276478  2128.301  0.69061  0.559E-05  0.798E-04  pot  B   0.1000
        22  -1.276478  2128.293  0.69063  0.284E-05  0.564E-04  pot  B   0.1000
        23  -1.276478  2128.291  0.69063  0.965E-06  0.535E-04  pot  B   0.1000
        24  -1.276478  2128.286  0.69063  0.155E-05  0.296E-04  pot  B   0.1000
        25  -1.276478  2128.281  0.69064  0.242E-05  0.251E-04  pot  B   0.1000
        26  -1.276478  2128.279  0.69064  0.686E-06  0.230E-04  pot  B   0.1000
        27  -1.276478  2128.277  0.69064  0.903E-06  0.127E-04  pot  B   0.1000
        28  -1.276478  2128.276  0.69065  0.608E-06  0.935E-05  pot  B   0.1000
        29  -1.276478  2128.275  0.69065  0.556E-06  0.515E-05  pot  B   0.1000
        30  -1.276478  2128.275  0.69066  0.266E-06  0.405E-05  pot  B   0.1000
        31  -1.276478  2128.275  0.69066  0.114E-06  0.490E-05  pot  B   0.1000
        32  -1.276478  2128.275  0.69066  0.212E-06  0.369E-05  pot  B   0.1000
        33  -1.276478  2128.276  0.69066  0.134E-06  0.164E-05  pot  B   0.1000
        34  -1.276478  2128.276  0.69066  0.642E-07  0.912E-06  pot  B   0.1000
        35  -1.276478  2128.276  0.69066  0.272E-07  0.105E-05  pot  B   0.1000
        36  -1.276478  2128.276  0.69066  0.220E-07  0.556E-06  pot  B   0.1000
        37  -1.276478  2128.276  0.69066  0.413E-07  0.453E-06  pot  B   0.1000
        38  -1.276478  2128.276  0.69066  0.124E-07  0.425E-06  pot  B   0.1000
        39  -1.276478  2128.276  0.69066  0.123E-07  0.267E-06  pot  B   0.1000
        40  -1.276478  2128.276  0.69066  0.136E-07  0.213E-06  pot  B   0.1000
        41  -1.276478  2128.276  0.69066  0.109E-07  0.115E-06  pot  B   0.1000
        42  -1.276478  2128.276  0.69066  0.496E-08  0.115E-06  pot  B   0.1000
        43  -1.276478  2128.276  0.69066  0.529E-08  0.110E-06  pot  B   0.1000
        44  -1.276478  2128.276  0.69066  0.356E-08  0.725E-07  pot  B   0.1000
        45  -1.276478  2128.276  0.69066  0.290E-08  0.665E-07  pot  B   0.1000
        46  -1.276478  2128.276  0.69066  0.162E-08  0.388E-07  pot  B   0.1000
        47  -1.276478  2128.276  0.69066  0.127E-08  0.422E-07  pot  B   0.1000
        48  -1.276478  2128.276  0.69066  0.603E-09  0.256E-07  pot  B   0.1000
        49  -1.276478  2128.276  0.69066  0.109E-08  0.162E-07  pot  B   0.1000
        50  -1.276478  2128.276  0.69066  0.321E-09  0.182E-07  pot  B   0.1000
        51  -1.276478  2128.276  0.69066  0.166E-09  0.884E-08  pot  B   0.1000
**      52  -1.276478  2128.276  0.69066  0.433E-12  0.884E-08  pot  B   0.1000
