 Atom   Index      Q          Qmt        dQ        Vmad        Local Energy
  W         1   73.93117   72.62890   -0.06883    1.69496      -32312.50533
  W         2   73.86133   72.55906   -0.13867    1.75347      -32312.52391
  W         3   73.85396   72.55169   -0.14604    1.76261      -32312.52652
  W         4   73.76523   72.46296   -0.23477    1.84149      -32312.57482
  Nb        5   41.03224   39.72997    0.03224    1.61515       -7632.54569
  Nb        6   40.92461   39.62234   -0.07539    1.72655       -7632.60116
  Nb        7   41.03939   39.73712    0.03939    1.60410       -7632.52103
  Nb        8   40.80755   39.50528   -0.19245    1.83499       -7632.65297
  Mo        9   42.03511   40.73284    0.03511    1.70390       -8090.61853
  Mo       10   42.14440   40.84213    0.14440    1.60235       -8090.56724
  Mo       11   42.12298   40.82071    0.12298    1.60882       -8090.55501
  Mo       12   42.08058   40.77831    0.08058    1.65538       -8090.58841
  Ta       13   72.87089   71.56862   -0.12911    1.68789      -31232.89625
  Ta       14   72.91115   71.60888   -0.08885    1.64170      -31232.84699
  Ta       15   72.71745   71.41518   -0.28255    1.83597      -31232.98280
  Ta       16   72.80848   71.50621   -0.19152    1.74313      -31232.92213
  Ti       17   22.22926   20.92699    0.22926    1.65091       -1704.46657
  Ti       18   22.31722   21.01495    0.31722    1.54462       -1704.34990
  Ti       19   22.24710   20.94483    0.24710    1.62936       -1704.43199
  Ti       20   22.29992   20.99765    0.29992    1.56781       -1704.38752
