 Atom   Index      Q          Qmt        dQ        Vmad        Local Energy
  W         1   73.67756   72.37645   -0.32244    1.91768      -32312.60316
  W         2   73.94493   72.64382   -0.05507    1.65416      -32312.45189
  W         3   73.76387   72.46276   -0.23613    1.84014      -32312.56859
  W         4   73.88441   72.58330   -0.11559    1.72036      -32312.48788
  W         5   73.86769   72.56658   -0.13231    1.71290      -32312.47732
  W         6   73.89481   72.59370   -0.10519    1.69820      -32312.46696
  W         7   73.92580   72.62470   -0.07420    1.67228      -32312.45230
  W         8   73.78226   72.48116   -0.21774    1.81740      -32312.56195
  W         9   73.88041   72.57930   -0.11959    1.71744      -32312.49323
  W        10   73.93979   72.63869   -0.06021    1.66119      -32312.44962
  W        11   73.83469   72.53358   -0.16531    1.76234      -32312.51112
  W        12   73.96110   72.65999   -0.03890    1.63068      -32312.43119
  W        13   73.86201   72.56090   -0.13799    1.73463      -32312.49902
  W        14   73.92565   72.62454   -0.07435    1.65973      -32312.44449
  W        15   73.84306   72.54195   -0.15694    1.75096      -32312.50266
  W        16   73.92190   72.62079   -0.07810    1.66699      -32312.43581
  W        17   73.88935   72.58824   -0.11065    1.70820      -32312.48025
  W        18   73.79818   72.49707   -0.20182    1.79209      -32312.53754
  W        19   73.79235   72.49124   -0.20765    1.80962      -32312.54239
  W        20   73.85897   72.55786   -0.14103    1.72684      -32312.48854
  W        21   73.84758   72.54647   -0.15242    1.74711      -32312.50155
  W        22   73.72534   72.42424   -0.27466    1.86636      -32312.58190
  W        23   74.05667   72.75557    0.05667    1.53512      -32312.37387
  W        24   73.84274   72.54163   -0.15726    1.75372      -32312.50629
  W        25   73.79438   72.49327   -0.20562    1.79066      -32312.52632
  W        26   73.90563   72.60452   -0.09437    1.68801      -32312.46753
  W        27   73.78797   72.48686   -0.21203    1.80204      -32312.53714
  W        28   73.87899   72.57788   -0.12101    1.71104      -32312.47068
  W        29   73.80818   72.50707   -0.19182    1.78215      -32312.51900
  W        30   73.99855   72.69745   -0.00145    1.58700      -32312.39588
  W        31   73.84550   72.54439   -0.15450    1.74360      -32312.49525
  W        32   73.84403   72.54293   -0.15597    1.74965      -32312.49970
  W        33   73.93463   72.63352   -0.06537    1.65459      -32312.43969
  W        34   73.86874   72.56763   -0.13126    1.72667      -32312.49139
  W        35   73.91243   72.61132   -0.08757    1.68618      -32312.46975
  W        36   73.71627   72.41516   -0.28373    1.87391      -32312.56959
  W        37   73.65873   72.35762   -0.34127    1.94206      -32312.63074
  W        38   73.79300   72.49190   -0.20700    1.80061      -32312.54220
  W        39   73.74261   72.44151   -0.25739    1.86044      -32312.57644
  W        40   73.91350   72.61240   -0.08650    1.67776      -32312.46085
  W        41   73.73933   72.43822   -0.26067    1.85451      -32312.56778
  W        42   74.01621   72.71510    0.01621    1.58124      -32312.40624
  W        43   73.85432   72.55321   -0.14568    1.73306      -32312.49044
  W        44   73.88989   72.58878   -0.11011    1.69378      -32312.45318
  W        45   73.84935   72.54824   -0.15065    1.74591      -32312.50233
  W        46   73.84218   72.54108   -0.15782    1.75139      -32312.50510
  W        47   73.74406   72.44296   -0.25594    1.84939      -32312.55999
  W        48   73.86093   72.55983   -0.13907    1.73924      -32312.50635
  W        49   73.89888   72.59778   -0.10112    1.69509      -32312.47350
  W        50   73.84652   72.54541   -0.15348    1.75155      -32312.49957
  W        51   73.73943   72.43832   -0.26057    1.86017      -32312.57890
  W        52   73.97224   72.67113   -0.02776    1.62078      -32312.42412
  W        53   73.91547   72.61436   -0.08453    1.68853      -32312.47080
  W        54   73.82761   72.52650   -0.17239    1.76167      -32312.50599
  W        55   73.84254   72.54144   -0.15746    1.75043      -32312.50953
  W        56   73.89536   72.59425   -0.10464    1.70169      -32312.46694
  W        57   73.79880   72.49769   -0.20120    1.79668      -32312.52963
  W        58   73.79355   72.49244   -0.20645    1.79450      -32312.53823
  W        59   73.81015   72.50904   -0.18985    1.78074      -32312.52078
  W        60   73.93337   72.63227   -0.06663    1.66298      -32312.44774
  W        61   73.85092   72.54981   -0.14908    1.73905      -32312.48931
  W        62   73.94826   72.64716   -0.05174    1.64753      -32312.44147
  W        63   73.79121   72.49010   -0.20879    1.80927      -32312.55142
  W        64   73.85896   72.55785   -0.14104    1.73571      -32312.49127
  W        65   73.96633   72.66522   -0.03367    1.62249      -32312.40967
  W        66   73.80958   72.50848   -0.19042    1.77935      -32312.50960
  W        67   73.91062   72.60952   -0.08938    1.67111      -32312.44961
  W        68   73.89241   72.59130   -0.10759    1.70395      -32312.48320
  W        69   73.78103   72.47992   -0.21897    1.81521      -32312.54415
  W        70   73.92268   72.62158   -0.07732    1.66942      -32312.45052
  W        71   73.91842   72.61731   -0.08158    1.68002      -32312.46053
  W        72   73.85255   72.55144   -0.14745    1.74545      -32312.49850
  W        73   73.98559   72.68448   -0.01441    1.59459      -32312.39972
  W        74   73.94827   72.64717   -0.05173    1.63794      -32312.43700
  W        75   73.98151   72.68040   -0.01849    1.60544      -32312.39321
  W        76   73.97553   72.67442   -0.02447    1.61955      -32312.42977
  W        77   73.87052   72.56941   -0.12948    1.71996      -32312.48430
  W        78   73.84321   72.54210   -0.15679    1.75302      -32312.50232
  W        79   73.88438   72.58328   -0.11562    1.70946      -32312.47767
  W        80   73.84457   72.54347   -0.15543    1.75127      -32312.50643
  W        81   73.91264   72.61154   -0.08736    1.68098      -32312.45977
  W        82   74.02827   72.72716    0.02827    1.55803      -32312.38125
  W        83   73.76205   72.46095   -0.23795    1.83441      -32312.55653
  W        84   73.95407   72.65296   -0.04593    1.63567      -32312.42636
  W        85   73.96525   72.66414   -0.03475    1.63909      -32312.43280
  W        86   74.04462   72.74352    0.04462    1.54165      -32312.36879
  W        87   73.92580   72.62470   -0.07420    1.66820      -32312.44879
  W        88   73.85136   72.55026   -0.14864    1.74148      -32312.48753
  W        89   73.66787   72.36676   -0.33213    1.93481      -32312.62442
  W        90   73.92083   72.61972   -0.07917    1.67420      -32312.45301
  W        91   73.86973   72.56862   -0.13027    1.71349      -32312.46842
  W        92   73.94009   72.63898   -0.05991    1.65048      -32312.42688
  W        93   73.72011   72.41901   -0.27989    1.87231      -32312.58069
  W        94   73.87163   72.57052   -0.12837    1.72212      -32312.49022
  W        95   73.86631   72.56520   -0.13369    1.72344      -32312.48248
  W        96   73.73138   72.43027   -0.26862    1.86699      -32312.57446
  W        97   73.91210   72.61099   -0.08790    1.67558      -32312.45112
  W        98   73.97600   72.67489   -0.02400    1.61081      -32312.40635
  W        99   73.88011   72.57900   -0.11989    1.70621      -32312.47414
  W       100   73.77626   72.47515   -0.22374    1.81992      -32312.55319
  W       101   73.85267   72.55157   -0.14733    1.73936      -32312.49518
  W       102   73.76123   72.46012   -0.23877    1.83473      -32312.56026
  W       103   73.81356   72.51245   -0.18644    1.78458      -32312.53279
  W       104   73.80144   72.50033   -0.19856    1.78413      -32312.50969
  W       105   73.79131   72.49021   -0.20869    1.79941      -32312.53205
  W       106   73.88775   72.58665   -0.11225    1.70185      -32312.46289
  W       107   73.89988   72.59877   -0.10012    1.69222      -32312.46753
  W       108   73.93267   72.63157   -0.06733    1.66306      -32312.45209
  W       109   73.85512   72.55401   -0.14488    1.73634      -32312.49596
  W       110   73.88921   72.58811   -0.11079    1.70647      -32312.47665
  W       111   73.85134   72.55023   -0.14866    1.73768      -32312.49654
  W       112   74.01648   72.71537    0.01648    1.56840      -32312.38408
  W       113   73.73482   72.43371   -0.26518    1.85802      -32312.57151
  W       114   74.03148   72.73037    0.03148    1.55359      -32312.38046
  W       115   73.89412   72.59301   -0.10588    1.69036      -32312.45403
  W       116   73.88861   72.58751   -0.11139    1.69795      -32312.45493
  W       117   73.86967   72.56857   -0.13033    1.72476      -32312.48489
  W       118   73.88464   72.58353   -0.11536    1.70558      -32312.47232
  W       119   73.77985   72.47874   -0.22015    1.81265      -32312.54365
  W       120   73.95232   72.65121   -0.04768    1.64426      -32312.43071
  W       121   73.86745   72.56634   -0.13255    1.72479      -32312.47935
  W       122   73.95038   72.64927   -0.04962    1.64823      -32312.44566
  W       123   73.90275   72.60164   -0.09725    1.69022      -32312.45942
  W       124   73.83916   72.53805   -0.16084    1.75801      -32312.50685
  W       125   73.86771   72.56660   -0.13229    1.72723      -32312.48859
  W       126   73.84527   72.54416   -0.15473    1.73260      -32312.48896
  W       127   73.84754   72.54644   -0.15246    1.73802      -32312.47747
  W       128   73.97760   72.67650   -0.02240    1.60881      -32312.40857
  W       129   73.74381   72.44270   -0.25619    1.84893      -32312.56217
  W       130   73.80011   72.49900   -0.19989    1.80128      -32312.54068
  W       131   73.76040   72.45929   -0.23960    1.83035      -32312.54671
  W       132   73.74245   72.44134   -0.25755    1.84985      -32312.55895
  W       133   73.71968   72.41857   -0.28032    1.87660      -32312.57693
  W       134   73.85519   72.55409   -0.14481    1.73695      -32312.48796
  W       135   73.71834   72.41723   -0.28166    1.87790      -32312.58609
  W       136   73.97000   72.66890   -0.03000    1.63326      -32312.43498
  W       137   73.96395   72.66285   -0.03605    1.63305      -32312.43504
  W       138   73.78997   72.48886   -0.21003    1.81007      -32312.54598
  W       139   73.83898   72.53787   -0.16102    1.74579      -32312.48843
  W       140   73.90967   72.60856   -0.09033    1.68111      -32312.45859
  W       141   73.92494   72.62383   -0.07506    1.66864      -32312.45047
  W       142   73.78685   72.48574   -0.21315    1.80751      -32312.53658
  W       143   73.81293   72.51182   -0.18707    1.78788      -32312.52892
  W       144   73.84815   72.54705   -0.15185    1.74126      -32312.49854
  W       145   73.89571   72.59460   -0.10429    1.68815      -32312.46007
  W       146   73.96278   72.66167   -0.03722    1.62146      -32312.41014
  W       147   73.98510   72.68400   -0.01490    1.59757      -32312.39306
  W       148   73.71274   72.41164   -0.28726    1.87155      -32312.56690
  W       149   73.76936   72.46826   -0.23064    1.81976      -32312.54476
  W       150   73.74603   72.44492   -0.25397    1.84810      -32312.56261
  W       151   73.75314   72.45204   -0.24686    1.82931      -32312.55795
  W       152   73.99593   72.69482   -0.00407    1.58847      -32312.39266
  W       153   73.85928   72.55818   -0.14072    1.73019      -32312.48510
  W       154   73.86888   72.56777   -0.13112    1.71785      -32312.48035
  W       155   73.83433   72.53323   -0.16567    1.77061      -32312.52403
  W       156   73.87167   72.57056   -0.12833    1.72373      -32312.48749
  W       157   73.94554   72.64443   -0.05446    1.63759      -32312.42368
  W       158   73.84318   72.54208   -0.15682    1.75220      -32312.50373
  W       159   73.80999   72.50888   -0.19001    1.77803      -32312.51593
  W       160   73.79672   72.49562   -0.20328    1.80072      -32312.53636
  W       161   73.71359   72.41248   -0.28641    1.88519      -32312.59131
  W       162   73.90998   72.60888   -0.09002    1.67234      -32312.45163
  W       163   73.81587   72.51476   -0.18413    1.78700      -32312.52905
  W       164   73.91913   72.61802   -0.08087    1.66728      -32312.44293
  W       165   73.83642   72.53531   -0.16358    1.75125      -32312.49902
  W       166   73.90157   72.60046   -0.09843    1.68083      -32312.44401
  W       167   73.84931   72.54820   -0.15069    1.74070      -32312.50247
  W       168   73.89846   72.59735   -0.10154    1.68862      -32312.45749
  W       169   73.85534   72.55423   -0.14466    1.73907      -32312.49285
  W       170   73.86631   72.56521   -0.13369    1.71605      -32312.47169
  W       171   73.74194   72.44083   -0.25806    1.84712      -32312.55784
  W       172   73.86319   72.56208   -0.13681    1.72699      -32312.48639
  W       173   73.87766   72.57655   -0.12234    1.71912      -32312.48581
  W       174   73.78450   72.48339   -0.21550    1.81762      -32312.55310
  W       175   73.90492   72.60382   -0.09508    1.68207      -32312.46290
  W       176   73.95425   72.65315   -0.04575    1.64571      -32312.44863
  W       177   73.91366   72.61256   -0.08634    1.67339      -32312.45881
  W       178   73.93210   72.63099   -0.06790    1.66522      -32312.45890
  W       179   73.74604   72.44493   -0.25396    1.84852      -32312.56682
  W       180   73.91542   72.61431   -0.08458    1.67592      -32312.46040
  W       181   73.71430   72.41320   -0.28570    1.87870      -32312.58646
  W       182   73.84783   72.54672   -0.15217    1.74651      -32312.49760
  W       183   73.99410   72.69299   -0.00590    1.60493      -32312.41594
  W       184   73.77952   72.47841   -0.22048    1.81342      -32312.53797
  W       185   73.77759   72.47648   -0.22241    1.81215      -32312.53008
  W       186   73.90714   72.60603   -0.09286    1.68578      -32312.45934
  W       187   73.83262   72.53151   -0.16738    1.76107      -32312.51549
  W       188   73.87601   72.57490   -0.12399    1.70352      -32312.47553
  W       189   73.74983   72.44873   -0.25017    1.85081      -32312.57328
  W       190   73.95614   72.65503   -0.04386    1.62439      -32312.40737
  W       191   73.76844   72.46734   -0.23156    1.83074      -32312.55932
  W       192   73.74821   72.44710   -0.25179    1.85080      -32312.57264
  W       193   73.87529   72.57418   -0.12471    1.72231      -32312.49450
  W       194   73.94753   72.64642   -0.05247    1.65298      -32312.43909
  W       195   73.90554   72.60443   -0.09446    1.68823      -32312.46000
  W       196   73.85332   72.55221   -0.14668    1.73027      -32312.48393
  W       197   73.87216   72.57106   -0.12784    1.71605      -32312.48247
  W       198   73.85626   72.55515   -0.14374    1.73822      -32312.50000
  W       199   73.96101   72.65991   -0.03899    1.62712      -32312.42868
  W       200   73.86869   72.56758   -0.13131    1.72786      -32312.50088
  W       201   73.92814   72.62703   -0.07186    1.66597      -32312.45941
  W       202   73.83863   72.53752   -0.16137    1.75014      -32312.48928
  W       203   73.85964   72.55853   -0.14036    1.72432      -32312.47714
  W       204   73.76125   72.46014   -0.23875    1.82741      -32312.54097
  W       205   73.72840   72.42729   -0.27160    1.86319      -32312.56988
  W       206   73.75827   72.45716   -0.24173    1.83711      -32312.55754
  W       207   73.81682   72.51571   -0.18318    1.78142      -32312.52997
  W       208   73.77499   72.47388   -0.22501    1.82214      -32312.54720
  W       209   74.03546   72.73435    0.03546    1.56457      -32312.39402
  W       210   73.89059   72.58948   -0.10941    1.69456      -32312.45691
  W       211   73.90538   72.60427   -0.09462    1.68607      -32312.45679
  W       212   73.79804   72.49693   -0.20196    1.79876      -32312.53286
  W       213   73.87270   72.57159   -0.12730    1.71488      -32312.48068
  W       214   74.00452   72.70341    0.00452    1.59563      -32312.39935
  W       215   73.86111   72.56001   -0.13889    1.72611      -32312.48115
  W       216   73.82116   72.52005   -0.17884    1.78216      -32312.53747
  W       217   73.94704   72.64593   -0.05296    1.65228      -32312.44017
  W       218   73.79988   72.49877   -0.20012    1.79373      -32312.52399
  W       219   73.95991   72.65880   -0.04009    1.61887      -32312.40931
  W       220   73.91247   72.61137   -0.08753    1.67676      -32312.44305
  W       221   73.88573   72.58462   -0.11427    1.70051      -32312.46615
  W       222   73.86770   72.56660   -0.13230    1.72514      -32312.47878
  W       223   73.98451   72.68340   -0.01549    1.61270      -32312.42221
  W       224   73.97555   72.67444   -0.02445    1.61532      -32312.41154
  W       225   73.89595   72.59484   -0.10405    1.68554      -32312.44774
  W       226   73.80596   72.50485   -0.19404    1.78358      -32312.53005
  W       227   73.79203   72.49092   -0.20797    1.80055      -32312.52617
  W       228   73.91066   72.60955   -0.08934    1.67935      -32312.45691
  W       229   73.89205   72.59094   -0.10795    1.69571      -32312.46387
  W       230   73.85286   72.55175   -0.14714    1.74671      -32312.49636
  W       231   73.85197   72.55086   -0.14803    1.73058      -32312.49104
  W       232   73.61083   72.30972   -0.38917    1.99293      -32312.66430
  W       233   73.92603   72.62492   -0.07397    1.66661      -32312.45000
  W       234   73.84576   72.54465   -0.15424    1.74919      -32312.49746
  W       235   73.84341   72.54230   -0.15659    1.74227      -32312.48802
  W       236   73.75337   72.45226   -0.24663    1.85013      -32312.57447
  W       237   73.84574   72.54463   -0.15426    1.74029      -32312.48965
  W       238   73.86543   72.56432   -0.13457    1.73174      -32312.49987
  W       239   73.74548   72.44437   -0.25452    1.85669      -32312.57440
  W       240   73.92017   72.61906   -0.07983    1.66800      -32312.45364
  W       241   73.70879   72.40769   -0.29121    1.89235      -32312.60085
  W       242   73.86268   72.56157   -0.13732    1.73131      -32312.49379
  W       243   73.76345   72.46234   -0.23655    1.81940      -32312.53649
  W       244   73.92180   72.62070   -0.07820    1.66522      -32312.44165
  W       245   73.75353   72.45242   -0.24647    1.84254      -32312.56061
  W       246   73.79209   72.49099   -0.20791    1.79451      -32312.51920
  W       247   73.85008   72.54897   -0.14992    1.74324      -32312.49718
  W       248   73.93531   72.63421   -0.06469    1.64344      -32312.43338
  W       249   73.90893   72.60783   -0.09107    1.69355      -32312.47851
  W       250   73.89979   72.59868   -0.10021    1.70484      -32312.48730
  W       251   73.84405   72.54294   -0.15595    1.75584      -32312.50825
  W       252   73.83164   72.53054   -0.16836    1.76755      -32312.52473
  W       253   73.90408   72.60298   -0.09592    1.68967      -32312.46124
  W       254   73.82345   72.52234   -0.17655    1.76696      -32312.50714
  W       255   73.79057   72.48946   -0.20943    1.80409      -32312.53940
  W       256   73.85570   72.55460   -0.14430    1.73589      -32312.49063
  Nb      257   40.78381   39.48271   -0.21619    1.84591       -7632.65417
  Nb      258   40.86952   39.56841   -0.13048    1.75178       -7632.59872
  Nb      259   40.90030   39.59919   -0.09970    1.72333       -7632.58919
  Nb      260   40.78181   39.48070   -0.21819    1.85085       -7632.67202
  Nb      261   40.88054   39.57944   -0.11946    1.74838       -7632.60672
  Nb      262   40.84649   39.54538   -0.15351    1.78545       -7632.62238
  Nb      263   40.94839   39.64729   -0.05161    1.67868       -7632.56013
  Nb      264   40.96906   39.66795   -0.03094    1.65687       -7632.54795
  Nb      265   41.03090   39.72980    0.03090    1.59353       -7632.50311
  Nb      266   40.81749   39.51639   -0.18251    1.80873       -7632.63813
  Nb      267   41.00533   39.70422    0.00533    1.62129       -7632.52087
  Nb      268   40.81986   39.51875   -0.18014    1.80534       -7632.64243
  Nb      269   40.99349   39.69239   -0.00651    1.63141       -7632.52567
  Nb      270   40.91647   39.61536   -0.08353    1.70920       -7632.57495
  Nb      271   40.86790   39.56679   -0.13210    1.76171       -7632.60746
  Nb      272   40.82603   39.52492   -0.17397    1.79839       -7632.63462
  Nb      273   40.93005   39.62894   -0.06995    1.69803       -7632.56417
  Nb      274   40.84739   39.54628   -0.15261    1.78036       -7632.61944
  Nb      275   40.96281   39.66170   -0.03719    1.65957       -7632.55327
  Nb      276   41.06346   39.76235    0.06346    1.56689       -7632.49376
  Nb      277   40.81209   39.51098   -0.18791    1.81721       -7632.64457
  Nb      278   40.82190   39.52079   -0.17810    1.80641       -7632.63389
  Nb      279   40.90775   39.60664   -0.09225    1.71675       -7632.57015
  Nb      280   40.94318   39.64207   -0.05682    1.68227       -7632.55197
  Nb      281   40.93651   39.63541   -0.06349    1.69310       -7632.56895
  Nb      282   40.90679   39.60568   -0.09321    1.71344       -7632.57053
  Nb      283   40.92006   39.61895   -0.07994    1.70551       -7632.57769
  Nb      284   40.85606   39.55495   -0.14394    1.77727       -7632.62485
  Nb      285   40.91406   39.61296   -0.08594    1.71427       -7632.57042
  Nb      286   41.01713   39.71602    0.01713    1.61135       -7632.51209
  Nb      287   40.85976   39.55865   -0.14024    1.76614       -7632.60456
  Nb      288   40.90634   39.60523   -0.09366    1.72533       -7632.58259
  Nb      289   41.09010   39.78899    0.09010    1.53742       -7632.46531
  Nb      290   40.84994   39.54883   -0.15006    1.77802       -7632.62377
  Nb      291   40.76803   39.46692   -0.23197    1.85368       -7632.66660
  Nb      292   40.95245   39.65135   -0.04755    1.67932       -7632.55885
  Nb      293   40.86792   39.56682   -0.13208    1.75800       -7632.60427
  Nb      294   40.98127   39.68016   -0.01873    1.64655       -7632.54245
  Nb      295   40.99454   39.69343   -0.00546    1.62662       -7632.51526
  Nb      296   40.96429   39.66318   -0.03571    1.65746       -7632.53725
  Nb      297   40.95401   39.65291   -0.04599    1.66708       -7632.55544
  Nb      298   41.01393   39.71282    0.01393    1.60979       -7632.51145
  Nb      299   41.10793   39.80682    0.10793    1.52105       -7632.46331
  Nb      300   40.91973   39.61863   -0.08027    1.70185       -7632.56913
  Nb      301   40.84458   39.54347   -0.15542    1.77151       -7632.60227
  Nb      302   40.89137   39.59027   -0.10863    1.73387       -7632.60023
  Nb      303   40.89951   39.59840   -0.10049    1.72433       -7632.58777
  Nb      304   40.96973   39.66863   -0.03027    1.65302       -7632.54510
  Nb      305   40.76249   39.46138   -0.23751    1.86673       -7632.66587
  Nb      306   40.81260   39.51149   -0.18740    1.81983       -7632.64768
  Nb      307   40.94984   39.64873   -0.05016    1.67243       -7632.55968
  Nb      308   40.67172   39.37061   -0.32828    1.95282       -7632.72106
  Nb      309   40.82817   39.52706   -0.17183    1.79785       -7632.62303
  Nb      310   40.84778   39.54668   -0.15222    1.77624       -7632.61869
  Nb      311   40.98472   39.68361   -0.01528    1.64225       -7632.53594
  Nb      312   41.06737   39.76626    0.06737    1.56284       -7632.48532
  Nb      313   40.85995   39.55884   -0.14005    1.76340       -7632.61504
  Nb      314   40.97804   39.67693   -0.02196    1.64635       -7632.54543
  Nb      315   41.01149   39.71039    0.01149    1.61354       -7632.49962
  Nb      316   40.90432   39.60321   -0.09568    1.72056       -7632.57639
  Nb      317   40.83366   39.53256   -0.16634    1.79814       -7632.64031
  Nb      318   40.89838   39.59727   -0.10162    1.73423       -7632.59931
  Nb      319   41.01908   39.71797    0.01908    1.60473       -7632.50075
  Nb      320   40.88427   39.58316   -0.11573    1.73958       -7632.58831
  Nb      321   41.01235   39.71124    0.01235    1.61007       -7632.51280
  Nb      322   41.04486   39.74375    0.04486    1.58667       -7632.50459
  Nb      323   40.75412   39.45301   -0.24588    1.87769       -7632.67199
  Nb      324   40.95582   39.65471   -0.04418    1.66560       -7632.54117
  Nb      325   41.02926   39.72816    0.02926    1.59339       -7632.50546
  Nb      326   40.91662   39.61551   -0.08338    1.70753       -7632.57184
  Nb      327   40.70190   39.40080   -0.29810    1.93020       -7632.71499
  Nb      328   40.61768   39.31658   -0.38232    2.01201       -7632.75744
  Nb      329   40.93086   39.62976   -0.06914    1.68855       -7632.55763
  Nb      330   41.01210   39.71099    0.01210    1.60982       -7632.52309
  Nb      331   40.89347   39.59236   -0.10653    1.72890       -7632.58914
  Nb      332   40.87745   39.57635   -0.12255    1.74716       -7632.59613
  Nb      333   40.93913   39.63802   -0.06087    1.68729       -7632.56724
  Nb      334   40.96190   39.66079   -0.03810    1.65132       -7632.53663
  Nb      335   40.94727   39.64617   -0.05273    1.66937       -7632.53818
  Nb      336   40.92868   39.62757   -0.07132    1.70089       -7632.56979
  Nb      337   41.04628   39.74517    0.04628    1.58254       -7632.51057
  Nb      338   40.97235   39.67124   -0.02765    1.65674       -7632.55518
  Nb      339   40.94168   39.64058   -0.05832    1.68840       -7632.55498
  Nb      340   40.99709   39.69598   -0.00291    1.63224       -7632.52082
  Nb      341   40.87015   39.56904   -0.12985    1.76132       -7632.61670
  Nb      342   40.82329   39.52218   -0.17671    1.80498       -7632.63010
  Nb      343   40.62409   39.32298   -0.37591    2.00125       -7632.75127
  Nb      344   40.84449   39.54339   -0.15551    1.78331       -7632.63013
  Nb      345   40.80672   39.50561   -0.19328    1.81988       -7632.64753
  Nb      346   40.89402   39.59291   -0.10598    1.73519       -7632.59349
  Nb      347   40.92215   39.62104   -0.07785    1.70558       -7632.56751
  Nb      348   40.91198   39.61087   -0.08802    1.71711       -7632.57028
  Nb      349   40.93558   39.63447   -0.06442    1.69181       -7632.56154
  Nb      350   41.06182   39.76072    0.06182    1.57250       -7632.49222
  Nb      351   40.91528   39.61417   -0.08472    1.71593       -7632.58019
  Nb      352   40.92341   39.62230   -0.07659    1.69883       -7632.56963
  Nb      353   40.80039   39.49928   -0.19961    1.82307       -7632.64117
  Nb      354   40.96611   39.66501   -0.03389    1.66194       -7632.54818
  Nb      355   40.87591   39.57481   -0.12409    1.74907       -7632.60071
  Nb      356   40.95632   39.65521   -0.04368    1.67473       -7632.56022
  Nb      357   40.93434   39.63323   -0.06566    1.68793       -7632.56013
  Nb      358   40.92094   39.61983   -0.07906    1.70982       -7632.57416
  Nb      359   40.83299   39.53188   -0.16701    1.79061       -7632.62685
  Nb      360   41.07461   39.77350    0.07461    1.55363       -7632.47997
  Nb      361   40.96819   39.66708   -0.03181    1.65949       -7632.53478
  Nb      362   40.84394   39.54283   -0.15606    1.78017       -7632.61400
  Nb      363   40.86154   39.56043   -0.13846    1.76765       -7632.61153
  Nb      364   40.75765   39.45655   -0.24235    1.86885       -7632.66969
  Nb      365   40.83316   39.53205   -0.16684    1.79203       -7632.63038
  Nb      366   40.90760   39.60649   -0.09240    1.71276       -7632.56826
  Nb      367   40.94848   39.64738   -0.05152    1.67755       -7632.55926
  Nb      368   40.94385   39.64275   -0.05615    1.68450       -7632.56048
  Nb      369   40.94197   39.64086   -0.05803    1.68957       -7632.57352
  Nb      370   40.84682   39.54571   -0.15318    1.78205       -7632.62610
  Nb      371   41.06096   39.75985    0.06096    1.56763       -7632.48128
  Nb      372   41.05896   39.75785    0.05896    1.55720       -7632.47668
  Nb      373   40.72145   39.42034   -0.27855    1.90985       -7632.70448
  Nb      374   40.86301   39.56191   -0.13699    1.76617       -7632.60519
  Nb      375   40.86497   39.56386   -0.13503    1.76039       -7632.60545
  Nb      376   40.87669   39.57558   -0.12331    1.75327       -7632.60125
  Nb      377   41.02936   39.72825    0.02936    1.59663       -7632.51386
  Nb      378   40.71991   39.41880   -0.28009    1.90295       -7632.69096
  Nb      379   40.89551   39.59440   -0.10449    1.72736       -7632.57858
  Nb      380   40.92995   39.62885   -0.07005    1.69471       -7632.56398
  Nb      381   41.00841   39.70730    0.00841    1.62624       -7632.52667
  Nb      382   40.92492   39.62381   -0.07508    1.69958       -7632.56598
  Nb      383   40.92594   39.62483   -0.07406    1.70555       -7632.57873
  Nb      384   40.98064   39.67954   -0.01936    1.64029       -7632.51654
  Nb      385   40.96564   39.66453   -0.03436    1.66098       -7632.53901
  Nb      386   40.78917   39.48806   -0.21083    1.84068       -7632.65993
  Nb      387   40.94454   39.64343   -0.05546    1.68323       -7632.56073
  Nb      388   40.85541   39.55430   -0.14459    1.77121       -7632.60849
  Nb      389   40.86848   39.56737   -0.13152    1.75489       -7632.60917
  Nb      390   41.02369   39.72258    0.02369    1.60168       -7632.51021
  Nb      391   40.89962   39.59851   -0.10038    1.73155       -7632.58400
  Nb      392   40.79462   39.49351   -0.20538    1.82389       -7632.63607
  Nb      393   40.91969   39.61859   -0.08031    1.70784       -7632.57256
  Nb      394   40.89787   39.59676   -0.10213    1.72711       -7632.57635
  Nb      395   40.74138   39.44027   -0.25862    1.88106       -7632.68089
  Nb      396   40.81302   39.51191   -0.18698    1.81453       -7632.63178
  Nb      397   40.89627   39.59516   -0.10373    1.72459       -7632.56835
  Nb      398   40.96672   39.66561   -0.03328    1.66411       -7632.55704
  Nb      399   40.97286   39.67175   -0.02714    1.64898       -7632.53175
  Nb      400   40.79672   39.49562   -0.20328    1.82866       -7632.65817
  Nb      401   40.97605   39.67494   -0.02395    1.64250       -7632.52556
  Nb      402   40.97769   39.67659   -0.02231    1.65190       -7632.53095
  Nb      403   40.88367   39.58256   -0.11633    1.74238       -7632.59041
  Nb      404   41.03118   39.73008    0.03118    1.59140       -7632.50792
  Nb      405   40.81979   39.51868   -0.18021    1.80363       -7632.62917
  Nb      406   41.00647   39.70536    0.00647    1.62507       -7632.52200
  Nb      407   41.03289   39.73178    0.03289    1.58843       -7632.50705
  Nb      408   40.93688   39.63578   -0.06312    1.68766       -7632.56089
  Nb      409   40.81413   39.51303   -0.18587    1.80902       -7632.64659
  Nb      410   40.94064   39.63953   -0.05936    1.68875       -7632.56743
  Nb      411   40.74885   39.44774   -0.25115    1.87532       -7632.67279
  Nb      412   40.85485   39.55374   -0.14515    1.77444       -7632.61922
  Nb      413   40.99075   39.68965   -0.00925    1.63632       -7632.52774
  Nb      414   40.86292   39.56181   -0.13708    1.75725       -7632.59570
  Nb      415   40.86919   39.56809   -0.13081    1.75590       -7632.60895
  Nb      416   40.89049   39.58938   -0.10951    1.73799       -7632.58183
  Nb      417   40.85034   39.54923   -0.14966    1.77561       -7632.61891
  Nb      418   40.79759   39.49648   -0.20241    1.82275       -7632.63380
  Nb      419   41.05360   39.75249    0.05360    1.57227       -7632.48966
  Nb      420   40.93733   39.63622   -0.06267    1.69349       -7632.56657
  Nb      421   40.84043   39.53933   -0.15957    1.78935       -7632.61698
  Nb      422   40.89823   39.59713   -0.10177    1.72981       -7632.58686
  Nb      423   40.90073   39.59963   -0.09927    1.72345       -7632.58025
  Nb      424   41.02804   39.72694    0.02804    1.59646       -7632.50436
  Nb      425   40.95154   39.65043   -0.04846    1.67275       -7632.54744
  Nb      426   40.96768   39.66657   -0.03232    1.66911       -7632.55804
  Nb      427   40.69453   39.39342   -0.30547    1.93106       -7632.71406
  Nb      428   40.81190   39.51079   -0.18810    1.81638       -7632.63844
  Nb      429   40.96364   39.66253   -0.03636    1.66402       -7632.55805
  Nb      430   40.95345   39.65235   -0.04655    1.66517       -7632.54675
  Nb      431   40.86526   39.56415   -0.13474    1.75862       -7632.60332
  Nb      432   40.92492   39.62382   -0.07508    1.70108       -7632.56900
  Nb      433   40.88269   39.58159   -0.11731    1.74517       -7632.59630
  Nb      434   40.98471   39.68360   -0.01529    1.64617       -7632.55016
  Nb      435   40.87719   39.57609   -0.12281    1.75069       -7632.59811
  Nb      436   40.93384   39.63273   -0.06616    1.68642       -7632.55341
  Nb      437   40.97227   39.67116   -0.02773    1.64929       -7632.54676
  Nb      438   40.84787   39.54676   -0.15213    1.77762       -7632.60819
  Nb      439   40.85702   39.55592   -0.14298    1.77173       -7632.61314
  Nb      440   40.79463   39.49352   -0.20537    1.82923       -7632.64292
  Nb      441   41.01424   39.71313    0.01424    1.61811       -7632.52982
  Nb      442   40.90474   39.60363   -0.09526    1.72804       -7632.58105
  Nb      443   40.85951   39.55840   -0.14049    1.77012       -7632.61470
  Nb      444   41.04424   39.74313    0.04424    1.59014       -7632.50952
  Nb      445   40.89620   39.59509   -0.10380    1.72872       -7632.59324
  Nb      446   41.01739   39.71628    0.01739    1.59731       -7632.50830
  Nb      447   41.00530   39.70419    0.00530    1.61800       -7632.51840
  Nb      448   40.86337   39.56226   -0.13663    1.76526       -7632.61313
  Nb      449   40.99919   39.69808   -0.00081    1.63202       -7632.53300
  Nb      450   41.05913   39.75802    0.05913    1.56983       -7632.49236
  Nb      451   40.88315   39.58204   -0.11685    1.74340       -7632.59384
  Nb      452   41.05818   39.75707    0.05818    1.56138       -7632.49550
  Nb      453   40.97301   39.67190   -0.02699    1.64706       -7632.53725
  Nb      454   40.89375   39.59264   -0.10625    1.73225       -7632.59498
  Nb      455   40.97037   39.66926   -0.02963    1.65996       -7632.54746
  Nb      456   41.02452   39.72341    0.02452    1.61033       -7632.51823
  Nb      457   40.93730   39.63619   -0.06270    1.68714       -7632.55986
  Nb      458   40.96725   39.66615   -0.03275    1.65058       -7632.53170
  Nb      459   40.99469   39.69359   -0.00531    1.63256       -7632.51949
  Nb      460   40.92721   39.62610   -0.07279    1.70035       -7632.57364
  Nb      461   40.90317   39.60206   -0.09683    1.72156       -7632.58219
  Nb      462   40.80681   39.50570   -0.19319    1.82048       -7632.65447
  Nb      463   40.82028   39.51917   -0.17972    1.80622       -7632.63891
  Nb      464   40.72562   39.42452   -0.27438    1.90157       -7632.69242
  Nb      465   40.85189   39.55078   -0.14811    1.77437       -7632.60506
  Nb      466   40.94681   39.64570   -0.05319    1.68421       -7632.56318
  Nb      467   40.90230   39.60120   -0.09770    1.72614       -7632.59252
  Nb      468   40.82712   39.52601   -0.17288    1.79573       -7632.62518
  Nb      469   40.95373   39.65263   -0.04627    1.66278       -7632.54675
  Nb      470   41.02184   39.72073    0.02184    1.60551       -7632.50734
  Nb      471   40.97521   39.67411   -0.02479    1.65536       -7632.54275
  Nb      472   41.00998   39.70887    0.00998    1.61430       -7632.50796
  Nb      473   40.83601   39.53490   -0.16399    1.79456       -7632.62086
  Nb      474   40.74960   39.44849   -0.25040    1.87813       -7632.66845
  Nb      475   40.93935   39.63825   -0.06065    1.67760       -7632.54609
  Nb      476   40.74805   39.44694   -0.25195    1.87581       -7632.67506
  Nb      477   40.98716   39.68605   -0.01284    1.64120       -7632.53645
  Nb      478   40.72962   39.42851   -0.27038    1.89761       -7632.68866
  Nb      479   40.95385   39.65275   -0.04615    1.66678       -7632.53331
  Nb      480   40.81434   39.51323   -0.18566    1.80872       -7632.64459
  Nb      481   40.96806   39.66695   -0.03194    1.65642       -7632.54596
  Nb      482   40.72250   39.42139   -0.27750    1.89976       -7632.69242
  Nb      483   40.96488   39.66377   -0.03512    1.65426       -7632.53103
  Nb      484   40.89502   39.59391   -0.10498    1.73378       -7632.59091
  Nb      485   40.66743   39.36632   -0.33257    1.96121       -7632.72739
  Nb      486   40.63750   39.33639   -0.36250    1.98969       -7632.73531
  Nb      487   40.94822   39.64712   -0.05178    1.67579       -7632.55826
  Nb      488   40.76763   39.46652   -0.23237    1.85774       -7632.66861
  Nb      489   40.98856   39.68745   -0.01144    1.63216       -7632.52674
  Nb      490   41.00490   39.70379    0.00490    1.62433       -7632.52760
  Nb      491   40.94735   39.64625   -0.05265    1.68010       -7632.55750
  Nb      492   40.93583   39.63472   -0.06417    1.69248       -7632.56744
  Nb      493   40.76929   39.46818   -0.23071    1.85676       -7632.67479
  Nb      494   40.92877   39.62766   -0.07123    1.69920       -7632.56326
  Nb      495   41.05620   39.75509    0.05620    1.57196       -7632.48923
  Nb      496   40.97474   39.67363   -0.02526    1.64675       -7632.52868
  Nb      497   40.86875   39.56764   -0.13125    1.75936       -7632.60878
  Nb      498   41.01124   39.71013    0.01124    1.61624       -7632.52143
  Nb      499   40.75777   39.45666   -0.24223    1.87004       -7632.67247
  Nb      500   40.92584   39.62473   -0.07416    1.70706       -7632.58402
  Nb      501   40.97162   39.67051   -0.02838    1.64519       -7632.52617
  Nb      502   40.95713   39.65602   -0.04287    1.67638       -7632.56368
  Nb      503   40.77468   39.47357   -0.22532    1.85260       -7632.67213
  Nb      504   40.88264   39.58154   -0.11736    1.74380       -7632.59613
  Nb      505   40.97644   39.67533   -0.02356    1.65342       -7632.53714
  Nb      506   40.90429   39.60318   -0.09571    1.71895       -7632.57901
  Nb      507   40.86424   39.56313   -0.13576    1.76436       -7632.60463
  Nb      508   41.02535   39.72424    0.02535    1.60054       -7632.50654
  Nb      509   40.96612   39.66502   -0.03388    1.65994       -7632.55406
  Nb      510   40.97144   39.67033   -0.02856    1.65950       -7632.54742
  Nb      511   40.96036   39.65925   -0.03964    1.66615       -7632.55248
  Nb      512   40.91884   39.61774   -0.08116    1.70555       -7632.57165
  Mo      513   42.16738   40.86627    0.16738    1.54999       -8090.50724
  Mo      514   41.86281   40.56171   -0.13719    1.85966       -8090.67955
  Mo      515   42.10073   40.79963    0.10073    1.60870       -8090.53525
  Mo      516   41.91548   40.61437   -0.08452    1.81188       -8090.65644
  Mo      517   42.02537   40.72427    0.02537    1.69614       -8090.59616
  Mo      518   42.03031   40.72921    0.03031    1.69245       -8090.59259
  Mo      519   42.14201   40.84090    0.14201    1.57909       -8090.51933
  Mo      520   42.13849   40.83738    0.13849    1.58295       -8090.52151
  Mo      521   41.99398   40.69287   -0.00602    1.72199       -8090.59704
  Mo      522   42.03463   40.73352    0.03463    1.67804       -8090.58058
  Mo      523   42.13792   40.83682    0.13792    1.57673       -8090.51225
  Mo      524   41.95516   40.65405   -0.04484    1.75716       -8090.60793
  Mo      525   42.14563   40.84453    0.14563    1.57559       -8090.51518
  Mo      526   42.14956   40.84845    0.14956    1.56349       -8090.50904
  Mo      527   41.95996   40.65885   -0.04004    1.75892       -8090.61833
  Mo      528   41.95636   40.65526   -0.04364    1.76337       -8090.62737
  Mo      529   42.10309   40.80199    0.10309    1.61821       -8090.54586
  Mo      530   42.04731   40.74620    0.04731    1.67654       -8090.58309
  Mo      531   42.00692   40.70581    0.00692    1.70972       -8090.59740
  Mo      532   42.14171   40.84060    0.14171    1.58110       -8090.52476
  Mo      533   42.17342   40.87231    0.17342    1.53913       -8090.49257
  Mo      534   42.03622   40.73511    0.03622    1.68207       -8090.58546
  Mo      535   42.05706   40.75596    0.05706    1.66790       -8090.58311
  Mo      536   42.16010   40.85899    0.16010    1.55507       -8090.50338
  Mo      537   41.98642   40.68532   -0.01358    1.73934       -8090.62011
  Mo      538   42.05949   40.75838    0.05949    1.65618       -8090.56816
  Mo      539   42.08751   40.78641    0.08751    1.62712       -8090.54431
  Mo      540   42.02466   40.72355    0.02466    1.68658       -8090.58335
  Mo      541   41.94531   40.64420   -0.05469    1.77504       -8090.63788
  Mo      542   42.08561   40.78450    0.08561    1.63279       -8090.55663
  Mo      543   42.05571   40.75461    0.05571    1.66759       -8090.58116
  Mo      544   41.97291   40.67180   -0.02709    1.74968       -8090.62424
  Mo      545   41.97293   40.67183   -0.02707    1.75367       -8090.62696
  Mo      546   42.00809   40.70698    0.00809    1.70951       -8090.59255
  Mo      547   42.04106   40.73996    0.04106    1.68336       -8090.59403
  Mo      548   42.03866   40.73755    0.03866    1.67932       -8090.57839
  Mo      549   42.22647   40.92536    0.22647    1.50000       -8090.48478
  Mo      550   41.90483   40.60372   -0.09517    1.81988       -8090.66945
  Mo      551   42.00843   40.70732    0.00843    1.70946       -8090.59935
  Mo      552   41.98506   40.68395   -0.01494    1.73194       -8090.61145
  Mo      553   42.05999   40.75888    0.05999    1.65953       -8090.57240
  Mo      554   42.08031   40.77920    0.08031    1.62598       -8090.54496
  Mo      555   42.07794   40.77684    0.07794    1.63967       -8090.55505
  Mo      556   42.14307   40.84196    0.14307    1.56433       -8090.50746
  Mo      557   42.17313   40.87202    0.17313    1.55266       -8090.51441
  Mo      558   41.98427   40.68316   -0.01573    1.73826       -8090.61861
  Mo      559   42.08192   40.78081    0.08192    1.63376       -8090.55576
  Mo      560   42.10368   40.80257    0.10368    1.62068       -8090.55509
  Mo      561   42.04657   40.74546    0.04657    1.66508       -8090.57194
  Mo      562   42.06285   40.76174    0.06285    1.65166       -8090.55285
  Mo      563   41.90904   40.60793   -0.09096    1.80950       -8090.65080
  Mo      564   42.05012   40.74901    0.05012    1.66645       -8090.57582
  Mo      565   41.89061   40.58950   -0.10939    1.83770       -8090.67580
  Mo      566   42.06816   40.76705    0.06816    1.64472       -8090.55853
  Mo      567   42.02703   40.72593    0.02703    1.69741       -8090.59348
  Mo      568   41.97482   40.67371   -0.02518    1.74425       -8090.61295
  Mo      569   42.03456   40.73346    0.03456    1.68924       -8090.59185
  Mo      570   42.17226   40.87115    0.17226    1.54318       -8090.49337
  Mo      571   42.05575   40.75464    0.05575    1.65228       -8090.56057
  Mo      572   42.10598   40.80488    0.10598    1.60753       -8090.53593
  Mo      573   41.92329   40.62218   -0.07671    1.79221       -8090.64739
  Mo      574   41.95580   40.65470   -0.04420    1.76033       -8090.61764
  Mo      575   42.11542   40.81432    0.11542    1.60798       -8090.54544
  Mo      576   42.04958   40.74848    0.04958    1.66650       -8090.56797
  Mo      577   42.12127   40.82016    0.12127    1.59270       -8090.52331
  Mo      578   42.05328   40.75217    0.05328    1.67186       -8090.57258
  Mo      579   41.89018   40.58907   -0.10982    1.83104       -8090.67069
  Mo      580   42.07146   40.77035    0.07146    1.64717       -8090.55766
  Mo      581   41.99664   40.69554   -0.00336    1.72748       -8090.60713
  Mo      582   42.06063   40.75952    0.06063    1.66220       -8090.57407
  Mo      583   41.99057   40.68947   -0.00943    1.73604       -8090.62595
  Mo      584   42.12392   40.82281    0.12392    1.58603       -8090.52187
  Mo      585   42.06230   40.76119    0.06230    1.64548       -8090.54606
  Mo      586   41.92564   40.62453   -0.07436    1.80148       -8090.65551
  Mo      587   42.04564   40.74453    0.04564    1.66750       -8090.56736
  Mo      588   42.06922   40.76811    0.06922    1.65811       -8090.57204
  Mo      589   41.85505   40.55395   -0.14495    1.86584       -8090.68611
  Mo      590   42.03946   40.73835    0.03946    1.68264       -8090.58600
  Mo      591   42.11854   40.81743    0.11854    1.59469       -8090.53367
  Mo      592   42.05049   40.74938    0.05049    1.66346       -8090.57335
  Mo      593   41.98245   40.68134   -0.01755    1.74758       -8090.62617
  Mo      594   42.18674   40.88563    0.18674    1.52777       -8090.49845
  Mo      595   42.11283   40.81172    0.11283    1.60130       -8090.52700
  Mo      596   41.97884   40.67773   -0.02116    1.74073       -8090.61502
  Mo      597   42.08449   40.78339    0.08449    1.63492       -8090.55629
  Mo      598   41.95669   40.65558   -0.04331    1.75791       -8090.62824
  Mo      599   42.28899   40.98788    0.28899    1.43228       -8090.43942
  Mo      600   42.00299   40.70188    0.00299    1.70969       -8090.59277
  Mo      601   42.06942   40.76831    0.06942    1.65343       -8090.56080
  Mo      602   42.17640   40.87529    0.17640    1.53675       -8090.48536
  Mo      603   41.95232   40.65121   -0.04768    1.76519       -8090.62393
  Mo      604   42.07587   40.77476    0.07587    1.63522       -8090.54938
  Mo      605   42.03447   40.73337    0.03447    1.68453       -8090.58933
  Mo      606   42.09072   40.78962    0.09072    1.63366       -8090.55972
  Mo      607   42.07049   40.76938    0.07049    1.64267       -8090.55306
  Mo      608   42.10478   40.80367    0.10478    1.60600       -8090.53056
  Mo      609   42.02552   40.72441    0.02552    1.68362       -8090.57434
  Mo      610   42.05717   40.75606    0.05717    1.65509       -8090.56696
  Mo      611   42.06786   40.76675    0.06786    1.64494       -8090.55136
  Mo      612   42.12375   40.82265    0.12375    1.59466       -8090.52765
  Mo      613   42.05034   40.74924    0.05034    1.67097       -8090.58282
  Mo      614   42.03370   40.73259    0.03370    1.69259       -8090.59251
  Mo      615   42.13706   40.83596    0.13706    1.58109       -8090.52453
  Mo      616   42.06604   40.76494    0.06604    1.65631       -8090.56668
  Mo      617   42.01809   40.71698    0.01809    1.70454       -8090.59313
  Mo      618   42.18198   40.88087    0.18198    1.53355       -8090.49266
  Mo      619   42.03247   40.73136    0.03247    1.69113       -8090.59909
  Mo      620   42.12938   40.82828    0.12938    1.58276       -8090.51879
  Mo      621   42.13769   40.83659    0.13769    1.57727       -8090.51803
  Mo      622   41.98023   40.67912   -0.01977    1.73987       -8090.61289
  Mo      623   42.15202   40.85091    0.15202    1.56795       -8090.51621
  Mo      624   42.12389   40.82278    0.12389    1.58809       -8090.51995
  Mo      625   42.09472   40.79361    0.09472    1.61861       -8090.53880
  Mo      626   42.05574   40.75463    0.05574    1.65153       -8090.55309
  Mo      627   42.01497   40.71387    0.01497    1.69840       -8090.58801
  Mo      628   41.91094   40.60983   -0.08906    1.81140       -8090.65377
  Mo      629   42.04133   40.74023    0.04133    1.67609       -8090.57811
  Mo      630   41.96077   40.65966   -0.03923    1.76011       -8090.62698
  Mo      631   42.00495   40.70384    0.00495    1.71572       -8090.60617
  Mo      632   42.03617   40.73506    0.03617    1.67991       -8090.57774
  Mo      633   42.12186   40.82075    0.12186    1.59820       -8090.53779
  Mo      634   42.04404   40.74293    0.04404    1.67137       -8090.56555
  Mo      635   41.92203   40.62092   -0.07797    1.79688       -8090.64345
  Mo      636   42.17604   40.87493    0.17604    1.53506       -8090.48759
  Mo      637   41.93945   40.63835   -0.06055    1.79035       -8090.64738
  Mo      638   42.05215   40.75105    0.05215    1.66447       -8090.56580
  Mo      639   42.00209   40.70098    0.00209    1.71557       -8090.59338
  Mo      640   42.00090   40.69980    0.00090    1.72464       -8090.61017
  Mo      641   42.02111   40.72000    0.02111    1.70863       -8090.60886
  Mo      642   42.25100   40.94990    0.25100    1.46565       -8090.45943
  Mo      643   42.05806   40.75695    0.05806    1.66204       -8090.55977
  Mo      644   41.89583   40.59472   -0.10417    1.82708       -8090.66989
  Mo      645   42.11961   40.81850    0.11961    1.59760       -8090.53079
  Mo      646   42.02389   40.72279    0.02389    1.70461       -8090.59866
  Mo      647   42.07940   40.77830    0.07940    1.64285       -8090.55675
  Mo      648   41.85685   40.55574   -0.14315    1.86393       -8090.68484
  Mo      649   42.02847   40.72736    0.02847    1.69235       -8090.59234
  Mo      650   42.08601   40.78490    0.08601    1.63500       -8090.55891
  Mo      651   41.91024   40.60913   -0.08976    1.82389       -8090.67806
  Mo      652   42.14907   40.84797    0.14907    1.55447       -8090.50625
  Mo      653   41.96072   40.65961   -0.03928    1.76489       -8090.63782
  Mo      654   42.16968   40.86857    0.16968    1.54004       -8090.49476
  Mo      655   42.02121   40.72010    0.02121    1.69448       -8090.58955
  Mo      656   41.82409   40.52298   -0.17591    1.90551       -8090.71994
  Mo      657   42.02367   40.72256    0.02367    1.69477       -8090.59595
  Mo      658   42.09070   40.78959    0.09070    1.61829       -8090.53892
  Mo      659   41.98190   40.68079   -0.01810    1.73599       -8090.60958
  Mo      660   42.00558   40.70447    0.00558    1.69746       -8090.57825
  Mo      661   42.18157   40.88046    0.18157    1.53179       -8090.49310
  Mo      662   42.14105   40.83995    0.14105    1.56962       -8090.51284
  Mo      663   42.12102   40.81992    0.12102    1.59442       -8090.52246
  Mo      664   42.11839   40.81729    0.11839    1.60352       -8090.53831
  Mo      665   42.02500   40.72390    0.02500    1.70113       -8090.60390
  Mo      666   42.06150   40.76039    0.06150    1.66287       -8090.57670
  Mo      667   42.16495   40.86384    0.16495    1.55186       -8090.50495
  Mo      668   42.14076   40.83965    0.14076    1.57220       -8090.50781
  Mo      669   41.89088   40.58978   -0.10912    1.83153       -8090.67099
  Mo      670   42.14121   40.84011    0.14121    1.57974       -8090.52939
  Mo      671   42.05639   40.75528    0.05639    1.66113       -8090.56648
  Mo      672   42.00453   40.70342    0.00453    1.72223       -8090.61218
  Mo      673   41.99559   40.69449   -0.00441    1.71310       -8090.58765
  Mo      674   42.06002   40.75891    0.06002    1.65301       -8090.55826
  Mo      675   42.05030   40.74919    0.05030    1.67416       -8090.58109
  Mo      676   42.06417   40.76306    0.06417    1.65911       -8090.57273
  Mo      677   42.08491   40.78380    0.08491    1.62565       -8090.53241
  Mo      678   42.03804   40.73693    0.03804    1.67738       -8090.57686
  Mo      679   42.10950   40.80839    0.10950    1.59748       -8090.53192
  Mo      680   41.97302   40.67191   -0.02698    1.75732       -8090.63710
  Mo      681   42.02244   40.72134    0.02244    1.69093       -8090.57815
  Mo      682   42.07739   40.77628    0.07739    1.65240       -8090.56802
  Mo      683   42.06806   40.76696    0.06806    1.65059       -8090.56061
  Mo      684   42.04575   40.74464    0.04575    1.67455       -8090.57614
  Mo      685   42.16784   40.86674    0.16784    1.55556       -8090.51563
  Mo      686   42.21474   40.91363    0.21474    1.49517       -8090.46729
  Mo      687   41.89909   40.59798   -0.10091    1.82348       -8090.66301
  Mo      688   42.08474   40.78363    0.08474    1.62970       -8090.54447
  Mo      689   42.11214   40.81103    0.11214    1.61037       -8090.53741
  Mo      690   42.19888   40.89777    0.19888    1.51522       -8090.48791
  Mo      691   42.15697   40.85587    0.15697    1.56927       -8090.52579
  Mo      692   42.07527   40.77416    0.07527    1.62626       -8090.52388
  Mo      693   42.08144   40.78033    0.08144    1.63501       -8090.55237
  Mo      694   42.00520   40.70409    0.00520    1.71068       -8090.59588
  Mo      695   41.95433   40.65322   -0.04567    1.77205       -8090.64406
  Mo      696   41.97248   40.67138   -0.02752    1.74270       -8090.60487
  Mo      697   41.93666   40.63555   -0.06334    1.78997       -8090.64398
  Mo      698   42.14724   40.84613    0.14724    1.55797       -8090.50249
  Mo      699   41.92973   40.62863   -0.07027    1.79027       -8090.64090
  Mo      700   41.96125   40.66015   -0.03875    1.75686       -8090.63047
  Mo      701   41.88966   40.58855   -0.11034    1.83632       -8090.68048
  Mo      702   42.00103   40.69992    0.00103    1.71578       -8090.59413
  Mo      703   42.21178   40.91068    0.21178    1.49776       -8090.46032
  Mo      704   41.90193   40.60083   -0.09807    1.81741       -8090.66072
  Mo      705   42.15627   40.85516    0.15627    1.56010       -8090.50327
  Mo      706   42.07143   40.77032    0.07143    1.64780       -8090.56252
  Mo      707   41.98957   40.68846   -0.01043    1.71943       -8090.59308
  Mo      708   42.13146   40.83036    0.13146    1.58554       -8090.52088
  Mo      709   42.09132   40.79021    0.09132    1.61268       -8090.52542
  Mo      710   41.89545   40.59434   -0.10455    1.83414       -8090.67357
  Mo      711   41.95070   40.64959   -0.04930    1.76020       -8090.61763
  Mo      712   42.07550   40.77439    0.07550    1.64979       -8090.57096
  Mo      713   42.13761   40.83650    0.13761    1.57901       -8090.52030
  Mo      714   42.16597   40.86486    0.16597    1.53906       -8090.48663
  Mo      715   42.08104   40.77993    0.08104    1.63680       -8090.55480
  Mo      716   42.05177   40.75066    0.05177    1.66784       -8090.57527
  Mo      717   42.14105   40.83994    0.14105    1.57919       -8090.52794
  Mo      718   42.06093   40.75982    0.06093    1.66203       -8090.57107
  Mo      719   42.01029   40.70918    0.01029    1.71512       -8090.60834
  Mo      720   42.14634   40.84524    0.14634    1.56131       -8090.50347
  Mo      721   42.10544   40.80433    0.10544    1.59853       -8090.52498
  Mo      722   41.99281   40.69170   -0.00719    1.72993       -8090.60816
  Mo      723   42.12577   40.82467    0.12577    1.58588       -8090.51306
  Mo      724   42.11627   40.81516    0.11627    1.59194       -8090.51848
  Mo      725   42.09500   40.79390    0.09500    1.62010       -8090.53334
  Mo      726   42.13717   40.83606    0.13717    1.58789       -8090.53222
  Mo      727   42.14193   40.84083    0.14193    1.57823       -8090.52104
  Mo      728   42.21206   40.91095    0.21206    1.49540       -8090.46609
  Mo      729   41.91246   40.61135   -0.08754    1.81421       -8090.66084
  Mo      730   42.02013   40.71902    0.02013    1.69146       -8090.57542
  Mo      731   42.09285   40.79174    0.09285    1.63734       -8090.57070
  Mo      732   42.12181   40.82070    0.12181    1.60064       -8090.53548
  Mo      733   42.13083   40.82972    0.13083    1.57820       -8090.50749
  Mo      734   42.00915   40.70805    0.00915    1.70724       -8090.60051
  Mo      735   42.07337   40.77226    0.07337    1.64666       -8090.55336
  Mo      736   42.04400   40.74290    0.04400    1.68239       -8090.59387
  Mo      737   42.14650   40.84539    0.14650    1.56493       -8090.49838
  Mo      738   42.18437   40.88326    0.18437    1.52849       -8090.48654
  Mo      739   41.86241   40.56130   -0.13759    1.86847       -8090.69957
  Mo      740   42.02108   40.71997    0.02108    1.70354       -8090.60083
  Mo      741   41.95418   40.65307   -0.04582    1.76438       -8090.63383
  Mo      742   41.93713   40.63603   -0.06287    1.78784       -8090.64576
  Mo      743   42.09521   40.79410    0.09521    1.62456       -8090.54156
  Mo      744   42.05352   40.75241    0.05352    1.66020       -8090.56102
  Mo      745   42.06766   40.76655    0.06766    1.64714       -8090.55578
  Mo      746   42.11772   40.81661    0.11772    1.61416       -8090.55650
  Mo      747   42.02234   40.72123    0.02234    1.69376       -8090.58433
  Mo      748   42.24902   40.94791    0.24902    1.46382       -8090.44573
  Mo      749   42.08982   40.78872    0.08982    1.62013       -8090.53599
  Mo      750   41.99318   40.69208   -0.00682    1.73104       -8090.61419
  Mo      751   41.93256   40.63145   -0.06744    1.79199       -8090.64818
  Mo      752   41.88797   40.58686   -0.11203    1.82744       -8090.65816
  Mo      753   42.02245   40.72134    0.02245    1.69494       -8090.58625
  Mo      754   41.97231   40.67121   -0.02769    1.74929       -8090.62563
  Mo      755   42.06528   40.76417    0.06528    1.66033       -8090.58072
  Mo      756   42.13792   40.83681    0.13792    1.57693       -8090.51904
  Mo      757   42.08485   40.78374    0.08485    1.63208       -8090.55358
  Mo      758   41.95381   40.65271   -0.04619    1.77121       -8090.64632
  Mo      759   42.10093   40.79982    0.10093    1.61364       -8090.53316
  Mo      760   42.06088   40.75977    0.06088    1.65186       -8090.55761
  Mo      761   41.97283   40.67172   -0.02717    1.74000       -8090.61477
  Mo      762   42.28154   40.98043    0.28154    1.43170       -8090.43974
  Mo      763   42.06556   40.76445    0.06556    1.64244       -8090.54028
  Mo      764   42.16305   40.86194    0.16305    1.54942       -8090.49432
  Mo      765   42.15013   40.84903    0.15013    1.56166       -8090.50581
  Mo      766   42.11003   40.80892    0.11003    1.60788       -8090.53562
  Mo      767   42.21299   40.91189    0.21299    1.50046       -8090.47302
  Mo      768   42.18170   40.88059    0.18170    1.53734       -8090.49391
  Ta      769   72.51546   71.21435   -0.48454    2.01546      -31233.07264
  Ta      770   72.66756   71.36645   -0.33244    1.86589      -31232.97744
  Ta      771   72.67198   71.37088   -0.32802    1.85849      -31232.98027
  Ta      772   72.57899   71.27788   -0.42101    1.95389      -31233.02995
  Ta      773   72.87334   71.57223   -0.12666    1.66552      -31232.84288
  Ta      774   72.68172   71.38062   -0.31828    1.84911      -31232.97123
  Ta      775   72.72789   71.42678   -0.27211    1.80721      -31232.95278
  Ta      776   72.69789   71.39678   -0.30211    1.83641      -31232.96805
  Ta      777   72.75037   71.44926   -0.24963    1.78798      -31232.94393
  Ta      778   72.81951   71.51840   -0.18049    1.71353      -31232.89269
  Ta      779   72.77371   71.47260   -0.22629    1.75624      -31232.92472
  Ta      780   72.63918   71.33808   -0.36082    1.89555      -31233.01070
  Ta      781   72.58581   71.28470   -0.41419    1.94292      -31233.02569
  Ta      782   72.76796   71.46685   -0.23204    1.77315      -31232.92889
  Ta      783   72.74895   71.44784   -0.25105    1.78055      -31232.93237
  Ta      784   72.68350   71.38239   -0.31650    1.85284      -31232.96612
  Ta      785   72.70000   71.39890   -0.30000    1.83228      -31232.95593
  Ta      786   72.66588   71.36477   -0.33412    1.86886      -31232.99280
  Ta      787   72.71368   71.41257   -0.28632    1.81607      -31232.95276
  Ta      788   72.93082   71.62972   -0.06918    1.60640      -31232.81052
  Ta      789   72.67680   71.37570   -0.32320    1.85722      -31232.97720
  Ta      790   72.73937   71.43826   -0.26063    1.78508      -31232.92670
  Ta      791   72.78036   71.47925   -0.21964    1.75221      -31232.90158
  Ta      792   72.72996   71.42885   -0.27004    1.80881      -31232.95307
  Ta      793   72.70746   71.40636   -0.29254    1.82637      -31232.95636
  Ta      794   72.86463   71.56352   -0.13537    1.67606      -31232.86350
  Ta      795   72.82416   71.52305   -0.17584    1.71051      -31232.88934
  Ta      796   72.80525   71.50414   -0.19475    1.73329      -31232.90008
  Ta      797   72.69669   71.39558   -0.30331    1.83364      -31232.96026
  Ta      798   72.69874   71.39763   -0.30126    1.83093      -31232.96334
  Ta      799   72.66833   71.36722   -0.33167    1.86456      -31232.98442
  Ta      800   72.78323   71.48213   -0.21677    1.74738      -31232.90742
  Ta      801   72.76400   71.46290   -0.23600    1.76936      -31232.92365
  Ta      802   72.82171   71.52060   -0.17829    1.71084      -31232.88305
  Ta      803   72.54905   71.24794   -0.45095    1.97655      -31233.05995
  Ta      804   72.86581   71.56470   -0.13419    1.67204      -31232.86891
  Ta      805   72.59959   71.29848   -0.40041    1.93210      -31233.02939
  Ta      806   72.75846   71.45736   -0.24154    1.77780      -31232.92844
  Ta      807   72.89001   71.58890   -0.10999    1.64982      -31232.84588
  Ta      808   72.82211   71.52100   -0.17789    1.71104      -31232.88238
  Ta      809   72.68952   71.38841   -0.31048    1.84261      -31232.97389
  Ta      810   72.82009   71.51898   -0.17991    1.71164      -31232.88474
  Ta      811   72.76637   71.46526   -0.23363    1.76536      -31232.90799
  Ta      812   72.76363   71.46252   -0.23637    1.77653      -31232.93331
  Ta      813   72.47268   71.17157   -0.52732    2.05871      -31233.11128
  Ta      814   72.82461   71.52350   -0.17539    1.70754      -31232.87611
  Ta      815   72.62085   71.31974   -0.37915    1.91059      -31233.00736
  Ta      816   72.75143   71.45033   -0.24857    1.78235      -31232.92800
  Ta      817   72.67974   71.37863   -0.32026    1.84832      -31232.97083
  Ta      818   72.89389   71.59279   -0.10611    1.64201      -31232.84420
  Ta      819   72.78658   71.48547   -0.21342    1.74980      -31232.90765
  Ta      820   72.66557   71.36446   -0.33443    1.86203      -31232.96276
  Ta      821   72.61826   71.31716   -0.38174    1.91702      -31233.02045
  Ta      822   72.68888   71.38777   -0.31112    1.84799      -31232.97106
  Ta      823   72.73846   71.43735   -0.26154    1.79073      -31232.93231
  Ta      824   72.64600   71.34489   -0.35400    1.88908      -31232.99014
  Ta      825   72.62122   71.32012   -0.37878    1.91448      -31233.02234
  Ta      826   72.89883   71.59772   -0.10117    1.63198      -31232.82562
  Ta      827   72.86095   71.55984   -0.13905    1.67641      -31232.86454
  Ta      828   72.63626   71.33516   -0.36374    1.89572      -31233.00546
  Ta      829   72.73108   71.42997   -0.26892    1.80166      -31232.94326
  Ta      830   72.74217   71.44106   -0.25783    1.78805      -31232.93384
  Ta      831   72.62139   71.32028   -0.37861    1.90937      -31233.01754
  Ta      832   72.71749   71.41638   -0.28251    1.81785      -31232.95109
  Ta      833   72.74871   71.44761   -0.25129    1.78533      -31232.93559
  Ta      834   72.76141   71.46031   -0.23859    1.76452      -31232.91610
  Ta      835   72.73275   71.43165   -0.26725    1.80331      -31232.94725
  Ta      836   72.66532   71.36421   -0.33468    1.86796      -31232.98188
  Ta      837   72.90290   71.60180   -0.09710    1.62835      -31232.83033
  Ta      838   72.57238   71.27127   -0.42762    1.95864      -31233.05031
  Ta      839   72.88541   71.58430   -0.11459    1.64628      -31232.84384
  Ta      840   72.73941   71.43830   -0.26059    1.79544      -31232.94087
  Ta      841   72.55075   71.24965   -0.44925    1.98071      -31233.05700
  Ta      842   72.89708   71.59597   -0.10292    1.64471      -31232.84914
  Ta      843   72.54978   71.24868   -0.45022    1.98294      -31233.05561
  Ta      844   72.69844   71.39733   -0.30156    1.83589      -31232.97272
  Ta      845   72.61877   71.31767   -0.38123    1.91320      -31233.01574
  Ta      846   72.83607   71.53496   -0.16393    1.69545      -31232.86811
  Ta      847   72.72880   71.42770   -0.27120    1.80093      -31232.94136
  Ta      848   72.65407   71.35297   -0.34593    1.88352      -31233.00234
  Ta      849   72.66898   71.36787   -0.33102    1.87110      -31232.99309
  Ta      850   72.85684   71.55573   -0.14316    1.68162      -31232.86473
  Ta      851   72.90834   71.60723   -0.09166    1.62890      -31232.82598
  Ta      852   72.70267   71.40156   -0.29733    1.82796      -31232.96420
  Ta      853   72.61249   71.31138   -0.38751    1.91707      -31233.01853
  Ta      854   72.96000   71.65889   -0.04000    1.58154      -31232.80062
  Ta      855   72.58686   71.28576   -0.41314    1.94395      -31233.02996
  Ta      856   72.62751   71.32640   -0.37249    1.89956      -31233.00499
  Ta      857   72.74256   71.44145   -0.25744    1.79482      -31232.94012
  Ta      858   72.82701   71.52591   -0.17299    1.70996      -31232.89910
  Ta      859   72.70337   71.40226   -0.29663    1.83337      -31232.96366
  Ta      860   72.78485   71.48374   -0.21515    1.75860      -31232.91613
  Ta      861   72.87389   71.57278   -0.12611    1.65778      -31232.84776
  Ta      862   72.88279   71.58168   -0.11721    1.65600      -31232.84726
  Ta      863   72.77341   71.47230   -0.22659    1.75894      -31232.91773
  Ta      864   72.89607   71.59496   -0.10393    1.64096      -31232.84172
  Ta      865   72.78576   71.48465   -0.21424    1.74785      -31232.90660
  Ta      866   72.61453   71.31342   -0.38547    1.91509      -31233.01170
  Ta      867   72.84645   71.54534   -0.15355    1.69337      -31232.88001
  Ta      868   72.64791   71.34680   -0.35209    1.88645      -31233.00376
  Ta      869   72.66256   71.36146   -0.33744    1.87478      -31232.99398
  Ta      870   72.77784   71.47674   -0.22216    1.76307      -31232.91944
  Ta      871   72.74107   71.43996   -0.25893    1.79151      -31232.93043
  Ta      872   72.82764   71.52653   -0.17236    1.70965      -31232.89143
  Ta      873   72.79138   71.49028   -0.20862    1.73970      -31232.90460
  Ta      874   72.91797   71.61686   -0.08203    1.61814      -31232.82362
  Ta      875   72.73690   71.43579   -0.26310    1.79474      -31232.94664
  Ta      876   72.70099   71.39988   -0.29901    1.82899      -31232.96281
  Ta      877   72.87718   71.57607   -0.12282    1.65233      -31232.84252
  Ta      878   72.93227   71.63116   -0.06773    1.59583      -31232.81126
  Ta      879   72.75122   71.45011   -0.24878    1.77446      -31232.92009
  Ta      880   72.81674   71.51563   -0.18326    1.71788      -31232.89731
  Ta      881   72.77449   71.47338   -0.22551    1.76045      -31232.92273
  Ta      882   72.85142   71.55032   -0.14858    1.68842      -31232.87656
  Ta      883   72.72913   71.42802   -0.27087    1.81049      -31232.94725
  Ta      884   72.77698   71.47588   -0.22302    1.74945      -31232.92578
  Ta      885   72.61558   71.31447   -0.38442    1.91954      -31233.02132
  Ta      886   72.80274   71.50163   -0.19726    1.71970      -31232.88015
  Ta      887   72.84291   71.54181   -0.15709    1.69304      -31232.88147
  Ta      888   72.81026   71.50916   -0.18974    1.71804      -31232.88267
  Ta      889   72.75326   71.45215   -0.24674    1.79060      -31232.95095
  Ta      890   72.79398   71.49287   -0.20602    1.74125      -31232.90541
  Ta      891   72.85737   71.55626   -0.14263    1.67713      -31232.86391
  Ta      892   72.78401   71.48291   -0.21599    1.74881      -31232.90790
  Ta      893   72.66154   71.36043   -0.33846    1.87171      -31232.98785
  Ta      894   72.62100   71.31989   -0.37900    1.90682      -31233.01127
  Ta      895   72.74328   71.44217   -0.25672    1.79577      -31232.94676
  Ta      896   72.72515   71.42404   -0.27485    1.81429      -31232.94956
  Ta      897   72.82807   71.52697   -0.17193    1.70507      -31232.87572
  Ta      898   72.66151   71.36040   -0.33849    1.86713      -31232.98267
  Ta      899   72.75709   71.45599   -0.24291    1.77311      -31232.91507
  Ta      900   72.68788   71.38677   -0.31212    1.84760      -31232.97608
  Ta      901   72.85000   71.54890   -0.15000    1.66881      -31232.85389
  Ta      902   72.71970   71.41859   -0.28030    1.81133      -31232.94833
  Ta      903   72.80270   71.50160   -0.19730    1.72846      -31232.89933
  Ta      904   72.70138   71.40028   -0.29862    1.84265      -31232.98307
  Ta      905   72.95553   71.65442   -0.04447    1.58297      -31232.80142
  Ta      906   72.69168   71.39057   -0.30832    1.83718      -31232.95810
  Ta      907   72.89346   71.59235   -0.10654    1.64680      -31232.83739
  Ta      908   72.71634   71.41523   -0.28366    1.82241      -31232.96671
  Ta      909   72.74920   71.44809   -0.25080    1.78496      -31232.92538
  Ta      910   72.82084   71.51974   -0.17916    1.71750      -31232.90249
  Ta      911   72.85874   71.55763   -0.14126    1.67133      -31232.85053
  Ta      912   72.69879   71.39768   -0.30121    1.83739      -31232.96853
  Ta      913   72.75155   71.45044   -0.24845    1.78804      -31232.94608
  Ta      914   72.70724   71.40613   -0.29276    1.81910      -31232.95263
  Ta      915   72.77954   71.47843   -0.22046    1.75737      -31232.91514
  Ta      916   72.75636   71.45525   -0.24364    1.77497      -31232.92924
  Ta      917   72.87049   71.56938   -0.12951    1.66291      -31232.86034
  Ta      918   72.72122   71.42011   -0.27878    1.82130      -31232.96260
  Ta      919   72.85138   71.55027   -0.14862    1.67288      -31232.86712
  Ta      920   72.86918   71.56807   -0.13082    1.66321      -31232.84625
  Ta      921   72.77145   71.47034   -0.22855    1.76511      -31232.91088
  Ta      922   72.76006   71.45895   -0.23994    1.77237      -31232.93209
  Ta      923   72.72107   71.41996   -0.27893    1.81537      -31232.95343
  Ta      924   72.65110   71.34999   -0.34890    1.88393      -31232.99255
  Ta      925   72.45556   71.15446   -0.54444    2.07956      -31233.12601
  Ta      926   72.79758   71.49647   -0.20242    1.74166      -31232.90221
  Ta      927   72.78958   71.48847   -0.21042    1.73745      -31232.89664
  Ta      928   72.73000   71.42889   -0.27000    1.80492      -31232.93903
  Ta      929   72.74947   71.44836   -0.25053    1.78485      -31232.93156
  Ta      930   72.85809   71.55698   -0.14191    1.68041      -31232.85403
  Ta      931   72.85217   71.55106   -0.14783    1.68246      -31232.86741
  Ta      932   72.68786   71.38675   -0.31214    1.84722      -31232.97275
  Ta      933   72.72025   71.41914   -0.27975    1.80940      -31232.93846
  Ta      934   72.73734   71.43624   -0.26266    1.78671      -31232.92907
  Ta      935   72.49402   71.19291   -0.50598    2.03819      -31233.08144
  Ta      936   72.93225   71.63115   -0.06775    1.60428      -31232.81626
  Ta      937   72.76943   71.46832   -0.23057    1.76109      -31232.92316
  Ta      938   72.79125   71.49015   -0.20875    1.74173      -31232.89755
  Ta      939   72.72476   71.42365   -0.27524    1.81065      -31232.95547
  Ta      940   72.82998   71.52887   -0.17002    1.70364      -31232.87991
  Ta      941   72.78520   71.48409   -0.21480    1.75663      -31232.92242
  Ta      942   72.77765   71.47654   -0.22235    1.75029      -31232.91649
  Ta      943   72.74665   71.44554   -0.25335    1.79329      -31232.94326
  Ta      944   72.75224   71.45114   -0.24776    1.78299      -31232.93817
  Ta      945   72.57304   71.27193   -0.42696    1.96180      -31233.05327
  Ta      946   72.68000   71.37890   -0.32000    1.84995      -31232.98178
  Ta      947   72.66812   71.36701   -0.33188    1.86414      -31232.98701
  Ta      948   72.74684   71.44573   -0.25316    1.78446      -31232.92920
  Ta      949   72.73326   71.43216   -0.26674    1.80433      -31232.94604
  Ta      950   72.72001   71.41891   -0.27999    1.81202      -31232.94445
  Ta      951   72.83634   71.53523   -0.16366    1.69939      -31232.87916
  Ta      952   72.51812   71.21701   -0.48188    2.01100      -31233.08358
  Ta      953   72.67320   71.37210   -0.32680    1.85857      -31232.99005
  Ta      954   72.86118   71.56007   -0.13882    1.67572      -31232.85791
  Ta      955   72.78684   71.48573   -0.21316    1.75100      -31232.90637
  Ta      956   72.70277   71.40166   -0.29723    1.82329      -31232.94936
  Ta      957   72.79633   71.49522   -0.20367    1.73940      -31232.91033
  Ta      958   72.84215   71.54105   -0.15785    1.68899      -31232.86772
  Ta      959   72.80682   71.50572   -0.19318    1.73016      -31232.89910
  Ta      960   72.77683   71.47572   -0.22317    1.76112      -31232.92118
  Ta      961   72.76968   71.46857   -0.23032    1.76536      -31232.92600
  Ta      962   72.75145   71.45034   -0.24855    1.77970      -31232.92558
  Ta      963   72.75953   71.45842   -0.24047    1.77562      -31232.92061
  Ta      964   72.66263   71.36152   -0.33737    1.87611      -31233.00026
  Ta      965   72.79590   71.49479   -0.20410    1.74196      -31232.90662
  Ta      966   72.74612   71.44501   -0.25388    1.79189      -31232.94378
  Ta      967   72.77939   71.47829   -0.22061    1.75492      -31232.90334
  Ta      968   72.71391   71.41281   -0.28609    1.81608      -31232.95302
  Ta      969   72.82540   71.52429   -0.17460    1.70917      -31232.88819
  Ta      970   72.81185   71.51074   -0.18815    1.72049      -31232.89044
  Ta      971   72.69650   71.39539   -0.30350    1.84186      -31232.96526
  Ta      972   72.74133   71.44023   -0.25867    1.78399      -31232.93291
  Ta      973   72.94782   71.64672   -0.05218    1.59368      -31232.80561
  Ta      974   72.70644   71.40534   -0.29356    1.82532      -31232.95380
  Ta      975   72.67209   71.37098   -0.32791    1.86523      -31232.98930
  Ta      976   72.67042   71.36931   -0.32958    1.87030      -31232.99318
  Ta      977   72.82489   71.52378   -0.17511    1.70145      -31232.87834
  Ta      978   72.74050   71.43939   -0.25950    1.78867      -31232.92412
  Ta      979   72.75451   71.45340   -0.24549    1.77800      -31232.94896
  Ta      980   72.49810   71.19700   -0.50190    2.03311      -31233.08602
  Ta      981   72.80566   71.50455   -0.19434    1.72786      -31232.88722
  Ta      982   72.65324   71.35213   -0.34676    1.88255      -31232.99653
  Ta      983   72.77372   71.47261   -0.22628    1.74886      -31232.89517
  Ta      984   72.86473   71.56362   -0.13527    1.67169      -31232.85989
  Ta      985   72.78148   71.48037   -0.21852    1.75907      -31232.91332
  Ta      986   72.69590   71.39480   -0.30410    1.83703      -31232.97437
  Ta      987   72.84424   71.54314   -0.15576    1.68128      -31232.86682
  Ta      988   72.70816   71.40706   -0.29184    1.82489      -31232.95813
  Ta      989   72.72152   71.42041   -0.27848    1.81174      -31232.94713
  Ta      990   72.84879   71.54768   -0.15121    1.68906      -31232.86999
  Ta      991   72.71867   71.41756   -0.28133    1.81127      -31232.94555
  Ta      992   72.73590   71.43479   -0.26410    1.79544      -31232.94428
  Ta      993   72.90722   71.60612   -0.09278    1.62888      -31232.82939
  Ta      994   72.66319   71.36208   -0.33681    1.86683      -31232.98288
  Ta      995   72.73985   71.43874   -0.26015    1.79183      -31232.94131
  Ta      996   72.68338   71.38228   -0.31662    1.84809      -31232.97549
  Ta      997   72.63930   71.33820   -0.36070    1.89214      -31233.00632
  Ta      998   72.67981   71.37870   -0.32019    1.86225      -31232.98856
  Ta      999   72.70404   71.40293   -0.29596    1.83630      -31232.97594
  Ta     1000   72.79148   71.49038   -0.20852    1.74650      -31232.91016
  Ta     1001   72.66147   71.36036   -0.33853    1.86141      -31232.97428
  Ta     1002   72.66960   71.36849   -0.33040    1.86615      -31232.99387
  Ta     1003   72.77406   71.47295   -0.22594    1.75953      -31232.92011
  Ta     1004   72.92647   71.62536   -0.07353    1.61655      -31232.83053
  Ta     1005   72.76768   71.46658   -0.23232    1.76181      -31232.92254
  Ta     1006   72.69600   71.39490   -0.30400    1.84256      -31232.97119
  Ta     1007   72.61441   71.31330   -0.38559    1.91545      -31233.01799
  Ta     1008   72.71979   71.41868   -0.28021    1.81234      -31232.94393
  Ta     1009   72.86050   71.55939   -0.13950    1.67836      -31232.86332
  Ta     1010   72.57471   71.27360   -0.42529    1.95504      -31233.04740
  Ta     1011   72.63064   71.32953   -0.36936    1.90172      -31233.01236
  Ta     1012   72.79466   71.49356   -0.20534    1.74014      -31232.91866
  Ta     1013   72.87126   71.57016   -0.12874    1.66338      -31232.85778
  Ta     1014   72.72646   71.42535   -0.27354    1.80702      -31232.95119
  Ta     1015   72.54717   71.24606   -0.45283    1.98806      -31233.07640
  Ta     1016   72.83867   71.53756   -0.16133    1.69012      -31232.87504
  Ta     1017   72.63225   71.33114   -0.36775    1.90851      -31233.01874
  Ta     1018   72.67381   71.37270   -0.32619    1.85796      -31232.98284
  Ta     1019   72.73656   71.43546   -0.26344    1.79636      -31232.93774
  Ta     1020   72.88121   71.58011   -0.11879    1.64797      -31232.83882
  Ta     1021   72.69421   71.39310   -0.30579    1.84066      -31232.96723
  Ta     1022   72.73624   71.43513   -0.26376    1.79872      -31232.94141
  Ta     1023   72.90971   71.60860   -0.09029    1.62893      -31232.84200
  Ta     1024   72.69131   71.39020   -0.30869    1.84185      -31232.96567
  V      1025   23.39560   22.09450    0.39560    1.55278       -1895.22690
  V      1026   23.57076   22.26966    0.57076    1.36832       -1895.11817
  V      1027   23.41615   22.11505    0.41615    1.53034       -1895.22207
  V      1028   23.46964   22.16853    0.46964    1.47576       -1895.18645
  V      1029   23.36421   22.06310    0.36421    1.59009       -1895.26552
  V      1030   23.35337   22.05227    0.35337    1.59631       -1895.25821
  V      1031   23.50774   22.20663    0.50774    1.43152       -1895.18013
  V      1032   23.56723   22.26613    0.56723    1.37305       -1895.14579
  V      1033   23.14221   21.84110    0.14221    1.82082       -1895.39210
  V      1034   23.38059   22.07948    0.38059    1.56886       -1895.23021
  V      1035   23.52844   22.22734    0.52844    1.41174       -1895.14748
  V      1036   23.46016   22.15905    0.46016    1.48558       -1895.18277
  V      1037   23.48790   22.18679    0.48790    1.46072       -1895.17236
  V      1038   23.48543   22.18432    0.48543    1.46230       -1895.19347
  V      1039   23.32961   22.02850    0.32961    1.62433       -1895.27124
  V      1040   23.46171   22.16060    0.46171    1.48516       -1895.20724
  V      1041   23.52828   22.22718    0.52828    1.41639       -1895.15283
  V      1042   23.43504   22.13393    0.43504    1.51631       -1895.21299
  V      1043   23.45992   22.15882    0.45992    1.48804       -1895.18916
  V      1044   23.45200   22.15089    0.45200    1.49211       -1895.20527
  V      1045   23.42178   22.12067    0.42178    1.52069       -1895.22405
  V      1046   23.43331   22.13220    0.43331    1.51569       -1895.22321
  V      1047   23.28775   21.98664    0.28775    1.66419       -1895.30352
  V      1048   23.48079   22.17968    0.48079    1.46664       -1895.19800
  V      1049   23.55008   22.24897    0.55008    1.39202       -1895.15127
  V      1050   23.51073   22.20962    0.51073    1.43385       -1895.16311
  V      1051   23.38232   22.08122    0.38232    1.57167       -1895.24095
  V      1052   23.43005   22.12894    0.43005    1.52138       -1895.22862
  V      1053   23.44133   22.14022    0.44133    1.50324       -1895.20767
  V      1054   23.42151   22.12040    0.42151    1.52379       -1895.21171
  V      1055   23.32443   22.02332    0.32443    1.63273       -1895.28153
  V      1056   23.53246   22.23136    0.53246    1.40587       -1895.16015
  V      1057   23.38976   22.08865    0.38976    1.56040       -1895.22861
  V      1058   23.48317   22.18207    0.48317    1.46449       -1895.21184
  V      1059   23.54329   22.24218    0.54329    1.40313       -1895.14754
  V      1060   23.33780   22.03670    0.33780    1.61962       -1895.28280
  V      1061   23.54091   22.23980    0.54091    1.40145       -1895.14202
  V      1062   23.62838   22.32727    0.62838    1.31366       -1895.10182
  V      1063   23.52025   22.21914    0.52025    1.41899       -1895.16424
  V      1064   23.51078   22.20967    0.51078    1.42929       -1895.17831
  V      1065   23.41751   22.11640    0.41751    1.52915       -1895.20788
  V      1066   23.54007   22.23896    0.54007    1.40598       -1895.15268
  V      1067   23.43381   22.13271    0.43381    1.52033       -1895.21609
  V      1068   23.51381   22.21270    0.51381    1.43156       -1895.15617
  V      1069   23.47701   22.17590    0.47701    1.46726       -1895.18800
  V      1070   23.40844   22.10734    0.40844    1.54383       -1895.22515
  V      1071   23.42150   22.12040    0.42150    1.52353       -1895.22945
  V      1072   23.47379   22.17268    0.47379    1.47342       -1895.18871
  V      1073   23.62406   22.32295    0.62406    1.31997       -1895.10314
  V      1074   23.45352   22.15241    0.45352    1.49397       -1895.21474
  V      1075   23.53847   22.23736    0.53847    1.40913       -1895.15834
  V      1076   23.42070   22.11959    0.42070    1.52632       -1895.22849
  V      1077   23.42736   22.12626    0.42736    1.52685       -1895.22543
  V      1078   23.46991   22.16880    0.46991    1.47612       -1895.20000
  V      1079   23.37528   22.07417    0.37528    1.57390       -1895.24918
  V      1080   23.51172   22.21061    0.51172    1.43183       -1895.15704
  V      1081   23.29580   21.99470    0.29580    1.66107       -1895.29322
  V      1082   23.40607   22.10496    0.40607    1.53774       -1895.21865
  V      1083   23.37660   22.07550    0.37660    1.57191       -1895.23045
  V      1084   23.56438   22.26328    0.56438    1.38092       -1895.14507
  V      1085   23.48608   22.18497    0.48608    1.46053       -1895.18984
  V      1086   23.49407   22.19296    0.49407    1.44599       -1895.18035
  V      1087   23.36904   22.06793    0.36904    1.58618       -1895.25389
  V      1088   23.36516   22.06405    0.36516    1.59014       -1895.25789
  V      1089   23.40542   22.10431    0.40542    1.54275       -1895.21662
  V      1090   23.47167   22.17057    0.47167    1.47443       -1895.20319
  V      1091   23.33550   22.03439    0.33550    1.61596       -1895.25541
  V      1092   23.40685   22.10574    0.40685    1.54441       -1895.24822
  V      1093   23.20766   21.90656    0.20766    1.75116       -1895.34705
  V      1094   23.41965   22.11854    0.41965    1.53304       -1895.22253
  V      1095   23.39005   22.08895    0.39005    1.55844       -1895.23381
  V      1096   23.36652   22.06542    0.36652    1.58386       -1895.27435
  V      1097   23.48466   22.18355    0.48466    1.46198       -1895.18737
  V      1098   23.54163   22.24052    0.54163    1.40405       -1895.14901
  V      1099   23.50708   22.20597    0.50708    1.44062       -1895.17825
  V      1100   23.40166   22.10055    0.40166    1.55209       -1895.23570
  V      1101   23.39716   22.09606    0.39716    1.55454       -1895.25082
  V      1102   23.41501   22.11391    0.41501    1.53772       -1895.23997
  V      1103   23.48302   22.18192    0.48302    1.46197       -1895.20031
  V      1104   23.49368   22.19258    0.49368    1.45324       -1895.17223
  V      1105   23.35361   22.05250    0.35361    1.60166       -1895.27793
  V      1106   23.41037   22.10926    0.41037    1.53862       -1895.21431
  V      1107   23.32376   22.02265    0.32376    1.62654       -1895.27106
  V      1108   23.33841   22.03730    0.33841    1.61712       -1895.28082
  V      1109   23.44183   22.14072    0.44183    1.51258       -1895.21574
  V      1110   23.54270   22.24159    0.54270    1.39485       -1895.15427
  V      1111   23.36707   22.06597    0.36707    1.58305       -1895.24442
  V      1112   23.36357   22.06247    0.36357    1.59129       -1895.26450
  V      1113   23.47118   22.17008    0.47118    1.47558       -1895.19549
  V      1114   23.32957   22.02846    0.32957    1.62386       -1895.27680
  V      1115   23.52177   22.22066    0.52177    1.42013       -1895.16127
  V      1116   23.49198   22.19088    0.49198    1.45137       -1895.18682
  V      1117   23.38811   22.08700    0.38811    1.56459       -1895.26036
  V      1118   23.49824   22.19713    0.49824    1.44816       -1895.16954
  V      1119   23.41168   22.11057    0.41168    1.54532       -1895.24486
  V      1120   23.32728   22.02617    0.32728    1.62421       -1895.27427
  V      1121   23.45580   22.15470    0.45580    1.48926       -1895.20342
  V      1122   23.42329   22.12218    0.42329    1.52147       -1895.19945
  V      1123   23.23196   21.93086    0.23196    1.72706       -1895.33633
  V      1124   23.26537   21.96427    0.26537    1.68863       -1895.31156
  V      1125   23.34526   22.04415    0.34526    1.60762       -1895.26889
  V      1126   23.39404   22.09294    0.39404    1.55121       -1895.22602
  V      1127   23.46291   22.16180    0.46291    1.47712       -1895.18345
  V      1128   23.31037   22.00926    0.31037    1.64888       -1895.28736
  V      1129   23.53751   22.23641    0.53751    1.40871       -1895.15542
  V      1130   23.40224   22.10113    0.40224    1.54638       -1895.23531
  V      1131   23.44823   22.14712    0.44823    1.49865       -1895.20879
  V      1132   23.46212   22.16102    0.46212    1.48682       -1895.19987
  V      1133   23.39893   22.09782    0.39893    1.55362       -1895.24701
  V      1134   23.63758   22.33647    0.63758    1.30369       -1895.09031
  V      1135   23.36217   22.06106    0.36217    1.58956       -1895.24520
  V      1136   23.36982   22.06872    0.36982    1.57888       -1895.24609
  V      1137   23.47478   22.17368    0.47478    1.46850       -1895.19158
  V      1138   23.46438   22.16327    0.46438    1.48489       -1895.19804
  V      1139   23.29107   21.98996    0.29107    1.65898       -1895.29306
  V      1140   23.58627   22.28517    0.58627    1.35757       -1895.13399
  V      1141   23.53484   22.23373    0.53484    1.40292       -1895.14885
  V      1142   23.59001   22.28890    0.59001    1.35200       -1895.11775
  V      1143   23.32321   22.02210    0.32321    1.63045       -1895.27140
  V      1144   23.46479   22.16368    0.46479    1.47714       -1895.18298
  V      1145   23.36816   22.06705    0.36816    1.58788       -1895.25542
  V      1146   23.54842   22.24731    0.54842    1.40014       -1895.14874
  V      1147   23.34154   22.04043    0.34154    1.61347       -1895.27511
  V      1148   23.51806   22.21696    0.51806    1.42519       -1895.16553
  V      1149   23.41582   22.11471    0.41582    1.53574       -1895.23204
  V      1150   23.33254   22.03144    0.33254    1.62268       -1895.29071
  V      1151   23.40733   22.10622    0.40733    1.54365       -1895.23063
  V      1152   23.48131   22.18021    0.48131    1.45715       -1895.17213
  V      1153   23.44519   22.14409    0.44519    1.50247       -1895.21937
  V      1154   23.43004   22.12893    0.43004    1.52450       -1895.22829
  V      1155   23.36323   22.06212    0.36323    1.58484       -1895.24089
  V      1156   23.36404   22.06293    0.36404    1.58558       -1895.25663
  V      1157   23.44565   22.14454    0.44565    1.50310       -1895.22649
  V      1158   23.46246   22.16135    0.46246    1.48143       -1895.17936
  V      1159   23.56190   22.26080    0.56190    1.38488       -1895.14559
  V      1160   23.46424   22.16313    0.46424    1.48194       -1895.19713
  V      1161   23.39397   22.09287    0.39397    1.55287       -1895.23253
  V      1162   23.31157   22.01046    0.31157    1.64189       -1895.27298
  V      1163   23.32415   22.02305    0.32415    1.62962       -1895.27865
  V      1164   23.43925   22.13814    0.43925    1.50794       -1895.20000
  V      1165   23.64238   22.34128    0.64238    1.30067       -1895.10072
  V      1166   23.38306   22.08195    0.38306    1.56736       -1895.24438
  V      1167   23.36693   22.06583    0.36693    1.58494       -1895.24617
  V      1168   23.46261   22.16150    0.46261    1.48738       -1895.20280
  V      1169   23.38281   22.08170    0.38281    1.56424       -1895.23428
  V      1170   23.45158   22.15047    0.45158    1.49420       -1895.20193
  V      1171   23.49036   22.18925    0.49036    1.45914       -1895.18681
  V      1172   23.52981   22.22870    0.52981    1.41556       -1895.15560
  V      1173   23.49648   22.19537    0.49648    1.44421       -1895.15644
  V      1174   23.37684   22.07573    0.37684    1.57558       -1895.25859
  V      1175   23.31995   22.01884    0.31995    1.63097       -1895.27270
  V      1176   23.40120   22.10009    0.40120    1.54359       -1895.21638
  V      1177   23.44551   22.14440    0.44551    1.50090       -1895.21008
  V      1178   23.42029   22.11918    0.42029    1.53201       -1895.22852
  V      1179   23.23406   21.93295    0.23406    1.72304       -1895.33817
  V      1180   23.31832   22.01722    0.31832    1.64038       -1895.28887
  V      1181   23.31814   22.01703    0.31814    1.63743       -1895.28573
  V      1182   23.46017   22.15906    0.46017    1.48780       -1895.20778
  V      1183   23.40213   22.10102    0.40213    1.55272       -1895.23792
  V      1184   23.50310   22.20199    0.50310    1.44045       -1895.16770
  V      1185   23.37266   22.07156    0.37266    1.57752       -1895.23866
  V      1186   23.21492   21.91381    0.21492    1.74018       -1895.34391
  V      1187   23.45912   22.15802    0.45912    1.48401       -1895.20389
  V      1188   23.42401   22.12290    0.42401    1.52530       -1895.19792
  V      1189   23.37527   22.07416    0.37527    1.57343       -1895.25080
  V      1190   23.51662   22.21552    0.51662    1.42920       -1895.16604
  V      1191   23.47254   22.17143    0.47254    1.47802       -1895.19411
  V      1192   23.44287   22.14176    0.44287    1.49625       -1895.20661
  V      1193   23.32504   22.02394    0.32504    1.62613       -1895.26212
  V      1194   23.57495   22.27385    0.57495    1.36280       -1895.11742
  V      1195   23.42212   22.12102    0.42212    1.53066       -1895.24286
  V      1196   23.37716   22.07605    0.37716    1.57288       -1895.22437
  V      1197   23.44596   22.14485    0.44596    1.49465       -1895.21611
  V      1198   23.44059   22.13948    0.44059    1.51116       -1895.22074
  V      1199   23.46196   22.16085    0.46196    1.48402       -1895.17514
  V      1200   23.42505   22.12394    0.42505    1.52424       -1895.22788
  V      1201   23.31282   22.01171    0.31282    1.64075       -1895.29022
  V      1202   23.46819   22.16708    0.46819    1.47096       -1895.19485
  V      1203   23.46089   22.15978    0.46089    1.48811       -1895.19980
  V      1204   23.61348   22.31238    0.61348    1.32737       -1895.11022
  V      1205   23.59702   22.29591    0.59702    1.34792       -1895.11691
  V      1206   23.42085   22.11974    0.42085    1.52759       -1895.21579
  V      1207   23.38025   22.07914    0.38025    1.56765       -1895.22370
  V      1208   23.32381   22.02270    0.32381    1.62841       -1895.26585
  V      1209   23.48988   22.18877    0.48988    1.45428       -1895.16497
  V      1210   23.43816   22.13705    0.43816    1.50239       -1895.21367
  V      1211   23.36562   22.06451    0.36562    1.58520       -1895.24313
  V      1212   23.56748   22.26637    0.56748    1.37496       -1895.14583
  V      1213   23.53224   22.23114    0.53224    1.41012       -1895.14834
  V      1214   23.50321   22.20210    0.50321    1.43903       -1895.16208
  V      1215   23.48043   22.17932    0.48043    1.46020       -1895.18559
  V      1216   23.37178   22.07067    0.37178    1.57973       -1895.25637
  V      1217   23.50368   22.20257    0.50368    1.44753       -1895.18575
  V      1218   23.44303   22.14192    0.44303    1.50121       -1895.19845
  V      1219   23.32517   22.02407    0.32517    1.62663       -1895.25026
  V      1220   23.41215   22.11104    0.41215    1.53421       -1895.22101
  V      1221   23.41829   22.11718    0.41829    1.52518       -1895.23190
  V      1222   23.48540   22.18430    0.48540    1.46022       -1895.18669
  V      1223   23.41536   22.11425    0.41536    1.53446       -1895.21816
  V      1224   23.50173   22.20062    0.50173    1.44280       -1895.17889
  V      1225   23.49623   22.19512    0.49623    1.45067       -1895.18571
  V      1226   23.25982   21.95872    0.25982    1.70035       -1895.32755
  V      1227   23.43180   22.13069    0.43180    1.51505       -1895.20104
  V      1228   23.47101   22.16990    0.47101    1.48234       -1895.19965
  V      1229   23.42801   22.12690    0.42801    1.51973       -1895.21569
  V      1230   23.45215   22.15104    0.45215    1.49683       -1895.20978
  V      1231   23.54287   22.24176    0.54287    1.40189       -1895.14900
  V      1232   23.35852   22.05741    0.35852    1.59163       -1895.25433
  V      1233   23.36391   22.06281    0.36391    1.58811       -1895.25689
  V      1234   23.50041   22.19930    0.50041    1.43976       -1895.16328
  V      1235   23.40519   22.10408    0.40519    1.54579       -1895.22938
  V      1236   23.43877   22.13767    0.43877    1.50943       -1895.20314
  V      1237   23.41957   22.11847    0.41957    1.53058       -1895.22329
  V      1238   23.34624   22.04513    0.34624    1.60582       -1895.26430
  V      1239   23.55258   22.25147    0.55258    1.39564       -1895.15416
  V      1240   23.39834   22.09724    0.39834    1.55208       -1895.22762
  V      1241   23.27720   21.97609    0.27720    1.67559       -1895.29617
  V      1242   23.35321   22.05210    0.35321    1.59663       -1895.27716
  V      1243   23.38046   22.07936    0.38046    1.56909       -1895.24903
  V      1244   23.44659   22.14548    0.44659    1.50383       -1895.20623
  V      1245   23.39227   22.09116    0.39227    1.56012       -1895.24147
  V      1246   23.30722   22.00611    0.30722    1.64514       -1895.28265
  V      1247   23.50080   22.19969    0.50080    1.43875       -1895.17583
  V      1248   23.37860   22.07749    0.37860    1.56611       -1895.22405
  V      1249   23.43534   22.13423    0.43534    1.51234       -1895.21404
  V      1250   23.41728   22.11617    0.41728    1.52689       -1895.22395
  V      1251   23.61083   22.30972    0.61083    1.33021       -1895.10022
  V      1252   23.24004   21.93893    0.24004    1.72073       -1895.34169
  V      1253   23.31428   22.01317    0.31428    1.63481       -1895.27287
  V      1254   23.18814   21.88703    0.18814    1.77123       -1895.35792
  V      1255   23.33519   22.03409    0.33519    1.61834       -1895.26805
  V      1256   23.35216   22.05106    0.35216    1.60201       -1895.26288
  V      1257   23.33420   22.03310    0.33420    1.62004       -1895.28224
  V      1258   23.44305   22.14194    0.44305    1.50467       -1895.21075
  V      1259   23.47391   22.17281    0.47391    1.47001       -1895.20272
  V      1260   23.44528   22.14417    0.44528    1.50393       -1895.21304
  V      1261   23.53895   22.23785    0.53895    1.40023       -1895.14207
  V      1262   23.53832   22.23721    0.53832    1.40564       -1895.15191
  V      1263   23.41014   22.10903    0.41014    1.53326       -1895.21644
  V      1264   23.54906   22.24795    0.54906    1.39073       -1895.13106
  V      1265   23.47144   22.17033    0.47144    1.47553       -1895.18952
  V      1266   23.42066   22.11955    0.42066    1.52546       -1895.20871
  V      1267   23.62384   22.32273    0.62384    1.31441       -1895.09512
  V      1268   23.53603   22.23492    0.53603    1.40362       -1895.14463
  V      1269   23.33365   22.03254    0.33365    1.61857       -1895.27209
  V      1270   23.41177   22.11066    0.41177    1.53904       -1895.23975
  V      1271   23.49849   22.19738    0.49849    1.44653       -1895.16795
  V      1272   23.44569   22.14458    0.44569    1.50096       -1895.21113
  V      1273   23.52387   22.22276    0.52387    1.41999       -1895.16061
  V      1274   23.50407   22.20297    0.50407    1.43802       -1895.18901
  V      1275   23.49902   22.19791    0.49902    1.44690       -1895.16859
  V      1276   23.32952   22.02841    0.32952    1.63013       -1895.29479
  V      1277   23.33745   22.03634    0.33745    1.61974       -1895.28582
  V      1278   23.51044   22.20933    0.51044    1.42971       -1895.16728
  V      1279   23.47186   22.17075    0.47186    1.46955       -1895.18717
  V      1280   23.49853   22.19743    0.49853    1.44659       -1895.18028
