 Atom   Index      Q          Qmt        dQ        Vmad        Local Energy
  W         1   73.95576   72.56900   -0.04424    1.81079      -32312.61954
  W         2   73.99832   72.61157   -0.00168    1.77146      -32312.59844
  W         3   73.98740   72.60065   -0.01260    1.77988      -32312.59311
  W         4   73.87245   72.48569   -0.12755    1.88767      -32312.66708
  W         5   73.92600   72.53925   -0.07400    1.83470      -32312.63661
  W         6   74.01345   72.62670    0.01345    1.75650      -32312.59762
  W         7   73.91695   72.53019   -0.08305    1.84176      -32312.62949
  W         8   73.88175   72.49499   -0.11825    1.88487      -32312.66186
  W         9   73.94944   72.56268   -0.05056    1.81578      -32312.62791
  W        10   73.96823   72.58148   -0.03177    1.80900      -32312.62831
  W        11   74.04869   72.66194    0.04869    1.72997      -32312.58250
  W        12   74.00669   72.61994    0.00669    1.76330      -32312.60295
  W        13   73.93409   72.54733   -0.06591    1.83244      -32312.63370
  W        14   73.95497   72.56822   -0.04503    1.81172      -32312.62622
  W        15   73.98025   72.59349   -0.01975    1.77945      -32312.59782
  W        16   73.96095   72.57419   -0.03905    1.80087      -32312.61805
  Nb       17   41.02761   39.64085    0.02761    1.77197       -7632.70534
  Nb       18   40.99781   39.61105   -0.00219    1.80709       -7632.72549
  Nb       19   41.01269   39.62594    0.01269    1.79570       -7632.71932
  Nb       20   40.94169   39.55493   -0.05831    1.85808       -7632.75436
  Nb       21   41.03117   39.64442    0.03117    1.76824       -7632.70335
  Nb       22   40.99719   39.61044   -0.00281    1.80784       -7632.73161
  Nb       23   40.98265   39.59590   -0.01735    1.82683       -7632.73944
  Nb       24   40.96422   39.57746   -0.03578    1.84130       -7632.75288
  Nb       25   41.08974   39.70299    0.08974    1.72582       -7632.67222
  Nb       26   41.06190   39.67514    0.06190    1.75130       -7632.70123
  Nb       27   40.95542   39.56867   -0.04458    1.84219       -7632.74485
  Nb       28   41.09585   39.70909    0.09585    1.71830       -7632.67595
  Nb       29   41.02526   39.63851    0.02526    1.78226       -7632.71531
  Nb       30   41.01767   39.63091    0.01767    1.78959       -7632.71810
  Nb       31   40.99289   39.60614   -0.00711    1.80530       -7632.72770
  Nb       32   41.01000   39.62324    0.01000    1.79907       -7632.72526
  Mo       33   42.13586   40.74910    0.13586    1.75596       -8090.71586
  Mo       34   42.19024   40.80348    0.19024    1.70117       -8090.68689
  Mo       35   42.10693   40.72018    0.10693    1.77895       -8090.72723
  Mo       36   42.10854   40.72179    0.10854    1.77866       -8090.72379
  Mo       37   42.13781   40.75105    0.13781    1.74404       -8090.70328
  Mo       38   42.20025   40.81349    0.20025    1.69345       -8090.66918
  Mo       39   42.21428   40.82752    0.21428    1.68835       -8090.68578
  Mo       40   42.15442   40.76767    0.15442    1.74161       -8090.70824
  Mo       41   42.15819   40.77144    0.15819    1.73837       -8090.70683
  Mo       42   42.13351   40.74675    0.13351    1.75265       -8090.70727
  Mo       43   42.11691   40.73015    0.11691    1.77472       -8090.72334
  Mo       44   42.16674   40.77998    0.16674    1.72224       -8090.69197
  Mo       45   42.14901   40.76225    0.14901    1.74316       -8090.70702
  Mo       46   42.13585   40.74910    0.13585    1.75801       -8090.72754
  Mo       47   42.15014   40.76338    0.15014    1.74008       -8090.70503
  Mo       48   42.19066   40.80391    0.19066    1.70232       -8090.67969
  Ta       49   72.87317   71.48641   -0.12683    1.84901      -31233.06826
  Ta       50   72.84330   71.45655   -0.15670    1.86707      -31233.08531
  Ta       51   72.83968   71.45292   -0.16032    1.87556      -31233.07432
  Ta       52   72.87431   71.48755   -0.12569    1.84432      -31233.06240
  Ta       53   72.89937   71.51261   -0.10063    1.81404      -31233.04141
  Ta       54   72.89341   71.50665   -0.10659    1.82177      -31233.04962
  Ta       55   72.83539   71.44864   -0.16461    1.86757      -31233.07707
  Ta       56   72.86753   71.48077   -0.13247    1.84253      -31233.05738
  Ta       57   72.93827   71.55152   -0.06173    1.77911      -31233.03207
  Ta       58   72.85319   71.46644   -0.14681    1.86009      -31233.07790
  Ta       59   72.90014   71.51338   -0.09986    1.81574      -31233.04439
  Ta       60   72.85348   71.46672   -0.14652    1.85534      -31233.07517
  Ta       61   72.84337   71.45661   -0.15663    1.87382      -31233.08588
  Ta       62   72.96172   71.57496   -0.03828    1.75980      -31233.01313
  Ta       63   72.80237   71.41561   -0.19763    1.90608      -31233.10522
  Ta       64   72.91284   71.52608   -0.08716    1.80710      -31233.04430
