System Description            : WNbMoTa, BCC structure                          
Number of Atoms in Unit Cell  : 256                                             
Number of Atomic Species      : 4                                               
Number of Atoms in Each Type  : 64(W), 64(Nb), 64(Mo), 64(Ta)                   
Energy Offset                 : -19816                                          
=======================================================================================
    Iter     Energy      3PV     Efermi   Rms_rho    Rms_pot   Mix  Alg  Alpha 
---------------------------------------------------------------------------------------
**       1  -0.266104  2293.586  0.59410  0.140E+01  0.143E+00  pot  B   0.1000
         2  -0.579547  2265.315  0.60777  0.751E-02  0.493E+00  pot  B   0.1000
         3  -0.653013  2261.066  0.61224  0.128E-02  0.372E+00  pot  B   0.1000
         4  -0.976061  2218.687  0.62885  0.112E-01  0.464E+00  pot  B   0.1000
         5  -1.178593  2180.457  0.64725  0.101E-01  0.137E+00  pot  B   0.1000
         6  -1.209120  2168.259  0.66152  0.372E-02  0.122E+00  pot  B   0.1000
         7  -1.215370  2162.438  0.66864  0.196E-02  0.190E+00  pot  B   0.1000
         8  -1.239078  2154.920  0.67287  0.262E-02  0.727E-01  pot  B   0.1000
         9  -1.255553  2147.411  0.67625  0.290E-02  0.536E-01  pot  B   0.1000
        10  -1.272699  2135.576  0.68139  0.493E-02  0.460E-01  pot  B   0.1000
        11  -1.276063  2130.439  0.68408  0.232E-02  0.302E-01  pot  B   0.1000
        12  -1.276723  2129.036  0.68522  0.769E-03  0.578E-02  pot  B   0.1000
        13  -1.276901  2128.653  0.68611  0.315E-03  0.657E-02  pot  B   0.1000
        14  -1.276995  2128.598  0.68669  0.152E-03  0.446E-02  pot  B   0.1000
        15  -1.277179  2128.531  0.68839  0.375E-03  0.287E-02  pot  B   0.1000
        16  -1.277214  2128.366  0.68946  0.210E-03  0.384E-02  pot  B   0.1000
        17  -1.277223  2128.350  0.68989  0.722E-04  0.132E-02  pot  B   0.1000
        18  -1.277228  2128.275  0.69019  0.561E-04  0.758E-03  pot  B   0.1000
        19  -1.277229  2128.251  0.69031  0.244E-04  0.857E-03  pot  B   0.1000
        20  -1.277231  2128.239  0.69046  0.241E-04  0.117E-02  pot  B   0.1000
        21  -1.277231  2128.212  0.69051  0.163E-04  0.778E-03  pot  B   0.1000
        22  -1.277232  2128.204  0.69059  0.178E-04  0.490E-03  pot  B   0.1000
        23  -1.277232  2128.225  0.69064  0.120E-04  0.206E-03  pot  B   0.1000
        24  -1.277232  2128.225  0.69066  0.549E-05  0.251E-03  pot  B   0.1000
        25  -1.277232  2128.239  0.69068  0.830E-05  0.239E-03  pot  B   0.1000
        26  -1.277232  2128.247  0.69070  0.499E-05  0.107E-03  pot  B   0.1000
        27  -1.277232  2128.257  0.69071  0.529E-05  0.607E-04  pot  B   0.1000
        28  -1.277233  2128.260  0.69071  0.279E-05  0.399E-04  pot  B   0.1000
        29  -1.277233  2128.263  0.69072  0.243E-05  0.425E-04  pot  B   0.1000
        30  -1.277233  2128.265  0.69072  0.228E-05  0.232E-04  pot  B   0.1000
        31  -1.277232  2128.268  0.69072  0.173E-05  0.173E-04  pot  B   0.1000
        32  -1.277232  2128.270  0.69072  0.156E-05  0.392E-04  pot  B   0.1000
        33  -1.277232  2128.270  0.69072  0.270E-06  0.386E-04  pot  B   0.1000
        34  -1.277232  2128.272  0.69072  0.861E-06  0.195E-04  pot  B   0.1000
        35  -1.277232  2128.274  0.69072  0.947E-06  0.152E-04  pot  B   0.1000
        36  -1.277232  2128.274  0.69071  0.361E-06  0.144E-04  pot  B   0.1000
        37  -1.277232  2128.275  0.69071  0.520E-06  0.149E-04  pot  B   0.1000
        38  -1.277232  2128.275  0.69071  0.278E-06  0.102E-04  pot  B   0.1000
        39  -1.277232  2128.276  0.69071  0.458E-06  0.565E-05  pot  B   0.1000
        40  -1.277232  2128.276  0.69071  0.352E-06  0.502E-05  pot  B   0.1000
        41  -1.277232  2128.277  0.69071  0.315E-06  0.526E-05  pot  B   0.1000
        42  -1.277232  2128.277  0.69071  0.225E-06  0.346E-05  pot  B   0.1000
        43  -1.277232  2128.277  0.69071  0.138E-06  0.260E-05  pot  B   0.1000
        44  -1.277232  2128.277  0.69071  0.137E-06  0.285E-05  pot  B   0.1000
        45  -1.277232  2128.277  0.69071  0.475E-07  0.564E-05  pot  B   0.1000
        46  -1.277232  2128.277  0.69071  0.765E-07  0.119E-05  pot  B   0.1000
        47  -1.277232  2128.277  0.69071  0.787E-07  0.150E-05  pot  B   0.1000
        48  -1.277232  2128.277  0.69071  0.630E-07  0.141E-05  pot  B   0.1000
        49  -1.277232  2128.277  0.69071  0.441E-07  0.148E-05  pot  B   0.1000
        50  -1.277232  2128.277  0.69071  0.245E-07  0.117E-05  pot  B   0.1000
        51  -1.277232  2128.277  0.69071  0.268E-07  0.544E-06  pot  B   0.1000
        52  -1.277232  2128.277  0.69071  0.188E-07  0.372E-06  pot  B   0.1000
        53  -1.277232  2128.277  0.69071  0.174E-07  0.333E-06  pot  B   0.1000
        54  -1.277232  2128.277  0.69071  0.157E-07  0.232E-06  pot  B   0.1000
        55  -1.277232  2128.277  0.69071  0.168E-07  0.215E-06  pot  B   0.1000
        56  -1.277232  2128.277  0.69071  0.177E-07  0.242E-06  pot  B   0.1000
        57  -1.277232  2128.277  0.69071  0.994E-08  0.578E-06  pot  B   0.1000
        58  -1.277232  2128.277  0.69071  0.106E-07  0.166E-06  pot  B   0.1000
        59  -1.277232  2128.277  0.69071  0.124E-07  0.167E-06  pot  B   0.1000
        60  -1.277232  2128.277  0.69071  0.765E-08  0.127E-06  pot  B   0.1000
        61  -1.277232  2128.276  0.69071  0.624E-08  0.198E-06  pot  B   0.1000
        62  -1.277232  2128.276  0.69071  0.429E-08  0.170E-06  pot  B   0.1000
        63  -1.277232  2128.276  0.69071  0.481E-08  0.876E-07  pot  B   0.1000
        64  -1.277232  2128.276  0.69071  0.486E-08  0.654E-07  pot  B   0.1000
        65  -1.277232  2128.276  0.69071  0.393E-08  0.741E-07  pot  B   0.1000
        66  -1.277232  2128.276  0.69071  0.289E-08  0.523E-07  pot  B   0.1000
        67  -1.277232  2128.276  0.69071  0.199E-08  0.428E-07  pot  B   0.1000
        68  -1.277232  2128.276  0.69071  0.125E-08  0.368E-07  pot  B   0.1000
        69  -1.277232  2128.276  0.69071  0.798E-09  0.728E-07  pot  B   0.1000
        70  -1.277232  2128.276  0.69071  0.446E-09  0.253E-07  pot  B   0.1000
        71  -1.277232  2128.276  0.69071  0.631E-09  0.242E-07  pot  B   0.1000
        72  -1.277232  2128.276  0.69071  0.458E-09  0.154E-07  pot  B   0.1000
        73  -1.277232  2128.276  0.69071  0.359E-09  0.200E-07  pot  B   0.1000
        74  -1.277232  2128.276  0.69071  0.336E-09  0.152E-07  pot  B   0.1000
        75  -1.277232  2128.276  0.69071  0.425E-09  0.106E-07  pot  B   0.1000
        76  -1.277232  2128.276  0.69071  0.646E-09  0.514E-08  pot  B   0.1000
**      77  -1.277232  2128.276  0.69071  0.426E-11  0.514E-08  pot  B   0.1000
