 Atom   Index      Q          Qmt        dQ        Vmad        Local Energy
  W         1   73.95718   72.65663   -0.04282    1.63538      -32312.43143
  W         2   73.89559   72.59504   -0.10441    1.70321      -32312.47251
  W         3   73.84421   72.54365   -0.15579    1.74878      -32312.49764
  W         4   73.81180   72.51125   -0.18820    1.77667      -32312.52406
  W         5   73.69470   72.39414   -0.30530    1.89842      -32312.59106
  W         6   73.77423   72.47367   -0.22577    1.82820      -32312.56609
  W         7   73.74152   72.44097   -0.25848    1.85244      -32312.56656
  W         8   73.86171   72.56116   -0.13829    1.73336      -32312.49750
  W         9   73.96381   72.66325   -0.03619    1.63029      -32312.42232
  W        10   73.93426   72.63370   -0.06574    1.65218      -32312.43674
  W        11   73.85387   72.55331   -0.14613    1.74311      -32312.49798
  W        12   73.69232   72.39177   -0.30768    1.89907      -32312.59224
  W        13   73.94123   72.64068   -0.05877    1.64296      -32312.43309
  W        14   73.87672   72.57617   -0.12328    1.71310      -32312.46841
  W        15   73.83343   72.53287   -0.16657    1.76017      -32312.50350
  W        16   73.84803   72.54747   -0.15197    1.74437      -32312.50209
  Nb       17   40.90944   39.60889   -0.09056    1.71558       -7632.58247
  Nb       18   41.02135   39.72080    0.02135    1.60356       -7632.50939
  Nb       19   40.99513   39.69458   -0.00487    1.62623       -7632.52401
  Nb       20   40.97313   39.67258   -0.02687    1.65034       -7632.53655
  Nb       21   40.89715   39.59659   -0.10285    1.72409       -7632.57919
  Nb       22   40.79490   39.49435   -0.20510    1.82609       -7632.64862
  Nb       23   40.72360   39.42305   -0.27640    1.90149       -7632.69108
  Nb       24   40.89321   39.59265   -0.10679    1.73316       -7632.58968
  Nb       25   40.82175   39.52120   -0.17825    1.80920       -7632.64591
  Nb       26   40.92154   39.62099   -0.07846    1.70215       -7632.56300
  Nb       27   40.89754   39.59698   -0.10246    1.72303       -7632.58661
  Nb       28   40.95537   39.65482   -0.04463    1.67365       -7632.55482
  Nb       29   40.88291   39.58235   -0.11709    1.74894       -7632.60792
  Nb       30   40.80483   39.50427   -0.19517    1.81793       -7632.63891
  Nb       31   41.00129   39.70074    0.00129    1.61938       -7632.52210
  Nb       32   40.93093   39.63037   -0.06907    1.70188       -7632.57387
  Mo       33   42.00485   40.70430    0.00485    1.70912       -8090.58951
  Mo       34   42.14258   40.84202    0.14258    1.57244       -8090.50963
  Mo       35   42.12259   40.82204    0.12259    1.58986       -8090.52828
  Mo       36   41.98720   40.68664   -0.01280    1.73318       -8090.60909
  Mo       37   42.05597   40.75541    0.05597    1.66442       -8090.57948
  Mo       38   42.00987   40.70932    0.00987    1.71080       -8090.59640
  Mo       39   42.09244   40.79188    0.09244    1.62092       -8090.53750
  Mo       40   41.99886   40.69831   -0.00114    1.72147       -8090.60192
  Mo       41   42.04167   40.74111    0.04167    1.68045       -8090.58672
  Mo       42   42.09826   40.79771    0.09826    1.61534       -8090.54255
  Mo       43   42.08420   40.78365    0.08420    1.63568       -8090.56225
  Mo       44   42.07102   40.77046    0.07102    1.65392       -8090.57340
  Mo       45   42.04440   40.74385    0.04440    1.67793       -8090.58952
  Mo       46   42.02763   40.72708    0.02763    1.68480       -8090.58886
  Mo       47   42.16230   40.86174    0.16230    1.55482       -8090.50840
  Mo       48   42.05890   40.75835    0.05890    1.66314       -8090.57246
  Ta       49   72.75430   71.45375   -0.24570    1.78086      -31232.92620
  Ta       50   72.71820   71.41764   -0.28180    1.81678      -31232.96090
  Ta       51   72.78142   71.48087   -0.21858    1.75239      -31232.91122
  Ta       52   72.77895   71.47839   -0.22105    1.75177      -31232.91429
  Ta       53   72.81670   71.51615   -0.18330    1.71698      -31232.88254
  Ta       54   72.71811   71.41755   -0.28189    1.81377      -31232.95444
  Ta       55   72.73077   71.43021   -0.26923    1.79896      -31232.94319
  Ta       56   72.75136   71.45081   -0.24864    1.78265      -31232.93038
  Ta       57   72.75590   71.45534   -0.24410    1.77515      -31232.92745
  Ta       58   72.75988   71.45932   -0.24012    1.77195      -31232.91708
  Ta       59   72.78356   71.48301   -0.21644    1.74842      -31232.90067
  Ta       60   72.69689   71.39634   -0.30311    1.84184      -31232.98212
  Ta       61   72.70998   71.40943   -0.29002    1.82006      -31232.94957
  Ta       62   72.77262   71.47207   -0.22738    1.76610      -31232.91992
  Ta       63   72.73513   71.43458   -0.26487    1.79320      -31232.93422
  Ta       64   72.70094   71.40039   -0.29906    1.82853      -31232.96729
  V        65   23.37720   22.07664    0.37720    1.56365       -1895.22743
  V        66   23.53066   22.23011    0.53066    1.41207       -1895.15990
  V        67   23.32727   22.02672    0.32727    1.61905       -1895.26877
  V        68   23.45429   22.15374    0.45429    1.49145       -1895.21236
  V        69   23.50210   22.20155    0.50210    1.43443       -1895.15505
  V        70   23.46646   22.16591    0.46646    1.47856       -1895.19001
  V        71   23.47951   22.17896    0.47951    1.46663       -1895.19990
  V        72   23.47273   22.17217    0.47273    1.47104       -1895.19720
  V        73   23.32313   22.02257    0.32313    1.63063       -1895.28673
  V        74   23.38112   22.08057    0.38112    1.56864       -1895.24611
  V        75   23.57635   22.27580    0.57635    1.37135       -1895.13168
  V        76   23.50832   22.20777    0.50832    1.43808       -1895.16966
  V        77   23.37983   22.07928    0.37983    1.56447       -1895.23536
  V        78   23.45309   22.15253    0.45309    1.49645       -1895.20243
  V        79   23.33952   22.03897    0.33952    1.61575       -1895.28330
  V        80   23.51230   22.21174    0.51230    1.43471       -1895.17878
