 Atom   Index      Q          Qmt        dQ        Vmad        Local Energy
  W         1   73.79139   72.49122   -0.20861    1.81168      -32312.55196
  W         2   73.70388   72.40371   -0.29612    1.89425      -32312.60069
  W         3   73.98304   72.68287   -0.01696    1.60773      -32312.41138
  W         4   73.69043   72.39026   -0.30957    1.90167      -32312.59338
  W         5   73.87981   72.57964   -0.12019    1.70784      -32312.47554
  W         6   73.72848   72.42832   -0.27152    1.86299      -32312.57260
  W         7   73.69048   72.39032   -0.30952    1.90703      -32312.60615
  W         8   73.90515   72.60499   -0.09485    1.68363      -32312.46043
  W         9   73.82808   72.52791   -0.17192    1.76293      -32312.51417
  W        10   73.74870   72.44853   -0.25130    1.84415      -32312.55378
  W        11   73.85369   72.55353   -0.14631    1.73751      -32312.49399
  W        12   73.82734   72.52718   -0.17266    1.76648      -32312.51976
  W        13   73.77328   72.47311   -0.22672    1.81351      -32312.54498
  W        14   73.83486   72.53470   -0.16514    1.75684      -32312.50740
  W        15   73.92160   72.62143   -0.07840    1.67557      -32312.47349
  W        16   73.95171   72.65155   -0.04829    1.64721      -32312.45087
  Nb       17   40.99810   39.69793   -0.00190    1.62525       -7632.52256
  Nb       18   41.08408   39.78392    0.08408    1.54494       -7632.47759
  Nb       19   40.94187   39.64171   -0.05813    1.68179       -7632.56782
  Nb       20   40.76830   39.46813   -0.23170    1.85179       -7632.65287
  Nb       21   40.97141   39.67124   -0.02859    1.65078       -7632.53666
  Nb       22   40.89500   39.59484   -0.10500    1.73204       -7632.59406
  Nb       23   40.99249   39.69232   -0.00751    1.62971       -7632.53427
  Nb       24   40.90935   39.60919   -0.09065    1.71408       -7632.57600
  Nb       25   40.79911   39.49895   -0.20089    1.82441       -7632.63890
  Nb       26   40.90723   39.60706   -0.09277    1.71848       -7632.57953
  Nb       27   41.06889   39.76873    0.06889    1.56212       -7632.49034
  Nb       28   40.97098   39.67082   -0.02902    1.65269       -7632.54249
  Nb       29   40.80981   39.50965   -0.19019    1.81563       -7632.63986
  Nb       30   40.83631   39.53615   -0.16369    1.78588       -7632.61590
  Nb       31   40.98450   39.68434   -0.01550    1.63972       -7632.53406
  Nb       32   40.69188   39.39171   -0.30812    1.93701       -7632.71837
  Mo       33   42.11718   40.81702    0.11718    1.60290       -8090.53567
  Mo       34   42.12670   40.82654    0.12670    1.59147       -8090.52626
  Mo       35   42.24762   40.94746    0.24762    1.46433       -8090.45125
  Mo       36   41.92368   40.62352   -0.07632    1.80459       -8090.65562
  Mo       37   42.09986   40.79969    0.09986    1.61121       -8090.53165
  Mo       38   42.14174   40.84158    0.14174    1.57581       -8090.51540
  Mo       39   42.03541   40.73524    0.03541    1.68472       -8090.58438
  Mo       40   42.00984   40.70968    0.00984    1.71040       -8090.59201
  Mo       41   42.00872   40.70855    0.00872    1.71450       -8090.59260
  Mo       42   41.94242   40.64226   -0.05758    1.77403       -8090.64005
  Mo       43   42.12987   40.82970    0.12987    1.58230       -8090.51908
  Mo       44   42.24523   40.94507    0.24523    1.46627       -8090.45281
  Mo       45   42.07994   40.77978    0.07994    1.63519       -8090.55043
  Mo       46   42.06041   40.76025    0.06041    1.66073       -8090.57378
  Mo       47   41.94912   40.64896   -0.05088    1.76869       -8090.63068
  Mo       48   42.03238   40.73222    0.03238    1.68818       -8090.59253
  Ta       49   72.63976   71.33959   -0.36024    1.88717      -31232.99576
  Ta       50   72.64283   71.34266   -0.35717    1.88773      -31232.99415
  Ta       51   72.85761   71.55744   -0.14239    1.67466      -31232.87169
  Ta       52   72.86102   71.56085   -0.13898    1.66732      -31232.86085
  Ta       53   72.94899   71.64883   -0.05101    1.59147      -31232.80868
  Ta       54   72.70800   71.40784   -0.29200    1.82592      -31232.95598
  Ta       55   72.87433   71.57417   -0.12567    1.65623      -31232.85623
  Ta       56   72.74223   71.44207   -0.25777    1.78708      -31232.92496
  Ta       57   72.81824   71.51807   -0.18176    1.71586      -31232.88565
  Ta       58   72.76195   71.46179   -0.23805    1.77167      -31232.91718
  Ta       59   72.91657   71.61640   -0.08343    1.62057      -31232.83039
  Ta       60   72.75019   71.45003   -0.24981    1.77538      -31232.93393
  Ta       61   72.67122   71.37106   -0.32878    1.85515      -31232.96641
  Ta       62   72.78276   71.48260   -0.21724    1.74943      -31232.92089
  Ta       63   72.68709   71.38693   -0.31291    1.84013      -31232.94204
  Ta       64   72.76311   71.46294   -0.23689    1.76106      -31232.91826
  V        65   23.27122   21.97105    0.27122    1.68039       -1895.29708
  V        66   23.48171   22.18155    0.48171    1.46558       -1895.19825
  V        67   23.36080   22.06064    0.36080    1.59332       -1895.26501
  V        68   23.37259   22.07243    0.37259    1.57745       -1895.24779
  V        69   23.39184   22.09168    0.39184    1.55347       -1895.23116
  V        70   23.45318   22.15302    0.45318    1.49941       -1895.22484
  V        71   23.26052   21.96035    0.26052    1.68856       -1895.30354
  V        72   23.54270   22.24253    0.54270    1.39217       -1895.12806
  V        73   23.53847   22.23831    0.53847    1.39756       -1895.12840
  V        74   23.45582   22.15565    0.45582    1.48284       -1895.19845
  V        75   23.47685   22.17669    0.47685    1.47162       -1895.19189
  V        76   23.29563   21.99547    0.29563    1.64564       -1895.26118
  V        77   23.51660   22.21644    0.51660    1.42192       -1895.16799
  V        78   23.44611   22.14595    0.44611    1.49851       -1895.21633
  V        79   23.44627   22.14611    0.44627    1.50643       -1895.22834
  V        80   23.37245   22.07228    0.37245    1.57816       -1895.26452
