 Atom   Index      Q          Qmt        dQ        Vmad        Local Energy
  W         1   73.75637   72.45699   -0.24363    1.84396      -32312.56779
  W         2   73.99466   72.69528   -0.00534    1.59273      -32312.40507
  W         3   73.90001   72.60063   -0.09999    1.69459      -32312.47845
  W         4   73.65028   72.35090   -0.34972    1.93109      -32312.59697
  Nb        5   40.86668   39.56730   -0.13332    1.75816       -7632.59496
  Nb        6   40.92677   39.62739   -0.07323    1.68705       -7632.54782
  Nb        7   40.98072   39.68135   -0.01928    1.64328       -7632.54730
  Nb        8   41.04577   39.74639    0.04577    1.57680       -7632.49826
  Mo        9   42.09749   40.79811    0.09749    1.61708       -8090.54172
  Mo       10   42.05368   40.75430    0.05368    1.66189       -8090.57241
  Mo       11   41.89197   40.59259   -0.10803    1.82907       -8090.66395
  Mo       12   42.19952   40.90014    0.19952    1.51207       -8090.48196
  Ta       13   72.72621   71.42683   -0.27379    1.79582      -31232.93125
  Ta       14   72.66418   71.36480   -0.33582    1.86436      -31232.96891
  Ta       15   72.78207   71.48269   -0.21793    1.75281      -31232.92842
  Ta       16   72.96547   71.66609   -0.03453    1.57395      -31232.80394
  V        17   23.56962   22.27024    0.56962    1.37888       -1895.15343
  V        18   23.24383   21.94445    0.24383    1.70225       -1895.30501
  V        19   23.29928   21.99990    0.29928    1.64956       -1895.29622
  V        20   23.38542   22.08604    0.38542    1.56492       -1895.24291
