System Description            : WNbMoTaV, BCC structure                         
Number of Atoms in Unit Cell  : 320                                             
Number of Atomic Species      : 5                                               
Number of Atoms in Each Type  : 64(W), 64(Nb), 64(Mo), 64(Ta), 64(V)            
Energy Offset                 : -16231                                          
=======================================================================================
    Iter     Energy      3PV     Efermi   Rms_rho    Rms_pot   Mix  Alg  Alpha 
---------------------------------------------------------------------------------------
**       1  -0.858377  1839.080  0.58559  0.140E+01  0.149E+00  pot  B   0.1000
         2  -1.028934  1816.688  0.59699  0.791E-02  0.910E+00  pot  B   0.1000
         3  -1.084181  1814.259  0.59893  0.314E-02  0.855E+00  pot  B   0.1000
         4  -1.306468  1804.362  0.60768  0.416E-02  0.389E+00  pot  B   0.1000
         5  -1.431882  1790.824  0.61444  0.458E-02  0.367E+00  pot  B   0.1000
         6  -1.542443  1771.942  0.62091  0.636E-02  0.480E+00  pot  B   0.1000
         7  -1.596064  1752.335  0.62652  0.675E-02  0.646E+00  pot  B   0.1000
         8  -1.657077  1746.727  0.62847  0.198E-02  0.332E+00  pot  B   0.1000
         9  -1.703129  1736.414  0.63258  0.367E-02  0.167E+00  pot  B   0.1000
        10  -1.718360  1730.258  0.63513  0.244E-02  0.169E+00  pot  B   0.1000
        11  -1.728808  1726.503  0.63660  0.174E-02  0.106E+00  pot  B   0.1000
        12  -1.738629  1721.974  0.63769  0.226E-02  0.117E+00  pot  B   0.1000
        13  -1.746489  1717.385  0.63908  0.235E-02  0.122E+00  pot  B   0.1000
        14  -1.755205  1711.627  0.64034  0.318E-02  0.524E-01  pot  B   0.1000
        15  -1.755079  1710.868  0.64134  0.954E-03  0.881E-01  pot  B   0.1000
        16  -1.757677  1708.650  0.64176  0.127E-02  0.315E-01  pot  B   0.1000
        17  -1.758259  1707.138  0.64277  0.720E-03  0.151E-01  pot  B   0.1000
        18  -1.758358  1707.048  0.64339  0.216E-03  0.195E-01  pot  B   0.1000
        19  -1.758408  1707.106  0.64348  0.154E-03  0.192E-01  pot  B   0.1000
        20  -1.758513  1706.955  0.64400  0.184E-03  0.164E-01  pot  B   0.1000
        21  -1.758566  1707.024  0.64437  0.149E-03  0.120E-01  pot  B   0.1000
        22  -1.758577  1706.800  0.64468  0.175E-03  0.184E-01  pot  B   0.1000
        23  -1.758639  1706.760  0.64525  0.171E-03  0.146E-01  pot  B   0.1000
        24  -1.758723  1706.504  0.64621  0.283E-03  0.140E-01  pot  B   0.1000
        25  -1.758757  1706.433  0.64679  0.180E-03  0.113E-01  pot  B   0.1000
        26  -1.758798  1706.415  0.64732  0.109E-03  0.376E-02  pot  B   0.1000
        27  -1.758807  1706.415  0.64764  0.717E-04  0.557E-02  pot  B   0.1000
        28  -1.758817  1706.375  0.64784  0.543E-04  0.380E-02  pot  B   0.1000
        29  -1.758827  1706.386  0.64796  0.476E-04  0.265E-02  pot  B   0.1000
        30  -1.758843  1706.434  0.64824  0.508E-04  0.342E-02  pot  B   0.1000
        31  -1.758843  1706.464  0.64833  0.397E-04  0.669E-02  pot  B   0.1000
        32  -1.758852  1706.459  0.64844  0.281E-04  0.398E-02  pot  B   0.1000
        33  -1.758855  1706.475  0.64852  0.339E-04  0.436E-02  pot  B   0.1000
        34  -1.758859  1706.505  0.64855  0.542E-04  0.310E-02  pot  B   0.1000
        35  -1.758861  1706.516  0.64859  0.277E-04  0.283E-02  pot  B   0.1000
        36  -1.758864  1706.541  0.64859  0.195E-04  0.213E-02  pot  B   0.1000
        37  -1.758865  1706.551  0.64863  0.254E-04  0.166E-02  pot  B   0.1000
        38  -1.758866  1706.579  0.64863  0.156E-04  0.748E-03  pot  B   0.1000
        39  -1.758867  1706.622  0.64863  0.224E-04  0.109E-02  pot  B   0.1000
        40  -1.758868  1706.643  0.64863  0.115E-04  0.123E-02  pot  B   0.1000
        41  -1.758868  1706.662  0.64865  0.142E-04  0.114E-02  pot  B   0.1000
        42  -1.758869  1706.709  0.64864  0.237E-04  0.670E-03  pot  B   0.1000
        43  -1.758869  1706.736  0.64863  0.140E-04  0.112E-02  pot  B   0.1000
        44  -1.758869  1706.739  0.64863  0.513E-05  0.685E-03  pot  B   0.1000
        45  -1.758869  1706.755  0.64862  0.840E-05  0.882E-03  pot  B   0.1000
        46  -1.758869  1706.770  0.64859  0.128E-04  0.750E-03  pot  B   0.1000
        47  -1.758868  1706.777  0.64859  0.693E-05  0.989E-03  pot  B   0.1000
        48  -1.758869  1706.789  0.64858  0.715E-05  0.610E-03  pot  B   0.1000
        49  -1.758868  1706.799  0.64857  0.796E-05  0.104E-02  pot  B   0.1000
        50  -1.758868  1706.805  0.64856  0.646E-05  0.395E-03  pot  B   0.1000
        51  -1.758868  1706.813  0.64854  0.612E-05  0.398E-03  pot  B   0.1000
        52  -1.758868  1706.818  0.64853  0.416E-05  0.317E-03  pot  B   0.1000
        53  -1.758868  1706.818  0.64853  0.260E-05  0.214E-03  pot  B   0.1000
        54  -1.758868  1706.820  0.64852  0.245E-05  0.116E-03  pot  B   0.1000
        55  -1.758868  1706.821  0.64851  0.256E-05  0.233E-03  pot  B   0.1000
        56  -1.758868  1706.821  0.64851  0.147E-05  0.250E-03  pot  B   0.1000
        57  -1.758868  1706.821  0.64850  0.263E-05  0.280E-03  pot  B   0.1000
        58  -1.758868  1706.821  0.64849  0.386E-05  0.285E-03  pot  B   0.1000
        59  -1.758868  1706.822  0.64849  0.267E-05  0.282E-03  pot  B   0.1000
        60  -1.758868  1706.821  0.64848  0.190E-05  0.150E-03  pot  B   0.1000
        61  -1.758868  1706.820  0.64848  0.160E-05  0.191E-03  pot  B   0.1000
        62  -1.758868  1706.820  0.64848  0.170E-05  0.837E-04  pot  B   0.1000
        63  -1.758868  1706.818  0.64847  0.139E-05  0.903E-04  pot  B   0.1000
        64  -1.758868  1706.817  0.64847  0.129E-05  0.915E-04  pot  B   0.1000
        65  -1.758868  1706.816  0.64847  0.979E-06  0.110E-03  pot  B   0.1000
        66  -1.758868  1706.815  0.64847  0.130E-05  0.660E-04  pot  B   0.1000
        67  -1.758868  1706.814  0.64846  0.103E-05  0.600E-04  pot  B   0.1000
        68  -1.758868  1706.813  0.64846  0.505E-06  0.728E-04  pot  B   0.1000
        69  -1.758868  1706.812  0.64846  0.587E-06  0.417E-04  pot  B   0.1000
        70  -1.758868  1706.811  0.64846  0.669E-06  0.691E-04  pot  B   0.1000
        71  -1.758868  1706.811  0.64846  0.539E-06  0.512E-04  pot  B   0.1000
        72  -1.758868  1706.810  0.64846  0.514E-06  0.486E-04  pot  B   0.1000
        73  -1.758868  1706.810  0.64846  0.426E-06  0.636E-04  pot  B   0.1000
        74  -1.758868  1706.809  0.64846  0.625E-06  0.524E-04  pot  B   0.1000
        75  -1.758868  1706.808  0.64846  0.596E-06  0.361E-04  pot  B   0.1000
        76  -1.758868  1706.808  0.64846  0.537E-06  0.453E-04  pot  B   0.1000
        77  -1.758868  1706.808  0.64846  0.346E-06  0.273E-04  pot  B   0.1000
        78  -1.758868  1706.807  0.64846  0.297E-06  0.213E-04  pot  B   0.1000
        79  -1.758868  1706.807  0.64846  0.274E-06  0.185E-04  pot  B   0.1000
        80  -1.758868  1706.807  0.64846  0.171E-06  0.217E-04  pot  B   0.1000
        81  -1.758868  1706.806  0.64846  0.216E-06  0.127E-04  pot  B   0.1000
        82  -1.758868  1706.806  0.64846  0.298E-06  0.210E-04  pot  B   0.1000
        83  -1.758868  1706.806  0.64846  0.227E-06  0.177E-04  pot  B   0.1000
        84  -1.758868  1706.806  0.64846  0.180E-06  0.185E-04  pot  B   0.1000
        85  -1.758868  1706.806  0.64846  0.170E-06  0.296E-04  pot  B   0.1000
        86  -1.758868  1706.806  0.64846  0.302E-06  0.183E-04  pot  B   0.1000
        87  -1.758868  1706.805  0.64847  0.226E-06  0.104E-04  pot  B   0.1000
        88  -1.758868  1706.805  0.64847  0.141E-06  0.125E-04  pot  B   0.1000
        89  -1.758868  1706.805  0.64847  0.109E-06  0.831E-05  pot  B   0.1000
        90  -1.758868  1706.805  0.64847  0.129E-06  0.766E-05  pot  B   0.1000
        91  -1.758868  1706.805  0.64847  0.120E-06  0.853E-05  pot  B   0.1000
        92  -1.758868  1706.805  0.64847  0.925E-07  0.109E-04  pot  B   0.1000
        93  -1.758868  1706.805  0.64847  0.887E-07  0.601E-05  pot  B   0.1000
        94  -1.758868  1706.805  0.64847  0.104E-06  0.698E-05  pot  B   0.1000
        95  -1.758868  1706.805  0.64847  0.441E-07  0.628E-05  pot  B   0.1000
        96  -1.758868  1706.805  0.64847  0.486E-07  0.380E-05  pot  B   0.1000
        97  -1.758868  1706.805  0.64847  0.593E-07  0.672E-05  pot  B   0.1000
        98  -1.758868  1706.805  0.64847  0.740E-07  0.443E-05  pot  B   0.1000
        99  -1.758868  1706.805  0.64847  0.537E-07  0.440E-05  pot  B   0.1000
       100  -1.758868  1706.805  0.64847  0.646E-07  0.660E-05  pot  B   0.1000
       101  -1.758868  1706.806  0.64847  0.485E-07  0.459E-05  pot  B   0.1000
       102  -1.758868  1706.806  0.64847  0.666E-07  0.451E-05  pot  B   0.1000
       103  -1.758868  1706.806  0.64847  0.444E-07  0.299E-05  pot  B   0.1000
       104  -1.758868  1706.806  0.64847  0.334E-07  0.338E-05  pot  B   0.1000
       105  -1.758868  1706.806  0.64847  0.198E-07  0.181E-05  pot  B   0.1000
       106  -1.758868  1706.806  0.64847  0.244E-07  0.211E-05  pot  B   0.1000
       107  -1.758868  1706.806  0.64847  0.150E-07  0.188E-05  pot  B   0.1000
       108  -1.758868  1706.806  0.64847  0.263E-07  0.158E-05  pot  B   0.1000
       109  -1.758868  1706.806  0.64847  0.365E-07  0.266E-05  pot  B   0.1000
       110  -1.758868  1706.806  0.64847  0.347E-07  0.278E-05  pot  B   0.1000
       111  -1.758868  1706.806  0.64847  0.335E-07  0.201E-05  pot  B   0.1000
       112  -1.758868  1706.806  0.64847  0.245E-07  0.228E-05  pot  B   0.1000
       113  -1.758868  1706.806  0.64847  0.208E-07  0.146E-05  pot  B   0.1000
       114  -1.758868  1706.806  0.64847  0.201E-07  0.116E-05  pot  B   0.1000
       115  -1.758868  1706.806  0.64847  0.149E-07  0.110E-05  pot  B   0.1000
       116  -1.758868  1706.806  0.64847  0.105E-07  0.126E-05  pot  B   0.1000
       117  -1.758868  1706.806  0.64847  0.902E-08  0.734E-06  pot  B   0.1000
       118  -1.758868  1706.806  0.64847  0.146E-07  0.844E-06  pot  B   0.1000
       119  -1.758868  1706.806  0.64847  0.114E-07  0.734E-06  pot  B   0.1000
       120  -1.758868  1706.806  0.64847  0.139E-07  0.756E-06  pot  B   0.1000
       121  -1.758868  1706.806  0.64847  0.139E-07  0.859E-06  pot  B   0.1000
       122  -1.758868  1706.806  0.64847  0.107E-07  0.892E-06  pot  B   0.1000
       123  -1.758868  1706.806  0.64847  0.692E-08  0.474E-06  pot  B   0.1000
       124  -1.758868  1706.806  0.64847  0.706E-08  0.695E-06  pot  B   0.1000
       125  -1.758868  1706.806  0.64847  0.590E-08  0.523E-06  pot  B   0.1000
       126  -1.758868  1706.806  0.64847  0.824E-08  0.599E-06  pot  B   0.1000
       127  -1.758868  1706.806  0.64847  0.654E-08  0.534E-06  pot  B   0.1000
       128  -1.758868  1706.806  0.64847  0.454E-08  0.644E-06  pot  B   0.1000
       129  -1.758868  1706.806  0.64847  0.369E-08  0.313E-06  pot  B   0.1000
       130  -1.758868  1706.806  0.64847  0.328E-08  0.346E-06  pot  B   0.1000
       131  -1.758868  1706.806  0.64847  0.247E-08  0.195E-06  pot  B   0.1000
       132  -1.758868  1706.806  0.64847  0.189E-08  0.163E-06  pot  B   0.1000
       133  -1.758868  1706.806  0.64847  0.257E-08  0.213E-06  pot  B   0.1000
       134  -1.758868  1706.806  0.64847  0.358E-08  0.394E-06  pot  B   0.1000
       135  -1.758868  1706.806  0.64847  0.311E-08  0.271E-06  pot  B   0.1000
       136  -1.758868  1706.806  0.64847  0.346E-08  0.298E-06  pot  B   0.1000
       137  -1.758868  1706.806  0.64847  0.288E-08  0.222E-06  pot  B   0.1000
       138  -1.758868  1706.806  0.64847  0.330E-08  0.274E-06  pot  B   0.1000
       139  -1.758868  1706.806  0.64847  0.270E-08  0.179E-06  pot  B   0.1000
       140  -1.758868  1706.806  0.64847  0.199E-08  0.169E-06  pot  B   0.1000
       141  -1.758868  1706.806  0.64847  0.111E-08  0.840E-07  pot  B   0.1000
       142  -1.758868  1706.806  0.64847  0.964E-09  0.117E-06  pot  B   0.1000
       143  -1.758868  1706.806  0.64847  0.137E-08  0.849E-07  pot  B   0.1000
       144  -1.758868  1706.806  0.64847  0.197E-08  0.812E-07  pot  B   0.1000
       145  -1.758868  1706.806  0.64847  0.227E-08  0.959E-07  pot  B   0.1000
       146  -1.758868  1706.806  0.64847  0.155E-08  0.185E-06  pot  B   0.1000
       147  -1.758868  1706.806  0.64847  0.142E-08  0.111E-06  pot  B   0.1000
       148  -1.758868  1706.806  0.64847  0.165E-08  0.833E-07  pot  B   0.1000
       149  -1.758868  1706.806  0.64847  0.102E-08  0.558E-07  pot  B   0.1000
       150  -1.758868  1706.806  0.64847  0.936E-09  0.789E-07  pot  B   0.1000
**     151  -1.758868  1706.806  0.64847  0.649E-12  0.789E-07  pot  B   0.1000
