 Atom   Index      Q          Qmt        dQ        Vmad        Local Energy
  W         1   73.88392   72.58317   -0.11608    1.69624      -32312.45732
  W         2   73.64610   72.34535   -0.35390    1.93975      -32312.61938
  W         3   73.62648   72.32574   -0.37352    1.95912      -32312.63530
  W         4   73.78019   72.47945   -0.21981    1.81556      -32312.54935
  Nb        5   40.76092   39.46017   -0.23908    1.87192       -7632.68024
  Nb        6   40.81989   39.51914   -0.18011    1.80641       -7632.62753
  Nb        7   41.13019   39.82945    0.13019    1.49834       -7632.45358
  Nb        8   41.10052   39.79977    0.10052    1.52885       -7632.47271
  Mo        9   42.20468   40.90394    0.20468    1.50256       -8090.47882
  Mo       10   42.20744   40.90670    0.20744    1.49970       -8090.47668
  Mo       11   42.04987   40.74912    0.04987    1.67636       -8090.58588
  Mo       12   42.06815   40.76740    0.06815    1.66009       -8090.56996
  Ta       13   72.80057   71.49982   -0.19943    1.72408      -31232.88558
  Ta       14   72.73708   71.43633   -0.26292    1.79774      -31232.93580
  Ta       15   72.78779   71.48705   -0.21221    1.74638      -31232.87943
  Ta       16   72.65490   71.35416   -0.34510    1.88303      -31232.99262
  V        17   23.38029   22.07954    0.38029    1.56878       -1895.23975
  V        18   23.32583   22.02508    0.32583    1.62860       -1895.28188
  V        19   23.53252   22.23177    0.53252    1.41719       -1895.16602
  V        20   23.50267   22.20192    0.50267    1.44503       -1895.18021
