 Atom   Index      Q          Qmt        dQ        Vmad        Local Energy
  W         1   73.87333   72.56976   -0.12667    1.74380      -32312.51520
  W         2   73.85170   72.54813   -0.14830    1.76743      -32312.53561
  W         3   73.82972   72.52615   -0.17028    1.79034      -32312.55086
  W         4   73.89196   72.58839   -0.10804    1.73144      -32312.51159
  W         5   73.89126   72.58769   -0.10874    1.73063      -32312.50782
  W         6   73.91767   72.61410   -0.08233    1.69859      -32312.48501
  W         7   73.81721   72.51364   -0.18279    1.80308      -32312.55624
  W         8   73.92128   72.61771   -0.07872    1.69114      -32312.47743
  Nb        9   40.92030   39.61673   -0.07970    1.72545       -7632.60508
  Nb       10   40.86197   39.55839   -0.13803    1.78218       -7632.62564
  Nb       11   40.94026   39.63669   -0.05974    1.70017       -7632.58728
  Nb       12   40.93360   39.63003   -0.06640    1.71211       -7632.58810
  Nb       13   40.85958   39.55601   -0.14042    1.78605       -7632.62793
  Nb       14   40.93578   39.63221   -0.06422    1.70918       -7632.59171
  Nb       15   40.93822   39.63465   -0.06178    1.70588       -7632.58899
  Nb       16   40.87252   39.56895   -0.12748    1.77134       -7632.61393
  Mo       17   42.07786   40.77429    0.07786    1.66287       -8090.58174
  Mo       18   42.16411   40.86054    0.16411    1.57565       -8090.53217
  Mo       19   42.04390   40.74033    0.04390    1.70080       -8090.61970
  Mo       20   42.15248   40.84891    0.15248    1.58778       -8090.54112
  Mo       21   42.06908   40.76551    0.06908    1.67313       -8090.59583
  Mo       22   42.03500   40.73143    0.03500    1.70841       -8090.62473
  Mo       23   42.11580   40.81223    0.11580    1.62359       -8090.56814
  Mo       24   42.13004   40.82646    0.13004    1.61448       -8090.56638
  Ta       25   72.84058   71.53701   -0.15942    1.71404      -31232.91127
  Ta       26   72.90511   71.60154   -0.09489    1.65272      -31232.86598
  Ta       27   72.82136   71.51779   -0.17864    1.73419      -31232.92403
  Ta       28   72.73913   71.43555   -0.26087    1.81888      -31232.97758
  Ta       29   72.80619   71.50262   -0.19381    1.74680      -31232.92206
  Ta       30   72.76255   71.45898   -0.23745    1.79445      -31232.96321
  Ta       31   72.84870   71.54512   -0.15130    1.70823      -31232.89247
  Ta       32   72.73020   71.42663   -0.26980    1.82786      -31232.98052
  Ti       33   22.29174   20.98817    0.29174    1.56966       -1704.38227
  Ti       34   22.30693   21.00335    0.30693    1.56539       -1704.38623
  Ti       35   22.24936   20.94578    0.24936    1.61337       -1704.39148
  Ti       36   22.38078   21.07720    0.38078    1.50721       -1704.39441
  Ti       37   22.37533   21.07176    0.37533    1.49985       -1704.37660
  Ti       38   22.34826   21.04469    0.34826    1.53446       -1704.40876
  Ti       39   22.29687   20.99329    0.29687    1.57744       -1704.39361
  Ti       40   22.25227   20.94870    0.25227    1.61763       -1704.39770
