System Description            : WNbMoTaV, BCC structure                         
Number of Atoms in Unit Cell  : 640                                             
Number of Atomic Species      : 5                                               
Number of Atoms in Each Type  : 128(W), 128(Nb), 128(Mo), 128(Ta), 128(V)       
Energy Offset                 : -16231                                          
=======================================================================================
    Iter     Energy      3PV     Efermi   Rms_rho    Rms_pot   Mix  Alg  Alpha 
---------------------------------------------------------------------------------------
**       1  -0.857999  1839.077  0.58689  0.140E+01  0.183E+00  pot  B   0.1000
         2  -0.815655  1816.912  0.59902  0.812E-02  0.163E+01  pot  B   0.1000
         3  -1.117468  1814.832  0.59941  0.405E-02  0.913E+00  pot  B   0.1000
         4  -1.152964  1809.171  0.60460  0.368E-02  0.910E+00  pot  B   0.1000
         5  -1.212987  1800.716  0.61098  0.343E-02  0.123E+01  pot  B   0.1000
         6  -1.402488  1793.693  0.61411  0.356E-02  0.496E+00  pot  B   0.1000
         7  -1.504175  1776.750  0.62006  0.661E-02  0.746E+00  pot  B   0.1000
         8  -1.533092  1767.443  0.62312  0.322E-02  0.713E+00  pot  B   0.1000
         9  -1.654920  1748.746  0.62801  0.639E-02  0.401E+00  pot  B   0.1000
        10  -1.666564  1740.241  0.63093  0.304E-02  0.566E+00  pot  B   0.1000
        11  -1.693958  1736.266  0.63271  0.207E-02  0.308E+00  pot  B   0.1000
        12  -1.712731  1731.714  0.63448  0.178E-02  0.219E+00  pot  B   0.1000
        13  -1.723702  1728.517  0.63595  0.133E-02  0.114E+00  pot  B   0.1000
        14  -1.729970  1725.578  0.63704  0.146E-02  0.117E+00  pot  B   0.1000
        15  -1.738373  1721.348  0.63769  0.199E-02  0.140E+00  pot  B   0.1000
        16  -1.730642  1720.277  0.63866  0.105E-02  0.271E+00  pot  B   0.1000
        17  -1.741210  1718.055  0.63886  0.142E-02  0.228E+00  pot  B   0.1000
        18  -1.749974  1710.768  0.64090  0.317E-02  0.134E+00  pot  B   0.1000
        19  -1.754199  1707.702  0.64212  0.172E-02  0.786E-01  pot  B   0.1000
        20  -1.755051  1706.575  0.64284  0.669E-03  0.661E-01  pot  B   0.1000
        21  -1.756412  1705.884  0.64343  0.506E-03  0.344E-01  pot  B   0.1000
        22  -1.756590  1705.904  0.64358  0.431E-03  0.575E-01  pot  B   0.1000
        23  -1.756926  1705.700  0.64381  0.315E-03  0.479E-01  pot  B   0.1000
        24  -1.757286  1705.561  0.64399  0.208E-03  0.330E-01  pot  B   0.1000
        25  -1.757546  1705.692  0.64429  0.258E-03  0.286E-01  pot  B   0.1000
        26  -1.757740  1705.396  0.64497  0.375E-03  0.375E-01  pot  B   0.1000
        27  -1.757885  1705.282  0.64534  0.203E-03  0.203E-01  pot  B   0.1000
        28  -1.757900  1705.551  0.64563  0.184E-03  0.295E-01  pot  B   0.1000
        29  -1.758024  1705.308  0.64589  0.185E-03  0.164E-01  pot  B   0.1000
        30  -1.758091  1705.471  0.64602  0.961E-04  0.108E-01  pot  B   0.1000
        31  -1.758135  1705.541  0.64634  0.101E-03  0.646E-02  pot  B   0.1000
        32  -1.758168  1705.671  0.64670  0.823E-04  0.109E-01  pot  B   0.1000
        33  -1.758212  1705.827  0.64716  0.121E-03  0.111E-01  pot  B   0.1000
        34  -1.758219  1705.920  0.64749  0.952E-04  0.144E-01  pot  B   0.1000
        35  -1.758241  1706.017  0.64776  0.769E-04  0.134E-01  pot  B   0.1000
        36  -1.758268  1706.095  0.64794  0.482E-04  0.119E-01  pot  B   0.1000
        37  -1.758290  1706.184  0.64828  0.664E-04  0.960E-02  pot  B   0.1000
        38  -1.758310  1706.261  0.64842  0.471E-04  0.401E-02  pot  B   0.1000
        39  -1.758322  1706.314  0.64855  0.366E-04  0.324E-02  pot  B   0.1000
        40  -1.758330  1706.375  0.64869  0.404E-04  0.725E-02  pot  B   0.1000
        41  -1.758336  1706.384  0.64868  0.324E-04  0.402E-02  pot  B   0.1000
        42  -1.758339  1706.445  0.64882  0.400E-04  0.611E-02  pot  B   0.1000
        43  -1.758349  1706.486  0.64884  0.451E-04  0.233E-02  pot  B   0.1000
        44  -1.758353  1706.535  0.64889  0.428E-04  0.333E-02  pot  B   0.1000
        45  -1.758356  1706.564  0.64892  0.231E-04  0.250E-02  pot  B   0.1000
        46  -1.758358  1706.580  0.64890  0.160E-04  0.195E-02  pot  B   0.1000
        47  -1.758359  1706.596  0.64890  0.112E-04  0.196E-02  pot  B   0.1000
        48  -1.758359  1706.606  0.64889  0.840E-05  0.209E-02  pot  B   0.1000
        49  -1.758360  1706.623  0.64885  0.146E-04  0.174E-02  pot  B   0.1000
        50  -1.758361  1706.651  0.64884  0.179E-04  0.155E-02  pot  B   0.1000
        51  -1.758361  1706.679  0.64881  0.200E-04  0.141E-02  pot  B   0.1000
        52  -1.758361  1706.719  0.64876  0.273E-04  0.175E-02  pot  B   0.1000
        53  -1.758361  1706.742  0.64874  0.146E-04  0.165E-02  pot  B   0.1000
        54  -1.758361  1706.752  0.64871  0.765E-05  0.125E-02  pot  B   0.1000
        55  -1.758361  1706.777  0.64868  0.164E-04  0.941E-03  pot  B   0.1000
        56  -1.758361  1706.787  0.64865  0.937E-05  0.690E-03  pot  B   0.1000
        57  -1.758361  1706.800  0.64862  0.876E-05  0.973E-03  pot  B   0.1000
        58  -1.758360  1706.814  0.64859  0.993E-05  0.876E-03  pot  B   0.1000
        59  -1.758360  1706.821  0.64857  0.521E-05  0.126E-02  pot  B   0.1000
        60  -1.758360  1706.827  0.64855  0.459E-05  0.109E-02  pot  B   0.1000
        61  -1.758360  1706.834  0.64854  0.476E-05  0.878E-03  pot  B   0.1000
        62  -1.758360  1706.839  0.64852  0.461E-05  0.500E-03  pot  B   0.1000
        63  -1.758359  1706.843  0.64851  0.301E-05  0.336E-03  pot  B   0.1000
        64  -1.758359  1706.843  0.64850  0.324E-05  0.329E-03  pot  B   0.1000
        65  -1.758359  1706.842  0.64849  0.204E-05  0.384E-03  pot  B   0.1000
        66  -1.758359  1706.844  0.64849  0.217E-05  0.394E-03  pot  B   0.1000
        67  -1.758359  1706.840  0.64848  0.289E-05  0.432E-03  pot  B   0.1000
        68  -1.758359  1706.841  0.64847  0.377E-05  0.266E-03  pot  B   0.1000
        69  -1.758359  1706.841  0.64846  0.263E-05  0.308E-03  pot  B   0.1000
        70  -1.758359  1706.837  0.64846  0.276E-05  0.170E-03  pot  B   0.1000
        71  -1.758359  1706.835  0.64845  0.154E-05  0.265E-03  pot  B   0.1000
        72  -1.758359  1706.834  0.64845  0.926E-06  0.221E-03  pot  B   0.1000
        73  -1.758359  1706.832  0.64845  0.131E-05  0.256E-03  pot  B   0.1000
        74  -1.758359  1706.830  0.64845  0.155E-05  0.152E-03  pot  B   0.1000
        75  -1.758359  1706.827  0.64845  0.177E-05  0.139E-03  pot  B   0.1000
        76  -1.758359  1706.823  0.64844  0.210E-05  0.181E-03  pot  B   0.1000
        77  -1.758359  1706.821  0.64844  0.139E-05  0.210E-03  pot  B   0.1000
        78  -1.758359  1706.818  0.64844  0.142E-05  0.169E-03  pot  B   0.1000
        79  -1.758359  1706.817  0.64844  0.124E-05  0.128E-03  pot  B   0.1000
        80  -1.758359  1706.815  0.64844  0.740E-06  0.840E-04  pot  B   0.1000
        81  -1.758359  1706.814  0.64844  0.636E-06  0.680E-04  pot  B   0.1000
        82  -1.758359  1706.812  0.64844  0.813E-06  0.857E-04  pot  B   0.1000
        83  -1.758359  1706.811  0.64844  0.643E-06  0.777E-04  pot  B   0.1000
        84  -1.758359  1706.811  0.64844  0.355E-06  0.118E-03  pot  B   0.1000
        85  -1.758359  1706.810  0.64844  0.565E-06  0.925E-04  pot  B   0.1000
        86  -1.758359  1706.809  0.64844  0.511E-06  0.711E-04  pot  B   0.1000
        87  -1.758359  1706.808  0.64845  0.553E-06  0.482E-04  pot  B   0.1000
        88  -1.758359  1706.807  0.64845  0.369E-06  0.448E-04  pot  B   0.1000
        89  -1.758359  1706.807  0.64845  0.302E-06  0.335E-04  pot  B   0.1000
        90  -1.758359  1706.807  0.64845  0.369E-06  0.369E-04  pot  B   0.1000
        91  -1.758359  1706.806  0.64845  0.319E-06  0.372E-04  pot  B   0.1000
        92  -1.758359  1706.806  0.64845  0.343E-06  0.373E-04  pot  B   0.1000
        93  -1.758359  1706.806  0.64845  0.279E-06  0.465E-04  pot  B   0.1000
        94  -1.758359  1706.805  0.64845  0.406E-06  0.481E-04  pot  B   0.1000
        95  -1.758359  1706.805  0.64845  0.326E-06  0.236E-04  pot  B   0.1000
        96  -1.758359  1706.805  0.64845  0.288E-06  0.408E-04  pot  B   0.1000
        97  -1.758359  1706.805  0.64845  0.192E-06  0.346E-04  pot  B   0.1000
        98  -1.758359  1706.805  0.64845  0.168E-06  0.190E-04  pot  B   0.1000
        99  -1.758359  1706.805  0.64845  0.160E-06  0.265E-04  pot  B   0.1000
       100  -1.758359  1706.805  0.64845  0.165E-06  0.172E-04  pot  B   0.1000
       101  -1.758359  1706.805  0.64845  0.260E-06  0.163E-04  pot  B   0.1000
       102  -1.758359  1706.805  0.64845  0.158E-06  0.201E-04  pot  B   0.1000
       103  -1.758359  1706.805  0.64845  0.180E-06  0.174E-04  pot  B   0.1000
       104  -1.758359  1706.805  0.64845  0.129E-06  0.148E-04  pot  B   0.1000
       105  -1.758359  1706.805  0.64845  0.104E-06  0.164E-04  pot  B   0.1000
       106  -1.758359  1706.805  0.64846  0.723E-07  0.126E-04  pot  B   0.1000
       107  -1.758359  1706.806  0.64846  0.846E-07  0.701E-05  pot  B   0.1000
       108  -1.758359  1706.806  0.64846  0.688E-07  0.136E-04  pot  B   0.1000
       109  -1.758359  1706.806  0.64846  0.640E-07  0.117E-04  pot  B   0.1000
       110  -1.758359  1706.806  0.64846  0.720E-07  0.121E-04  pot  B   0.1000
       111  -1.758359  1706.806  0.64846  0.724E-07  0.150E-04  pot  B   0.1000
       112  -1.758359  1706.806  0.64846  0.781E-07  0.640E-05  pot  B   0.1000
       113  -1.758359  1706.806  0.64846  0.766E-07  0.878E-05  pot  B   0.1000
       114  -1.758359  1706.806  0.64846  0.330E-07  0.598E-05  pot  B   0.1000
       115  -1.758359  1706.806  0.64846  0.503E-07  0.534E-05  pot  B   0.1000
       116  -1.758359  1706.806  0.64846  0.436E-07  0.576E-05  pot  B   0.1000
       117  -1.758359  1706.806  0.64846  0.549E-07  0.526E-05  pot  B   0.1000
       118  -1.758359  1706.806  0.64846  0.350E-07  0.533E-05  pot  B   0.1000
       119  -1.758359  1706.806  0.64846  0.544E-07  0.408E-05  pot  B   0.1000
       120  -1.758359  1706.807  0.64846  0.640E-07  0.638E-05  pot  B   0.1000
       121  -1.758359  1706.807  0.64846  0.404E-07  0.561E-05  pot  B   0.1000
       122  -1.758359  1706.807  0.64846  0.303E-07  0.413E-05  pot  B   0.1000
       123  -1.758359  1706.807  0.64846  0.337E-07  0.380E-05  pot  B   0.1000
       124  -1.758359  1706.807  0.64846  0.309E-07  0.228E-05  pot  B   0.1000
       125  -1.758359  1706.807  0.64846  0.262E-07  0.295E-05  pot  B   0.1000
       126  -1.758359  1706.807  0.64846  0.300E-07  0.269E-05  pot  B   0.1000
       127  -1.758359  1706.807  0.64846  0.291E-07  0.361E-05  pot  B   0.1000
       128  -1.758359  1706.807  0.64846  0.333E-07  0.300E-05  pot  B   0.1000
       129  -1.758359  1706.807  0.64846  0.341E-07  0.292E-05  pot  B   0.1000
       130  -1.758359  1706.807  0.64846  0.234E-07  0.288E-05  pot  B   0.1000
       131  -1.758359  1706.807  0.64846  0.217E-07  0.154E-05  pot  B   0.1000
       132  -1.758359  1706.807  0.64846  0.179E-07  0.171E-05  pot  B   0.1000
       133  -1.758359  1706.807  0.64846  0.122E-07  0.138E-05  pot  B   0.1000
       134  -1.758359  1706.807  0.64846  0.105E-07  0.152E-05  pot  B   0.1000
       135  -1.758359  1706.807  0.64846  0.179E-07  0.161E-05  pot  B   0.1000
       136  -1.758359  1706.807  0.64846  0.165E-07  0.142E-05  pot  B   0.1000
       137  -1.758359  1706.807  0.64846  0.143E-07  0.174E-05  pot  B   0.1000
       138  -1.758359  1706.807  0.64846  0.132E-07  0.115E-05  pot  B   0.1000
       139  -1.758359  1706.807  0.64846  0.781E-08  0.131E-05  pot  B   0.1000
       140  -1.758359  1706.807  0.64846  0.873E-08  0.927E-06  pot  B   0.1000
       141  -1.758359  1706.807  0.64846  0.712E-08  0.852E-06  pot  B   0.1000
       142  -1.758359  1706.807  0.64846  0.578E-08  0.829E-06  pot  B   0.1000
       143  -1.758359  1706.807  0.64846  0.584E-08  0.731E-06  pot  B   0.1000
       144  -1.758359  1706.807  0.64846  0.749E-08  0.112E-05  pot  B   0.1000
       145  -1.758359  1706.807  0.64846  0.536E-08  0.892E-06  pot  B   0.1000
       146  -1.758359  1706.807  0.64846  0.513E-08  0.114E-05  pot  B   0.1000
       147  -1.758359  1706.807  0.64846  0.723E-08  0.697E-06  pot  B   0.1000
       148  -1.758359  1706.807  0.64846  0.640E-08  0.515E-06  pot  B   0.1000
       149  -1.758359  1706.807  0.64846  0.355E-08  0.497E-06  pot  B   0.1000
       150  -1.758359  1706.807  0.64846  0.423E-08  0.324E-06  pot  B   0.1000
       151  -1.758359  1706.807  0.64846  0.336E-08  0.462E-06  pot  B   0.1000
       152  -1.758359  1706.807  0.64846  0.447E-08  0.444E-06  pot  B   0.1000
       153  -1.758359  1706.807  0.64846  0.589E-08  0.455E-06  pot  B   0.1000
       154  -1.758359  1706.807  0.64846  0.311E-08  0.488E-06  pot  B   0.1000
       155  -1.758359  1706.807  0.64846  0.581E-08  0.364E-06  pot  B   0.1000
       156  -1.758359  1706.807  0.64846  0.420E-08  0.381E-06  pot  B   0.1000
       157  -1.758359  1706.807  0.64846  0.331E-08  0.277E-06  pot  B   0.1000
       158  -1.758359  1706.807  0.64846  0.144E-08  0.390E-06  pot  B   0.1000
       159  -1.758359  1706.807  0.64846  0.365E-08  0.233E-06  pot  B   0.1000
       160  -1.758359  1706.807  0.64846  0.261E-08  0.198E-06  pot  B   0.1000
       161  -1.758359  1706.807  0.64846  0.287E-08  0.304E-06  pot  B   0.1000
       162  -1.758359  1706.807  0.64846  0.276E-08  0.243E-06  pot  B   0.1000
       163  -1.758359  1706.807  0.64846  0.270E-08  0.249E-06  pot  B   0.1000
       164  -1.758359  1706.807  0.64846  0.300E-08  0.271E-06  pot  B   0.1000
       165  -1.758359  1706.807  0.64846  0.278E-08  0.215E-06  pot  B   0.1000
       166  -1.758359  1706.807  0.64846  0.919E-09  0.136E-06  pot  B   0.1000
       167  -1.758359  1706.807  0.64846  0.159E-08  0.148E-06  pot  B   0.1000
       168  -1.758359  1706.807  0.64846  0.166E-08  0.169E-06  pot  B   0.1000
       169  -1.758359  1706.807  0.64846  0.117E-08  0.161E-06  pot  B   0.1000
       170  -1.758359  1706.807  0.64846  0.818E-09  0.272E-06  pot  B   0.1000
       171  -1.758359  1706.807  0.64846  0.128E-08  0.165E-06  pot  B   0.1000
       172  -1.758359  1706.807  0.64846  0.164E-08  0.147E-06  pot  B   0.1000
       173  -1.758359  1706.807  0.64846  0.102E-08  0.140E-06  pot  B   0.1000
       174  -1.758359  1706.807  0.64846  0.841E-09  0.919E-07  pot  B   0.1000
       175  -1.758359  1706.807  0.64846  0.602E-09  0.792E-07  pot  B   0.1000
       176  -1.758359  1706.807  0.64846  0.417E-09  0.801E-07  pot  B   0.1000
       177  -1.758359  1706.807  0.64846  0.525E-09  0.679E-07  pot  B   0.1000
       178  -1.758359  1706.807  0.64846  0.431E-09  0.766E-07  pot  B   0.1000
       179  -1.758359  1706.807  0.64846  0.622E-09  0.831E-07  pot  B   0.1000
       180  -1.758359  1706.807  0.64846  0.587E-09  0.860E-07  pot  B   0.1000
       181  -1.758359  1706.807  0.64846  0.499E-09  0.668E-07  pot  B   0.1000
       182  -1.758359  1706.807  0.64846  0.406E-09  0.107E-06  pot  B   0.1000
       183  -1.758359  1706.807  0.64846  0.364E-09  0.538E-07  pot  B   0.1000
       184  -1.758359  1706.807  0.64846  0.504E-09  0.486E-07  pot  B   0.1000
       185  -1.758359  1706.807  0.64846  0.345E-09  0.470E-07  pot  B   0.1000
       186  -1.758359  1706.807  0.64846  0.347E-09  0.377E-07  pot  B   0.1000
       187  -1.758359  1706.807  0.64846  0.491E-09  0.488E-07  pot  B   0.1000
       188  -1.758359  1706.807  0.64846  0.464E-09  0.518E-07  pot  B   0.1000
       189  -1.758359  1706.807  0.64846  0.560E-09  0.389E-07  pot  B   0.1000
       190  -1.758359  1706.807  0.64846  0.321E-09  0.335E-07  pot  B   0.1000
       191  -1.758359  1706.807  0.64846  0.423E-09  0.351E-07  pot  B   0.1000
       192  -1.758359  1706.807  0.64846  0.383E-09  0.301E-07  pot  B   0.1000
       193  -1.758359  1706.807  0.64846  0.244E-09  0.230E-07  pot  B   0.1000
       194  -1.758359  1706.807  0.64846  0.308E-09  0.384E-07  pot  B   0.1000
       195  -1.758359  1706.807  0.64846  0.179E-09  0.253E-07  pot  B   0.1000
       196  -1.758359  1706.807  0.64846  0.332E-09  0.332E-07  pot  B   0.1000
       197  -1.758359  1706.807  0.64846  0.338E-09  0.258E-07  pot  B   0.1000
       198  -1.758359  1706.807  0.64846  0.208E-09  0.224E-07  pot  B   0.1000
       199  -1.758359  1706.807  0.64846  0.238E-09  0.234E-07  pot  B   0.1000
       200  -1.758359  1706.807  0.64846  0.215E-09  0.170E-07  pot  B   0.1000
**     201  -1.758359  1706.807  0.64846  0.147E-11  0.170E-07  pot  B   0.1000
