 Atom   Index      Q          Qmt        dQ        Vmad        Local Energy
  W         1   73.75839   72.45825   -0.24161    1.83798      -32312.55413
  W         2   73.99098   72.69085   -0.00902    1.60361      -32312.42014
  W         3   73.90998   72.60985   -0.09002    1.68244      -32312.46711
  W         4   73.95991   72.65978   -0.04009    1.63388      -32312.44270
  W         5   73.79673   72.49659   -0.20327    1.78380      -32312.50744
  W         6   73.75758   72.45745   -0.24242    1.83597      -32312.55380
  W         7   73.65721   72.35708   -0.34279    1.93786      -32312.61599
  W         8   73.87257   72.57244   -0.12743    1.72376      -32312.48383
  W         9   73.83744   72.53731   -0.16256    1.73844      -32312.47703
  W        10   73.93354   72.63341   -0.06646    1.65882      -32312.44923
  W        11   73.75631   72.45618   -0.24369    1.84107      -32312.56399
  W        12   73.68500   72.38487   -0.31500    1.91766      -32312.61576
  W        13   73.85899   72.55885   -0.14101    1.73989      -32312.49878
  W        14   73.88923   72.58909   -0.11077    1.70633      -32312.48656
  W        15   73.80828   72.50815   -0.19172    1.77918      -32312.51659
  W        16   73.94979   72.64966   -0.05021    1.64297      -32312.44031
  Nb       17   41.03925   39.73911    0.03925    1.57887       -7632.48996
  Nb       18   40.89522   39.59508   -0.10478    1.73150       -7632.59016
  Nb       19   40.86469   39.56455   -0.13531    1.75390       -7632.59895
  Nb       20   40.71975   39.41961   -0.28025    1.90890       -7632.69666
  Nb       21   40.86538   39.56525   -0.13462    1.75867       -7632.60215
  Nb       22   41.03610   39.73597    0.03610    1.59382       -7632.50457
  Nb       23   40.96379   39.66366   -0.03621    1.66063       -7632.53800
  Nb       24   40.88328   39.58314   -0.11672    1.73553       -7632.58746
  Nb       25   40.84823   39.54810   -0.15177    1.77313       -7632.60668
  Nb       26   40.83530   39.53516   -0.16470    1.79023       -7632.61725
  Nb       27   40.90995   39.60981   -0.09005    1.71041       -7632.58240
  Nb       28   40.99301   39.69288   -0.00699    1.62594       -7632.53020
  Nb       29   40.74754   39.44741   -0.25246    1.87897       -7632.67768
  Nb       30   40.94101   39.64088   -0.05899    1.68875       -7632.56475
  Nb       31   40.91444   39.61431   -0.08556    1.70687       -7632.58067
  Nb       32   40.91650   39.61637   -0.08350    1.71235       -7632.57213
  Mo       33   42.09833   40.79820    0.09833    1.62702       -8090.55899
  Mo       34   42.08059   40.78045    0.08059    1.63988       -8090.55669
  Mo       35   42.17431   40.87418    0.17431    1.54404       -8090.50470
  Mo       36   42.15158   40.85145    0.15158    1.56014       -8090.50556
  Mo       37   42.07016   40.77003    0.07016    1.64177       -8090.55020
  Mo       38   41.92497   40.62484   -0.07503    1.78940       -8090.64261
  Mo       39   42.08153   40.78140    0.08153    1.62808       -8090.54029
  Mo       40   41.95659   40.65646   -0.04341    1.75647       -8090.61887
  Mo       41   42.06339   40.76326    0.06339    1.65165       -8090.56831
  Mo       42   42.18287   40.88273    0.18287    1.52746       -8090.48416
  Mo       43   41.94133   40.64120   -0.05867    1.78614       -8090.64490
  Mo       44   42.06553   40.76539    0.06553    1.64986       -8090.56538
  Mo       45   42.11066   40.81053    0.11066    1.61021       -8090.54870
  Mo       46   42.17455   40.87442    0.17455    1.54134       -8090.50139
  Mo       47   41.98694   40.68681   -0.01306    1.74078       -8090.62996
  Mo       48   41.92788   40.62774   -0.07212    1.78894       -8090.63666
  Ta       49   72.94784   71.64771   -0.05216    1.58601      -31232.80401
  Ta       50   72.69801   71.39788   -0.30199    1.83210      -31232.96236
  Ta       51   72.77485   71.47472   -0.22515    1.75529      -31232.92463
  Ta       52   72.84411   71.54398   -0.15589    1.68278      -31232.86491
  Ta       53   72.69796   71.39783   -0.30204    1.83490      -31232.96755
  Ta       54   72.71545   71.41532   -0.28455    1.81756      -31232.95702
  Ta       55   72.85378   71.55364   -0.14622    1.67731      -31232.85580
  Ta       56   72.82088   71.52075   -0.17912    1.71201      -31232.89210
  Ta       57   72.82394   71.52380   -0.17606    1.70897      -31232.89390
  Ta       58   72.74644   71.44631   -0.25356    1.78958      -31232.94032
  Ta       59   72.80843   71.50830   -0.19157    1.72218      -31232.89542
  Ta       60   72.65981   71.35968   -0.34019    1.86993      -31232.97655
  Ta       61   72.72695   71.42682   -0.27305    1.80482      -31232.93722
  Ta       62   72.89305   71.59292   -0.10695    1.63811      -31232.84090
  Ta       63   72.91848   71.61834   -0.08152    1.61606      -31232.82398
  Ta       64   72.81946   71.51932   -0.18054    1.71883      -31232.89505
  V        65   23.41179   22.11166    0.41179    1.53459       -1895.22629
  V        66   23.29938   21.99925    0.29938    1.65528       -1895.29388
  V        67   23.31222   22.01209    0.31222    1.64141       -1895.29099
  V        68   23.36194   22.06181    0.36194    1.58389       -1895.24678
  V        69   23.42123   22.12110    0.42123    1.52718       -1895.21938
  V        70   23.40054   22.10041    0.40054    1.54986       -1895.23669
  V        71   23.47576   22.17563    0.47576    1.46986       -1895.18721
  V        72   23.43052   22.13038    0.43052    1.51928       -1895.21693
  V        73   23.28393   21.98380    0.28393    1.66974       -1895.30427
  V        74   23.49785   22.19772    0.49785    1.43556       -1895.17011
  V        75   23.40248   22.10235    0.40248    1.54404       -1895.22472
  V        76   23.40702   22.10688    0.40702    1.53479       -1895.22067
  V        77   23.31908   22.01895    0.31908    1.62706       -1895.25774
  V        78   23.44993   22.14980    0.44993    1.49194       -1895.20195
  V        79   23.59517   22.29504    0.59517    1.34384       -1895.12914
  V        80   23.39514   22.09500    0.39514    1.54925       -1895.23252
