 Atom   Index      Q          Qmt        dQ        Vmad        Local Energy
  W         1   73.92256   72.62090   -0.07744    1.69874      -32312.49808
  W         2   73.81016   72.50850   -0.18984    1.81067      -32312.56018
  W         3   73.78572   72.48406   -0.21428    1.81483      -32312.54759
  W         4   73.90926   72.60760   -0.09074    1.71288      -32312.50931
  Nb        5   40.94590   39.64424   -0.05410    1.70121       -7632.58911
  Nb        6   41.09983   39.79817    0.09983    1.55317       -7632.49743
  Nb        7   40.93700   39.63534   -0.06300    1.71328       -7632.60791
  Nb        8   40.94742   39.64576   -0.05258    1.68809       -7632.57028
  Mo        9   42.18043   40.87877    0.18043    1.54803       -8090.51608
  Mo       10   41.97080   40.66914   -0.02920    1.75702       -8090.63333
  Mo       11   42.18767   40.88601    0.18767    1.54272       -8090.51861
  Mo       12   42.01952   40.71786    0.01952    1.72311       -8090.62127
  Ta       13   72.71340   71.41174   -0.28660    1.83411      -31232.97569
  Ta       14   72.82250   71.52084   -0.17750    1.73554      -31232.92693
  Ta       15   72.75273   71.45107   -0.24727    1.80556      -31232.96969
  Ta       16   72.71874   71.41708   -0.28126    1.82852      -31232.97136
  Ti       17   22.30866   21.00700    0.30866    1.56169       -1704.38540
  Ti       18   22.30500   21.00334    0.30500    1.58225       -1704.45106
  Ti       19   22.23132   20.92966    0.23132    1.64791       -1704.44860
  Ti       20   22.43138   21.12972    0.43138    1.43006       -1704.28279
