System Description            : WNbMoTaTi, BCC structure                        
Number of Atoms in Unit Cell  : 40                                              
Number of Atomic Species      : 5                                               
Number of Atoms in Each Type  : 8(W), 8(Nb), 8(Mo), 8(Ta), 8(Ti)                
Energy Offset                 : -16193                                          
=======================================================================================
    Iter     Energy      3PV     Efermi   Rms_rho    Rms_pot   Mix  Alg  Alpha 
---------------------------------------------------------------------------------------
**       1  -0.744133  1839.848  0.54092  0.140E+01  0.155E+00  pot  B   0.1000
         2  -0.974709  1816.546  0.57483  0.764E-02  0.361E+00  pot  B   0.1000
         3  -1.043451  1812.822  0.57590  0.171E-02  0.340E+00  pot  B   0.1000
         4  -1.161493  1795.120  0.59118  0.593E-02  0.404E+00  pot  B   0.1000
         5  -1.337911  1780.734  0.59923  0.479E-02  0.261E+00  pot  B   0.1000
         6  -1.511415  1752.742  0.61833  0.918E-02  0.132E+00  pot  B   0.1000
         7  -1.550553  1732.729  0.63284  0.699E-02  0.142E+00  pot  B   0.1000
         8  -1.574496  1726.079  0.64038  0.306E-02  0.673E-01  pot  B   0.1000
         9  -1.591405  1717.285  0.64891  0.456E-02  0.655E-01  pot  B   0.1000
        10  -1.600770  1709.190  0.65475  0.431E-02  0.533E-01  pot  B   0.1000
        11  -1.603268  1706.858  0.65676  0.144E-02  0.245E-01  pot  B   0.1000
        12  -1.603886  1706.429  0.65744  0.362E-03  0.542E-02  pot  B   0.1000
        13  -1.603928  1706.232  0.65822  0.243E-03  0.983E-02  pot  B   0.1000
        14  -1.604110  1706.152  0.65954  0.224E-03  0.279E-02  pot  B   0.1000
        15  -1.604181  1706.082  0.66089  0.267E-03  0.268E-02  pot  B   0.1000
        16  -1.604185  1706.192  0.66141  0.114E-03  0.914E-03  pot  B   0.1000
        17  -1.604185  1706.173  0.66150  0.167E-04  0.638E-03  pot  B   0.1000
        18  -1.604187  1706.187  0.66159  0.165E-04  0.491E-03  pot  B   0.1000
        19  -1.604191  1706.222  0.66178  0.371E-04  0.235E-03  pot  B   0.1000
        20  -1.604192  1706.209  0.66191  0.214E-04  0.110E-03  pot  B   0.1000
        21  -1.604192  1706.208  0.66194  0.456E-05  0.586E-04  pot  B   0.1000
        22  -1.604192  1706.202  0.66195  0.314E-05  0.388E-04  pot  B   0.1000
        23  -1.604192  1706.201  0.66196  0.273E-05  0.260E-04  pot  B   0.1000
        24  -1.604192  1706.200  0.66196  0.939E-06  0.201E-04  pot  B   0.1000
        25  -1.604192  1706.199  0.66197  0.123E-05  0.145E-04  pot  B   0.1000
        26  -1.604192  1706.198  0.66197  0.980E-06  0.964E-05  pot  B   0.1000
        27  -1.604192  1706.197  0.66198  0.406E-06  0.424E-05  pot  B   0.1000
        28  -1.604192  1706.197  0.66198  0.291E-06  0.313E-05  pot  B   0.1000
        29  -1.604192  1706.197  0.66198  0.469E-06  0.107E-05  pot  B   0.1000
        30  -1.604192  1706.198  0.66198  0.270E-06  0.140E-05  pot  B   0.1000
        31  -1.604192  1706.198  0.66198  0.195E-06  0.879E-06  pot  B   0.1000
        32  -1.604192  1706.198  0.66198  0.123E-06  0.456E-06  pot  B   0.1000
        33  -1.604192  1706.198  0.66198  0.650E-07  0.451E-06  pot  B   0.1000
        34  -1.604192  1706.198  0.66198  0.258E-07  0.465E-06  pot  B   0.1000
        35  -1.604192  1706.198  0.66198  0.921E-08  0.456E-06  pot  B   0.1000
        36  -1.604192  1706.198  0.66198  0.137E-07  0.930E-07  pot  B   0.1000
        37  -1.604192  1706.198  0.66198  0.379E-08  0.534E-07  pot  B   0.1000
        38  -1.604192  1706.198  0.66198  0.171E-08  0.286E-07  pot  B   0.1000
        39  -1.604192  1706.198  0.66198  0.909E-09  0.363E-07  pot  B   0.1000
        40  -1.604192  1706.198  0.66198  0.146E-08  0.256E-07  pot  B   0.1000
        41  -1.604192  1706.198  0.66198  0.117E-08  0.167E-07  pot  B   0.1000
        42  -1.604192  1706.198  0.66198  0.803E-09  0.740E-08  pot  B   0.1000
**      43  -1.604192  1706.198  0.66198  0.395E-12  0.740E-08  pot  B   0.1000
