 Atom   Index      Q          Qmt        dQ        Vmad        Local Energy
  W         1   73.74019   72.44004   -0.25981    1.85456      -32312.57099
  W         2   73.77520   72.47506   -0.22480    1.81859      -32312.54282
  W         3   73.80957   72.50942   -0.19043    1.78412      -32312.51659
  W         4   73.91183   72.61169   -0.08817    1.68275      -32312.46051
  W         5   73.82514   72.52500   -0.17486    1.76722      -32312.52285
  W         6   73.71024   72.41010   -0.28976    1.88455      -32312.58963
  W         7   73.85891   72.55877   -0.14109    1.72997      -32312.49695
  W         8   73.93892   72.63878   -0.06108    1.64638      -32312.43015
  Nb        9   40.90091   39.60077   -0.09909    1.72028       -7632.58659
  Nb       10   40.87525   39.57510   -0.12475    1.74939       -7632.60066
  Nb       11   40.93669   39.63655   -0.06331    1.68698       -7632.56661
  Nb       12   41.08769   39.78755    0.08769    1.53687       -7632.46058
  Nb       13   40.96458   39.66444   -0.03542    1.65412       -7632.52543
  Nb       14   40.91797   39.61783   -0.08203    1.71030       -7632.57601
  Nb       15   40.96680   39.66666   -0.03320    1.66276       -7632.54939
  Nb       16   40.97103   39.67088   -0.02897    1.65356       -7632.53798
  Mo       17   42.08777   40.78763    0.08777    1.63406       -8090.55361
  Mo       18   41.99060   40.69045   -0.00940    1.72698       -8090.60676
  Mo       19   42.15229   40.85215    0.15229    1.55537       -8090.49680
  Mo       20   42.01820   40.71806    0.01820    1.70120       -8090.59176
  Mo       21   41.90348   40.60334   -0.09652    1.81972       -8090.66949
  Mo       22   42.09937   40.79923    0.09937    1.61709       -8090.54394
  Mo       23   42.07565   40.77551    0.07565    1.64078       -8090.55130
  Mo       24   41.95446   40.65432   -0.04554    1.76321       -8090.63450
  Ta       25   72.68601   71.38587   -0.31399    1.84478      -31232.97153
  Ta       26   72.61818   71.31804   -0.38182    1.91221      -31233.02142
  Ta       27   72.83607   71.53593   -0.16393    1.70080      -31232.88180
  Ta       28   72.63723   71.33709   -0.36277    1.89245      -31232.99247
  Ta       29   72.80579   71.50565   -0.19421    1.72780      -31232.89367
  Ta       30   72.85595   71.55581   -0.14405    1.67733      -31232.86472
  Ta       31   72.57544   71.27530   -0.42456    1.95152      -31233.04066
  Ta       32   72.86774   71.56760   -0.13226    1.66954      -31232.85640
  V        33   23.58994   22.28980    0.58994    1.34747       -1895.10900
  V        34   23.43112   22.13098    0.43112    1.52169       -1895.23013
  V        35   23.47963   22.17949    0.47963    1.46559       -1895.20877
  V        36   23.43500   22.13486    0.43500    1.50156       -1895.19490
  V        37   23.45012   22.14998    0.45012    1.49895       -1895.22864
  V        38   23.45437   22.15423    0.45437    1.49731       -1895.21344
  V        39   23.38823   22.08809    0.38823    1.55871       -1895.23191
  V        40   23.41643   22.11628    0.41643    1.53161       -1895.22789
