 Atom   Index      Q          Qmt        dQ        Vmad        Local Energy
  W         1   73.81224   72.51117   -0.18776    1.77657      -32312.52506
  W         2   73.91141   72.61035   -0.08859    1.68890      -32312.47259
  W         3   73.90876   72.60770   -0.09124    1.67942      -32312.44658
  W         4   73.76489   72.46383   -0.23511    1.82834      -32312.55220
  W         5   74.03631   72.73524    0.03631    1.55459      -32312.37438
  W         6   73.80744   72.50638   -0.19256    1.78962      -32312.53338
  W         7   73.77666   72.47560   -0.22334    1.81559      -32312.54423
  W         8   73.97874   72.67767   -0.02126    1.62491      -32312.42734
  W         9   73.90845   72.60739   -0.09155    1.67322      -32312.43577
  W        10   73.82530   72.52424   -0.17470    1.76048      -32312.49838
  W        11   73.83110   72.53004   -0.16890    1.75753      -32312.50421
  W        12   73.82956   72.52850   -0.17044    1.75838      -32312.50233
  W        13   73.80201   72.50095   -0.19799    1.79802      -32312.54136
  W        14   73.92625   72.62519   -0.07375    1.66404      -32312.43858
  W        15   73.71584   72.41478   -0.28416    1.88245      -32312.58669
  W        16   73.78659   72.48553   -0.21341    1.81711      -32312.55848
  W        17   73.97410   72.67304   -0.02590    1.62110      -32312.41933
  W        18   73.80646   72.50540   -0.19354    1.79339      -32312.53918
  W        19   73.87650   72.57544   -0.12350    1.71741      -32312.48071
  W        20   73.80446   72.50340   -0.19554    1.78973      -32312.52731
  W        21   73.87607   72.57501   -0.12393    1.70596      -32312.46695
  W        22   73.71940   72.41834   -0.28060    1.87445      -32312.58044
  W        23   73.79657   72.49551   -0.20343    1.80255      -32312.53640
  W        24   73.82448   72.52342   -0.17552    1.76749      -32312.51268
  W        25   73.76367   72.46261   -0.23633    1.83363      -32312.55778
  W        26   73.77063   72.46957   -0.22937    1.81958      -32312.54076
  W        27   73.77472   72.47366   -0.22528    1.82488      -32312.55660
  W        28   73.92470   72.62364   -0.07530    1.66195      -32312.44713
  W        29   73.70204   72.40098   -0.29796    1.89580      -32312.59898
  W        30   73.87984   72.57878   -0.12016    1.69582      -32312.43968
  W        31   73.88226   72.58120   -0.11774    1.70616      -32312.47341
  W        32   73.86434   72.56328   -0.13566    1.73141      -32312.49459
  W        33   73.78992   72.48886   -0.21008    1.81057      -32312.54606
  W        34   73.77929   72.47823   -0.22071    1.81419      -32312.53571
  W        35   73.83481   72.53375   -0.16519    1.76119      -32312.50582
  W        36   73.93730   72.63624   -0.06270    1.65524      -32312.44272
  W        37   73.76624   72.46517   -0.23376    1.82255      -32312.54374
  W        38   73.88688   72.58582   -0.11312    1.70149      -32312.47385
  W        39   73.91653   72.61547   -0.08347    1.67145      -32312.44592
  W        40   73.85943   72.55836   -0.14057    1.73434      -32312.50131
  W        41   73.84281   72.54175   -0.15719    1.75362      -32312.51198
  W        42   73.94039   72.63933   -0.05961    1.65029      -32312.43435
  W        43   73.55329   72.25222   -0.44671    2.04597      -32312.70628
  W        44   73.85677   72.55571   -0.14323    1.73840      -32312.49346
  W        45   73.89747   72.59641   -0.10253    1.68904      -32312.46136
  W        46   73.84378   72.54272   -0.15622    1.75915      -32312.51280
  W        47   73.93371   72.63264   -0.06629    1.65687      -32312.43994
  W        48   73.92176   72.62070   -0.07824    1.67142      -32312.44153
  W        49   73.83528   72.53422   -0.16472    1.75470      -32312.50069
  W        50   73.97322   72.67216   -0.02678    1.61697      -32312.40558
  W        51   73.82125   72.52019   -0.17875    1.76948      -32312.51391
  W        52   73.62720   72.32614   -0.37280    1.97265      -32312.65044
  W        53   73.82039   72.51933   -0.17961    1.77721      -32312.51638
  W        54   73.84840   72.54734   -0.15160    1.73193      -32312.47329
  W        55   73.95591   72.65485   -0.04409    1.63627      -32312.42941
  W        56   73.92305   72.62199   -0.07695    1.67688      -32312.46040
  W        57   73.84057   72.53951   -0.15943    1.75412      -32312.50998
  W        58   73.85872   72.55766   -0.14128    1.73425      -32312.49461
  W        59   73.94306   72.64200   -0.05694    1.64711      -32312.43118
  W        60   73.73479   72.43373   -0.26521    1.85723      -32312.56745
  W        61   73.90089   72.59983   -0.09911    1.69933      -32312.47970
  W        62   73.79752   72.49646   -0.20248    1.80226      -32312.54357
  W        63   73.86676   72.56569   -0.13324    1.72491      -32312.48893
  W        64   73.72170   72.42064   -0.27830    1.88022      -32312.59680
  Nb       65   41.04848   39.74742    0.04848    1.58179       -7632.49756
  Nb       66   40.98671   39.68564   -0.01329    1.63335       -7632.51865
  Nb       67   40.88977   39.58871   -0.11023    1.73915       -7632.58741
  Nb       68   40.77585   39.47479   -0.22415    1.84977       -7632.65635
  Nb       69   41.00597   39.70490    0.00597    1.62309       -7632.51702
  Nb       70   40.97612   39.67506   -0.02388    1.64928       -7632.54290
  Nb       71   40.85700   39.55594   -0.14300    1.77219       -7632.62099
  Nb       72   40.80621   39.50515   -0.19379    1.81823       -7632.64498
  Nb       73   40.98962   39.68856   -0.01038    1.63009       -7632.52754
  Nb       74   40.83100   39.52994   -0.16900    1.79150       -7632.62091
  Nb       75   40.93440   39.63334   -0.06560    1.69224       -7632.56350
  Nb       76   41.02732   39.72626    0.02732    1.60206       -7632.51814
  Nb       77   40.88204   39.58098   -0.11796    1.73894       -7632.58327
  Nb       78   41.05103   39.74996    0.05103    1.57432       -7632.49105
  Nb       79   40.86975   39.56869   -0.13025    1.75004       -7632.59048
  Nb       80   40.97159   39.67053   -0.02841    1.65415       -7632.54119
  Nb       81   40.89375   39.59269   -0.10625    1.73507       -7632.59824
  Nb       82   40.84752   39.54646   -0.15248    1.77768       -7632.61773
  Nb       83   40.91561   39.61455   -0.08439    1.71510       -7632.58973
  Nb       84   40.88943   39.58837   -0.11057    1.73447       -7632.59379
  Nb       85   40.90195   39.60089   -0.09805    1.72289       -7632.58676
  Nb       86   40.89765   39.59659   -0.10235    1.73293       -7632.60185
  Nb       87   40.95781   39.65675   -0.04219    1.66494       -7632.54505
  Nb       88   40.81505   39.51398   -0.18495    1.80484       -7632.62981
  Nb       89   40.86405   39.56299   -0.13595    1.76222       -7632.60601
  Nb       90   40.85624   39.55518   -0.14376    1.77015       -7632.61288
  Nb       91   40.79263   39.49157   -0.20737    1.83215       -7632.65128
  Nb       92   40.92428   39.62322   -0.07572    1.69403       -7632.56892
  Nb       93   41.06855   39.76749    0.06855    1.55634       -7632.48674
  Nb       94   40.96576   39.66470   -0.03424    1.67151       -7632.56001
  Nb       95   40.87696   39.57590   -0.12304    1.74711       -7632.60213
  Nb       96   41.05161   39.75055    0.05161    1.57326       -7632.48348
  Nb       97   40.88943   39.58837   -0.11057    1.73161       -7632.58402
  Nb       98   40.92580   39.62474   -0.07420    1.70568       -7632.57835
  Nb       99   40.83751   39.53645   -0.16249    1.79686       -7632.62989
  Nb      100   40.77633   39.47527   -0.22367    1.85056       -7632.65680
  Nb      101   40.94567   39.64461   -0.05433    1.68239       -7632.55917
  Nb      102   40.82566   39.52460   -0.17434    1.80407       -7632.63630
  Nb      103   40.92869   39.62763   -0.07131    1.69890       -7632.55964
  Nb      104   40.77962   39.47856   -0.22038    1.85210       -7632.66731
  Nb      105   40.82417   39.52311   -0.17583    1.80667       -7632.63624
  Nb      106   40.96751   39.66645   -0.03249    1.65929       -7632.53657
  Nb      107   40.98233   39.68127   -0.01767    1.64216       -7632.52862
  Nb      108   40.89555   39.59449   -0.10445    1.73186       -7632.58210
  Nb      109   40.75334   39.45228   -0.24666    1.86910       -7632.68245
  Nb      110   40.92802   39.62696   -0.07198    1.69188       -7632.56468
  Nb      111   41.11308   39.81202    0.11308    1.50823       -7632.44745
  Nb      112   40.80310   39.50204   -0.19690    1.82288       -7632.64422
  Nb      113   40.76565   39.46459   -0.23435    1.85874       -7632.66899
  Nb      114   40.95639   39.65533   -0.04361    1.66900       -7632.54364
  Nb      115   40.92895   39.62789   -0.07105    1.69392       -7632.57379
  Nb      116   40.95084   39.64978   -0.04916    1.66885       -7632.54406
  Nb      117   40.85926   39.55820   -0.14074    1.77401       -7632.62429
  Nb      118   40.97872   39.67766   -0.02128    1.65209       -7632.54387
  Nb      119   40.83399   39.53293   -0.16601    1.79412       -7632.63188
  Nb      120   40.88184   39.58078   -0.11816    1.74791       -7632.59680
  Nb      121   40.93889   39.63783   -0.06111    1.68045       -7632.55823
  Nb      122   40.91997   39.61891   -0.08003    1.70322       -7632.57305
  Nb      123   40.89878   39.59772   -0.10122    1.72663       -7632.58245
  Nb      124   41.03647   39.73541    0.03647    1.59242       -7632.50519
  Nb      125   40.77705   39.47599   -0.22295    1.85047       -7632.66746
  Nb      126   40.82022   39.51916   -0.17978    1.80812       -7632.64006
  Nb      127   40.91038   39.60932   -0.08962    1.71022       -7632.57247
  Nb      128   40.97217   39.67111   -0.02783    1.65401       -7632.53962
  Mo      129   42.03862   40.73756    0.03862    1.67086       -8090.56572
  Mo      130   42.07600   40.77494    0.07600    1.64140       -8090.55274
  Mo      131   42.09600   40.79494    0.09600    1.62829       -8090.55319
  Mo      132   42.10654   40.80548    0.10654    1.61459       -8090.54951
  Mo      133   42.08016   40.77910    0.08016    1.63909       -8090.55475
  Mo      134   42.16688   40.86582    0.16688    1.55229       -8090.50579
  Mo      135   41.96050   40.65944   -0.03950    1.76675       -8090.64321
  Mo      136   42.12450   40.82344    0.12450    1.58997       -8090.52296
  Mo      137   42.04917   40.74811    0.04917    1.66938       -8090.57477
  Mo      138   42.12923   40.82817    0.12923    1.57829       -8090.51291
  Mo      139   42.02316   40.72210    0.02316    1.68926       -8090.57939
  Mo      140   42.20483   40.90377    0.20483    1.51406       -8090.48387
  Mo      141   42.10769   40.80663    0.10769    1.61266       -8090.54598
  Mo      142   42.11630   40.81524    0.11630    1.60165       -8090.53871
  Mo      143   42.06868   40.76762    0.06868    1.65131       -8090.56672
  Mo      144   42.03872   40.73766    0.03872    1.67722       -8090.57837
  Mo      145   42.04317   40.74211    0.04317    1.67182       -8090.57457
  Mo      146   42.09851   40.79745    0.09851    1.61887       -8090.54019
  Mo      147   42.14967   40.84861    0.14967    1.55722       -8090.49409
  Mo      148   41.98342   40.68236   -0.01658    1.74063       -8090.62084
  Mo      149   41.94690   40.64583   -0.05310    1.77913       -8090.64539
  Mo      150   42.05182   40.75076    0.05182    1.66670       -8090.57002
  Mo      151   42.18755   40.88649    0.18755    1.53604       -8090.49845
  Mo      152   42.11469   40.81363    0.11469    1.60115       -8090.52738
  Mo      153   42.00056   40.69950    0.00056    1.72427       -8090.61824
  Mo      154   42.04165   40.74059    0.04165    1.68224       -8090.58890
  Mo      155   41.98232   40.68126   -0.01768    1.73960       -8090.61576
  Mo      156   42.11520   40.81414    0.11520    1.60831       -8090.54314
  Mo      157   42.01201   40.71095    0.01201    1.71186       -8090.61151
  Mo      158   41.88532   40.58426   -0.11468    1.83787       -8090.68237
  Mo      159   42.05897   40.75791    0.05897    1.66640       -8090.57521
  Mo      160   42.01541   40.71434    0.01541    1.69871       -8090.58671
  Mo      161   42.07384   40.77278    0.07384    1.63751       -8090.54805
  Mo      162   41.97470   40.67364   -0.02530    1.75680       -8090.63592
  Mo      163   41.91927   40.61821   -0.08073    1.81475       -8090.67228
  Mo      164   41.93480   40.63374   -0.06520    1.78460       -8090.64079
  Mo      165   42.00882   40.70775    0.00882    1.72102       -8090.61481
  Mo      166   42.21576   40.91470    0.21576    1.50510       -8090.48137
  Mo      167   42.09174   40.79068    0.09174    1.62508       -8090.54846
  Mo      168   42.19409   40.89303    0.19409    1.51740       -8090.47851
  Mo      169   42.18563   40.88457    0.18563    1.52471       -8090.48416
  Mo      170   42.11919   40.81813    0.11919    1.59379       -8090.53317
  Mo      171   42.00164   40.70058    0.00164    1.71397       -8090.60014
  Mo      172   42.16466   40.86360    0.16466    1.54710       -8090.49248
  Mo      173   42.21063   40.90957    0.21063    1.50035       -8090.46756
  Mo      174   42.15450   40.85344    0.15450    1.56787       -8090.51761
  Mo      175   42.18800   40.88694    0.18800    1.52815       -8090.48941
  Mo      176   42.12383   40.82276    0.12383    1.58469       -8090.51761
  Mo      177   42.11407   40.81301    0.11407    1.60239       -8090.53243
  Mo      178   42.22207   40.92101    0.22207    1.49153       -8090.46244
  Mo      179   42.02114   40.72008    0.02114    1.68950       -8090.56910
  Mo      180   42.20137   40.90030    0.20137    1.51272       -8090.47907
  Mo      181   42.06250   40.76143    0.06250    1.65560       -8090.57073
  Mo      182   41.97385   40.67279   -0.02615    1.74661       -8090.62395
  Mo      183   42.05501   40.75395    0.05501    1.66279       -8090.57140
  Mo      184   42.05004   40.74898    0.05004    1.65905       -8090.55355
  Mo      185   42.02070   40.71964    0.02070    1.68941       -8090.58030
  Mo      186   42.02752   40.72646    0.02752    1.68662       -8090.58299
  Mo      187   41.94683   40.64577   -0.05317    1.78207       -8090.65179
  Mo      188   42.03978   40.73872    0.03978    1.68310       -8090.58732
  Mo      189   42.09997   40.79891    0.09997    1.61910       -8090.54959
  Mo      190   42.07115   40.77009    0.07115    1.64835       -8090.56419
  Mo      191   41.95717   40.65611   -0.04283    1.77062       -8090.64716
  Mo      192   41.98024   40.67918   -0.01976    1.73798       -8090.61526
  Ta      193   72.62541   71.32435   -0.37459    1.90117      -31233.01208
  Ta      194   72.84013   71.53907   -0.15987    1.69199      -31232.86870
  Ta      195   72.82477   71.52371   -0.17523    1.70767      -31232.87376
  Ta      196   72.87021   71.56915   -0.12979    1.67288      -31232.86113
  Ta      197   72.97417   71.67311   -0.02583    1.56618      -31232.78098
  Ta      198   72.72258   71.42152   -0.27742    1.81141      -31232.94727
  Ta      199   72.67481   71.37375   -0.32519    1.85542      -31232.97848
  Ta      200   72.71544   71.41437   -0.28456    1.81837      -31232.96397
  Ta      201   72.92406   71.62300   -0.07594    1.61853      -31232.81759
  Ta      202   72.40847   71.10741   -0.59153    2.12269      -31233.13714
  Ta      203   72.73395   71.43289   -0.26605    1.80703      -31232.95484
  Ta      204   72.85569   71.55463   -0.14431    1.67901      -31232.85901
  Ta      205   72.75936   71.45830   -0.24064    1.78014      -31232.93151
  Ta      206   72.71747   71.41641   -0.28253    1.81655      -31232.95909
  Ta      207   72.74157   71.44051   -0.25843    1.78800      -31232.93575
  Ta      208   72.62802   71.32695   -0.37198    1.90440      -31233.01381
  Ta      209   72.65839   71.35733   -0.34161    1.87166      -31232.99208
  Ta      210   72.76622   71.46516   -0.23378    1.76914      -31232.91942
  Ta      211   72.88326   71.58220   -0.11674    1.64622      -31232.83623
  Ta      212   72.58408   71.28302   -0.41592    1.94848      -31233.04183
  Ta      213   72.75333   71.45227   -0.24667    1.77876      -31232.92536
  Ta      214   72.77100   71.46993   -0.22900    1.76735      -31232.93257
  Ta      215   72.81513   71.51407   -0.18487    1.72270      -31232.89501
  Ta      216   72.71712   71.41606   -0.28288    1.81810      -31232.94951
  Ta      217   72.86581   71.56475   -0.13419    1.66521      -31232.84801
  Ta      218   72.69759   71.39653   -0.30241    1.83766      -31232.96569
  Ta      219   72.79069   71.48963   -0.20931    1.73713      -31232.89229
  Ta      220   72.80164   71.50058   -0.19836    1.72740      -31232.89717
  Ta      221   72.64093   71.33986   -0.35907    1.89136      -31232.99846
  Ta      222   72.67214   71.37108   -0.32786    1.85858      -31232.97912
  Ta      223   72.65299   71.35193   -0.34701    1.87534      -31232.98709
  Ta      224   72.64086   71.33980   -0.35914    1.88875      -31232.99628
  Ta      225   72.72912   71.42806   -0.27088    1.81093      -31232.96181
  Ta      226   72.77678   71.47572   -0.22322    1.76095      -31232.92069
  Ta      227   72.74189   71.44083   -0.25811    1.78946      -31232.93287
  Ta      228   72.61464   71.31358   -0.38536    1.91995      -31233.03162
  Ta      229   72.63228   71.33122   -0.36772    1.90363      -31233.01844
  Ta      230   72.69535   71.39429   -0.30465    1.84214      -31232.97108
  Ta      231   72.80147   71.50041   -0.19853    1.73129      -31232.89052
  Ta      232   72.85777   71.55671   -0.14223    1.67904      -31232.85839
  Ta      233   72.73535   71.43429   -0.26465    1.79896      -31232.94533
  Ta      234   72.68455   71.38349   -0.31545    1.84876      -31232.97076
  Ta      235   72.80513   71.50407   -0.19487    1.72514      -31232.89646
  Ta      236   72.68736   71.38630   -0.31264    1.84831      -31232.97561
  Ta      237   72.68713   71.38607   -0.31287    1.84603      -31232.97261
  Ta      238   72.85022   71.54916   -0.14978    1.68276      -31232.86301
  Ta      239   72.66268   71.36162   -0.33732    1.86569      -31232.98355
  Ta      240   72.54805   71.24698   -0.45195    1.98663      -31233.07127
  Ta      241   72.83676   71.53570   -0.16324    1.69539      -31232.87430
  Ta      242   72.77042   71.46936   -0.22958    1.76343      -31232.90882
  Ta      243   72.65220   71.35114   -0.34780    1.87353      -31232.98708
  Ta      244   72.67823   71.37717   -0.32177    1.85926      -31232.98349
  Ta      245   72.63209   71.33103   -0.36791    1.89376      -31232.99886
  Ta      246   72.67754   71.37648   -0.32246    1.85741      -31232.97730
  Ta      247   72.73116   71.43010   -0.26884    1.79819      -31232.93298
  Ta      248   72.72086   71.41980   -0.27914    1.81139      -31232.94875
  Ta      249   72.74639   71.44533   -0.25361    1.78238      -31232.92652
  Ta      250   72.90062   71.59956   -0.09938    1.63142      -31232.82615
  Ta      251   72.67824   71.37718   -0.32176    1.85360      -31232.97908
  Ta      252   72.76664   71.46558   -0.23336    1.75808      -31232.90673
  Ta      253   72.83386   71.53280   -0.16614    1.69636      -31232.87201
  Ta      254   72.87597   71.57491   -0.12403    1.66278      -31232.86142
  Ta      255   72.61791   71.31685   -0.38209    1.91397      -31233.02577
  Ta      256   72.72193   71.42087   -0.27807    1.80684      -31232.95556
  V       257   23.48454   22.18347    0.48454    1.45984       -1895.17786
  V       258   23.43544   22.13438    0.43544    1.50819       -1895.20831
  V       259   23.46196   22.16090    0.46196    1.48424       -1895.18578
  V       260   23.40479   22.10373    0.40479    1.54558       -1895.22391
  V       261   23.42886   22.12780    0.42886    1.51603       -1895.20440
  V       262   23.53611   22.23505    0.53611    1.40536       -1895.15151
  V       263   23.54429   22.24323    0.54429    1.40325       -1895.15831
  V       264   23.41963   22.11857    0.41963    1.52870       -1895.23406
  V       265   23.51167   22.21060    0.51167    1.43652       -1895.16055
  V       266   23.39568   22.09462    0.39568    1.55578       -1895.24342
  V       267   23.46456   22.16350    0.46456    1.47769       -1895.17844
  V       268   23.56134   22.26028    0.56134    1.38152       -1895.14020
  V       269   23.42436   22.12330    0.42436    1.52531       -1895.22436
  V       270   23.33648   22.03542    0.33648    1.61261       -1895.25891
  V       271   23.42990   22.12883    0.42990    1.51535       -1895.22052
  V       272   23.33309   22.03203    0.33309    1.62279       -1895.27069
  V       273   23.50612   22.20506    0.50612    1.43711       -1895.16590
  V       274   23.38874   22.08768    0.38874    1.55991       -1895.23791
  V       275   23.49787   22.19681    0.49787    1.44270       -1895.17251
  V       276   23.45044   22.14938    0.45044    1.49458       -1895.21621
  V       277   23.35402   22.05296    0.35402    1.60067       -1895.27457
  V       278   23.50452   22.20346    0.50452    1.44423       -1895.18098
  V       279   23.37118   22.07011    0.37118    1.58065       -1895.26012
  V       280   23.46594   22.16488    0.46594    1.48151       -1895.19124
  V       281   23.38793   22.08687    0.38793    1.56466       -1895.23070
  V       282   23.54351   22.24244    0.54351    1.40200       -1895.15721
  V       283   23.52949   22.22843    0.52949    1.41286       -1895.15314
  V       284   23.39977   22.09871    0.39977    1.55304       -1895.25335
  V       285   23.40851   22.10745    0.40851    1.54476       -1895.23417
  V       286   23.53426   22.23320    0.53426    1.41260       -1895.16103
  V       287   23.52464   22.22358    0.52464    1.42156       -1895.17426
  V       288   23.38649   22.08543    0.38649    1.56526       -1895.24871
  V       289   23.48550   22.18444    0.48550    1.45679       -1895.17055
  V       290   23.47250   22.17144    0.47250    1.47635       -1895.20428
  V       291   23.51078   22.20972    0.51078    1.43052       -1895.15357
  V       292   23.38761   22.08655    0.38761    1.55744       -1895.24435
  V       293   23.51059   22.20953    0.51059    1.42969       -1895.16351
  V       294   23.39677   22.09571    0.39677    1.55314       -1895.23507
  V       295   23.41624   22.11518    0.41624    1.53524       -1895.22567
  V       296   23.24300   21.94194    0.24300    1.71209       -1895.32121
  V       297   23.55015   22.24909    0.55015    1.38799       -1895.13718
  V       298   23.60300   22.30194    0.60300    1.33739       -1895.10680
  V       299   23.46105   22.15999    0.46105    1.48866       -1895.20562
  V       300   23.41370   22.11264    0.41370    1.53467       -1895.24091
  V       301   23.42092   22.11986    0.42092    1.53085       -1895.22233
  V       302   23.47507   22.17401    0.47507    1.46990       -1895.19411
  V       303   23.48270   22.18164    0.48270    1.46396       -1895.18526
  V       304   23.31779   22.01673    0.31779    1.63692       -1895.27244
  V       305   23.44264   22.14158    0.44264    1.50333       -1895.20170
  V       306   23.62085   22.31978    0.62085    1.32042       -1895.09707
  V       307   23.43375   22.13269    0.43375    1.51398       -1895.22929
  V       308   23.34561   22.04455    0.34561    1.60504       -1895.25321
  V       309   23.37811   22.07705    0.37811    1.57885       -1895.26310
  V       310   23.47435   22.17329    0.47435    1.46904       -1895.19094
  V       311   23.34121   22.04015    0.34121    1.61214       -1895.27367
  V       312   23.46693   22.16587    0.46693    1.47696       -1895.19157
  V       313   23.55768   22.25662    0.55768    1.38072       -1895.13400
  V       314   23.63125   22.33018    0.63125    1.30790       -1895.08798
  V       315   23.17398   21.87292    0.17398    1.79156       -1895.37941
  V       316   23.41898   22.11792    0.41898    1.53024       -1895.23074
  V       317   23.48750   22.18644    0.48750    1.45610       -1895.17501
  V       318   23.42252   22.12146    0.42252    1.53454       -1895.23328
  V       319   23.43630   22.13524    0.43630    1.51458       -1895.22338
  V       320   23.32027   22.01921    0.32027    1.63209       -1895.29984
