 Atom   Index      Q          Qmt        dQ        Vmad        Local Energy
  W         1   73.78950   72.48455   -0.21050    1.82307      -32312.56415
  W         2   73.85444   72.54949   -0.14556    1.77272      -32312.54545
  W         3   73.91254   72.60759   -0.08746    1.70625      -32312.49661
  W         4   73.94004   72.63509   -0.05996    1.67365      -32312.47328
  W         5   73.87787   72.57292   -0.12213    1.73145      -32312.49834
  W         6   73.95352   72.64857   -0.04648    1.66366      -32312.47290
  W         7   73.88147   72.57652   -0.11853    1.73019      -32312.50209
  W         8   74.00467   72.69972    0.00467    1.61415      -32312.43935
  W         9   73.87110   72.56615   -0.12890    1.74201      -32312.51448
  W        10   73.83144   72.52649   -0.16856    1.78114      -32312.53810
  W        11   73.97127   72.66632   -0.02873    1.64891      -32312.45185
  W        12   73.94945   72.64450   -0.05055    1.66551      -32312.46073
  W        13   73.94138   72.63643   -0.05862    1.67495      -32312.48188
  W        14   73.84478   72.53983   -0.15522    1.78117      -32312.55709
  W        15   73.94173   72.63678   -0.05827    1.67925      -32312.47769
  W        16   73.82935   72.52440   -0.17065    1.79232      -32312.55957
  W        17   73.92578   72.62083   -0.07422    1.70181      -32312.50115
  W        18   73.89524   72.59029   -0.10476    1.71979      -32312.50102
  W        19   73.96934   72.66439   -0.03066    1.65446      -32312.47235
  W        20   73.93343   72.62848   -0.06657    1.68376      -32312.47824
  W        21   73.98355   72.67860   -0.01645    1.64139      -32312.45608
  W        22   73.87966   72.57471   -0.12034    1.73593      -32312.51413
  W        23   73.87248   72.56753   -0.12752    1.74477      -32312.51408
  W        24   73.79229   72.48734   -0.20771    1.83738      -32312.58397
  W        25   73.85532   72.55037   -0.14468    1.75811      -32312.52137
  W        26   73.97630   72.67135   -0.02370    1.63123      -32312.44418
  W        27   73.88492   72.57997   -0.11508    1.73814      -32312.51732
  W        28   73.90072   72.59578   -0.09928    1.72720      -32312.51484
  W        29   73.86165   72.55670   -0.13835    1.76193      -32312.53632
  W        30   73.81171   72.50676   -0.18829    1.81009      -32312.55963
  W        31   73.88205   72.57710   -0.11795    1.73975      -32312.51767
  W        32   73.93387   72.62892   -0.06613    1.68264      -32312.47897
  W        33   73.80338   72.49843   -0.19662    1.82540      -32312.58492
  W        34   73.88191   72.57696   -0.11809    1.74522      -32312.53382
  W        35   73.87392   72.56897   -0.12608    1.74645      -32312.52268
  W        36   73.94607   72.64112   -0.05393    1.67648      -32312.47543
  W        37   73.90561   72.60066   -0.09439    1.71645      -32312.50656
  W        38   73.86793   72.56298   -0.13207    1.74903      -32312.52047
  W        39   73.89990   72.59495   -0.10010    1.73364      -32312.52482
  W        40   73.82066   72.51571   -0.17934    1.79823      -32312.55671
  W        41   73.82285   72.51791   -0.17715    1.79177      -32312.54057
  W        42   73.86507   72.56012   -0.13493    1.75886      -32312.53467
  W        43   73.84554   72.54059   -0.15446    1.77021      -32312.53582
  W        44   73.85996   72.55501   -0.14004    1.76665      -32312.54002
  W        45   73.84483   72.53989   -0.15517    1.76792      -32312.52422
  W        46   73.81943   72.51448   -0.18057    1.79848      -32312.54716
  W        47   73.81434   72.50939   -0.18566    1.81115      -32312.56071
  W        48   73.94326   72.63831   -0.05674    1.66762      -32312.46730
  W        49   73.94010   72.63515   -0.05990    1.66650      -32312.45654
  W        50   73.95251   72.64756   -0.04749    1.66997      -32312.47304
  W        51   73.83519   72.53024   -0.16481    1.79584      -32312.56908
  W        52   73.74707   72.44213   -0.25293    1.87563      -32312.60757
  W        53   73.94402   72.63907   -0.05598    1.67608      -32312.48238
  W        54   73.83347   72.52852   -0.16653    1.78643      -32312.54894
  W        55   73.82483   72.51989   -0.17517    1.80099      -32312.55263
  W        56   73.88081   72.57586   -0.11919    1.72455      -32312.49315
  W        57   73.78628   72.48133   -0.21372    1.83172      -32312.57406
  W        58   73.86190   72.55695   -0.13810    1.75208      -32312.51667
  W        59   73.89260   72.58765   -0.10740    1.72542      -32312.51267
  W        60   73.95906   72.65411   -0.04094    1.65073      -32312.45723
  W        61   73.74180   72.43686   -0.25820    1.89211      -32312.63240
  W        62   73.78428   72.47933   -0.21572    1.84046      -32312.58984
  W        63   73.78136   72.47641   -0.21864    1.84240      -32312.58781
  W        64   73.93199   72.62704   -0.06801    1.68730      -32312.49374
  Nb       65   40.97041   39.66546   -0.02959    1.67922       -7632.57934
  Nb       66   41.02748   39.72254    0.02748    1.62520       -7632.54419
  Nb       67   40.96767   39.66272   -0.03233    1.68559       -7632.58002
  Nb       68   40.87803   39.57308   -0.12197    1.76596       -7632.62274
  Nb       69   40.85680   39.55185   -0.14320    1.78500       -7632.62988
  Nb       70   40.96712   39.66217   -0.03288    1.68548       -7632.58620
  Nb       71   40.80640   39.50145   -0.19360    1.83728       -7632.66439
  Nb       72   40.83237   39.52742   -0.16763    1.81557       -7632.64200
  Nb       73   40.92426   39.61931   -0.07574    1.72750       -7632.59824
  Nb       74   40.90566   39.60071   -0.09434    1.74183       -7632.60863
  Nb       75   40.91293   39.60798   -0.08707    1.73748       -7632.60577
  Nb       76   40.86129   39.55634   -0.13871    1.79346       -7632.64609
  Nb       77   40.90420   39.59925   -0.09580    1.74994       -7632.61990
  Nb       78   40.98000   39.67506   -0.02000    1.66517       -7632.56728
  Nb       79   41.02839   39.72344    0.02839    1.62155       -7632.52704
  Nb       80   40.86739   39.56244   -0.13261    1.78455       -7632.64500
  Nb       81   41.03506   39.73011    0.03506    1.61329       -7632.52732
  Nb       82   40.99814   39.69320   -0.00186    1.65067       -7632.55572
  Nb       83   40.98704   39.68210   -0.01296    1.66623       -7632.56034
  Nb       84   41.09236   39.78741    0.09236    1.55945       -7632.49563
  Nb       85   40.91363   39.60868   -0.08637    1.73630       -7632.60731
  Nb       86   40.95668   39.65173   -0.04332    1.69816       -7632.57811
  Nb       87   40.91942   39.61447   -0.08058    1.72847       -7632.59815
  Nb       88   40.92322   39.61827   -0.07678    1.72668       -7632.59344
  Nb       89   40.87510   39.57015   -0.12490    1.77059       -7632.61302
  Nb       90   40.98425   39.67930   -0.01575    1.66376       -7632.56649
  Nb       91   41.03107   39.72612    0.03107    1.62209       -7632.53743
  Nb       92   40.89622   39.59127   -0.10378    1.75518       -7632.60722
  Nb       93   40.90706   39.60211   -0.09294    1.73643       -7632.60664
  Nb       94   40.88036   39.57541   -0.11964    1.76529       -7632.61786
  Nb       95   40.92438   39.61943   -0.07562    1.72332       -7632.59276
  Nb       96   40.79630   39.49135   -0.20370    1.85362       -7632.67759
  Nb       97   40.93263   39.62768   -0.06737    1.71037       -7632.58727
  Nb       98   40.84810   39.54315   -0.15190    1.79805       -7632.63245
  Nb       99   40.92727   39.62232   -0.07273    1.72120       -7632.59712
  Nb      100   40.85673   39.55178   -0.14327    1.79823       -7632.64942
  Nb      101   40.93035   39.62540   -0.06965    1.71716       -7632.60381
  Nb      102   40.97258   39.66763   -0.02742    1.67893       -7632.57202
  Nb      103   40.85194   39.54699   -0.14806    1.79685       -7632.63464
  Nb      104   40.90180   39.59686   -0.09820    1.75734       -7632.62949
  Nb      105   40.94708   39.64213   -0.05292    1.69541       -7632.58134
  Nb      106   40.95264   39.64770   -0.04736    1.69480       -7632.58020
  Nb      107   41.02391   39.71897    0.02391    1.62752       -7632.53880
  Nb      108   40.96536   39.66041   -0.03464    1.68512       -7632.58078
  Nb      109   40.89173   39.58678   -0.10827    1.75131       -7632.61494
  Nb      110   41.03748   39.73253    0.03748    1.61620       -7632.53646
  Nb      111   41.01910   39.71415    0.01910    1.63105       -7632.54611
  Nb      112   41.00245   39.69750    0.00245    1.65047       -7632.55877
  Nb      113   40.81747   39.51253   -0.18253    1.83076       -7632.66119
  Nb      114   40.92429   39.61934   -0.07571    1.72321       -7632.59345
  Nb      115   40.95415   39.64920   -0.04585    1.69473       -7632.59235
  Nb      116   40.89313   39.58818   -0.10687    1.75441       -7632.60111
  Nb      117   40.94045   39.63550   -0.05955    1.71534       -7632.60406
  Nb      118   40.90348   39.59853   -0.09652    1.74808       -7632.62252
  Nb      119   40.99396   39.68901   -0.00604    1.65648       -7632.55907
  Nb      120   40.79702   39.49207   -0.20298    1.84978       -7632.67029
  Nb      121   40.92400   39.61905   -0.07600    1.72435       -7632.59929
  Nb      122   40.96552   39.66057   -0.03448    1.68014       -7632.56827
  Nb      123   40.96922   39.66427   -0.03078    1.68257       -7632.57776
  Nb      124   40.91664   39.61169   -0.08336    1.73345       -7632.60288
  Nb      125   40.88812   39.58318   -0.11188    1.75795       -7632.61762
  Nb      126   40.96546   39.66051   -0.03454    1.68051       -7632.57750
  Nb      127   40.97583   39.67088   -0.02417    1.67875       -7632.58065
  Nb      128   40.90799   39.60304   -0.09201    1.73388       -7632.59696
  Mo      129   42.16189   40.85694    0.16189    1.57768       -8090.54045
  Mo      130   42.19867   40.89372    0.19867    1.53006       -8090.50587
  Mo      131   42.13085   40.82590    0.13085    1.61798       -8090.57666
  Mo      132   42.09667   40.79172    0.09667    1.65945       -8090.59874
  Mo      133   42.15252   40.84757    0.15252    1.59777       -8090.55252
  Mo      134   42.04194   40.73699    0.04194    1.70363       -8090.61427
  Mo      135   42.20453   40.89958    0.20453    1.53091       -8090.51129
  Mo      136   41.99019   40.68524   -0.00981    1.75319       -8090.63589
  Mo      137   42.10390   40.79895    0.10390    1.64952       -8090.59149
  Mo      138   42.22140   40.91645    0.22140    1.52534       -8090.50812
  Mo      139   42.12345   40.81850    0.12345    1.62031       -8090.55911
  Mo      140   42.07456   40.76961    0.07456    1.66861       -8090.59654
  Mo      141   42.13197   40.82702    0.13197    1.61761       -8090.56481
  Mo      142   42.12065   40.81570    0.12065    1.61593       -8090.55745
  Mo      143   41.98638   40.68143   -0.01362    1.76422       -8090.65692
  Mo      144   42.11094   40.80599    0.11094    1.63932       -8090.57936
  Mo      145   42.08007   40.77512    0.08007    1.66630       -8090.59507
  Mo      146   42.19094   40.88599    0.19094    1.54508       -8090.52233
  Mo      147   41.94003   40.63508   -0.05997    1.81704       -8090.69315
  Mo      148   42.11506   40.81011    0.11506    1.62651       -8090.56267
  Mo      149   42.09449   40.78954    0.09449    1.64499       -8090.57691
  Mo      150   42.01944   40.71449    0.01944    1.72473       -8090.62552
  Mo      151   42.09624   40.79129    0.09624    1.64433       -8090.57690
  Mo      152   42.06507   40.76012    0.06507    1.67448       -8090.59212
  Mo      153   42.11763   40.81268    0.11763    1.63177       -8090.57036
  Mo      154   42.06958   40.76463    0.06958    1.67747       -8090.59938
  Mo      155   42.14495   40.84000    0.14495    1.58703       -8090.53090
  Mo      156   42.07145   40.76650    0.07145    1.68140       -8090.61527
  Mo      157   42.07874   40.77379    0.07874    1.66532       -8090.59163
  Mo      158   42.12174   40.81679    0.12174    1.62152       -8090.56069
  Mo      159   42.15228   40.84733    0.15228    1.57918       -8090.53311
  Mo      160   42.14297   40.83802    0.14297    1.60149       -8090.55979
  Mo      161   42.05672   40.75177    0.05672    1.69346       -8090.61351
  Mo      162   42.14927   40.84432    0.14927    1.59226       -8090.55036
  Mo      163   42.14051   40.83556    0.14051    1.61089       -8090.56625
  Mo      164   42.08588   40.78093    0.08588    1.65188       -8090.58122
  Mo      165   42.08707   40.78212    0.08707    1.65893       -8090.58742
  Mo      166   42.16552   40.86057    0.16552    1.57087       -8090.52881
  Mo      167   42.12976   40.82481    0.12976    1.60691       -8090.54759
  Mo      168   42.23083   40.92588    0.23083    1.50564       -8090.49129
  Mo      169   42.04552   40.74057    0.04552    1.70072       -8090.61511
  Mo      170   42.17647   40.87152    0.17647    1.56211       -8090.52024
  Mo      171   42.05353   40.74858    0.05353    1.70296       -8090.63259
  Mo      172   42.10102   40.79607    0.10102    1.63578       -8090.56783
  Mo      173   42.08664   40.78169    0.08664    1.65208       -8090.57705
  Mo      174   41.97836   40.67341   -0.02164    1.77044       -8090.65282
  Mo      175   42.06007   40.75512    0.06007    1.67744       -8090.59321
  Mo      176   42.07554   40.77059    0.07554    1.66864       -8090.58991
  Mo      177   42.13340   40.82845    0.13340    1.60482       -8090.54361
  Mo      178   42.13014   40.82519    0.13014    1.60405       -8090.53944
  Mo      179   42.13945   40.83450    0.13945    1.59989       -8090.55242
  Mo      180   42.00311   40.69816    0.00311    1.74948       -8090.65300
  Mo      181   42.10585   40.80091    0.10585    1.64356       -8090.58730
  Mo      182   42.07874   40.77379    0.07874    1.66613       -8090.59229
  Mo      183   42.03015   40.72520    0.03015    1.70119       -8090.59613
  Mo      184   42.17246   40.86751    0.17246    1.56868       -8090.52815
  Mo      185   42.11638   40.81143    0.11638    1.62326       -8090.56755
  Mo      186   42.06709   40.76214    0.06709    1.68086       -8090.60687
  Mo      187   42.15857   40.85362    0.15857    1.57362       -8090.52455
  Mo      188   42.08076   40.77582    0.08076    1.66654       -8090.59393
  Mo      189   42.12013   40.81518    0.12013    1.61754       -8090.56230
  Mo      190   42.03266   40.72772    0.03266    1.71404       -8090.62347
  Mo      191   42.03846   40.73351    0.03846    1.70420       -8090.61448
  Mo      192   42.17087   40.86592    0.17087    1.56864       -8090.52563
  Ta      193   72.79121   71.48626   -0.20879    1.76983      -31232.93729
  Ta      194   72.65531   71.35036   -0.34469    1.90522      -31233.01281
  Ta      195   72.74235   71.43740   -0.25765    1.80869      -31232.95499
  Ta      196   72.85853   71.55358   -0.14147    1.69944      -31232.90217
  Ta      197   72.66257   71.35762   -0.33743    1.89377      -31233.01929
  Ta      198   72.71696   71.41202   -0.28304    1.83951      -31232.98197
  Ta      199   72.82588   71.52093   -0.17412    1.73549      -31232.91528
  Ta      200   72.83607   71.53112   -0.16393    1.72384      -31232.91960
  Ta      201   72.79713   71.49218   -0.20287    1.76163      -31232.93595
  Ta      202   72.76677   71.46182   -0.23323    1.78456      -31232.94420
  Ta      203   72.85831   71.55336   -0.14169    1.69836      -31232.90158
  Ta      204   72.69045   71.38550   -0.30955    1.86511      -31233.00113
  Ta      205   72.74707   71.44212   -0.25293    1.81141      -31232.97348
  Ta      206   72.72501   71.42006   -0.27499    1.83062      -31232.95797
  Ta      207   72.83355   71.52860   -0.16645    1.72413      -31232.89894
  Ta      208   72.84115   71.53620   -0.15885    1.70829      -31232.89262
  Ta      209   72.73841   71.43346   -0.26159    1.81769      -31232.95005
  Ta      210   72.73032   71.42537   -0.26968    1.83081      -31232.98999
  Ta      211   72.74644   71.44149   -0.25356    1.81485      -31232.97133
  Ta      212   72.71661   71.41166   -0.28339    1.84787      -31232.99731
  Ta      213   72.69348   71.38853   -0.30652    1.86810      -31232.99259
  Ta      214   72.75491   71.44996   -0.24509    1.79214      -31232.94785
  Ta      215   72.83298   71.52803   -0.16702    1.72278      -31232.89394
  Ta      216   72.78010   71.47515   -0.21990    1.77383      -31232.93555
  Ta      217   72.75514   71.45019   -0.24486    1.80540      -31232.96227
  Ta      218   72.74062   71.43567   -0.25938    1.81493      -31232.96483
  Ta      219   72.70688   71.40193   -0.29312    1.84623      -31232.99103
  Ta      220   72.71181   71.40687   -0.28819    1.84149      -31232.98946
  Ta      221   72.72250   71.41755   -0.27750    1.84326      -31232.99643
  Ta      222   72.74509   71.44014   -0.25491    1.81948      -31232.97711
  Ta      223   72.68861   71.38367   -0.31139    1.87274      -31233.01381
  Ta      224   72.75494   71.44999   -0.24506    1.80007      -31232.95942
  Ta      225   72.70105   71.39611   -0.29895    1.85104      -31232.97886
  Ta      226   72.79550   71.49055   -0.20450    1.75798      -31232.93830
  Ta      227   72.77644   71.47149   -0.22356    1.78001      -31232.93345
  Ta      228   72.61006   71.30511   -0.38994    1.94860      -31233.05871
  Ta      229   72.75070   71.44575   -0.24930    1.80274      -31232.95516
  Ta      230   72.80031   71.49536   -0.19969    1.75771      -31232.93271
  Ta      231   72.74189   71.43694   -0.25811    1.81003      -31232.96970
  Ta      232   72.71544   71.41049   -0.28456    1.84055      -31232.98254
  Ta      233   72.87364   71.56869   -0.12636    1.68252      -31232.87926
  Ta      234   72.85051   71.54556   -0.14949    1.70542      -31232.89998
  Ta      235   72.75530   71.45035   -0.24470    1.81020      -31232.97306
  Ta      236   72.85855   71.55360   -0.14145    1.69781      -31232.89379
  Ta      237   72.78337   71.47842   -0.21663    1.78124      -31232.95159
  Ta      238   72.76355   71.45860   -0.23645    1.79556      -31232.94410
  Ta      239   72.74099   71.43604   -0.25901    1.81996      -31232.96443
  Ta      240   72.77107   71.46612   -0.22893    1.78794      -31232.95303
  Ta      241   72.83500   71.53005   -0.16500    1.72334      -31232.91889
  Ta      242   72.77012   71.46517   -0.22988    1.78470      -31232.95460
  Ta      243   72.77249   71.46754   -0.22751    1.77530      -31232.93883
  Ta      244   72.72666   71.42171   -0.27334    1.82496      -31232.96391
  Ta      245   72.83118   71.52623   -0.16882    1.73105      -31232.92829
  Ta      246   72.83858   71.53363   -0.16142    1.71526      -31232.91017
  Ta      247   72.71518   71.41023   -0.28482    1.83975      -31232.99596
  Ta      248   72.75601   71.45106   -0.24399    1.80474      -31232.96801
  Ta      249   72.70885   71.40390   -0.29115    1.85061      -31232.99296
  Ta      250   72.83267   71.52772   -0.16733    1.71843      -31232.91001
  Ta      251   72.90057   71.59562   -0.09943    1.66287      -31232.86968
  Ta      252   72.70083   71.39588   -0.29917    1.85487      -31232.97417
  Ta      253   72.66211   71.35716   -0.33789    1.90001      -31233.02150
  Ta      254   72.79941   71.49446   -0.20059    1.76532      -31232.94572
  Ta      255   72.80557   71.50062   -0.19443    1.75466      -31232.92844
  Ta      256   72.78450   71.47955   -0.21550    1.76893      -31232.94290
  Ti      257   22.35744   21.05249    0.35744    1.51531       -1704.35090
  Ti      258   22.30843   21.00348    0.30843    1.56403       -1704.39146
  Ti      259   22.18282   20.87787    0.18282    1.68297       -1704.42570
  Ti      260   22.25521   20.95026    0.25521    1.62085       -1704.40772
  Ti      261   22.25623   20.95128    0.25623    1.61858       -1704.42859
  Ti      262   22.34266   21.03771    0.34266    1.53184       -1704.37242
  Ti      263   22.36776   21.06281    0.36776    1.50721       -1704.36321
  Ti      264   22.33523   21.03028    0.33523    1.53502       -1704.35223
  Ti      265   22.29143   20.98648    0.29143    1.57800       -1704.38604
  Ti      266   22.40061   21.09566    0.40061    1.46529       -1704.33569
  Ti      267   22.38646   21.08151    0.38646    1.49264       -1704.37505
  Ti      268   22.39338   21.08843    0.39338    1.49046       -1704.36978
  Ti      269   22.44776   21.14281    0.44776    1.42592       -1704.31711
  Ti      270   22.36525   21.06030    0.36525    1.51074       -1704.37194
  Ti      271   22.33614   21.03119    0.33614    1.53852       -1704.37204
  Ti      272   22.40778   21.10283    0.40778    1.46705       -1704.35281
  Ti      273   22.37908   21.07413    0.37908    1.49604       -1704.35542
  Ti      274   22.31172   21.00677    0.31172    1.56301       -1704.37367
  Ti      275   22.27707   20.97212    0.27707    1.58594       -1704.36294
  Ti      276   22.31116   21.00621    0.31116    1.57230       -1704.42190
  Ti      277   22.37719   21.07224    0.37719    1.50616       -1704.39193
  Ti      278   22.15442   20.84947    0.15442    1.71503       -1704.45909
  Ti      279   22.22572   20.92077    0.22572    1.64861       -1704.43050
  Ti      280   22.36626   21.06132    0.36626    1.50054       -1704.31290
  Ti      281   22.29388   20.98893    0.29388    1.58690       -1704.42658
  Ti      282   22.42116   21.11621    0.42116    1.45724       -1704.34042
  Ti      283   22.38119   21.07624    0.38119    1.49362       -1704.35233
  Ti      284   22.32895   21.02401    0.32895    1.54514       -1704.38413
  Ti      285   22.27926   20.97431    0.27926    1.60787       -1704.44515
  Ti      286   22.28184   20.97689    0.28184    1.58210       -1704.37531
  Ti      287   22.42101   21.11606    0.42101    1.45259       -1704.32600
  Ti      288   22.31653   21.01159    0.31653    1.55681       -1704.38610
  Ti      289   22.26374   20.95879    0.26374    1.60562       -1704.40437
  Ti      290   22.34820   21.04325    0.34820    1.52592       -1704.37003
  Ti      291   22.34078   21.03583    0.34078    1.54121       -1704.39695
  Ti      292   22.33848   21.03353    0.33848    1.53761       -1704.39313
  Ti      293   22.19809   20.89314    0.19809    1.67410       -1704.43392
  Ti      294   22.37458   21.06964    0.37458    1.50654       -1704.37140
  Ti      295   22.37563   21.07068    0.37563    1.49286       -1704.33309
  Ti      296   22.33712   21.03217    0.33712    1.52638       -1704.34148
  Ti      297   22.36133   21.05638    0.36133    1.51457       -1704.37590
  Ti      298   22.24314   20.93819    0.24314    1.63532       -1704.43856
  Ti      299   22.39988   21.09493    0.39988    1.47061       -1704.32602
  Ti      300   22.41273   21.10778    0.41273    1.46848       -1704.36842
  Ti      301   22.35300   21.04805    0.35300    1.52889       -1704.36956
  Ti      302   22.26015   20.95520    0.26015    1.60948       -1704.39965
  Ti      303   22.29077   20.98583    0.29077    1.58565       -1704.39985
  Ti      304   22.15668   20.85174    0.15668    1.71836       -1704.45899
  Ti      305   22.30332   20.99837    0.30332    1.57532       -1704.41174
  Ti      306   22.36588   21.06093    0.36588    1.51251       -1704.35968
  Ti      307   22.32799   21.02305    0.32799    1.55974       -1704.42397
  Ti      308   22.31310   21.00815    0.31310    1.56897       -1704.41047
  Ti      309   22.28759   20.98264    0.28759    1.58882       -1704.39699
  Ti      310   22.28542   20.98047    0.28542    1.58553       -1704.40160
  Ti      311   22.28060   20.97565    0.28060    1.59042       -1704.40033
  Ti      312   22.33238   21.02743    0.33238    1.54165       -1704.37071
  Ti      313   22.35088   21.04593    0.35088    1.52744       -1704.38831
  Ti      314   22.35523   21.05028    0.35523    1.51732       -1704.35173
  Ti      315   22.17768   20.87273    0.17768    1.69266       -1704.44491
  Ti      316   22.27128   20.96633    0.27128    1.59712       -1704.40245
  Ti      317   22.34124   21.03629    0.34124    1.52541       -1704.34863
  Ti      318   22.31001   21.00506    0.31001    1.55830       -1704.38120
  Ti      319   22.39756   21.09261    0.39756    1.47407       -1704.32613
  Ti      320   22.36375   21.05880    0.36375    1.50212       -1704.33272
