 Atom   Index      Q          Qmt        dQ        Vmad        Local Energy
  W         1   73.90489   72.60180   -0.09511    1.71227      -32312.49459
  W         2   73.92013   72.61704   -0.07987    1.69757      -32312.49706
  W         3   73.96454   72.66145   -0.03546    1.64652      -32312.45767
  W         4   73.75529   72.45220   -0.24471    1.85754      -32312.58571
  Nb        5   41.03159   39.72849    0.03159    1.61238       -7632.52970
  Nb        6   40.89584   39.59275   -0.10416    1.75607       -7632.62187
  Nb        7   40.87027   39.56718   -0.12973    1.77320       -7632.63472
  Nb        8   41.09673   39.79364    0.09673    1.55175       -7632.50414
  Mo        9   42.03155   40.72846    0.03155    1.70663       -8090.61539
  Mo       10   42.10647   40.80338    0.10647    1.63746       -8090.58384
  Mo       11   41.98363   40.68054   -0.01637    1.76561       -8090.65366
  Mo       12   42.14956   40.84647    0.14956    1.59294       -8090.55665
  Ta       13   72.79431   71.49122   -0.20569    1.75304      -31232.91147
  Ta       14   72.78370   71.48061   -0.21630    1.77171      -31232.93122
  Ta       15   72.78372   71.48063   -0.21628    1.76962      -31232.92976
  Ta       16   72.89918   71.59609   -0.10082    1.66310      -31232.87618
  Ti       17   22.22800   20.92491    0.22800    1.65019       -1704.45830
  Ti       18   22.36989   21.06680    0.36989    1.50452       -1704.35640
  Ti       19   22.13639   20.83330    0.13639    1.72579       -1704.45250
  Ti       20   22.29433   20.99123    0.29433    1.57849       -1704.40108
