 Atom   Index      Q          Qmt        dQ        Vmad        Local Energy
  W         1   73.98524   72.59790   -0.01476    1.78788      -32312.60873
  W         2   73.97711   72.58978   -0.02289    1.79533      -32312.61274
  W         3   73.98638   72.59905   -0.01362    1.78240      -32312.60822
  W         4   73.96769   72.58036   -0.03231    1.79456      -32312.61186
  W         5   73.83660   72.44927   -0.16340    1.91692      -32312.67333
  W         6   73.97728   72.58994   -0.02272    1.78972      -32312.60771
  W         7   74.02127   72.63394    0.02127    1.75152      -32312.58675
  W         8   73.85818   72.47085   -0.14182    1.89887      -32312.67079
  W         9   73.90876   72.52143   -0.09124    1.85235      -32312.63495
  W        10   74.00215   72.61482    0.00215    1.77227      -32312.60237
  W        11   73.90491   72.51758   -0.09509    1.86156      -32312.64886
  W        12   73.90465   72.51732   -0.09535    1.86132      -32312.65977
  W        13   73.95670   72.56937   -0.04330    1.80919      -32312.61817
  W        14   74.02323   72.63589    0.02323    1.74546      -32312.58541
  W        15   73.95881   72.57148   -0.04119    1.81275      -32312.62764
  W        16   73.94654   72.55921   -0.05346    1.82226      -32312.62762
  W        17   73.89142   72.50409   -0.10858    1.86819      -32312.65193
  W        18   73.86646   72.47913   -0.13354    1.89688      -32312.67203
  W        19   73.96999   72.58266   -0.03001    1.79449      -32312.61070
  W        20   73.87141   72.48408   -0.12859    1.88762      -32312.66583
  W        21   73.98490   72.59757   -0.01510    1.78802      -32312.60998
  W        22   73.97501   72.58768   -0.02499    1.79730      -32312.62327
  W        23   73.94904   72.56171   -0.05096    1.82028      -32312.63151
  W        24   73.92853   72.54120   -0.07147    1.82683      -32312.61774
  W        25   73.88921   72.50187   -0.11079    1.87254      -32312.64876
  W        26   74.05232   72.66499    0.05232    1.73066      -32312.58947
  W        27   73.97887   72.59154   -0.02113    1.79063      -32312.62020
  W        28   73.92402   72.53669   -0.07598    1.84142      -32312.63759
  W        29   73.91472   72.52739   -0.08528    1.85161      -32312.65036
  W        30   73.87628   72.48895   -0.12372    1.88925      -32312.66561
  W        31   73.90411   72.51678   -0.09589    1.85349      -32312.64312
  W        32   74.00304   72.61571    0.00304    1.77449      -32312.60794
  W        33   73.95701   72.56968   -0.04299    1.79884      -32312.60753
  W        34   73.95841   72.57108   -0.04159    1.79765      -32312.60398
  W        35   73.88777   72.50043   -0.11223    1.86982      -32312.65264
  W        36   73.91020   72.52287   -0.08980    1.85294      -32312.64340
  W        37   73.93787   72.55054   -0.06213    1.83319      -32312.63886
  W        38   73.98366   72.59633   -0.01634    1.78966      -32312.60866
  W        39   73.98857   72.60123   -0.01143    1.77465      -32312.59648
  W        40   73.92176   72.53443   -0.07824    1.84268      -32312.63989
  W        41   74.00859   72.62126    0.00859    1.76562      -32312.60220
  W        42   73.96414   72.57681   -0.03586    1.80369      -32312.61907
  W        43   73.91160   72.52427   -0.08840    1.85478      -32312.65207
  W        44   73.96241   72.57508   -0.03759    1.80589      -32312.62285
  W        45   73.99787   72.61054   -0.00213    1.77511      -32312.60749
  W        46   74.00759   72.62026    0.00759    1.76113      -32312.59050
  W        47   73.92827   72.54094   -0.07173    1.83444      -32312.63817
  W        48   73.98506   72.59773   -0.01494    1.78530      -32312.60563
  W        49   73.96116   72.57383   -0.03884    1.81032      -32312.62466
  W        50   73.99032   72.60299   -0.00968    1.78960      -32312.61669
  W        51   73.97345   72.58612   -0.02655    1.79601      -32312.61756
  W        52   74.02822   72.64089    0.02822    1.74809      -32312.59062
  W        53   73.96496   72.57763   -0.03504    1.80806      -32312.61898
  W        54   73.91762   72.53028   -0.08238    1.85208      -32312.64443
  W        55   73.97114   72.58381   -0.02886    1.80650      -32312.63100
  W        56   73.84513   72.45779   -0.15487    1.91565      -32312.68313
  W        57   74.07311   72.68578    0.07311    1.70650      -32312.56995
  W        58   73.94548   72.55815   -0.05452    1.82007      -32312.63049
  W        59   73.94180   72.55447   -0.05820    1.82298      -32312.62372
  W        60   73.98632   72.59899   -0.01368    1.79663      -32312.62327
  W        61   73.95474   72.56741   -0.04526    1.81420      -32312.62685
  W        62   73.90425   72.51692   -0.09575    1.86054      -32312.65697
  W        63   73.91018   72.52285   -0.08982    1.84518      -32312.63861
  W        64   73.97978   72.59245   -0.02022    1.79567      -32312.62833
  Nb       65   41.02568   39.63835    0.02568    1.78082       -7632.70897
  Nb       66   40.98742   39.60009   -0.01258    1.81411       -7632.73865
  Nb       67   41.01695   39.62962    0.01695    1.78634       -7632.71752
  Nb       68   40.97618   39.58884   -0.02382    1.82413       -7632.73705
  Nb       69   41.05877   39.67144    0.05877    1.75033       -7632.69381
  Nb       70   40.95753   39.57020   -0.04247    1.84975       -7632.75460
  Nb       71   41.06711   39.67978    0.06711    1.74233       -7632.68797
  Nb       72   40.98272   39.59539   -0.01728    1.82211       -7632.73314
  Nb       73   40.96919   39.58186   -0.03081    1.83809       -7632.74404
  Nb       74   40.99781   39.61048   -0.00219    1.81081       -7632.73369
  Nb       75   40.99361   39.60628   -0.00639    1.81276       -7632.73350
  Nb       76   41.07303   39.68569    0.07303    1.73162       -7632.67969
  Nb       77   40.94529   39.55795   -0.05471    1.85178       -7632.75426
  Nb       78   40.93428   39.54695   -0.06572    1.85831       -7632.75883
  Nb       79   40.98324   39.59590   -0.01676    1.81878       -7632.73822
  Nb       80   41.10577   39.71844    0.10577    1.71338       -7632.67941
  Nb       81   41.00363   39.61630    0.00363    1.80238       -7632.72455
  Nb       82   40.99413   39.60680   -0.00587    1.80913       -7632.72983
  Nb       83   41.03203   39.64470    0.03203    1.76945       -7632.70628
  Nb       84   40.98647   39.59914   -0.01353    1.81563       -7632.73621
  Nb       85   41.03342   39.64608    0.03342    1.78030       -7632.71990
  Nb       86   41.03181   39.64448    0.03181    1.77125       -7632.71595
  Nb       87   40.95272   39.56539   -0.04728    1.85122       -7632.76027
  Nb       88   40.95386   39.56653   -0.04614    1.84457       -7632.74824
  Nb       89   40.95632   39.56899   -0.04368    1.84792       -7632.75730
  Nb       90   40.94921   39.56188   -0.05079    1.84940       -7632.75052
  Nb       91   41.00540   39.61807    0.00540    1.79785       -7632.71987
  Nb       92   41.05902   39.67169    0.05902    1.75556       -7632.69599
  Nb       93   41.03718   39.64985    0.03718    1.77324       -7632.71013
  Nb       94   40.96826   39.58092   -0.03174    1.83674       -7632.74803
  Nb       95   40.99671   39.60938   -0.00329    1.81042       -7632.73335
  Nb       96   41.02667   39.63934    0.02667    1.78159       -7632.71018
  Nb       97   40.96099   39.57366   -0.03901    1.83463       -7632.74525
  Nb       98   40.98174   39.59441   -0.01826    1.82483       -7632.74208
  Nb       99   40.91130   39.52396   -0.08870    1.88985       -7632.77737
  Nb      100   40.98840   39.60107   -0.01160    1.80709       -7632.72905
  Nb      101   41.07398   39.68665    0.07398    1.73405       -7632.68624
  Nb      102   41.05750   39.67016    0.05750    1.75061       -7632.69721
  Nb      103   41.06989   39.68256    0.06989    1.74075       -7632.69174
  Nb      104   41.04863   39.66130    0.04863    1.76168       -7632.70296
  Nb      105   40.96540   39.57807   -0.03460    1.83991       -7632.74723
  Nb      106   41.08534   39.69801    0.08534    1.73013       -7632.68730
  Nb      107   41.02111   39.63378    0.02111    1.78485       -7632.71451
  Nb      108   41.05912   39.67179    0.05912    1.75566       -7632.69769
  Nb      109   41.00486   39.61753    0.00486    1.79167       -7632.71977
  Nb      110   40.98581   39.59848   -0.01419    1.81632       -7632.73855
  Nb      111   40.97329   39.58596   -0.02671    1.83151       -7632.73811
  Nb      112   41.03255   39.64522    0.03255    1.77213       -7632.70520
  Nb      113   41.01973   39.63240    0.01973    1.78929       -7632.72045
  Nb      114   41.01164   39.62431    0.01164    1.79283       -7632.71543
  Nb      115   41.07453   39.68720    0.07453    1.73655       -7632.68788
  Nb      116   41.03076   39.64343    0.03076    1.77762       -7632.70755
  Nb      117   41.00259   39.61525    0.00259    1.79948       -7632.72810
  Nb      118   40.95338   39.56605   -0.04662    1.84806       -7632.75165
  Nb      119   41.04569   39.65836    0.04569    1.75880       -7632.70365
  Nb      120   41.00236   39.61503    0.00236    1.79861       -7632.72578
  Nb      121   41.09173   39.70440    0.09173    1.71869       -7632.67739
  Nb      122   40.92641   39.53907   -0.07359    1.87232       -7632.77031
  Nb      123   41.05614   39.66880    0.05614    1.75246       -7632.69480
  Nb      124   41.08740   39.70007    0.08740    1.72711       -7632.68285
  Nb      125   41.02378   39.63645    0.02378    1.77722       -7632.70620
  Nb      126   41.01737   39.63004    0.01737    1.78313       -7632.71267
  Nb      127   41.02124   39.63391    0.02124    1.78258       -7632.71532
  Nb      128   40.98294   39.59561   -0.01706    1.81688       -7632.73501
  Mo      129   42.23469   40.84736    0.23469    1.66194       -8090.66095
  Mo      130   42.14887   40.76153    0.14887    1.74173       -8090.70045
  Mo      131   42.17900   40.79166    0.17900    1.71369       -8090.69277
  Mo      132   42.15390   40.76657    0.15390    1.73607       -8090.70036
  Mo      133   42.16455   40.77721    0.16455    1.72543       -8090.68926
  Mo      134   42.18590   40.79857    0.18590    1.71069       -8090.69007
  Mo      135   42.20297   40.81564    0.20297    1.70045       -8090.69621
  Mo      136   42.17968   40.79235    0.17968    1.71471       -8090.68615
  Mo      137   42.15908   40.77175    0.15908    1.73371       -8090.70034
  Mo      138   42.12692   40.73958    0.12692    1.77082       -8090.73124
  Mo      139   42.22306   40.83573    0.22306    1.67120       -8090.66853
  Mo      140   42.26883   40.88150    0.26883    1.61945       -8090.63418
  Mo      141   42.20393   40.81659    0.20393    1.69427       -8090.68603
  Mo      142   42.16601   40.77868    0.16601    1.72422       -8090.69381
  Mo      143   42.19462   40.80729    0.19462    1.70209       -8090.67987
  Mo      144   42.13503   40.74769    0.13503    1.75709       -8090.70927
  Mo      145   42.11889   40.73156    0.11889    1.76312       -8090.71327
  Mo      146   42.19783   40.81050    0.19783    1.70730       -8090.69300
  Mo      147   42.15244   40.76511    0.15244    1.74154       -8090.71129
  Mo      148   42.12098   40.73365    0.12098    1.76470       -8090.71160
  Mo      149   42.13948   40.75215    0.13948    1.75400       -8090.70813
  Mo      150   42.23253   40.84520    0.23253    1.65847       -8090.65451
  Mo      151   42.19279   40.80546    0.19279    1.70484       -8090.68517
  Mo      152   42.13140   40.74407    0.13140    1.76033       -8090.71775
  Mo      153   42.17035   40.78302    0.17035    1.72149       -8090.69645
  Mo      154   42.20992   40.82259    0.20992    1.69246       -8090.69215
  Mo      155   42.13171   40.74438    0.13171    1.76401       -8090.71724
  Mo      156   42.17919   40.79186    0.17919    1.71967       -8090.68911
  Mo      157   42.16502   40.77769    0.16502    1.73061       -8090.69732
  Mo      158   42.17373   40.78640    0.17373    1.72155       -8090.69486
  Mo      159   42.12861   40.74128    0.12861    1.75298       -8090.70353
  Mo      160   42.19955   40.81222    0.19955    1.69368       -8090.67912
  Mo      161   42.15611   40.76878    0.15611    1.72766       -8090.68614
  Mo      162   42.09703   40.70970    0.09703    1.79919       -8090.73969
  Mo      163   42.13628   40.74895    0.13628    1.75645       -8090.71512
  Mo      164   42.16260   40.77527    0.16260    1.71760       -8090.68357
  Mo      165   42.18831   40.80097    0.18831    1.69973       -8090.68095
  Mo      166   42.09039   40.70305    0.09039    1.79939       -8090.73614
  Mo      167   42.19631   40.80898    0.19631    1.70069       -8090.68488
  Mo      168   42.19615   40.80882    0.19615    1.69951       -8090.68107
  Mo      169   42.16243   40.77510    0.16243    1.73870       -8090.71275
  Mo      170   42.12836   40.74103    0.12836    1.75779       -8090.70889
  Mo      171   42.17416   40.78683    0.17416    1.72122       -8090.69027
  Mo      172   42.19952   40.81219    0.19952    1.68817       -8090.67317
  Mo      173   42.11014   40.72281    0.11014    1.77908       -8090.71842
  Mo      174   42.20744   40.82011    0.20744    1.68933       -8090.67766
  Mo      175   42.24068   40.85335    0.24068    1.65640       -8090.65694
  Mo      176   42.16284   40.77551    0.16284    1.73145       -8090.70244
  Mo      177   42.16720   40.77987    0.16720    1.72926       -8090.70420
  Mo      178   42.18574   40.79841    0.18574    1.70149       -8090.68674
  Mo      179   42.18559   40.79826    0.18559    1.70527       -8090.68487
  Mo      180   42.20379   40.81646    0.20379    1.69401       -8090.67981
  Mo      181   42.17611   40.78878    0.17611    1.71627       -8090.69343
  Mo      182   42.12202   40.73469    0.12202    1.76979       -8090.72212
  Mo      183   42.17338   40.78605    0.17338    1.72155       -8090.68915
  Mo      184   42.22147   40.83414    0.22147    1.67247       -8090.66122
  Mo      185   42.17654   40.78921    0.17654    1.71978       -8090.70115
  Mo      186   42.22736   40.84003    0.22736    1.67424       -8090.67051
  Mo      187   42.13334   40.74601    0.13334    1.76194       -8090.71587
  Mo      188   42.19617   40.80883    0.19617    1.69509       -8090.67508
  Mo      189   42.19035   40.80302    0.19035    1.70383       -8090.68615
  Mo      190   42.16263   40.77530    0.16263    1.73367       -8090.70276
  Mo      191   42.17871   40.79138    0.17871    1.70765       -8090.68134
  Mo      192   42.08592   40.69859    0.08592    1.80986       -8090.74398
  Ta      193   72.84623   71.45890   -0.15377    1.86566      -31233.07731
  Ta      194   72.85631   71.46898   -0.14369    1.85744      -31233.06835
  Ta      195   72.81194   71.42461   -0.18806    1.89765      -31233.09718
  Ta      196   72.87043   71.48309   -0.12957    1.84050      -31233.06224
  Ta      197   72.84825   71.46091   -0.15175    1.86149      -31233.07589
  Ta      198   72.85657   71.46924   -0.14343    1.85304      -31233.07032
  Ta      199   72.83920   71.45187   -0.16080    1.86937      -31233.08205
  Ta      200   72.88139   71.49406   -0.11861    1.83757      -31233.06069
  Ta      201   72.86514   71.47781   -0.13486    1.85175      -31233.06929
  Ta      202   72.88014   71.49281   -0.11986    1.83129      -31233.05369
  Ta      203   72.86307   71.47573   -0.13693    1.85499      -31233.06928
  Ta      204   72.85084   71.46350   -0.14916    1.86871      -31233.07764
  Ta      205   72.91160   71.52427   -0.08840    1.79871      -31233.03482
  Ta      206   72.88121   71.49388   -0.11879    1.83179      -31233.05659
  Ta      207   72.83548   71.44815   -0.16452    1.87786      -31233.08190
  Ta      208   72.88589   71.49856   -0.11411    1.83201      -31233.06033
  Ta      209   72.91803   71.53070   -0.08197    1.80504      -31233.04049
  Ta      210   72.93537   71.54804   -0.06463    1.78585      -31233.03536
  Ta      211   72.84229   71.45496   -0.15771    1.87515      -31233.08393
  Ta      212   72.85453   71.46719   -0.14547    1.85527      -31233.06802
  Ta      213   72.88967   71.50234   -0.11033    1.83061      -31233.04980
  Ta      214   72.84604   71.45871   -0.15396    1.87101      -31233.08412
  Ta      215   72.89099   71.50366   -0.10901    1.83028      -31233.05494
  Ta      216   72.86891   71.48158   -0.13109    1.84875      -31233.06071
  Ta      217   72.92145   71.53412   -0.07855    1.80287      -31233.03746
  Ta      218   72.81899   71.43166   -0.18101    1.89164      -31233.09984
  Ta      219   72.90080   71.51347   -0.09920    1.81339      -31233.03434
  Ta      220   72.91264   71.52531   -0.08736    1.80343      -31233.04367
  Ta      221   72.86973   71.48240   -0.13027    1.84422      -31233.06180
  Ta      222   72.84851   71.46118   -0.15149    1.86039      -31233.07080
  Ta      223   72.84541   71.45808   -0.15459    1.87096      -31233.08224
  Ta      224   72.97460   71.58727   -0.02540    1.75332      -31233.00619
  Ta      225   72.84736   71.46002   -0.15264    1.86818      -31233.07388
  Ta      226   72.81731   71.42998   -0.18269    1.89419      -31233.09111
  Ta      227   72.87638   71.48905   -0.12362    1.83559      -31233.06016
  Ta      228   72.88627   71.49894   -0.11373    1.83177      -31233.05556
  Ta      229   72.88485   71.49752   -0.11515    1.83446      -31233.05343
  Ta      230   72.86345   71.47612   -0.13655    1.85215      -31233.06944
  Ta      231   72.90000   71.51267   -0.10000    1.82111      -31233.05043
  Ta      232   72.83868   71.45135   -0.16132    1.87490      -31233.07462
  Ta      233   72.91309   71.52576   -0.08691    1.80776      -31233.04610
  Ta      234   72.86900   71.48167   -0.13100    1.84998      -31233.06979
  Ta      235   72.81054   71.42321   -0.18946    1.89467      -31233.09395
  Ta      236   72.90240   71.51507   -0.09760    1.82017      -31233.04583
  Ta      237   72.92944   71.54211   -0.07056    1.79474      -31233.03031
  Ta      238   72.88420   71.49687   -0.11580    1.83430      -31233.05898
  Ta      239   72.87378   71.48645   -0.12622    1.84409      -31233.06034
  Ta      240   72.82083   71.43350   -0.17917    1.89192      -31233.09626
  Ta      241   72.80271   71.41538   -0.19729    1.90362      -31233.09873
  Ta      242   72.84760   71.46027   -0.15240    1.85854      -31233.07098
  Ta      243   72.81056   71.42322   -0.18944    1.90083      -31233.09767
  Ta      244   72.84414   71.45680   -0.15586    1.86621      -31233.07639
  Ta      245   72.79007   71.40274   -0.20993    1.90498      -31233.09590
  Ta      246   72.94372   71.55638   -0.05628    1.78306      -31233.02680
  Ta      247   72.84599   71.45865   -0.15401    1.87244      -31233.07510
  Ta      248   72.85987   71.47254   -0.14013    1.85526      -31233.06478
  Ta      249   72.85085   71.46352   -0.14915    1.86319      -31233.08185
  Ta      250   72.88497   71.49764   -0.11503    1.83161      -31233.05383
  Ta      251   72.83826   71.45093   -0.16174    1.87094      -31233.08091
  Ta      252   72.88471   71.49738   -0.11529    1.83315      -31233.05124
  Ta      253   72.84496   71.45763   -0.15504    1.86863      -31233.07476
  Ta      254   72.87983   71.49250   -0.12017    1.84039      -31233.06698
  Ta      255   72.89342   71.50608   -0.10658    1.82264      -31233.04653
  Ta      256   72.89028   71.50295   -0.10972    1.83075      -31233.05493
