 Atom   Index      Q          Qmt        dQ        Vmad        Local Energy
  W         1   73.89027   72.58617   -0.10973    1.72881      -32312.51834
  W         2   73.93633   72.63222   -0.06367    1.67682      -32312.46976
  W         3   73.87288   72.56877   -0.12712    1.74934      -32312.52699
  W         4   73.98549   72.68138   -0.01451    1.64193      -32312.47729
  Nb        5   41.00704   39.70294    0.00704    1.65093       -7632.56316
  Nb        6   40.73988   39.43577   -0.26012    1.89481       -7632.67736
  Nb        7   40.97654   39.67244   -0.02346    1.67743       -7632.57931
  Nb        8   40.79348   39.48937   -0.20652    1.84476       -7632.65540
  Mo        9   41.90128   40.59718   -0.09872    1.83818       -8090.68135
  Mo       10   41.95028   40.64618   -0.04972    1.79070       -8090.65994
  Mo       11   42.13165   40.82755    0.13165    1.60680       -8090.54991
  Mo       12   42.02853   40.72443    0.02853    1.70913       -8090.59711
  Ta       13   72.89821   71.59410   -0.10179    1.66747      -31232.87794
  Ta       14   72.87756   71.57346   -0.12244    1.68610      -31232.89108
  Ta       15   72.79039   71.48628   -0.20961    1.76208      -31232.92071
  Ta       16   72.81917   71.51506   -0.18083    1.73708      -31232.92411
  Ti       17   22.37539   21.07129    0.37539    1.50009       -1704.36703
  Ti       18   22.29791   20.99380    0.29791    1.57198       -1704.39437
  Ti       19   22.35377   21.04967    0.35377    1.51808       -1704.36878
  Ti       20   22.37396   21.06986    0.37396    1.50008       -1704.35711
