System Description            : WNbMoTaTi, BCC structure                        
Number of Atoms in Unit Cell  : 160                                             
Number of Atomic Species      : 5                                               
Number of Atoms in Each Type  : 32(W), 32(Nb), 32(Mo), 32(Ta), 32(Ti)           
Energy Offset                 : -16193                                          
=======================================================================================
    Iter     Energy      3PV     Efermi   Rms_rho    Rms_pot   Mix  Alg  Alpha 
---------------------------------------------------------------------------------------
**       1  -0.748720  1839.809  0.54530  0.140E+01  0.199E+00  pot  B   0.1000
         2  -1.013768  1816.526  0.57510  0.771E-02  0.389E+00  pot  B   0.1000
         3  -1.054373  1810.638  0.57940  0.271E-02  0.440E+00  pot  B   0.1000
         4  -1.242000  1790.587  0.59359  0.670E-02  0.392E+00  pot  B   0.1000
         5  -1.395275  1774.207  0.60519  0.546E-02  0.322E+00  pot  B   0.1000
         6  -1.480847  1758.838  0.61782  0.522E-02  0.196E+00  pot  B   0.1000
         7  -1.508667  1743.925  0.62765  0.518E-02  0.268E+00  pot  B   0.1000
         8  -1.559788  1732.418  0.63648  0.415E-02  0.130E+00  pot  B   0.1000
         9  -1.569667  1727.560  0.64125  0.214E-02  0.841E-01  pot  B   0.1000
        10  -1.581772  1723.424  0.64451  0.201E-02  0.394E-01  pot  B   0.1000
        11  -1.594261  1716.678  0.64910  0.357E-02  0.479E-01  pot  B   0.1000
        12  -1.601878  1710.261  0.65359  0.346E-02  0.352E-01  pot  B   0.1000
        13  -1.603274  1708.013  0.65556  0.127E-02  0.181E-01  pot  B   0.1000
        14  -1.603749  1706.557  0.65708  0.821E-03  0.891E-02  pot  B   0.1000
        15  -1.603875  1706.418  0.65765  0.252E-03  0.461E-02  pot  B   0.1000
        16  -1.603976  1706.334  0.65844  0.201E-03  0.542E-02  pot  B   0.1000
        17  -1.604102  1706.416  0.65954  0.234E-03  0.459E-02  pot  B   0.1000
        18  -1.604124  1706.501  0.66017  0.128E-03  0.599E-02  pot  B   0.1000
        19  -1.604173  1706.466  0.66097  0.156E-03  0.282E-02  pot  B   0.1000
        20  -1.604178  1706.582  0.66124  0.566E-04  0.296E-02  pot  B   0.1000
        21  -1.604188  1706.398  0.66161  0.103E-03  0.168E-02  pot  B   0.1000
        22  -1.604191  1706.358  0.66176  0.278E-04  0.203E-02  pot  B   0.1000
        23  -1.604197  1706.328  0.66196  0.312E-04  0.104E-02  pot  B   0.1000
        24  -1.604199  1706.275  0.66206  0.254E-04  0.718E-03  pot  B   0.1000
        25  -1.604201  1706.238  0.66216  0.191E-04  0.837E-03  pot  B   0.1000
        26  -1.604201  1706.219  0.66221  0.960E-05  0.315E-03  pot  B   0.1000
        27  -1.604202  1706.207  0.66224  0.717E-05  0.338E-03  pot  B   0.1000
        28  -1.604202  1706.201  0.66228  0.790E-05  0.299E-03  pot  B   0.1000
        29  -1.604202  1706.197  0.66229  0.295E-05  0.268E-03  pot  B   0.1000
        30  -1.604203  1706.194  0.66232  0.691E-05  0.265E-03  pot  B   0.1000
        31  -1.604202  1706.195  0.66232  0.180E-05  0.163E-03  pot  B   0.1000
        32  -1.604203  1706.197  0.66234  0.302E-05  0.112E-03  pot  B   0.1000
        33  -1.604203  1706.199  0.66234  0.136E-05  0.967E-04  pot  B   0.1000
        34  -1.604203  1706.200  0.66235  0.150E-05  0.887E-04  pot  B   0.1000
        35  -1.604203  1706.202  0.66236  0.125E-05  0.994E-04  pot  B   0.1000
        36  -1.604203  1706.204  0.66236  0.134E-05  0.697E-04  pot  B   0.1000
        37  -1.604203  1706.206  0.66237  0.144E-05  0.626E-04  pot  B   0.1000
        38  -1.604203  1706.207  0.66238  0.636E-06  0.407E-04  pot  B   0.1000
        39  -1.604203  1706.208  0.66239  0.678E-06  0.278E-04  pot  B   0.1000
        40  -1.604203  1706.208  0.66239  0.407E-06  0.204E-04  pot  B   0.1000
        41  -1.604203  1706.208  0.66239  0.391E-06  0.195E-04  pot  B   0.1000
        42  -1.604203  1706.207  0.66240  0.348E-06  0.171E-04  pot  B   0.1000
        43  -1.604203  1706.207  0.66240  0.200E-06  0.178E-04  pot  B   0.1000
        44  -1.604203  1706.207  0.66240  0.266E-06  0.114E-04  pot  B   0.1000
        45  -1.604203  1706.206  0.66240  0.242E-06  0.131E-04  pot  B   0.1000
        46  -1.604203  1706.206  0.66240  0.156E-06  0.831E-05  pot  B   0.1000
        47  -1.604203  1706.206  0.66240  0.149E-06  0.822E-05  pot  B   0.1000
        48  -1.604203  1706.205  0.66240  0.130E-06  0.795E-05  pot  B   0.1000
        49  -1.604203  1706.205  0.66240  0.123E-06  0.500E-05  pot  B   0.1000
        50  -1.604203  1706.205  0.66240  0.686E-07  0.457E-05  pot  B   0.1000
        51  -1.604203  1706.205  0.66240  0.695E-07  0.303E-05  pot  B   0.1000
        52  -1.604203  1706.205  0.66240  0.558E-07  0.337E-05  pot  B   0.1000
        53  -1.604203  1706.205  0.66241  0.499E-07  0.340E-05  pot  B   0.1000
        54  -1.604203  1706.205  0.66241  0.391E-07  0.306E-05  pot  B   0.1000
        55  -1.604203  1706.205  0.66241  0.441E-07  0.245E-05  pot  B   0.1000
        56  -1.604203  1706.205  0.66241  0.255E-07  0.289E-05  pot  B   0.1000
        57  -1.604203  1706.205  0.66241  0.364E-07  0.129E-05  pot  B   0.1000
        58  -1.604203  1706.205  0.66241  0.326E-07  0.168E-05  pot  B   0.1000
        59  -1.604203  1706.205  0.66241  0.186E-07  0.169E-05  pot  B   0.1000
        60  -1.604203  1706.205  0.66241  0.195E-07  0.129E-05  pot  B   0.1000
        61  -1.604203  1706.205  0.66241  0.137E-07  0.795E-06  pot  B   0.1000
        62  -1.604203  1706.205  0.66241  0.904E-08  0.917E-06  pot  B   0.1000
        63  -1.604203  1706.205  0.66241  0.944E-08  0.561E-06  pot  B   0.1000
        64  -1.604203  1706.205  0.66241  0.761E-08  0.625E-06  pot  B   0.1000
        65  -1.604203  1706.205  0.66241  0.601E-08  0.457E-06  pot  B   0.1000
        66  -1.604203  1706.205  0.66241  0.676E-08  0.458E-06  pot  B   0.1000
        67  -1.604203  1706.205  0.66241  0.445E-08  0.491E-06  pot  B   0.1000
        68  -1.604203  1706.205  0.66241  0.487E-08  0.434E-06  pot  B   0.1000
        69  -1.604203  1706.205  0.66241  0.448E-08  0.278E-06  pot  B   0.1000
        70  -1.604203  1706.205  0.66241  0.535E-08  0.216E-06  pot  B   0.1000
        71  -1.604203  1706.205  0.66241  0.230E-08  0.234E-06  pot  B   0.1000
        72  -1.604203  1706.205  0.66241  0.347E-08  0.216E-06  pot  B   0.1000
        73  -1.604203  1706.205  0.66241  0.281E-08  0.152E-06  pot  B   0.1000
        74  -1.604203  1706.205  0.66241  0.268E-08  0.138E-06  pot  B   0.1000
        75  -1.604203  1706.205  0.66241  0.275E-08  0.122E-06  pot  B   0.1000
        76  -1.604203  1706.205  0.66241  0.256E-08  0.118E-06  pot  B   0.1000
        77  -1.604203  1706.205  0.66241  0.178E-08  0.132E-06  pot  B   0.1000
        78  -1.604203  1706.205  0.66241  0.160E-08  0.846E-07  pot  B   0.1000
        79  -1.604203  1706.205  0.66241  0.103E-08  0.107E-06  pot  B   0.1000
        80  -1.604203  1706.205  0.66241  0.107E-08  0.958E-07  pot  B   0.1000
        81  -1.604203  1706.205  0.66241  0.760E-09  0.595E-07  pot  B   0.1000
        82  -1.604203  1706.205  0.66241  0.786E-09  0.559E-07  pot  B   0.1000
        83  -1.604203  1706.205  0.66241  0.461E-09  0.600E-07  pot  B   0.1000
        84  -1.604203  1706.205  0.66241  0.501E-09  0.512E-07  pot  B   0.1000
        85  -1.604203  1706.205  0.66241  0.392E-09  0.410E-07  pot  B   0.1000
        86  -1.604203  1706.205  0.66241  0.349E-09  0.279E-07  pot  B   0.1000
        87  -1.604203  1706.205  0.66241  0.275E-09  0.289E-07  pot  B   0.1000
        88  -1.604203  1706.205  0.66241  0.320E-09  0.199E-07  pot  B   0.1000
        89  -1.604203  1706.205  0.66241  0.288E-09  0.196E-07  pot  B   0.1000
        90  -1.604203  1706.205  0.66241  0.246E-09  0.162E-07  pot  B   0.1000
        91  -1.604203  1706.205  0.66241  0.256E-09  0.231E-07  pot  B   0.1000
        92  -1.604203  1706.205  0.66241  0.183E-09  0.156E-07  pot  B   0.1000
        93  -1.604203  1706.205  0.66241  0.208E-09  0.115E-07  pot  B   0.1000
        94  -1.604203  1706.205  0.66241  0.254E-09  0.795E-08  pot  B   0.1000
**      95  -1.604203  1706.205  0.66241  0.456E-12  0.795E-08  pot  B   0.1000
**      96  -1.604203  1706.205  0.66241  0.456E-12  0.795E-08  pot  B   0.1000
