 Atom   Index      Q          Qmt        dQ        Vmad        Local Energy
  W         1   73.83872   72.53790   -0.16128    1.76059      -32312.51202
  W         2   73.91112   72.61030   -0.08888    1.67823      -32312.45534
  W         3   73.82440   72.52358   -0.17560    1.76949      -32312.51262
  W         4   73.94319   72.64237   -0.05681    1.64736      -32312.43520
  W         5   73.89636   72.59554   -0.10364    1.68429      -32312.44457
  W         6   73.84955   72.54873   -0.15045    1.74649      -32312.51028
  W         7   73.91722   72.61640   -0.08278    1.67330      -32312.45046
  W         8   73.79571   72.49489   -0.20429    1.80255      -32312.54228
  W         9   74.04655   72.74573    0.04655    1.54983      -32312.38177
  W        10   73.78647   72.48565   -0.21353    1.81094      -32312.53989
  W        11   73.80772   72.50690   -0.19228    1.79075      -32312.53380
  W        12   73.74484   72.44402   -0.25516    1.84280      -32312.55436
  W        13   73.88408   72.58326   -0.11592    1.70408      -32312.47115
  W        14   73.83901   72.53819   -0.16099    1.75559      -32312.50677
  W        15   73.89687   72.59605   -0.10313    1.69744      -32312.47850
  W        16   73.86713   72.56631   -0.13287    1.72389      -32312.47244
  W        17   73.86204   72.56122   -0.13796    1.72366      -32312.47457
  W        18   73.99642   72.69560   -0.00358    1.58777      -32312.39342
  W        19   73.87828   72.57747   -0.12172    1.71882      -32312.48928
  W        20   73.94506   72.64424   -0.05494    1.63549      -32312.42347
  W        21   73.87051   72.56969   -0.12949    1.71535      -32312.47986
  W        22   73.91174   72.61092   -0.08826    1.66593      -32312.43929
  W        23   73.86431   72.56349   -0.13569    1.73223      -32312.49637
  W        24   73.70831   72.40749   -0.29169    1.88183      -32312.58308
  W        25   73.77880   72.47798   -0.22120    1.81639      -32312.55291
  W        26   73.82410   72.52328   -0.17590    1.76817      -32312.51200
  W        27   73.84642   72.54560   -0.15358    1.75430      -32312.50609
  W        28   73.87871   72.57790   -0.12129    1.70721      -32312.46871
  W        29   73.92658   72.62576   -0.07342    1.66560      -32312.44322
  W        30   73.90438   72.60356   -0.09562    1.68182      -32312.44550
  W        31   73.82471   72.52389   -0.17529    1.77030      -32312.51828
  W        32   73.79241   72.49159   -0.20759    1.79658      -32312.52627
  W        33   73.91727   72.61645   -0.08273    1.68082      -32312.46175
  W        34   73.90594   72.60512   -0.09406    1.67847      -32312.44823
  W        35   73.94894   72.64812   -0.05106    1.63701      -32312.43012
  W        36   73.98946   72.68864   -0.01054    1.60285      -32312.40749
  W        37   73.91329   72.61248   -0.08671    1.66344      -32312.43723
  W        38   73.91413   72.61331   -0.08587    1.67844      -32312.45922
  W        39   73.78786   72.48705   -0.21214    1.80050      -32312.52520
  W        40   73.88380   72.58298   -0.11620    1.71002      -32312.47482
  W        41   73.88137   72.58055   -0.11863    1.70299      -32312.46720
  W        42   73.80536   72.50454   -0.19464    1.78531      -32312.52491
  W        43   73.74912   72.44830   -0.25088    1.84211      -32312.57034
  W        44   73.95021   72.64939   -0.04979    1.64934      -32312.44855
  W        45   73.87558   72.57476   -0.12442    1.72055      -32312.48645
  W        46   73.91629   72.61547   -0.08371    1.66710      -32312.43589
  W        47   73.84413   72.54331   -0.15587    1.75823      -32312.51106
  W        48   73.90988   72.60906   -0.09012    1.68056      -32312.45563
  W        49   73.84508   72.54426   -0.15492    1.73897      -32312.49009
  W        50   73.77350   72.47268   -0.22650    1.82468      -32312.55453
  W        51   73.92976   72.62894   -0.07024    1.66369      -32312.44568
  W        52   73.98579   72.68497   -0.01421    1.59564      -32312.39683
  W        53   73.87437   72.57355   -0.12563    1.72091      -32312.47949
  W        54   73.83557   72.53475   -0.16443    1.74932      -32312.49010
  W        55   73.81030   72.50948   -0.18970    1.77703      -32312.51794
  W        56   73.95758   72.65676   -0.04242    1.63515      -32312.43414
  W        57   74.01486   72.71404    0.01486    1.57278      -32312.38938
  W        58   73.84172   72.54090   -0.15828    1.75176      -32312.50720
  W        59   74.00231   72.70149    0.00231    1.57969      -32312.39097
  W        60   73.96566   72.66484   -0.03434    1.62318      -32312.42499
  W        61   73.82458   72.52376   -0.17542    1.77046      -32312.52455
  W        62   73.75559   72.45478   -0.24441    1.84025      -32312.55448
  W        63   73.84833   72.54751   -0.15167    1.75269      -32312.51663
  W        64   73.79241   72.49159   -0.20759    1.80507      -32312.53912
  W        65   74.00707   72.70625    0.00707    1.58372      -32312.39172
  W        66   73.75240   72.45158   -0.24760    1.83873      -32312.55825
  W        67   73.76672   72.46590   -0.23328    1.82250      -32312.54190
  W        68   73.90358   72.60276   -0.09642    1.68991      -32312.45756
  W        69   73.83046   72.52964   -0.16954    1.76111      -32312.50152
  W        70   73.86475   72.56393   -0.13525    1.72944      -32312.49055
  W        71   73.78376   72.48294   -0.21624    1.80687      -32312.54037
  W        72   73.89903   72.59821   -0.10097    1.68567      -32312.46007
  W        73   73.95903   72.65821   -0.04097    1.62782      -32312.41753
  W        74   73.84510   72.54428   -0.15490    1.75207      -32312.50738
  W        75   73.81757   72.51675   -0.18243    1.77593      -32312.51435
  W        76   73.90355   72.60274   -0.09645    1.68745      -32312.45592
  W        77   73.95247   72.65165   -0.04753    1.64609      -32312.44225
  W        78   73.75188   72.45106   -0.24812    1.83572      -32312.55302
  W        79   73.89597   72.59515   -0.10403    1.69489      -32312.47061
  W        80   74.02787   72.72706    0.02787    1.55846      -32312.37186
  W        81   73.96614   72.66532   -0.03386    1.62315      -32312.41845
  W        82   73.89450   72.59368   -0.10550    1.70147      -32312.47649
  W        83   73.88180   72.58098   -0.11820    1.71429      -32312.48434
  W        84   73.94365   72.64283   -0.05635    1.64315      -32312.43527
  W        85   73.86629   72.56547   -0.13371    1.72384      -32312.48599
  W        86   73.87257   72.57175   -0.12743    1.72521      -32312.49061
  W        87   73.88180   72.58098   -0.11820    1.71964      -32312.48679
  W        88   73.86108   72.56026   -0.13892    1.72789      -32312.49256
  W        89   74.01823   72.71741    0.01823    1.57160      -32312.38707
  W        90   73.86470   72.56388   -0.13530    1.72474      -32312.48964
  W        91   73.85804   72.55722   -0.14196    1.73809      -32312.49822
  W        92   73.83261   72.53179   -0.16739    1.75788      -32312.50521
  W        93   73.83420   72.53338   -0.16580    1.75746      -32312.51056
  W        94   73.92005   72.61923   -0.07995    1.66729      -32312.45346
  W        95   73.84850   72.54768   -0.15150    1.74952      -32312.50404
  W        96   73.83636   72.53554   -0.16364    1.75489      -32312.49617
  W        97   73.88686   72.58604   -0.11314    1.71643      -32312.48633
  W        98   74.04200   72.74118    0.04200    1.54976      -32312.37041
  W        99   73.97541   72.67459   -0.02459    1.61829      -32312.41759
  W       100   73.87668   72.57586   -0.12332    1.71124      -32312.47611
  W       101   73.79506   72.49424   -0.20494    1.79071      -32312.52628
  W       102   73.71137   72.41055   -0.28863    1.88472      -32312.58506
  W       103   73.74315   72.44233   -0.25685    1.84885      -32312.55838
  W       104   73.52593   72.22511   -0.47407    2.07286      -32312.71676
  W       105   73.93069   72.62987   -0.06931    1.67196      -32312.46119
  W       106   73.90999   72.60917   -0.09001    1.68469      -32312.46369
  W       107   73.84822   72.54740   -0.15178    1.74396      -32312.50609
  W       108   73.79423   72.49341   -0.20577    1.79118      -32312.51834
  W       109   73.93505   72.63423   -0.06495    1.65770      -32312.44148
  W       110   73.81418   72.51336   -0.18582    1.77906      -32312.52336
  W       111   73.83497   72.53415   -0.16503    1.76458      -32312.52648
  W       112   73.92066   72.61984   -0.07934    1.66336      -32312.45612
  W       113   73.87237   72.57155   -0.12763    1.72355      -32312.49023
  W       114   73.93284   72.63202   -0.06716    1.64519      -32312.43244
  W       115   73.90095   72.60014   -0.09905    1.69421      -32312.47459
  W       116   73.93290   72.63208   -0.06710    1.65233      -32312.43631
  W       117   73.90886   72.60804   -0.09114    1.67388      -32312.45402
  W       118   74.00130   72.70048    0.00130    1.59055      -32312.39063
  W       119   73.73898   72.43816   -0.26102    1.85914      -32312.57779
  W       120   73.91876   72.61794   -0.08124    1.66779      -32312.44036
  W       121   73.86085   72.56003   -0.13915    1.71445      -32312.46635
  W       122   73.82831   72.52749   -0.17169    1.76776      -32312.51784
  W       123   73.88864   72.58783   -0.11136    1.70770      -32312.47191
  W       124   73.98200   72.68118   -0.01800    1.61344      -32312.42135
  W       125   73.74986   72.44904   -0.25014    1.85176      -32312.57907
  W       126   73.70491   72.40409   -0.29509    1.88945      -32312.58418
  W       127   73.96538   72.66456   -0.03462    1.62433      -32312.42046
  W       128   73.76970   72.46888   -0.23030    1.82593      -32312.54928
  Nb      129   40.69360   39.39278   -0.30640    1.93254       -7632.70607
  Nb      130   41.01117   39.71035    0.01117    1.61269       -7632.51604
  Nb      131   40.89275   39.59193   -0.10725    1.73418       -7632.58528
  Nb      132   40.93347   39.63265   -0.06653    1.69185       -7632.57220
  Nb      133   40.93870   39.63788   -0.06130    1.69053       -7632.56904
  Nb      134   40.94633   39.64551   -0.05367    1.67540       -7632.55597
  Nb      135   40.86860   39.56778   -0.13140    1.75742       -7632.60254
  Nb      136   40.89719   39.59638   -0.10281    1.72016       -7632.58266
  Nb      137   40.89765   39.59683   -0.10235    1.72603       -7632.57958
  Nb      138   40.92003   39.61921   -0.07997    1.71299       -7632.58188
  Nb      139   40.92088   39.62007   -0.07912    1.69855       -7632.56891
  Nb      140   41.03020   39.72938    0.03020    1.59163       -7632.49935
  Nb      141   41.00305   39.70223    0.00305    1.62436       -7632.52608
  Nb      142   40.78944   39.48862   -0.21056    1.83883       -7632.65875
  Nb      143   40.86944   39.56862   -0.13056    1.74637       -7632.58510
  Nb      144   40.99827   39.69745   -0.00173    1.62979       -7632.53598
  Nb      145   40.92870   39.62788   -0.07130    1.69822       -7632.57043
  Nb      146   40.97299   39.67217   -0.02701    1.64553       -7632.53111
  Nb      147   40.84666   39.54584   -0.15334    1.78107       -7632.62765
  Nb      148   40.91611   39.61529   -0.08389    1.70934       -7632.57779
  Nb      149   41.00149   39.70067    0.00149    1.62008       -7632.52383
  Nb      150   40.91909   39.61827   -0.08091    1.70903       -7632.57268
  Nb      151   40.98524   39.68442   -0.01476    1.63767       -7632.52268
  Nb      152   40.91055   39.60973   -0.08945    1.71020       -7632.58370
  Nb      153   40.93014   39.62932   -0.06986    1.69608       -7632.57162
  Nb      154   40.93569   39.63487   -0.06431    1.69059       -7632.56384
  Nb      155   40.90298   39.60216   -0.09702    1.72181       -7632.57817
  Nb      156   40.86102   39.56020   -0.13898    1.76603       -7632.61002
  Nb      157   40.72124   39.42042   -0.27876    1.90041       -7632.68252
  Nb      158   40.92932   39.62850   -0.07068    1.69901       -7632.57670
  Nb      159   41.00411   39.70329    0.00411    1.61688       -7632.51196
  Nb      160   40.80418   39.50336   -0.19582    1.82061       -7632.62894
  Nb      161   41.00548   39.70467    0.00548    1.61948       -7632.51791
  Nb      162   40.83844   39.53762   -0.16156    1.78854       -7632.62233
  Nb      163   40.75138   39.45056   -0.24862    1.87564       -7632.67083
  Nb      164   40.80337   39.50255   -0.19663    1.82666       -7632.65201
  Nb      165   41.02263   39.72181    0.02263    1.60272       -7632.50568
  Nb      166   40.95290   39.65208   -0.04710    1.67369       -7632.55259
  Nb      167   40.93263   39.63181   -0.06737    1.69733       -7632.56629
  Nb      168   40.95127   39.65045   -0.04873    1.67783       -7632.55881
  Nb      169   40.98605   39.68523   -0.01395    1.64388       -7632.53215
  Nb      170   40.81801   39.51719   -0.18199    1.80049       -7632.62856
  Nb      171   40.85799   39.55718   -0.14201    1.76742       -7632.60532
  Nb      172   41.01829   39.71747    0.01829    1.61360       -7632.51405
  Nb      173   40.91302   39.61220   -0.08698    1.71166       -7632.57858
  Nb      174   41.07443   39.77361    0.07443    1.54567       -7632.47190
  Nb      175   40.89069   39.58987   -0.10931    1.73799       -7632.59541
  Nb      176   40.77351   39.47269   -0.22649    1.84838       -7632.66638
  Nb      177   40.75573   39.45492   -0.24427    1.87915       -7632.68199
  Nb      178   40.93212   39.63131   -0.06788    1.69517       -7632.56539
  Nb      179   40.96128   39.66046   -0.03872    1.66350       -7632.54687
  Nb      180   40.92239   39.62157   -0.07761    1.70956       -7632.57616
  Nb      181   40.94690   39.64608   -0.05310    1.68209       -7632.55661
  Nb      182   40.90044   39.59962   -0.09956    1.72317       -7632.59007
  Nb      183   40.91147   39.61065   -0.08853    1.71149       -7632.57551
  Nb      184   41.05214   39.75132    0.05214    1.57096       -7632.48974
  Nb      185   40.96489   39.66408   -0.03511    1.66344       -7632.55125
  Nb      186   40.94127   39.64045   -0.05873    1.68508       -7632.56717
  Nb      187   41.12361   39.82280    0.12361    1.50239       -7632.43946
  Nb      188   40.82321   39.52239   -0.17679    1.80160       -7632.62723
  Nb      189   41.12021   39.81939    0.12021    1.50953       -7632.45284
  Nb      190   40.70897   39.40815   -0.29103    1.91962       -7632.69981
  Nb      191   40.71773   39.41691   -0.28227    1.90861       -7632.69305
  Nb      192   40.86856   39.56775   -0.13144    1.75934       -7632.60146
  Nb      193   40.90794   39.60712   -0.09206    1.71669       -7632.57926
  Nb      194   40.76990   39.46908   -0.23010    1.85904       -7632.66097
  Nb      195   40.99582   39.69500   -0.00418    1.62314       -7632.51635
  Nb      196   40.77892   39.47810   -0.22108    1.84270       -7632.64901
  Nb      197   40.96619   39.66537   -0.03381    1.65483       -7632.52687
  Nb      198   40.97398   39.67316   -0.02602    1.65602       -7632.54565
  Nb      199   40.97249   39.67167   -0.02751    1.65471       -7632.54147
  Nb      200   40.82034   39.51952   -0.17966    1.80117       -7632.62710
  Nb      201   40.84976   39.54894   -0.15024    1.76787       -7632.59857
  Nb      202   41.15138   39.85056    0.15138    1.47590       -7632.42624
  Nb      203   40.73884   39.43803   -0.26116    1.88977       -7632.68753
  Nb      204   40.89152   39.59070   -0.10848    1.73776       -7632.59266
  Nb      205   41.07282   39.77200    0.07282    1.55251       -7632.47982
  Nb      206   40.82734   39.52652   -0.17266    1.79366       -7632.61194
  Nb      207   40.99593   39.69511   -0.00407    1.63575       -7632.53061
  Nb      208   40.92361   39.62279   -0.07639    1.70555       -7632.58051
  Nb      209   40.79130   39.49048   -0.20870    1.83045       -7632.64754
  Nb      210   40.98640   39.68558   -0.01360    1.63736       -7632.52462
  Nb      211   40.91913   39.61832   -0.08087    1.70714       -7632.57069
  Nb      212   41.00253   39.70171    0.00253    1.62122       -7632.51993
  Nb      213   41.04666   39.74584    0.04666    1.58020       -7632.49422
  Nb      214   41.06013   39.75931    0.06013    1.56491       -7632.48946
  Nb      215   40.89337   39.59255   -0.10663    1.73606       -7632.59143
  Nb      216   40.75674   39.45592   -0.24326    1.87094       -7632.66743
  Nb      217   40.97442   39.67360   -0.02558    1.64935       -7632.53457
  Nb      218   41.05634   39.75552    0.05634    1.56571       -7632.50256
  Nb      219   40.86432   39.56351   -0.13568    1.76015       -7632.60614
  Nb      220   40.85650   39.55568   -0.14350    1.76417       -7632.59757
  Nb      221   40.96209   39.66127   -0.03791    1.66825       -7632.55398
  Nb      222   40.80656   39.50574   -0.19344    1.81533       -7632.63897
  Nb      223   40.76058   39.45977   -0.23942    1.86239       -7632.66534
  Nb      224   40.75908   39.45826   -0.24092    1.86790       -7632.66623
  Nb      225   40.90164   39.60082   -0.09836    1.72052       -7632.57655
  Nb      226   40.98886   39.68804   -0.01114    1.63268       -7632.54095
  Nb      227   41.02420   39.72338    0.02420    1.60196       -7632.50629
  Nb      228   40.87325   39.57243   -0.12675    1.75789       -7632.60623
  Nb      229   40.87750   39.57668   -0.12250    1.75115       -7632.60372
  Nb      230   40.92075   39.61993   -0.07925    1.70374       -7632.57572
  Nb      231   40.91464   39.61382   -0.08536    1.70911       -7632.58024
  Nb      232   40.85225   39.55143   -0.14775    1.77317       -7632.60730
  Nb      233   40.88483   39.58402   -0.11517    1.73510       -7632.59456
  Nb      234   40.93783   39.63701   -0.06217    1.69304       -7632.57267
  Nb      235   40.85538   39.55456   -0.14462    1.76732       -7632.60200
  Nb      236   40.92435   39.62353   -0.07565    1.69881       -7632.57821
  Nb      237   40.92958   39.62876   -0.07042    1.70325       -7632.58121
  Nb      238   40.93418   39.63336   -0.06582    1.68716       -7632.55870
  Nb      239   40.95189   39.65107   -0.04811    1.67319       -7632.55555
  Nb      240   40.96244   39.66162   -0.03756    1.65947       -7632.54108
  Nb      241   40.66779   39.36697   -0.33221    1.95575       -7632.72840
  Nb      242   40.82289   39.52207   -0.17711    1.80016       -7632.62710
  Nb      243   40.97687   39.67605   -0.02313    1.65150       -7632.54456
  Nb      244   40.89566   39.59484   -0.10434    1.72905       -7632.59223
  Nb      245   41.01697   39.71615    0.01697    1.60734       -7632.50666
  Nb      246   40.89512   39.59430   -0.10488    1.72670       -7632.58824
  Nb      247   40.81584   39.51502   -0.18416    1.81344       -7632.65041
  Nb      248   40.85877   39.55795   -0.14123    1.77032       -7632.61893
  Nb      249   40.87647   39.57565   -0.12353    1.75057       -7632.60716
  Nb      250   40.77600   39.47518   -0.22400    1.85273       -7632.65066
  Nb      251   40.96556   39.66474   -0.03444    1.65809       -7632.55042
  Nb      252   40.95430   39.65348   -0.04570    1.67100       -7632.55693
  Nb      253   40.75120   39.45038   -0.24880    1.87089       -7632.67061
  Nb      254   41.03158   39.73076    0.03158    1.58813       -7632.49516
  Nb      255   40.86297   39.56215   -0.13703    1.75795       -7632.60593
  Nb      256   40.93198   39.63116   -0.06802    1.68987       -7632.55504
  Mo      257   42.09091   40.79009    0.09091    1.63486       -8090.56804
  Mo      258   42.14894   40.84812    0.14894    1.55983       -8090.50957
  Mo      259   42.17865   40.87783    0.17865    1.53231       -8090.49822
  Mo      260   42.09168   40.79086    0.09168    1.61122       -8090.53088
  Mo      261   41.87197   40.57115   -0.12803    1.85568       -8090.69262
  Mo      262   41.99228   40.69146   -0.00772    1.73439       -8090.62000
  Mo      263   41.90701   40.60619   -0.09299    1.81750       -8090.66084
  Mo      264   42.03913   40.73831    0.03913    1.67734       -8090.57862
  Mo      265   42.10440   40.80358    0.10440    1.61601       -8090.55174
  Mo      266   42.07619   40.77537    0.07619    1.64689       -8090.55920
  Mo      267   42.10409   40.80327    0.10409    1.61005       -8090.53653
  Mo      268   42.10101   40.80019    0.10101    1.60545       -8090.53783
  Mo      269   42.06721   40.76639    0.06721    1.65805       -8090.57725
  Mo      270   42.05984   40.75902    0.05984    1.66812       -8090.57778
  Mo      271   42.11237   40.81155    0.11237    1.60450       -8090.53557
  Mo      272   41.96814   40.66732   -0.03186    1.74892       -8090.61343
  Mo      273   42.07105   40.77023    0.07105    1.64988       -8090.55900
  Mo      274   41.99146   40.69064   -0.00854    1.72086       -8090.60083
  Mo      275   42.15390   40.85308    0.15390    1.56387       -8090.51647
  Mo      276   42.02738   40.72656    0.02738    1.69240       -8090.58873
  Mo      277   42.07539   40.77457    0.07539    1.63700       -8090.55217
  Mo      278   42.00245   40.70163    0.00245    1.71408       -8090.60515
  Mo      279   41.89652   40.59570   -0.10348    1.82970       -8090.67097
  Mo      280   42.02948   40.72866    0.02948    1.68260       -8090.58074
  Mo      281   42.09875   40.79793    0.09875    1.61054       -8090.53259
  Mo      282   42.05788   40.75706    0.05788    1.66142       -8090.57358
  Mo      283   42.14900   40.84818    0.14900    1.56390       -8090.51228
  Mo      284   41.97636   40.67554   -0.02364    1.73731       -8090.61347
  Mo      285   42.19228   40.89147    0.19228    1.52539       -8090.49803
  Mo      286   42.01116   40.71034    0.01116    1.70598       -8090.58928
  Mo      287   42.11901   40.81819    0.11901    1.59987       -8090.53433
  Mo      288   42.01439   40.71357    0.01439    1.70250       -8090.58606
  Mo      289   41.99035   40.68953   -0.00965    1.71666       -8090.59217
  Mo      290   41.95237   40.65155   -0.04763    1.77304       -8090.63204
  Mo      291   42.08187   40.78105    0.08187    1.62842       -8090.55489
  Mo      292   41.98873   40.68791   -0.01127    1.73777       -8090.62271
  Mo      293   42.02266   40.72184    0.02266    1.69384       -8090.58775
  Mo      294   42.08640   40.78558    0.08640    1.64196       -8090.56458
  Mo      295   42.04793   40.74711    0.04793    1.66612       -8090.55814
  Mo      296   42.02601   40.72519    0.02601    1.68579       -8090.58104
  Mo      297   42.05022   40.74940    0.05022    1.67818       -8090.59366
  Mo      298   42.06892   40.76810    0.06892    1.65128       -8090.56984
  Mo      299   42.07798   40.77716    0.07798    1.63844       -8090.55249
  Mo      300   42.02383   40.72301    0.02383    1.69756       -8090.59142
  Mo      301   42.18598   40.88516    0.18598    1.53466       -8090.49670
  Mo      302   42.13554   40.83472    0.13554    1.57442       -8090.51530
  Mo      303   41.99468   40.69386   -0.00532    1.73271       -8090.62427
  Mo      304   41.99923   40.69841   -0.00077    1.72787       -8090.61792
  Mo      305   42.03666   40.73584    0.03666    1.68277       -8090.58163
  Mo      306   41.95827   40.65745   -0.04173    1.76316       -8090.62559
  Mo      307   42.15706   40.85624    0.15706    1.55269       -8090.49612
  Mo      308   41.90449   40.60367   -0.09551    1.82010       -8090.66590
  Mo      309   41.87920   40.57838   -0.12080    1.84430       -8090.67803
  Mo      310   42.13003   40.82921    0.13003    1.58872       -8090.51770
  Mo      311   41.99658   40.69576   -0.00342    1.72959       -8090.61848
  Mo      312   42.06998   40.76916    0.06998    1.64028       -8090.54769
  Mo      313   42.19489   40.89407    0.19489    1.50942       -8090.47312
  Mo      314   41.94758   40.64676   -0.05242    1.78430       -8090.65597
  Mo      315   41.90113   40.60031   -0.09887    1.82242       -8090.66841
  Mo      316   42.21039   40.90957    0.21039    1.49668       -8090.46581
  Mo      317   42.03429   40.73347    0.03429    1.68367       -8090.58182
  Mo      318   42.10216   40.80134    0.10216    1.61216       -8090.53515
  Mo      319   41.96719   40.66637   -0.03281    1.75974       -8090.63457
  Mo      320   41.94046   40.63964   -0.05954    1.78432       -8090.64817
  Mo      321   41.99435   40.69353   -0.00565    1.72061       -8090.60487
  Mo      322   42.18238   40.88156    0.18238    1.53433       -8090.49145
  Mo      323   42.12459   40.82377    0.12459    1.59132       -8090.52451
  Mo      324   42.09614   40.79532    0.09614    1.63380       -8090.56257
  Mo      325   41.82924   40.52842   -0.17076    1.90315       -8090.72206
  Mo      326   42.04980   40.74898    0.04980    1.67290       -8090.58546
  Mo      327   42.02836   40.72754    0.02836    1.68630       -8090.57767
  Mo      328   42.10618   40.80536    0.10618    1.61947       -8090.55331
  Mo      329   42.05211   40.75129    0.05211    1.67194       -8090.58531
  Mo      330   41.92087   40.62005   -0.07913    1.80380       -8090.65146
  Mo      331   41.96667   40.66585   -0.03333    1.75332       -8090.61879
  Mo      332   41.96255   40.66173   -0.03745    1.74883       -8090.61270
  Mo      333   41.89058   40.58976   -0.10942    1.83683       -8090.68266
  Mo      334   42.17982   40.87900    0.17982    1.53847       -8090.49544
  Mo      335   42.22213   40.92131    0.22213    1.48763       -8090.46021
  Mo      336   41.92673   40.62591   -0.07327    1.79078       -8090.64357
  Mo      337   41.87447   40.57365   -0.12553    1.84860       -8090.68596
  Mo      338   41.98784   40.68702   -0.01216    1.73061       -8090.60818
  Mo      339   42.11171   40.81089    0.11171    1.59922       -8090.52875
  Mo      340   41.91457   40.61375   -0.08543    1.80637       -8090.66760
  Mo      341   41.95503   40.65421   -0.04497    1.77241       -8090.64413
  Mo      342   42.06708   40.76627    0.06708    1.64636       -8090.55299
  Mo      343   41.99221   40.69139   -0.00779    1.72941       -8090.61934
  Mo      344   42.07720   40.77638    0.07720    1.64780       -8090.57481
  Mo      345   42.11095   40.81013    0.11095    1.59450       -8090.51417
  Mo      346   42.03046   40.72964    0.03046    1.69938       -8090.59842
  Mo      347   42.01665   40.71583    0.01665    1.70282       -8090.58927
  Mo      348   42.05498   40.75416    0.05498    1.66788       -8090.57736
  Mo      349   42.01055   40.70973    0.01055    1.70503       -8090.59429
  Mo      350   42.14881   40.84799    0.14881    1.57031       -8090.51964
  Mo      351   42.19681   40.89599    0.19681    1.52186       -8090.49134
  Mo      352   42.06231   40.76149    0.06231    1.65947       -8090.57348
  Mo      353   41.92031   40.61949   -0.07969    1.80012       -8090.64954
  Mo      354   42.18900   40.88818    0.18900    1.52809       -8090.49500
  Mo      355   41.99984   40.69902   -0.00016    1.71817       -8090.60277
  Mo      356   42.09642   40.79560    0.09642    1.61758       -8090.54005
  Mo      357   42.10653   40.80571    0.10653    1.61119       -8090.54459
  Mo      358   41.94814   40.64732   -0.05186    1.78445       -8090.65395
  Mo      359   42.12610   40.82528    0.12610    1.59776       -8090.54186
  Mo      360   42.10342   40.80260    0.10342    1.61468       -8090.54545
  Mo      361   42.08496   40.78414    0.08496    1.62834       -8090.54507
  Mo      362   42.10058   40.79976    0.10058    1.62131       -8090.55220
  Mo      363   42.10299   40.80218    0.10299    1.61230       -8090.53487
  Mo      364   42.14390   40.84308    0.14390    1.58060       -8090.52769
  Mo      365   42.02504   40.72422    0.02504    1.69087       -8090.58124
  Mo      366   42.18985   40.88903    0.18985    1.52214       -8090.47675
  Mo      367   41.97759   40.67677   -0.02241    1.74282       -8090.61497
  Mo      368   41.95157   40.65075   -0.04843    1.76381       -8090.62961
  Mo      369   42.08152   40.78070    0.08152    1.62396       -8090.53776
  Mo      370   42.07792   40.77710    0.07792    1.63883       -8090.54868
  Mo      371   41.97031   40.66949   -0.02969    1.75478       -8090.63271
  Mo      372   42.16027   40.85946    0.16027    1.55867       -8090.51331
  Mo      373   42.05386   40.75305    0.05386    1.66952       -8090.58525
  Mo      374   42.16679   40.86597    0.16679    1.54132       -8090.49343
  Mo      375   42.24719   40.94637    0.24719    1.47632       -8090.46478
  Mo      376   42.02358   40.72276    0.02358    1.69780       -8090.59843
  Mo      377   41.94664   40.64582   -0.05336    1.77423       -8090.63213
  Mo      378   42.08598   40.78516    0.08598    1.62914       -8090.54639
  Mo      379   42.17102   40.87020    0.17102    1.54195       -8090.48906
  Mo      380   41.93499   40.63417   -0.06501    1.79644       -8090.65552
  Mo      381   42.14388   40.84307    0.14388    1.57341       -8090.51987
  Mo      382   42.13630   40.83548    0.13630    1.58005       -8090.52803
  Mo      383   42.00115   40.70033    0.00115    1.71624       -8090.59589
  Mo      384   42.11316   40.81234    0.11316    1.59710       -8090.53703
  Ta      385   72.82214   71.52132   -0.17786    1.70090      -31232.88151
  Ta      386   72.79145   71.49063   -0.20855    1.74004      -31232.90608
  Ta      387   72.82744   71.52663   -0.17256    1.70260      -31232.86627
  Ta      388   72.64970   71.34888   -0.35030    1.87653      -31232.98973
  Ta      389   72.83143   71.53061   -0.16857    1.70162      -31232.87511
  Ta      390   72.81801   71.51719   -0.18199    1.72447      -31232.90399
  Ta      391   72.75591   71.45509   -0.24409    1.78307      -31232.92911
  Ta      392   72.96181   71.66099   -0.03819    1.57511      -31232.79219
  Ta      393   72.84598   71.54516   -0.15402    1.68385      -31232.87555
  Ta      394   72.59584   71.29502   -0.40416    1.93966      -31233.03359
  Ta      395   72.66572   71.36490   -0.33428    1.86720      -31232.98971
  Ta      396   72.72393   71.42311   -0.27607    1.81245      -31232.95099
  Ta      397   72.80370   71.50288   -0.19630    1.73201      -31232.90399
  Ta      398   72.70839   71.40757   -0.29161    1.83468      -31232.96659
  Ta      399   72.63456   71.33374   -0.36544    1.89947      -31233.01536
  Ta      400   72.84579   71.54497   -0.15421    1.69206      -31232.87040
  Ta      401   72.69022   71.38941   -0.30978    1.84246      -31232.96092
  Ta      402   72.68388   71.38306   -0.31612    1.85360      -31232.97125
  Ta      403   72.78895   71.48813   -0.21105    1.74534      -31232.91178
  Ta      404   72.64544   71.34462   -0.35456    1.89220      -31233.00672
  Ta      405   72.81750   71.51668   -0.18250    1.71267      -31232.88807
  Ta      406   72.84836   71.54754   -0.15164    1.68834      -31232.86085
  Ta      407   72.66687   71.36605   -0.33313    1.86623      -31232.97856
  Ta      408   72.65849   71.35767   -0.34151    1.87631      -31232.98227
  Ta      409   72.67480   71.37398   -0.32520    1.86001      -31232.98842
  Ta      410   72.89712   71.59630   -0.10288    1.64356      -31232.84814
  Ta      411   72.64043   71.33961   -0.35957    1.89446      -31233.00338
  Ta      412   72.80079   71.49997   -0.19921    1.73491      -31232.89691
  Ta      413   72.76050   71.45968   -0.23950    1.76912      -31232.92701
  Ta      414   72.73351   71.43269   -0.26649    1.79614      -31232.93605
  Ta      415   72.70534   71.40452   -0.29466    1.83089      -31232.96223
  Ta      416   72.55781   71.25699   -0.44219    1.97243      -31233.05091
  Ta      417   72.89342   71.59260   -0.10658    1.63934      -31232.84663
  Ta      418   72.70114   71.40033   -0.29886    1.82759      -31232.95932
  Ta      419   72.59572   71.29490   -0.40428    1.93939      -31233.03687
  Ta      420   72.74442   71.44360   -0.25558    1.78550      -31232.93329
  Ta      421   72.74333   71.44251   -0.25667    1.78886      -31232.92938
  Ta      422   72.71860   71.41778   -0.28140    1.81403      -31232.94620
  Ta      423   72.81280   71.51198   -0.18720    1.72218      -31232.88927
  Ta      424   72.62217   71.32135   -0.37783    1.90513      -31233.01910
  Ta      425   72.73104   71.43022   -0.26896    1.80646      -31232.94543
  Ta      426   72.79578   71.49496   -0.20422    1.73784      -31232.89178
  Ta      427   72.70638   71.40556   -0.29362    1.82469      -31232.96452
  Ta      428   72.78899   71.48817   -0.21101    1.74530      -31232.89756
  Ta      429   72.61837   71.31755   -0.38163    1.91733      -31233.01403
  Ta      430   72.81621   71.51539   -0.18379    1.71220      -31232.89500
  Ta      431   72.72116   71.42034   -0.27884    1.80787      -31232.94844
  Ta      432   72.64564   71.34482   -0.35436    1.89377      -31232.99813
  Ta      433   72.52802   71.22720   -0.47198    2.00123      -31233.06614
  Ta      434   72.76395   71.46313   -0.23605    1.76634      -31232.91899
  Ta      435   72.67854   71.37772   -0.32146    1.85532      -31232.98514
  Ta      436   72.77907   71.47825   -0.22093    1.75837      -31232.92316
  Ta      437   72.64382   71.34300   -0.35618    1.88941      -31232.99428
  Ta      438   72.72472   71.42390   -0.27528    1.81202      -31232.94902
  Ta      439   72.81387   71.51305   -0.18613    1.72036      -31232.89998
  Ta      440   72.77260   71.47178   -0.22740    1.75949      -31232.92553
  Ta      441   72.79940   71.49859   -0.20060    1.73140      -31232.89432
  Ta      442   72.63065   71.32983   -0.36935    1.90547      -31233.01563
  Ta      443   72.84684   71.54602   -0.15316    1.69321      -31232.87381
  Ta      444   72.81183   71.51101   -0.18817    1.72230      -31232.89021
  Ta      445   72.81105   71.51023   -0.18895    1.72211      -31232.88598
  Ta      446   72.65516   71.35434   -0.34484    1.87889      -31233.00739
  Ta      447   72.87084   71.57002   -0.12916    1.65647      -31232.85277
  Ta      448   72.70074   71.39992   -0.29926    1.83324      -31232.96195
  Ta      449   72.88116   71.58034   -0.11884    1.65442      -31232.85136
  Ta      450   72.72034   71.41952   -0.27966    1.81829      -31232.95714
  Ta      451   72.84817   71.54735   -0.15183    1.68406      -31232.87124
  Ta      452   72.64501   71.34419   -0.35499    1.88919      -31233.00332
  Ta      453   72.74568   71.44486   -0.25432    1.78662      -31232.92889
  Ta      454   72.78981   71.48899   -0.21019    1.74666      -31232.90573
  Ta      455   72.78216   71.48134   -0.21784    1.75311      -31232.91594
  Ta      456   72.80970   71.50888   -0.19030    1.72895      -31232.90101
  Ta      457   72.85928   71.55846   -0.14072    1.67065      -31232.85856
  Ta      458   72.69569   71.39487   -0.30431    1.83925      -31232.96564
  Ta      459   72.63865   71.33783   -0.36135    1.89114      -31233.00145
  Ta      460   72.76003   71.45921   -0.23997    1.76527      -31232.91657
  Ta      461   72.82109   71.52028   -0.17891    1.71549      -31232.88869
  Ta      462   72.79395   71.49313   -0.20605    1.74330      -31232.90030
  Ta      463   72.73644   71.43562   -0.26356    1.79856      -31232.94604
  Ta      464   72.74322   71.44240   -0.25678    1.79814      -31232.94049
  Ta      465   72.63774   71.33692   -0.36226    1.89386      -31233.01292
  Ta      466   72.82683   71.52601   -0.17317    1.71296      -31232.89409
  Ta      467   72.77071   71.46989   -0.22929    1.76493      -31232.92154
  Ta      468   72.74267   71.44185   -0.25733    1.78649      -31232.92983
  Ta      469   72.76593   71.46511   -0.23407    1.77110      -31232.91867
  Ta      470   72.70127   71.40045   -0.29873    1.83349      -31232.96812
  Ta      471   72.76918   71.46836   -0.23082    1.75184      -31232.89818
  Ta      472   72.73967   71.43885   -0.26033    1.79239      -31232.93624
  Ta      473   72.91582   71.61500   -0.08418    1.62349      -31232.82787
  Ta      474   72.75826   71.45744   -0.24174    1.77776      -31232.93008
  Ta      475   72.76880   71.46798   -0.23120    1.76131      -31232.91278
  Ta      476   72.74134   71.44052   -0.25866    1.79059      -31232.93302
  Ta      477   72.57867   71.27785   -0.42133    1.95112      -31233.03084
  Ta      478   72.58206   71.28124   -0.41794    1.95303      -31233.04718
  Ta      479   72.84746   71.54664   -0.15254    1.68218      -31232.86713
  Ta      480   72.79089   71.49007   -0.20911    1.74785      -31232.92259
  Ta      481   72.70223   71.40141   -0.29777    1.82825      -31232.95411
  Ta      482   72.77903   71.47821   -0.22097    1.75457      -31232.91013
  Ta      483   72.89016   71.58934   -0.10984    1.64903      -31232.85610
  Ta      484   72.77786   71.47704   -0.22214    1.75296      -31232.90670
  Ta      485   72.81882   71.51800   -0.18118    1.72425      -31232.89668
  Ta      486   72.70601   71.40520   -0.29399    1.82874      -31232.95615
  Ta      487   72.63806   71.33724   -0.36194    1.88489      -31232.98850
  Ta      488   72.90168   71.60086   -0.09832    1.64101      -31232.84489
  Ta      489   72.79625   71.49543   -0.20375    1.73203      -31232.89755
  Ta      490   72.67329   71.37248   -0.32671    1.86377      -31232.99758
  Ta      491   72.76399   71.46317   -0.23601    1.76471      -31232.91303
  Ta      492   72.68029   71.37947   -0.31971    1.85029      -31232.97761
  Ta      493   72.62346   71.32265   -0.37654    1.91014      -31233.00730
  Ta      494   72.72862   71.42780   -0.27138    1.80021      -31232.94457
  Ta      495   72.70812   71.40730   -0.29188    1.81434      -31232.94768
  Ta      496   72.75794   71.45712   -0.24206    1.77679      -31232.94009
  Ta      497   72.76620   71.46538   -0.23380    1.76924      -31232.92267
  Ta      498   72.64827   71.34745   -0.35173    1.88080      -31232.99810
  Ta      499   72.81699   71.51617   -0.18301    1.71161      -31232.88680
  Ta      500   72.76907   71.46825   -0.23093    1.76476      -31232.91845
  Ta      501   72.65994   71.35912   -0.34006    1.87299      -31232.99307
  Ta      502   72.70988   71.40906   -0.29012    1.82713      -31232.96752
  Ta      503   72.60207   71.30125   -0.39793    1.93378      -31233.04120
  Ta      504   72.73626   71.43544   -0.26374    1.79919      -31232.94577
  Ta      505   72.78455   71.48373   -0.21545    1.75153      -31232.90728
  Ta      506   72.82576   71.52494   -0.17424    1.70377      -31232.87351
  Ta      507   72.73175   71.43093   -0.26825    1.80183      -31232.93667
  Ta      508   72.66830   71.36748   -0.33170    1.86127      -31232.97969
  Ta      509   72.84870   71.54788   -0.15130    1.68409      -31232.87309
  Ta      510   72.75309   71.45227   -0.24691    1.77894      -31232.93911
  Ta      511   72.80552   71.50470   -0.19448    1.72412      -31232.89743
  Ta      512   72.62288   71.32206   -0.37712    1.91202      -31233.01894
  V       513   23.34458   22.04376    0.34458    1.60669       -1895.26662
  V       514   23.25473   21.95391    0.25473    1.70087       -1895.32544
  V       515   23.34678   22.04596    0.34678    1.60711       -1895.25917
  V       516   23.44154   22.14072    0.44154    1.50116       -1895.21478
  V       517   23.44999   22.14917    0.44999    1.49607       -1895.19248
  V       518   23.44223   22.14141    0.44223    1.50483       -1895.21472
  V       519   23.31781   22.01699    0.31781    1.63316       -1895.28929
  V       520   23.27105   21.97023    0.27105    1.68487       -1895.29995
  V       521   23.32669   22.02587    0.32669    1.62828       -1895.28428
  V       522   23.49384   22.19302    0.49384    1.45120       -1895.18100
  V       523   23.35505   22.05423    0.35505    1.59392       -1895.25819
  V       524   23.40271   22.10189    0.40271    1.54737       -1895.24059
  V       525   23.35226   22.05145    0.35226    1.59814       -1895.24049
  V       526   23.45844   22.15762    0.45844    1.48441       -1895.20758
  V       527   23.58046   22.27964    0.58046    1.36120       -1895.13858
  V       528   23.24525   21.94443    0.24525    1.70950       -1895.32080
  V       529   23.39371   22.09289    0.39371    1.55167       -1895.24040
  V       530   23.40459   22.10377    0.40459    1.53774       -1895.23130
  V       531   23.41486   22.11404    0.41486    1.53401       -1895.22693
  V       532   23.49415   22.19333    0.49415    1.44561       -1895.18436
  V       533   23.45543   22.15461    0.45543    1.49540       -1895.20515
  V       534   23.51615   22.21533    0.51615    1.42941       -1895.16518
  V       535   23.45049   22.14967    0.45049    1.49398       -1895.19066
  V       536   23.40230   22.10148    0.40230    1.54065       -1895.23426
  V       537   23.32149   22.02067    0.32149    1.63644       -1895.28742
  V       538   23.58594   22.28512    0.58594    1.34930       -1895.13409
  V       539   23.53801   22.23720    0.53801    1.39978       -1895.13512
  V       540   23.30556   22.00474    0.30556    1.65113       -1895.27914
  V       541   23.61767   22.31685    0.61767    1.32570       -1895.11607
  V       542   23.43788   22.13706    0.43788    1.51249       -1895.22450
  V       543   23.42203   22.12121    0.42203    1.52633       -1895.22106
  V       544   23.44705   22.14623    0.44705    1.49722       -1895.20142
  V       545   23.45343   22.15261    0.45343    1.48792       -1895.19255
  V       546   23.37534   22.07452    0.37534    1.57738       -1895.24727
  V       547   23.42105   22.12023    0.42105    1.52898       -1895.23244
  V       548   23.50929   22.20847    0.50929    1.43038       -1895.15093
  V       549   23.25561   21.95479    0.25561    1.70363       -1895.32092
  V       550   23.45917   22.15835    0.45917    1.48598       -1895.18920
  V       551   23.37784   22.07702    0.37784    1.57610       -1895.25492
  V       552   23.49783   22.19701    0.49783    1.44985       -1895.18853
  V       553   23.29137   21.99055    0.29137    1.66437       -1895.30054
  V       554   23.54795   22.24714    0.54795    1.39947       -1895.15664
  V       555   23.40663   22.10581    0.40663    1.54209       -1895.24275
  V       556   23.34161   22.04079    0.34161    1.61099       -1895.27787
  V       557   23.40706   22.10624    0.40706    1.54514       -1895.22547
  V       558   23.41602   22.11520    0.41602    1.53276       -1895.22691
  V       559   23.58057   22.27975    0.58057    1.35725       -1895.13925
  V       560   23.37206   22.07124    0.37206    1.57320       -1895.22528
  V       561   23.41555   22.11473    0.41555    1.53246       -1895.22486
  V       562   23.25819   21.95737    0.25819    1.69771       -1895.30831
  V       563   23.52549   22.22467    0.52549    1.42053       -1895.16063
  V       564   23.38967   22.08885    0.38967    1.56293       -1895.24467
  V       565   23.40105   22.10023    0.40105    1.54682       -1895.22178
  V       566   23.37317   22.07235    0.37317    1.57752       -1895.24510
  V       567   23.58256   22.28174    0.58256    1.35243       -1895.10807
  V       568   23.42600   22.12518    0.42600    1.51936       -1895.22047
  V       569   23.34880   22.04798    0.34880    1.60441       -1895.25815
  V       570   23.41714   22.11632    0.41714    1.53193       -1895.22107
  V       571   23.41314   22.11232    0.41314    1.53218       -1895.20704
  V       572   23.42466   22.12384    0.42466    1.52264       -1895.22836
  V       573   23.30995   22.00913    0.30995    1.63983       -1895.28166
  V       574   23.35851   22.05769    0.35851    1.58733       -1895.24125
  V       575   23.49337   22.19255    0.49337    1.45024       -1895.16655
  V       576   23.33707   22.03625    0.33707    1.61250       -1895.26767
  V       577   23.54930   22.24848    0.54930    1.38890       -1895.14887
  V       578   23.55663   22.25581    0.55663    1.38584       -1895.14182
  V       579   23.43060   22.12978    0.43060    1.51676       -1895.20537
  V       580   23.54448   22.24366    0.54448    1.39915       -1895.13590
  V       581   23.52394   22.22312    0.52394    1.41498       -1895.15570
  V       582   23.34785   22.04703    0.34785    1.60322       -1895.26158
  V       583   23.47374   22.17292    0.47374    1.47670       -1895.19658
  V       584   23.51928   22.21846    0.51928    1.42251       -1895.16755
  V       585   23.43963   22.13881    0.43963    1.50891       -1895.21738
  V       586   23.52930   22.22849    0.52930    1.41425       -1895.16346
  V       587   23.46695   22.16613    0.46695    1.47550       -1895.17361
  V       588   23.43590   22.13508    0.43590    1.50573       -1895.22770
  V       589   23.40655   22.10573    0.40655    1.54359       -1895.22728
  V       590   23.35568   22.05486    0.35568    1.59512       -1895.26821
  V       591   23.42334   22.12252    0.42334    1.52695       -1895.20901
  V       592   23.57862   22.27780    0.57862    1.36183       -1895.11629
  V       593   23.56042   22.25960    0.56042    1.37715       -1895.13619
  V       594   23.48537   22.18455    0.48537    1.45680       -1895.18706
  V       595   23.33115   22.03033    0.33115    1.62052       -1895.27393
  V       596   23.24642   21.94560    0.24642    1.70727       -1895.30760
  V       597   23.45822   22.15740    0.45822    1.49030       -1895.21540
  V       598   23.48894   22.18812    0.48894    1.46174       -1895.19048
  V       599   23.41390   22.11308    0.41390    1.53979       -1895.22588
  V       600   23.47438   22.17356    0.47438    1.47223       -1895.19827
  V       601   23.38427   22.08345    0.38427    1.56411       -1895.24549
  V       602   23.41400   22.11318    0.41400    1.53393       -1895.22503
  V       603   23.34091   22.04009    0.34091    1.61126       -1895.26996
  V       604   23.52360   22.22278    0.52360    1.42048       -1895.15177
  V       605   23.38648   22.08566    0.38648    1.56647       -1895.24129
  V       606   23.44469   22.14387    0.44469    1.50151       -1895.21639
  V       607   23.42156   22.12074    0.42156    1.52040       -1895.22220
  V       608   23.46405   22.16323    0.46405    1.48333       -1895.18820
  V       609   23.36924   22.06842    0.36924    1.58457       -1895.25240
  V       610   23.29248   21.99166    0.29248    1.65925       -1895.29085
  V       611   23.49379   22.19297    0.49379    1.44843       -1895.17831
  V       612   23.38773   22.08691    0.38773    1.56426       -1895.24966
  V       613   23.47854   22.17772    0.47854    1.47157       -1895.18943
  V       614   23.34597   22.04515    0.34597    1.60738       -1895.27520
  V       615   23.33758   22.03676    0.33758    1.61493       -1895.26152
  V       616   23.50494   22.20412    0.50494    1.44508       -1895.19627
  V       617   23.29726   21.99644    0.29726    1.65969       -1895.30297
  V       618   23.45663   22.15581    0.45663    1.48936       -1895.18799
  V       619   23.36612   22.06530    0.36612    1.58848       -1895.27428
  V       620   23.37106   22.07024    0.37106    1.57804       -1895.24423
  V       621   23.44863   22.14781    0.44863    1.50233       -1895.19965
  V       622   23.49954   22.19872    0.49954    1.44664       -1895.17861
  V       623   23.39866   22.09784    0.39866    1.55416       -1895.23814
  V       624   23.51159   22.21077    0.51159    1.44053       -1895.17448
  V       625   23.43979   22.13897    0.43979    1.50651       -1895.19405
  V       626   23.39793   22.09711    0.39793    1.54965       -1895.23373
  V       627   23.30309   22.00227    0.30309    1.64739       -1895.28499
  V       628   23.42130   22.12048    0.42130    1.52066       -1895.20554
  V       629   23.38746   22.08664    0.38746    1.55840       -1895.22870
  V       630   23.58155   22.28073    0.58155    1.35816       -1895.12054
  V       631   23.42402   22.12320    0.42402    1.52536       -1895.22645
  V       632   23.22099   21.92017    0.22099    1.73387       -1895.32679
  V       633   23.40546   22.10464    0.40546    1.54461       -1895.23994
  V       634   23.58955   22.28873    0.58955    1.34600       -1895.11056
  V       635   23.46037   22.15955    0.46037    1.49174       -1895.20230
  V       636   23.43287   22.13205    0.43287    1.51662       -1895.21441
  V       637   23.42422   22.12340    0.42422    1.51921       -1895.19674
  V       638   23.41776   22.11694    0.41776    1.53115       -1895.22952
  V       639   23.59114   22.29032    0.59114    1.34777       -1895.11117
  V       640   23.39335   22.09254    0.39335    1.55744       -1895.21867
