System Description            : WNbMoTaV, BCC structure                         
Number of Atoms in Unit Cell  : 640                                             
Number of Atomic Species      : 5                                               
Number of Atoms in Each Type  : 128(W), 128(Nb), 128(Mo), 128(Ta), 128(V)       
Energy Offset                 : -16231                                          
=======================================================================================
    Iter     Energy      3PV     Efermi   Rms_rho    Rms_pot   Mix  Alg  Alpha 
---------------------------------------------------------------------------------------
**       1  -0.859332  1839.060  0.58708  0.140E+01  0.214E+00  pot  B   0.1000
         2  -0.750572  1816.994  0.60100  0.793E-02  0.181E+01  pot  B   0.1000
         3  -1.090511  1814.888  0.59987  0.518E-02  0.984E+00  pot  B   0.1000
         4  -1.174932  1810.150  0.60335  0.457E-02  0.959E+00  pot  B   0.1000
         5  -1.168531  1801.481  0.60947  0.348E-02  0.110E+01  pot  B   0.1000
         6  -1.421695  1793.265  0.61409  0.358E-02  0.405E+00  pot  B   0.1000
         7  -1.495854  1776.079  0.62015  0.593E-02  0.670E+00  pot  B   0.1000
         8  -1.546701  1766.021  0.62430  0.351E-02  0.725E+00  pot  B   0.1000
         9  -1.643165  1747.536  0.62848  0.634E-02  0.610E+00  pot  B   0.1000
        10  -1.660642  1742.130  0.63074  0.301E-02  0.479E+00  pot  B   0.1000
        11  -1.696528  1736.048  0.63270  0.221E-02  0.258E+00  pot  B   0.1000
        12  -1.713293  1731.479  0.63494  0.228E-02  0.244E+00  pot  B   0.1000
        13  -1.723718  1728.425  0.63651  0.168E-02  0.137E+00  pot  B   0.1000
        14  -1.730782  1725.172  0.63711  0.180E-02  0.126E+00  pot  B   0.1000
        15  -1.738119  1722.128  0.63802  0.156E-02  0.113E+00  pot  B   0.1000
        16  -1.737873  1718.278  0.63865  0.201E-02  0.240E+00  pot  B   0.1000
        17  -1.745039  1714.967  0.64012  0.124E-02  0.139E+00  pot  B   0.1000
        18  -1.751327  1710.278  0.64155  0.235E-02  0.957E-01  pot  B   0.1000
        19  -1.753629  1708.085  0.64247  0.113E-02  0.849E-01  pot  B   0.1000
        20  -1.756248  1706.253  0.64344  0.116E-02  0.374E-01  pot  B   0.1000
        21  -1.756705  1705.587  0.64376  0.467E-03  0.468E-01  pot  B   0.1000
        22  -1.757106  1706.202  0.64383  0.331E-03  0.436E-01  pot  B   0.1000
        23  -1.757521  1705.559  0.64427  0.436E-03  0.299E-01  pot  B   0.1000
        24  -1.757687  1705.482  0.64463  0.273E-03  0.431E-01  pot  B   0.1000
        25  -1.757899  1705.697  0.64489  0.209E-03  0.437E-01  pot  B   0.1000
        26  -1.758123  1705.422  0.64533  0.403E-03  0.246E-01  pot  B   0.1000
        27  -1.758227  1705.341  0.64582  0.276E-03  0.216E-01  pot  B   0.1000
        28  -1.758252  1705.353  0.64605  0.156E-03  0.273E-01  pot  B   0.1000
        29  -1.758377  1705.419  0.64616  0.101E-03  0.113E-01  pot  B   0.1000
        30  -1.758425  1705.539  0.64641  0.838E-04  0.898E-02  pot  B   0.1000
        31  -1.758455  1705.616  0.64659  0.625E-04  0.722E-02  pot  B   0.1000
        32  -1.758495  1705.720  0.64704  0.957E-04  0.753E-02  pot  B   0.1000
        33  -1.758516  1705.856  0.64736  0.830E-04  0.154E-01  pot  B   0.1000
        34  -1.758525  1706.023  0.64790  0.102E-03  0.203E-01  pot  B   0.1000
        35  -1.758574  1706.081  0.64811  0.107E-03  0.100E-01  pot  B   0.1000
        36  -1.758594  1706.182  0.64840  0.758E-04  0.865E-02  pot  B   0.1000
        37  -1.758608  1706.252  0.64860  0.405E-04  0.691E-02  pot  B   0.1000
        38  -1.758621  1706.283  0.64867  0.296E-04  0.566E-02  pot  B   0.1000
        39  -1.758629  1706.332  0.64878  0.542E-04  0.756E-02  pot  B   0.1000
        40  -1.758640  1706.368  0.64886  0.452E-04  0.490E-02  pot  B   0.1000
        41  -1.758645  1706.418  0.64899  0.487E-04  0.613E-02  pot  B   0.1000
        42  -1.758651  1706.451  0.64905  0.384E-04  0.544E-02  pot  B   0.1000
        43  -1.758658  1706.508  0.64914  0.344E-04  0.394E-02  pot  B   0.1000
        44  -1.758662  1706.528  0.64915  0.228E-04  0.259E-02  pot  B   0.1000
        45  -1.758666  1706.560  0.64918  0.238E-04  0.285E-02  pot  B   0.1000
        46  -1.758667  1706.575  0.64916  0.148E-04  0.248E-02  pot  B   0.1000
        47  -1.758668  1706.591  0.64917  0.116E-04  0.128E-02  pot  B   0.1000
        48  -1.758670  1706.614  0.64914  0.181E-04  0.153E-02  pot  B   0.1000
        49  -1.758670  1706.633  0.64911  0.165E-04  0.177E-02  pot  B   0.1000
        50  -1.758670  1706.656  0.64911  0.140E-04  0.258E-02  pot  B   0.1000
        51  -1.758671  1706.679  0.64907  0.179E-04  0.253E-02  pot  B   0.1000
        52  -1.758671  1706.711  0.64903  0.227E-04  0.167E-02  pot  B   0.1000
        53  -1.758671  1706.730  0.64900  0.202E-04  0.179E-02  pot  B   0.1000
        54  -1.758671  1706.744  0.64899  0.980E-05  0.158E-02  pot  B   0.1000
        55  -1.758671  1706.760  0.64895  0.109E-04  0.130E-02  pot  B   0.1000
        56  -1.758671  1706.773  0.64893  0.906E-05  0.737E-03  pot  B   0.1000
        57  -1.758671  1706.789  0.64889  0.105E-04  0.729E-03  pot  B   0.1000
        58  -1.758670  1706.806  0.64885  0.116E-04  0.877E-03  pot  B   0.1000
        59  -1.758670  1706.814  0.64884  0.566E-05  0.892E-03  pot  B   0.1000
        60  -1.758670  1706.826  0.64881  0.880E-05  0.775E-03  pot  B   0.1000
        61  -1.758669  1706.834  0.64879  0.524E-05  0.719E-03  pot  B   0.1000
        62  -1.758670  1706.835  0.64878  0.376E-05  0.669E-03  pot  B   0.1000
        63  -1.758669  1706.838  0.64877  0.419E-05  0.706E-03  pot  B   0.1000
        64  -1.758669  1706.839  0.64877  0.341E-05  0.638E-03  pot  B   0.1000
        65  -1.758669  1706.839  0.64876  0.368E-05  0.329E-03  pot  B   0.1000
        66  -1.758669  1706.840  0.64875  0.327E-05  0.379E-03  pot  B   0.1000
        67  -1.758669  1706.839  0.64874  0.282E-05  0.549E-03  pot  B   0.1000
        68  -1.758669  1706.841  0.64873  0.243E-05  0.334E-03  pot  B   0.1000
        69  -1.758669  1706.840  0.64873  0.247E-05  0.190E-03  pot  B   0.1000
        70  -1.758669  1706.838  0.64872  0.246E-05  0.202E-03  pot  B   0.1000
        71  -1.758669  1706.837  0.64872  0.188E-05  0.241E-03  pot  B   0.1000
        72  -1.758669  1706.835  0.64871  0.145E-05  0.227E-03  pot  B   0.1000
        73  -1.758669  1706.833  0.64871  0.142E-05  0.162E-03  pot  B   0.1000
        74  -1.758669  1706.830  0.64871  0.190E-05  0.211E-03  pot  B   0.1000
        75  -1.758669  1706.828  0.64871  0.169E-05  0.279E-03  pot  B   0.1000
        76  -1.758669  1706.826  0.64871  0.142E-05  0.288E-03  pot  B   0.1000
        77  -1.758669  1706.823  0.64870  0.195E-05  0.230E-03  pot  B   0.1000
        78  -1.758669  1706.821  0.64870  0.171E-05  0.148E-03  pot  B   0.1000
        79  -1.758669  1706.819  0.64870  0.143E-05  0.165E-03  pot  B   0.1000
        80  -1.758669  1706.818  0.64870  0.675E-06  0.104E-03  pot  B   0.1000
        81  -1.758669  1706.816  0.64870  0.821E-06  0.993E-04  pot  B   0.1000
        82  -1.758669  1706.814  0.64870  0.810E-06  0.101E-03  pot  B   0.1000
        83  -1.758669  1706.813  0.64870  0.776E-06  0.606E-04  pot  B   0.1000
        84  -1.758669  1706.811  0.64870  0.851E-06  0.720E-04  pot  B   0.1000
        85  -1.758669  1706.810  0.64870  0.610E-06  0.889E-04  pot  B   0.1000
        86  -1.758669  1706.809  0.64870  0.617E-06  0.628E-04  pot  B   0.1000
        87  -1.758669  1706.808  0.64870  0.546E-06  0.888E-04  pot  B   0.1000
        88  -1.758669  1706.808  0.64870  0.381E-06  0.986E-04  pot  B   0.1000
        89  -1.758669  1706.807  0.64870  0.569E-06  0.618E-04  pot  B   0.1000
        90  -1.758669  1706.807  0.64870  0.425E-06  0.496E-04  pot  B   0.1000
        91  -1.758669  1706.806  0.64871  0.275E-06  0.499E-04  pot  B   0.1000
        92  -1.758669  1706.806  0.64871  0.480E-06  0.503E-04  pot  B   0.1000
        93  -1.758669  1706.806  0.64871  0.283E-06  0.657E-04  pot  B   0.1000
        94  -1.758669  1706.805  0.64871  0.478E-06  0.382E-04  pot  B   0.1000
        95  -1.758669  1706.805  0.64871  0.522E-06  0.321E-04  pot  B   0.1000
        96  -1.758669  1706.804  0.64871  0.293E-06  0.381E-04  pot  B   0.1000
        97  -1.758669  1706.804  0.64871  0.307E-06  0.315E-04  pot  B   0.1000
        98  -1.758669  1706.804  0.64871  0.254E-06  0.266E-04  pot  B   0.1000
        99  -1.758669  1706.804  0.64871  0.218E-06  0.313E-04  pot  B   0.1000
       100  -1.758669  1706.804  0.64871  0.223E-06  0.328E-04  pot  B   0.1000
       101  -1.758669  1706.804  0.64871  0.282E-06  0.311E-04  pot  B   0.1000
       102  -1.758669  1706.804  0.64871  0.215E-06  0.307E-04  pot  B   0.1000
       103  -1.758669  1706.804  0.64871  0.159E-06  0.262E-04  pot  B   0.1000
       104  -1.758669  1706.804  0.64871  0.169E-06  0.210E-04  pot  B   0.1000
       105  -1.758669  1706.804  0.64871  0.999E-07  0.195E-04  pot  B   0.1000
       106  -1.758669  1706.804  0.64871  0.128E-06  0.108E-04  pot  B   0.1000
       107  -1.758669  1706.804  0.64871  0.113E-06  0.144E-04  pot  B   0.1000
       108  -1.758669  1706.804  0.64871  0.111E-06  0.129E-04  pot  B   0.1000
       109  -1.758669  1706.805  0.64872  0.107E-06  0.106E-04  pot  B   0.1000
       110  -1.758669  1706.805  0.64872  0.127E-06  0.126E-04  pot  B   0.1000
       111  -1.758669  1706.805  0.64872  0.678E-07  0.158E-04  pot  B   0.1000
       112  -1.758669  1706.805  0.64872  0.961E-07  0.114E-04  pot  B   0.1000
       113  -1.758669  1706.805  0.64872  0.687E-07  0.104E-04  pot  B   0.1000
       114  -1.758669  1706.805  0.64872  0.504E-07  0.856E-05  pot  B   0.1000
       115  -1.758669  1706.805  0.64872  0.578E-07  0.781E-05  pot  B   0.1000
       116  -1.758669  1706.805  0.64872  0.536E-07  0.737E-05  pot  B   0.1000
       117  -1.758669  1706.805  0.64872  0.423E-07  0.728E-05  pot  B   0.1000
       118  -1.758669  1706.805  0.64872  0.726E-07  0.705E-05  pot  B   0.1000
       119  -1.758669  1706.805  0.64872  0.664E-07  0.652E-05  pot  B   0.1000
       120  -1.758669  1706.806  0.64872  0.582E-07  0.825E-05  pot  B   0.1000
       121  -1.758669  1706.806  0.64872  0.393E-07  0.719E-05  pot  B   0.1000
       122  -1.758669  1706.806  0.64872  0.507E-07  0.503E-05  pot  B   0.1000
       123  -1.758669  1706.806  0.64872  0.469E-07  0.458E-05  pot  B   0.1000
       124  -1.758669  1706.806  0.64872  0.536E-07  0.384E-05  pot  B   0.1000
       125  -1.758669  1706.806  0.64872  0.340E-07  0.431E-05  pot  B   0.1000
       126  -1.758669  1706.806  0.64872  0.263E-07  0.441E-05  pot  B   0.1000
       127  -1.758669  1706.806  0.64872  0.503E-07  0.380E-05  pot  B   0.1000
       128  -1.758669  1706.806  0.64872  0.345E-07  0.407E-05  pot  B   0.1000
       129  -1.758669  1706.806  0.64872  0.236E-07  0.422E-05  pot  B   0.1000
       130  -1.758669  1706.806  0.64872  0.415E-07  0.263E-05  pot  B   0.1000
       131  -1.758669  1706.806  0.64872  0.237E-07  0.232E-05  pot  B   0.1000
       132  -1.758669  1706.806  0.64872  0.309E-07  0.244E-05  pot  B   0.1000
       133  -1.758669  1706.806  0.64872  0.139E-07  0.220E-05  pot  B   0.1000
       134  -1.758669  1706.806  0.64872  0.221E-07  0.297E-05  pot  B   0.1000
       135  -1.758669  1706.806  0.64872  0.194E-07  0.186E-05  pot  B   0.1000
       136  -1.758669  1706.806  0.64872  0.271E-07  0.203E-05  pot  B   0.1000
       137  -1.758669  1706.806  0.64872  0.174E-07  0.197E-05  pot  B   0.1000
       138  -1.758669  1706.806  0.64872  0.129E-07  0.219E-05  pot  B   0.1000
       139  -1.758669  1706.806  0.64872  0.177E-07  0.138E-05  pot  B   0.1000
       140  -1.758669  1706.806  0.64872  0.112E-07  0.139E-05  pot  B   0.1000
       141  -1.758669  1706.806  0.64872  0.817E-08  0.178E-05  pot  B   0.1000
       142  -1.758669  1706.806  0.64872  0.949E-08  0.103E-05  pot  B   0.1000
       143  -1.758669  1706.806  0.64872  0.999E-08  0.937E-06  pot  B   0.1000
       144  -1.758669  1706.806  0.64872  0.119E-07  0.171E-05  pot  B   0.1000
       145  -1.758669  1706.806  0.64872  0.998E-08  0.120E-05  pot  B   0.1000
       146  -1.758669  1706.806  0.64872  0.688E-08  0.145E-05  pot  B   0.1000
       147  -1.758669  1706.806  0.64872  0.634E-08  0.944E-06  pot  B   0.1000
       148  -1.758669  1706.806  0.64872  0.689E-08  0.723E-06  pot  B   0.1000
       149  -1.758669  1706.806  0.64872  0.614E-08  0.485E-06  pot  B   0.1000
       150  -1.758669  1706.806  0.64872  0.439E-08  0.894E-06  pot  B   0.1000
       151  -1.758669  1706.806  0.64872  0.740E-08  0.721E-06  pot  B   0.1000
       152  -1.758669  1706.806  0.64872  0.596E-08  0.720E-06  pot  B   0.1000
       153  -1.758669  1706.806  0.64872  0.679E-08  0.992E-06  pot  B   0.1000
       154  -1.758669  1706.806  0.64872  0.503E-08  0.575E-06  pot  B   0.1000
       155  -1.758669  1706.806  0.64872  0.593E-08  0.464E-06  pot  B   0.1000
       156  -1.758669  1706.806  0.64872  0.648E-08  0.567E-06  pot  B   0.1000
       157  -1.758669  1706.806  0.64872  0.315E-08  0.445E-06  pot  B   0.1000
       158  -1.758669  1706.806  0.64872  0.377E-08  0.555E-06  pot  B   0.1000
       159  -1.758669  1706.806  0.64872  0.370E-08  0.428E-06  pot  B   0.1000
       160  -1.758669  1706.806  0.64872  0.464E-08  0.260E-06  pot  B   0.1000
       161  -1.758669  1706.806  0.64872  0.510E-08  0.277E-06  pot  B   0.1000
       162  -1.758669  1706.806  0.64872  0.374E-08  0.453E-06  pot  B   0.1000
       163  -1.758669  1706.806  0.64872  0.524E-08  0.353E-06  pot  B   0.1000
       164  -1.758669  1706.806  0.64872  0.248E-08  0.258E-06  pot  B   0.1000
       165  -1.758669  1706.806  0.64872  0.334E-08  0.408E-06  pot  B   0.1000
       166  -1.758669  1706.806  0.64872  0.311E-08  0.235E-06  pot  B   0.1000
       167  -1.758669  1706.806  0.64872  0.223E-08  0.203E-06  pot  B   0.1000
       168  -1.758669  1706.806  0.64872  0.316E-08  0.234E-06  pot  B   0.1000
       169  -1.758669  1706.806  0.64872  0.155E-08  0.260E-06  pot  B   0.1000
       170  -1.758669  1706.806  0.64872  0.246E-08  0.309E-06  pot  B   0.1000
       171  -1.758669  1706.806  0.64872  0.167E-08  0.238E-06  pot  B   0.1000
       172  -1.758669  1706.806  0.64872  0.202E-08  0.129E-06  pot  B   0.1000
       173  -1.758669  1706.806  0.64872  0.192E-08  0.117E-06  pot  B   0.1000
       174  -1.758669  1706.806  0.64872  0.968E-09  0.173E-06  pot  B   0.1000
       175  -1.758669  1706.806  0.64872  0.144E-08  0.132E-06  pot  B   0.1000
       176  -1.758669  1706.806  0.64872  0.105E-08  0.118E-06  pot  B   0.1000
       177  -1.758669  1706.806  0.64872  0.979E-09  0.191E-06  pot  B   0.1000
       178  -1.758669  1706.806  0.64872  0.913E-09  0.110E-06  pot  B   0.1000
       179  -1.758669  1706.806  0.64872  0.768E-09  0.109E-06  pot  B   0.1000
       180  -1.758669  1706.806  0.64872  0.841E-09  0.104E-06  pot  B   0.1000
       181  -1.758669  1706.806  0.64872  0.456E-09  0.106E-06  pot  B   0.1000
       182  -1.758669  1706.806  0.64872  0.799E-09  0.135E-06  pot  B   0.1000
       183  -1.758669  1706.806  0.64872  0.669E-09  0.872E-07  pot  B   0.1000
       184  -1.758669  1706.806  0.64872  0.745E-09  0.495E-07  pot  B   0.1000
       185  -1.758669  1706.806  0.64872  0.776E-09  0.502E-07  pot  B   0.1000
       186  -1.758669  1706.806  0.64872  0.570E-09  0.960E-07  pot  B   0.1000
       187  -1.758669  1706.806  0.64872  0.994E-09  0.645E-07  pot  B   0.1000
       188  -1.758669  1706.806  0.64872  0.558E-09  0.703E-07  pot  B   0.1000
       189  -1.758669  1706.806  0.64872  0.720E-09  0.788E-07  pot  B   0.1000
       190  -1.758669  1706.806  0.64872  0.510E-09  0.462E-07  pot  B   0.1000
       191  -1.758669  1706.806  0.64872  0.471E-09  0.449E-07  pot  B   0.1000
       192  -1.758669  1706.806  0.64872  0.492E-09  0.436E-07  pot  B   0.1000
       193  -1.758669  1706.806  0.64872  0.410E-09  0.592E-07  pot  B   0.1000
       194  -1.758669  1706.806  0.64872  0.646E-09  0.552E-07  pot  B   0.1000
       195  -1.758669  1706.806  0.64872  0.376E-09  0.648E-07  pot  B   0.1000
       196  -1.758669  1706.806  0.64872  0.749E-09  0.319E-07  pot  B   0.1000
       197  -1.758669  1706.806  0.64872  0.714E-09  0.330E-07  pot  B   0.1000
       198  -1.758669  1706.806  0.64872  0.248E-09  0.388E-07  pot  B   0.1000
       199  -1.758669  1706.806  0.64872  0.535E-09  0.268E-07  pot  B   0.1000
       200  -1.758669  1706.806  0.64872  0.158E-09  0.340E-07  pot  B   0.1000
**     201  -1.758669  1706.806  0.64872  0.100E-11  0.340E-07  pot  B   0.1000
