 Atom   Index      Q          Qmt        dQ        Vmad        Local Energy
  W         1   73.86925   72.56837   -0.13075    1.73361      -32312.49896
  W         2   73.81800   72.51712   -0.18200    1.77620      -32312.52284
  W         3   73.86825   72.56737   -0.13175    1.71947      -32312.47605
  W         4   73.77819   72.47731   -0.22181    1.82395      -32312.54824
  W         5   73.88494   72.58406   -0.11506    1.70897      -32312.48001
  W         6   73.83252   72.53164   -0.16748    1.75947      -32312.51367
  W         7   73.84068   72.53980   -0.15932    1.75184      -32312.50319
  W         8   73.87686   72.57599   -0.12314    1.71523      -32312.47468
  W         9   73.83821   72.53733   -0.16179    1.75515      -32312.50358
  W        10   73.96330   72.66242   -0.03670    1.61914      -32312.40346
  W        11   73.87404   72.57316   -0.12596    1.71661      -32312.47864
  W        12   73.89405   72.59317   -0.10595    1.69331      -32312.46233
  W        13   73.84443   72.54355   -0.15557    1.74416      -32312.49488
  W        14   73.85118   72.55030   -0.14882    1.73843      -32312.49388
  W        15   73.98006   72.67918   -0.01994    1.60601      -32312.40398
  W        16   73.68225   72.38137   -0.31775    1.91317      -32312.60823
  W        17   73.83406   72.53318   -0.16594    1.74967      -32312.48804
  W        18   73.76670   72.46583   -0.23330    1.83503      -32312.56863
  W        19   73.87345   72.57257   -0.12655    1.71247      -32312.47172
  W        20   73.92177   72.62090   -0.07823    1.67126      -32312.44800
  W        21   73.99553   72.69465   -0.00447    1.59375      -32312.40165
  W        22   73.77852   72.47765   -0.22148    1.81310      -32312.53692
  W        23   73.91273   72.61186   -0.08727    1.67337      -32312.44986
  W        24   73.88959   72.58872   -0.11041    1.70934      -32312.48352
  W        25   73.99679   72.69591   -0.00321    1.60360      -32312.41563
  W        26   73.82389   72.52301   -0.17611    1.76183      -32312.50079
  W        27   74.03572   72.73484    0.03572    1.56180      -32312.38218
  W        28   73.93407   72.63319   -0.06593    1.65049      -32312.42876
  W        29   73.82236   72.52148   -0.17764    1.77892      -32312.52820
  W        30   73.86732   72.56644   -0.13268    1.72420      -32312.47961
  W        31   73.82258   72.52170   -0.17742    1.76850      -32312.51288
  W        32   74.01213   72.71125    0.01213    1.57394      -32312.38118
  W        33   73.81710   72.51622   -0.18290    1.76932      -32312.51287
  W        34   73.89882   72.59795   -0.10118    1.69359      -32312.46518
  W        35   73.82367   72.52279   -0.17633    1.77847      -32312.51992
  W        36   73.83323   72.53236   -0.16677    1.76641      -32312.51891
  W        37   73.81381   72.51294   -0.18619    1.77581      -32312.51055
  W        38   73.93265   72.63177   -0.06735    1.66074      -32312.45680
  W        39   73.81830   72.51743   -0.18170    1.77402      -32312.52202
  W        40   73.87844   72.57756   -0.12156    1.71161      -32312.47664
  W        41   73.83276   72.53188   -0.16724    1.75347      -32312.49496
  W        42   73.84942   72.54854   -0.15058    1.74363      -32312.49843
  W        43   73.81417   72.51329   -0.18583    1.78042      -32312.51725
  W        44   73.81682   72.51594   -0.18318    1.78372      -32312.53343
  W        45   73.85475   72.55388   -0.14525    1.73412      -32312.49855
  W        46   73.95613   72.65525   -0.04387    1.64207      -32312.44388
  W        47   73.74965   72.44877   -0.25035    1.84053      -32312.54917
  W        48   73.94804   72.64716   -0.05196    1.63740      -32312.42847
  W        49   73.82603   72.52515   -0.17397    1.76625      -32312.50691
  W        50   73.88567   72.58479   -0.11433    1.70715      -32312.47005
  W        51   73.91484   72.61397   -0.08516    1.68093      -32312.46116
  W        52   73.85620   72.55532   -0.14380    1.73981      -32312.49440
  W        53   73.94005   72.63918   -0.05995    1.65260      -32312.43890
  W        54   73.84468   72.54380   -0.15532    1.74937      -32312.51092
  W        55   73.77415   72.47327   -0.22585    1.82570      -32312.56244
  W        56   74.03325   72.73237    0.03325    1.55392      -32312.37293
  W        57   73.73986   72.43898   -0.26014    1.85575      -32312.56593
  W        58   73.84100   72.54012   -0.15900    1.75029      -32312.49609
  W        59   73.89548   72.59460   -0.10452    1.69576      -32312.46221
  W        60   73.58216   72.28128   -0.41784    2.01572      -32312.67243
  W        61   73.75593   72.45505   -0.24407    1.84065      -32312.55852
  W        62   73.82535   72.52447   -0.17465    1.77183      -32312.52205
  W        63   73.72486   72.42398   -0.27514    1.86113      -32312.56440
  W        64   73.97166   72.67078   -0.02834    1.62811      -32312.43250
  Nb       65   40.94915   39.64827   -0.05085    1.67407       -7632.55773
  Nb       66   40.89472   39.59384   -0.10528    1.73105       -7632.59302
  Nb       67   40.88435   39.58347   -0.11565    1.74597       -7632.60272
  Nb       68   41.01108   39.71020    0.01108    1.61298       -7632.51448
  Nb       69   40.90480   39.60392   -0.09520    1.72249       -7632.58527
  Nb       70   40.92591   39.62503   -0.07409    1.70089       -7632.58009
  Nb       71   41.00297   39.70210    0.00297    1.62555       -7632.52774
  Nb       72   40.93484   39.63397   -0.06516    1.68524       -7632.55772
  Nb       73   40.83606   39.53519   -0.16394    1.78712       -7632.62256
  Nb       74   40.93587   39.63499   -0.06413    1.68566       -7632.55317
  Nb       75   40.91676   39.61588   -0.08324    1.70947       -7632.56955
  Nb       76   40.93166   39.63078   -0.06834    1.69837       -7632.57264
  Nb       77   40.90021   39.59933   -0.09979    1.72218       -7632.58099
  Nb       78   40.80738   39.50650   -0.19262    1.81264       -7632.64067
  Nb       79   40.96653   39.66565   -0.03347    1.65229       -7632.53674
  Nb       80   40.84356   39.54268   -0.15644    1.78163       -7632.61647
  Nb       81   40.86955   39.56867   -0.13045    1.75677       -7632.60490
  Nb       82   40.90988   39.60900   -0.09012    1.71600       -7632.57305
  Nb       83   40.95800   39.65712   -0.04200    1.66667       -7632.55001
  Nb       84   40.80566   39.50478   -0.19434    1.81577       -7632.63282
  Nb       85   40.89250   39.59162   -0.10750    1.73174       -7632.58899
  Nb       86   40.92157   39.62069   -0.07843    1.70510       -7632.57977
  Nb       87   40.93253   39.63166   -0.06747    1.69164       -7632.56507
  Nb       88   40.99747   39.69659   -0.00253    1.63533       -7632.53296
  Nb       89   40.96033   39.65946   -0.03967    1.66310       -7632.54441
  Nb       90   40.87564   39.57476   -0.12436    1.75038       -7632.59615
  Nb       91   40.96119   39.66031   -0.03881    1.66523       -7632.54759
  Nb       92   40.97617   39.67529   -0.02383    1.65884       -7632.55001
  Nb       93   40.94715   39.64627   -0.05285    1.67841       -7632.55293
  Nb       94   40.89213   39.59125   -0.10787    1.73370       -7632.59366
  Nb       95   40.96918   39.66830   -0.03082    1.65621       -7632.55240
  Nb       96   40.89323   39.59235   -0.10677    1.73782       -7632.59581
  Nb       97   40.87183   39.57095   -0.12817    1.75815       -7632.60667
  Nb       98   40.95167   39.65080   -0.04833    1.66878       -7632.54529
  Nb       99   41.06612   39.76524    0.06612    1.55989       -7632.48843
  Nb      100   40.78408   39.48320   -0.21592    1.84139       -7632.66197
  Nb      101   40.75491   39.45403   -0.24509    1.87380       -7632.67800
  Nb      102   40.69555   39.39468   -0.30445    1.93326       -7632.71604
  Nb      103   40.83027   39.52939   -0.16973    1.79672       -7632.63215
  Nb      104   40.83755   39.53667   -0.16245    1.78892       -7632.63130
  Nb      105   40.79752   39.49664   -0.20248    1.83203       -7632.66104
  Nb      106   40.90602   39.60514   -0.09398    1.71550       -7632.58696
  Nb      107   40.94095   39.64007   -0.05905    1.68325       -7632.56035
  Nb      108   40.83163   39.53075   -0.16837    1.79030       -7632.63258
  Nb      109   40.89182   39.59094   -0.10818    1.72964       -7632.58881
  Nb      110   40.97577   39.67490   -0.02423    1.64726       -7632.53291
  Nb      111   40.96912   39.66825   -0.03088    1.66448       -7632.54868
  Nb      112   41.02314   39.72226    0.02314    1.60357       -7632.50878
  Nb      113   40.85006   39.54919   -0.14994    1.77439       -7632.61966
  Nb      114   41.01759   39.71671    0.01759    1.59981       -7632.50222
  Nb      115   40.88875   39.58787   -0.11125    1.73669       -7632.59579
  Nb      116   40.89448   39.59360   -0.10552    1.73015       -7632.58493
  Nb      117   40.93613   39.63525   -0.06387    1.68939       -7632.56533
  Nb      118   40.96318   39.66230   -0.03682    1.65836       -7632.53562
  Nb      119   40.92660   39.62572   -0.07340    1.70567       -7632.58314
  Nb      120   40.93360   39.63272   -0.06640    1.69531       -7632.56393
  Nb      121   40.99092   39.69004   -0.00908    1.63128       -7632.52617
  Nb      122   41.01607   39.71519    0.01607    1.60970       -7632.51003
  Nb      123   40.87598   39.57510   -0.12402    1.74990       -7632.59918
  Nb      124   40.93287   39.63199   -0.06713    1.69256       -7632.55631
  Nb      125   41.06986   39.76898    0.06986    1.55616       -7632.48217
  Nb      126   40.88525   39.58437   -0.11475    1.74317       -7632.60318
  Nb      127   40.87027   39.56939   -0.12973    1.75652       -7632.60806
  Nb      128   40.92248   39.62161   -0.07752    1.70838       -7632.58393
  Mo      129   42.10179   40.80091    0.10179    1.61285       -8090.54187
  Mo      130   42.13288   40.83200    0.13288    1.57874       -8090.50612
  Mo      131   41.90710   40.60622   -0.09290    1.81498       -8090.66110
  Mo      132   42.01398   40.71310    0.01398    1.70788       -8090.60268
  Mo      133   41.98188   40.68100   -0.01812    1.73861       -8090.61190
  Mo      134   42.05170   40.75082    0.05170    1.66644       -8090.56850
  Mo      135   42.09453   40.79365    0.09453    1.62113       -8090.54431
  Mo      136   42.24601   40.94513    0.24601    1.47056       -8090.45935
  Mo      137   42.09040   40.78953    0.09040    1.63481       -8090.56027
  Mo      138   41.93820   40.63733   -0.06180    1.78783       -8090.64905
  Mo      139   41.97992   40.67904   -0.02008    1.73680       -8090.61343
  Mo      140   42.04362   40.74274    0.04362    1.67130       -8090.57000
  Mo      141   42.17954   40.87866    0.17954    1.54390       -8090.50757
  Mo      142   42.12554   40.82466    0.12554    1.59160       -8090.53137
  Mo      143   42.11450   40.81362    0.11450    1.60047       -8090.52833
  Mo      144   42.12036   40.81948    0.12036    1.59779       -8090.53093
  Mo      145   42.01073   40.70985    0.01073    1.69988       -8090.58758
  Mo      146   42.02167   40.72079    0.02167    1.69426       -8090.58880
  Mo      147   42.07174   40.77086    0.07174    1.64474       -8090.55910
  Mo      148   42.15976   40.85888    0.15976    1.55865       -8090.50734
  Mo      149   42.11745   40.81658    0.11745    1.60802       -8090.54862
  Mo      150   42.14830   40.84742    0.14830    1.57539       -8090.52213
  Mo      151   41.86331   40.56243   -0.13669    1.86126       -8090.69383
  Mo      152   42.07709   40.77621    0.07709    1.64873       -8090.57050
  Mo      153   42.19137   40.89049    0.19137    1.52577       -8090.48761
  Mo      154   42.17230   40.87142    0.17230    1.55083       -8090.51897
  Mo      155   42.07285   40.77197    0.07285    1.64587       -8090.56470
  Mo      156   42.05970   40.75882    0.05970    1.66462       -8090.57589
  Mo      157   42.10596   40.80509    0.10596    1.61861       -8090.54894
  Mo      158   41.85263   40.55175   -0.14737    1.87213       -8090.69820
  Mo      159   42.21509   40.91421    0.21509    1.49964       -8090.46902
  Mo      160   42.03392   40.73304    0.03392    1.68688       -8090.58311
  Mo      161   42.18475   40.88387    0.18475    1.52569       -8090.49035
  Mo      162   41.99449   40.69361   -0.00551    1.72976       -8090.61610
  Mo      163   41.97452   40.67364   -0.02548    1.74186       -8090.62967
  Mo      164   42.20505   40.90417    0.20505    1.50834       -8090.48347
  Mo      165   41.90784   40.60696   -0.09216    1.81628       -8090.65832
  Mo      166   42.02761   40.72673    0.02761    1.69021       -8090.58949
  Mo      167   41.93971   40.63883   -0.06029    1.78521       -8090.65080
  Mo      168   42.11360   40.81273    0.11360    1.60283       -8090.53588
  Mo      169   42.01182   40.71094    0.01182    1.70614       -8090.60071
  Mo      170   42.19412   40.89324    0.19412    1.51947       -8090.47549
  Mo      171   42.05673   40.75585    0.05673    1.65752       -8090.56127
  Mo      172   42.11581   40.81494    0.11581    1.59491       -8090.52397
  Mo      173   41.97359   40.67272   -0.02641    1.75057       -8090.62040
  Mo      174   42.14979   40.84891    0.14979    1.56337       -8090.51195
  Mo      175   42.03682   40.73594    0.03682    1.67562       -8090.57513
  Mo      176   42.18986   40.88899    0.18986    1.52526       -8090.48644
  Mo      177   42.05856   40.75769    0.05856    1.66133       -8090.56813
  Mo      178   42.07659   40.77571    0.07659    1.64229       -8090.56774
  Mo      179   42.11466   40.81378    0.11466    1.60071       -8090.52930
  Mo      180   41.95431   40.65343   -0.04569    1.76576       -8090.62577
  Mo      181   42.10913   40.80825    0.10913    1.60093       -8090.52287
  Mo      182   42.05735   40.75648    0.05735    1.66772       -8090.57370
  Mo      183   41.99181   40.69093   -0.00819    1.72016       -8090.60091
  Mo      184   42.00564   40.70476    0.00564    1.71853       -8090.60726
  Mo      185   42.16246   40.86158    0.16246    1.56027       -8090.51535
  Mo      186   42.18247   40.88159    0.18247    1.52535       -8090.48052
  Mo      187   42.10318   40.80230    0.10318    1.61198       -8090.53638
  Mo      188   42.12738   40.82651    0.12738    1.59494       -8090.53587
  Mo      189   41.97624   40.67536   -0.02376    1.74644       -8090.62518
  Mo      190   42.21509   40.91421    0.21509    1.50155       -8090.47103
  Mo      191   41.96604   40.66517   -0.03396    1.75427       -8090.61925
  Mo      192   41.87148   40.57060   -0.12852    1.85713       -8090.68588
  Ta      193   72.81655   71.51567   -0.18345    1.72014      -31232.88689
  Ta      194   72.81990   71.51902   -0.18010    1.70736      -31232.88586
  Ta      195   72.69048   71.38960   -0.30952    1.83774      -31232.96344
  Ta      196   72.71739   71.41651   -0.28261    1.81346      -31232.95014
  Ta      197   72.76974   71.46887   -0.23026    1.76324      -31232.92680
  Ta      198   72.87435   71.57347   -0.12565    1.66718      -31232.85460
  Ta      199   72.77424   71.47336   -0.22576    1.75770      -31232.91278
  Ta      200   72.67416   71.37328   -0.32584    1.86037      -31232.98829
  Ta      201   72.55524   71.25436   -0.44476    1.98023      -31233.05584
  Ta      202   72.88280   71.58192   -0.11720    1.64981      -31232.84469
  Ta      203   72.88569   71.58481   -0.11431    1.64674      -31232.83517
  Ta      204   72.66874   71.36786   -0.33126    1.85931      -31232.97494
  Ta      205   72.60264   71.30176   -0.39736    1.93029      -31233.03213
  Ta      206   72.72877   71.42789   -0.27123    1.80169      -31232.94992
  Ta      207   72.75799   71.45711   -0.24201    1.77184      -31232.92604
  Ta      208   72.58954   71.28866   -0.41046    1.94218      -31233.02992
  Ta      209   72.83800   71.53712   -0.16200    1.69783      -31232.87458
  Ta      210   72.88069   71.57981   -0.11931    1.65543      -31232.84748
  Ta      211   72.75238   71.45150   -0.24762    1.77529      -31232.92184
  Ta      212   72.66640   71.36552   -0.33360    1.86080      -31232.97918
  Ta      213   72.73589   71.43502   -0.26411    1.79431      -31232.94447
  Ta      214   72.74631   71.44544   -0.25369    1.79041      -31232.93397
  Ta      215   72.72121   71.42033   -0.27879    1.81493      -31232.96068
  Ta      216   72.61536   71.31448   -0.38464    1.91974      -31233.02913
  Ta      217   72.84466   71.54379   -0.15534    1.68716      -31232.86189
  Ta      218   72.73456   71.43368   -0.26544    1.79624      -31232.94272
  Ta      219   72.72033   71.41945   -0.27967    1.81205      -31232.94425
  Ta      220   72.78041   71.47953   -0.21959    1.74997      -31232.89985
  Ta      221   72.65796   71.35709   -0.34204    1.87629      -31233.00019
  Ta      222   72.64784   71.34697   -0.35216    1.88011      -31232.99822
  Ta      223   72.67416   71.37328   -0.32584    1.85547      -31232.97332
  Ta      224   72.77890   71.47802   -0.22110    1.75914      -31232.92775
  Ta      225   72.79273   71.49186   -0.20727    1.74555      -31232.91125
  Ta      226   72.66785   71.36697   -0.33215    1.86930      -31232.99173
  Ta      227   72.75015   71.44927   -0.24985    1.78751      -31232.93837
  Ta      228   72.59736   71.29649   -0.40264    1.93441      -31233.03485
  Ta      229   72.76139   71.46051   -0.23861    1.77611      -31232.93080
  Ta      230   72.50390   71.20302   -0.49610    2.03071      -31233.10009
  Ta      231   72.76390   71.46302   -0.23610    1.76437      -31232.91860
  Ta      232   72.64950   71.34863   -0.35050    1.88328      -31232.99937
  Ta      233   72.74265   71.44177   -0.25735    1.79270      -31232.94664
  Ta      234   72.72102   71.42014   -0.27898    1.80604      -31232.93892
  Ta      235   72.70700   71.40612   -0.29300    1.82705      -31232.96635
  Ta      236   72.66567   71.36479   -0.33433    1.87071      -31232.99508
  Ta      237   72.84446   71.54358   -0.15554    1.68927      -31232.87236
  Ta      238   72.80244   71.50156   -0.19756    1.72997      -31232.89384
  Ta      239   72.71187   71.41099   -0.28813    1.82248      -31232.95971
  Ta      240   72.69104   71.39017   -0.30896    1.84083      -31232.97147
  Ta      241   72.80840   71.50752   -0.19160    1.71970      -31232.88097
  Ta      242   72.90759   71.60671   -0.09241    1.62822      -31232.82442
  Ta      243   72.79905   71.49817   -0.20095    1.73149      -31232.89799
  Ta      244   72.67286   71.37198   -0.32714    1.85512      -31232.97683
  Ta      245   72.73458   71.43370   -0.26542    1.79432      -31232.93278
  Ta      246   72.70591   71.40503   -0.29409    1.82490      -31232.95512
  Ta      247   72.59190   71.29102   -0.40810    1.93779      -31233.02964
  Ta      248   72.65914   71.35826   -0.34086    1.87165      -31232.98499
  Ta      249   72.54385   71.24297   -0.45615    1.98664      -31233.06712
  Ta      250   72.72630   71.42543   -0.27370    1.81105      -31232.94527
  Ta      251   72.89404   71.59316   -0.10596    1.63984      -31232.83726
  Ta      252   72.72735   71.42647   -0.27265    1.81369      -31232.95136
  Ta      253   72.80334   71.50247   -0.19666    1.72736      -31232.88780
  Ta      254   72.84466   71.54378   -0.15534    1.68804      -31232.86349
  Ta      255   72.78290   71.48202   -0.21710    1.74790      -31232.90295
  Ta      256   72.58284   71.28196   -0.41716    1.94702      -31233.03524
  V       257   23.38120   22.08032    0.38120    1.56706       -1895.24641
  V       258   23.39856   22.09768    0.39856    1.55063       -1895.23801
  V       259   23.41462   22.11374    0.41462    1.53733       -1895.23226
  V       260   23.38084   22.07996    0.38084    1.56355       -1895.23650
  V       261   23.30590   22.00502    0.30590    1.65498       -1895.30847
  V       262   23.58023   22.27935    0.58023    1.35972       -1895.12242
  V       263   23.45500   22.15412    0.45500    1.49181       -1895.19859
  V       264   23.51361   22.21273    0.51361    1.42733       -1895.17929
  V       265   23.33380   22.03292    0.33380    1.61376       -1895.27425
  V       266   23.56598   22.26510    0.56598    1.37276       -1895.11736
  V       267   23.56948   22.26860    0.56948    1.36784       -1895.11537
  V       268   23.45463   22.15375    0.45463    1.49630       -1895.20251
  V       269   23.44114   22.14026    0.44114    1.50249       -1895.21434
  V       270   23.44443   22.14356    0.44443    1.50062       -1895.20359
  V       271   23.50380   22.20292    0.50380    1.43993       -1895.18864
  V       272   23.24415   21.94327    0.24415    1.71236       -1895.32740
  V       273   23.44997   22.14909    0.44997    1.49410       -1895.19193
  V       274   23.49188   22.19100    0.49188    1.45072       -1895.16901
  V       275   23.25622   21.95534    0.25622    1.69768       -1895.31105
  V       276   23.39252   22.09164    0.39252    1.56027       -1895.24253
  V       277   23.42124   22.12036    0.42124    1.53017       -1895.21148
  V       278   23.30692   22.00604    0.30692    1.64655       -1895.29830
  V       279   23.34371   22.04283    0.34371    1.61123       -1895.26560
  V       280   23.44694   22.14607    0.44694    1.49770       -1895.19296
  V       281   23.44891   22.14803    0.44891    1.49705       -1895.21395
  V       282   23.48548   22.18460    0.48548    1.46080       -1895.17500
  V       283   23.42285   22.12198    0.42285    1.52673       -1895.22581
  V       284   23.34272   22.04184    0.34272    1.60969       -1895.27811
  V       285   23.32047   22.01959    0.32047    1.63638       -1895.28589
  V       286   23.39981   22.09893    0.39981    1.55210       -1895.23280
  V       287   23.50471   22.20384    0.50471    1.43908       -1895.16580
  V       288   23.47941   22.17853    0.47941    1.46308       -1895.19299
  V       289   23.54214   22.24126    0.54214    1.40267       -1895.13815
  V       290   23.53013   22.22925    0.53013    1.40783       -1895.14504
  V       291   23.40180   22.10092    0.40180    1.54365       -1895.24138
  V       292   23.39965   22.09877    0.39965    1.54682       -1895.21906
  V       293   23.37858   22.07770    0.37858    1.57029       -1895.25257
  V       294   23.66065   22.35977    0.66065    1.27829       -1895.07050
  V       295   23.29717   21.99629    0.29717    1.65543       -1895.29849
  V       296   23.56141   22.26053    0.56141    1.38012       -1895.12824
  V       297   23.55112   22.25024    0.55112    1.39174       -1895.13293
  V       298   23.38956   22.08869    0.38956    1.56150       -1895.23663
  V       299   23.44327   22.14239    0.44327    1.49863       -1895.19545
  V       300   23.39718   22.09630    0.39718    1.54805       -1895.21318
  V       301   23.45578   22.15490    0.45578    1.49470       -1895.21091
  V       302   23.47597   22.17509    0.47597    1.47003       -1895.18925
  V       303   23.44697   22.14609    0.44697    1.49837       -1895.21568
  V       304   23.43605   22.13517    0.43605    1.51474       -1895.22565
  V       305   23.40776   22.10688    0.40776    1.53913       -1895.22395
  V       306   23.31828   22.01740    0.31828    1.63480       -1895.27964
  V       307   23.48026   22.17938    0.48026    1.46339       -1895.18339
  V       308   23.45737   22.15649    0.45737    1.48548       -1895.20471
  V       309   23.31980   22.01892    0.31980    1.63838       -1895.29864
  V       310   23.50730   22.20642    0.50730    1.43355       -1895.16689
  V       311   23.41140   22.11052    0.41140    1.53357       -1895.22663
  V       312   23.34386   22.04299    0.34386    1.61604       -1895.27958
  V       313   23.37144   22.07056    0.37144    1.57583       -1895.25352
  V       314   23.46058   22.15970    0.46058    1.48466       -1895.19225
  V       315   23.38304   22.08216    0.38304    1.56620       -1895.23218
  V       316   23.37009   22.06921    0.37009    1.58894       -1895.26209
  V       317   23.45055   22.14967    0.45055    1.49328       -1895.21991
  V       318   23.36967   22.06879    0.36967    1.58275       -1895.24727
  V       319   23.36729   22.06641    0.36729    1.58549       -1895.24839
  V       320   23.46514   22.16426    0.46514    1.47631       -1895.17988
