System Description            : WNbMoTaV, BCC structure                         
Number of Atoms in Unit Cell  : 20                                              
Number of Atomic Species      : 5                                               
Number of Atoms in Each Type  : 4(W), 4(Nb), 4(Mo), 4(Ta), 4(V)                 
Energy Offset                 : -16231                                          
=======================================================================================
    Iter     Energy      3PV     Efermi   Rms_rho    Rms_pot   Mix  Alg  Alpha 
---------------------------------------------------------------------------------------
**       1  -0.840184  1839.084  0.57977  0.140E+01  0.186E+00  pot  B   0.1000
         2  -0.714846  1817.189  0.60056  0.742E-02  0.844E+00  pot  B   0.1000
         3  -1.200877  1813.625  0.59549  0.390E-02  0.318E+00  pot  B   0.1000
         4  -1.387683  1801.007  0.60759  0.403E-02  0.773E-01  pot  B   0.1000
         5  -1.645048  1754.029  0.62076  0.155E-01  0.129E+00  pot  B   0.1000
         6  -1.665895  1743.805  0.62727  0.356E-02  0.179E+00  pot  B   0.1000
         7  -1.696456  1737.224  0.63118  0.243E-02  0.115E+00  pot  B   0.1000
         8  -1.725424  1728.548  0.63422  0.361E-02  0.319E-01  pot  B   0.1000
         9  -1.737992  1721.676  0.63652  0.313E-02  0.472E-01  pot  B   0.1000
        10  -1.752957  1712.165  0.63930  0.498E-02  0.148E-01  pot  B   0.1000
        11  -1.755616  1708.186  0.64082  0.235E-02  0.134E-01  pot  B   0.1000
        12  -1.755965  1707.499  0.64173  0.534E-03  0.635E-02  pot  B   0.1000
        13  -1.756168  1707.174  0.64274  0.316E-03  0.626E-02  pot  B   0.1000
        14  -1.756388  1706.972  0.64471  0.370E-03  0.284E-02  pot  B   0.1000
        15  -1.756472  1706.807  0.64656  0.306E-03  0.218E-02  pot  B   0.1000
        16  -1.756463  1706.797  0.64707  0.854E-04  0.106E-02  pot  B   0.1000
        17  -1.756463  1706.818  0.64716  0.431E-04  0.508E-03  pot  B   0.1000
        18  -1.756463  1706.850  0.64723  0.469E-04  0.296E-03  pot  B   0.1000
        19  -1.756463  1706.849  0.64728  0.238E-04  0.217E-03  pot  B   0.1000
        20  -1.756463  1706.834  0.64730  0.841E-05  0.187E-03  pot  B   0.1000
        21  -1.756463  1706.830  0.64731  0.474E-05  0.157E-03  pot  B   0.1000
        22  -1.756463  1706.812  0.64734  0.686E-05  0.100E-03  pot  B   0.1000
        23  -1.756463  1706.804  0.64736  0.502E-05  0.721E-04  pot  B   0.1000
        24  -1.756463  1706.806  0.64737  0.164E-05  0.273E-04  pot  B   0.1000
        25  -1.756463  1706.810  0.64738  0.161E-05  0.370E-04  pot  B   0.1000
        26  -1.756463  1706.813  0.64738  0.144E-05  0.186E-04  pot  B   0.1000
        27  -1.756464  1706.818  0.64738  0.175E-05  0.873E-05  pot  B   0.1000
        28  -1.756464  1706.819  0.64738  0.636E-06  0.784E-05  pot  B   0.1000
        29  -1.756464  1706.821  0.64739  0.707E-06  0.525E-05  pot  B   0.1000
        30  -1.756464  1706.821  0.64739  0.314E-06  0.422E-05  pot  B   0.1000
        31  -1.756464  1706.821  0.64739  0.118E-06  0.576E-05  pot  B   0.1000
        32  -1.756464  1706.821  0.64739  0.124E-06  0.282E-05  pot  B   0.1000
        33  -1.756464  1706.821  0.64739  0.159E-06  0.106E-05  pot  B   0.1000
        34  -1.756464  1706.821  0.64739  0.476E-07  0.844E-06  pot  B   0.1000
        35  -1.756464  1706.821  0.64739  0.257E-07  0.475E-06  pot  B   0.1000
        36  -1.756464  1706.821  0.64739  0.559E-07  0.310E-06  pot  B   0.1000
        37  -1.756464  1706.821  0.64739  0.308E-07  0.180E-06  pot  B   0.1000
        38  -1.756464  1706.821  0.64739  0.548E-08  0.264E-06  pot  B   0.1000
        39  -1.756464  1706.821  0.64739  0.440E-08  0.691E-07  pot  B   0.1000
        40  -1.756464  1706.821  0.64739  0.398E-08  0.788E-07  pot  B   0.1000
        41  -1.756464  1706.821  0.64739  0.220E-08  0.559E-07  pot  B   0.1000
        42  -1.756464  1706.821  0.64739  0.153E-08  0.197E-07  pot  B   0.1000
        43  -1.756464  1706.821  0.64739  0.110E-08  0.187E-07  pot  B   0.1000
        44  -1.756464  1706.821  0.64739  0.212E-08  0.669E-08  pot  B   0.1000
        45  -1.756464  1706.821  0.64739  0.610E-09  0.157E-07  pot  B   0.1000
        46  -1.756464  1706.821  0.64739  0.384E-09  0.442E-08  pot  B   0.1000
**      47  -1.756464  1706.821  0.64739  0.391E-12  0.442E-08  pot  B   0.1000
