System Description            : WNbMoTaV, BCC structure                         
Number of Atoms in Unit Cell  : 1280                                            
Number of Atomic Species      : 5                                               
Number of Atoms in Each Type  : 256(W), 256(Nb), 256(Mo), 256(Ta), 256(V)       
Energy Offset                 : -16231                                          
=======================================================================================
    Iter     Energy      3PV     Efermi   Rms_rho    Rms_pot   Mix  Alg  Alpha 
---------------------------------------------------------------------------------------
**       1  -0.851954  1839.078  0.58646  0.140E+01  0.459E+00  pot  B   0.1000
         2  25.662893  1843.954  0.62464  0.223E-01  0.184E+02  pot  B   0.1000
         3  -1.043459  1816.345  0.59102  0.170E-01  0.138E+01  pot  B   0.1000
         4   0.887502  1814.718  0.60482  0.563E-02  0.606E+01  pot  B   0.1000
         5  -0.238744  1810.798  0.60868  0.505E-02  0.487E+01  pot  B   0.1000
         6  -0.976017  1800.888  0.61461  0.707E-02  0.164E+01  pot  B   0.1000
         7  -1.283243  1795.209  0.61540  0.490E-02  0.131E+01  pot  B   0.1000
         8  -1.415668  1790.140  0.61560  0.433E-02  0.779E+00  pot  B   0.1000
         9  -1.475448  1782.710  0.61618  0.350E-02  0.610E+00  pot  B   0.1000
        10  -1.513882  1774.947  0.61787  0.283E-02  0.681E+00  pot  B   0.1000
        11  -1.582497  1764.128  0.62118  0.450E-02  0.792E+00  pot  B   0.1000
        12  -1.605663  1756.370  0.62470  0.340E-02  0.819E+00  pot  B   0.1000
        13  -1.659421  1745.607  0.62934  0.383E-02  0.652E+00  pot  B   0.1000
        14  -1.665522  1747.438  0.62797  0.244E-02  0.697E+00  pot  B   0.1000
        15  -1.689520  1740.035  0.63351  0.288E-02  0.428E+00  pot  B   0.1000
        16  -1.710876  1729.870  0.63651  0.371E-02  0.376E+00  pot  B   0.1000
        17  -1.586318  1743.779  0.62951  0.488E-02  0.138E+01  pot  B   0.1000
        18  -1.669650  1728.690  0.63570  0.541E-02  0.705E+00  pot  B   0.1000
        19  -1.705884  1731.996  0.63393  0.209E-02  0.441E+00  pot  B   0.1000
        20  -1.717443  1729.309  0.63465  0.154E-02  0.382E+00  pot  B   0.1000
        21  -1.713930  1731.383  0.63454  0.196E-02  0.287E+00  pot  B   0.1000
        22  -1.723045  1730.263  0.63502  0.112E-02  0.310E+00  pot  B   0.1000
        23  -1.730651  1728.360  0.63576  0.150E-02  0.358E+00  pot  B   0.1000
        24  -1.731412  1727.217  0.63616  0.112E-02  0.287E+00  pot  B   0.1000
        25  -1.737249  1727.212  0.63593  0.103E-02  0.158E+00  pot  B   0.1000
        26  -1.735918  1727.418  0.63584  0.617E-03  0.261E+00  pot  B   0.1000
        27  -1.740632  1726.327  0.63631  0.541E-03  0.150E+00  pot  B   0.1000
        28  -1.743727  1724.612  0.63680  0.839E-03  0.108E+00  pot  B   0.1000
        29  -1.725903  1725.977  0.63655  0.838E-03  0.547E+00  pot  B   0.1000
        30  -1.743855  1723.463  0.63730  0.123E-02  0.167E+00  pot  B   0.1000
        31  -1.743879  1723.311  0.63749  0.668E-03  0.153E+00  pot  B   0.1000
        32  -1.745087  1722.586  0.63780  0.614E-03  0.167E+00  pot  B   0.1000
        33  -1.744272  1721.638  0.63824  0.972E-03  0.215E+00  pot  B   0.1000
        34  -1.746045  1721.044  0.63853  0.656E-03  0.174E+00  pot  B   0.1000
        35  -1.747376  1720.662  0.63869  0.662E-03  0.239E+00  pot  B   0.1000
        36  -1.748450  1719.659  0.63917  0.666E-03  0.192E+00  pot  B   0.1000
        37  -1.748195  1720.363  0.63884  0.750E-03  0.167E+00  pot  B   0.1000
        38  -1.744177  1720.853  0.63875  0.606E-03  0.301E+00  pot  B   0.1000
        39  -1.750299  1719.872  0.63902  0.511E-03  0.138E+00  pot  B   0.1000
        40  -1.751594  1719.177  0.63938  0.448E-03  0.794E-01  pot  B   0.1000
        41  -1.751220  1718.319  0.63987  0.496E-03  0.161E+00  pot  B   0.1000
        42  -1.752561  1718.197  0.63998  0.390E-03  0.104E+00  pot  B   0.1000
        43  -1.752304  1718.192  0.63995  0.370E-03  0.970E-01  pot  B   0.1000
        44  -1.753157  1717.697  0.64024  0.330E-03  0.779E-01  pot  B   0.1000
        45  -1.753502  1716.897  0.64072  0.432E-03  0.122E+00  pot  B   0.1000
        46  -1.753854  1716.379  0.64100  0.267E-03  0.102E+00  pot  B   0.1000
        47  -1.753570  1716.339  0.64102  0.359E-03  0.139E+00  pot  B   0.1000
        48  -1.754358  1715.707  0.64137  0.316E-03  0.102E+00  pot  B   0.1000
        49  -1.753278  1715.938  0.64126  0.499E-03  0.153E+00  pot  B   0.1000
        50  -1.752210  1715.726  0.64133  0.503E-03  0.218E+00  pot  B   0.1000
        51  -1.754621  1715.572  0.64152  0.283E-03  0.117E+00  pot  B   0.1000
        52  -1.755143  1715.300  0.64169  0.318E-03  0.807E-01  pot  B   0.1000
        53  -1.755444  1714.183  0.64239  0.548E-03  0.806E-01  pot  B   0.1000
        54  -1.755600  1714.528  0.64214  0.279E-03  0.739E-01  pot  B   0.1000
        55  -1.755709  1714.436  0.64223  0.323E-03  0.652E-01  pot  B   0.1000
        56  -1.755983  1714.279  0.64232  0.244E-03  0.610E-01  pot  B   0.1000
        57  -1.756257  1713.797  0.64262  0.255E-03  0.601E-01  pot  B   0.1000
        58  -1.756475  1713.419  0.64289  0.188E-03  0.484E-01  pot  B   0.1000
        59  -1.756343  1713.333  0.64295  0.215E-03  0.929E-01  pot  B   0.1000
        60  -1.756699  1712.988  0.64321  0.194E-03  0.646E-01  pot  B   0.1000
        61  -1.756224  1712.981  0.64322  0.277E-03  0.102E+00  pot  B   0.1000
        62  -1.755706  1712.730  0.64344  0.359E-03  0.151E+00  pot  B   0.1000
        63  -1.756780  1712.722  0.64338  0.240E-03  0.714E-01  pot  B   0.1000
        64  -1.756923  1712.572  0.64348  0.218E-03  0.632E-01  pot  B   0.1000
        65  -1.757257  1711.708  0.64408  0.426E-03  0.476E-01  pot  B   0.1000
        66  -1.757033  1712.071  0.64386  0.203E-03  0.663E-01  pot  B   0.1000
        67  -1.757071  1712.026  0.64388  0.271E-03  0.527E-01  pot  B   0.1000
        68  -1.757283  1711.792  0.64406  0.213E-03  0.482E-01  pot  B   0.1000
        69  -1.757450  1711.533  0.64427  0.185E-03  0.423E-01  pot  B   0.1000
        70  -1.757537  1711.301  0.64444  0.141E-03  0.455E-01  pot  B   0.1000
        71  -1.757409  1711.304  0.64444  0.159E-03  0.708E-01  pot  B   0.1000
        72  -1.757657  1711.110  0.64457  0.139E-03  0.335E-01  pot  B   0.1000
        73  -1.757565  1710.941  0.64469  0.146E-03  0.610E-01  pot  B   0.1000
        74  -1.757558  1710.580  0.64495  0.219E-03  0.794E-01  pot  B   0.1000
        75  -1.757705  1710.861  0.64477  0.142E-03  0.467E-01  pot  B   0.1000
        76  -1.757737  1710.813  0.64481  0.140E-03  0.368E-01  pot  B   0.1000
        77  -1.757919  1710.301  0.64522  0.255E-03  0.240E-01  pot  B   0.1000
        78  -1.757802  1710.297  0.64521  0.220E-03  0.498E-01  pot  B   0.1000
        79  -1.757876  1710.263  0.64525  0.161E-03  0.332E-01  pot  B   0.1000
        80  -1.757937  1710.199  0.64530  0.135E-03  0.357E-01  pot  B   0.1000
        81  -1.757996  1709.981  0.64547  0.130E-03  0.265E-01  pot  B   0.1000
        82  -1.758027  1709.871  0.64557  0.101E-03  0.360E-01  pot  B   0.1000
        83  -1.757979  1709.797  0.64562  0.123E-03  0.542E-01  pot  B   0.1000
        84  -1.758082  1709.777  0.64565  0.951E-04  0.284E-01  pot  B   0.1000
        85  -1.758059  1709.673  0.64575  0.917E-04  0.441E-01  pot  B   0.1000
        86  -1.758103  1709.425  0.64596  0.154E-03  0.436E-01  pot  B   0.1000
        87  -1.758108  1709.599  0.64579  0.960E-04  0.290E-01  pot  B   0.1000
        88  -1.758132  1709.562  0.64583  0.846E-04  0.271E-01  pot  B   0.1000
        89  -1.758217  1709.262  0.64609  0.151E-03  0.146E-01  pot  B   0.1000
        90  -1.758202  1709.173  0.64617  0.125E-03  0.256E-01  pot  B   0.1000
        91  -1.758193  1709.183  0.64616  0.770E-04  0.232E-01  pot  B   0.1000
        92  -1.758222  1709.116  0.64622  0.958E-04  0.260E-01  pot  B   0.1000
        93  -1.758258  1708.938  0.64639  0.950E-04  0.207E-01  pot  B   0.1000
        94  -1.758254  1708.896  0.64642  0.784E-04  0.335E-01  pot  B   0.1000
        95  -1.758232  1708.839  0.64648  0.898E-04  0.392E-01  pot  B   0.1000
        96  -1.758276  1708.879  0.64643  0.769E-04  0.219E-01  pot  B   0.1000
        97  -1.758288  1708.735  0.64656  0.740E-04  0.289E-01  pot  B   0.1000
        98  -1.758313  1708.578  0.64670  0.109E-03  0.290E-01  pot  B   0.1000
        99  -1.758290  1708.732  0.64657  0.792E-04  0.234E-01  pot  B   0.1000
       100  -1.758298  1708.729  0.64658  0.612E-04  0.187E-01  pot  B   0.1000
       101  -1.758343  1708.545  0.64674  0.944E-04  0.184E-01  pot  B   0.1000
       102  -1.758358  1708.487  0.64680  0.772E-04  0.127E-01  pot  B   0.1000
       103  -1.758351  1708.408  0.64687  0.426E-04  0.154E-01  pot  B   0.1000
       104  -1.758354  1708.422  0.64686  0.680E-04  0.173E-01  pot  B   0.1000
       105  -1.758380  1708.278  0.64699  0.745E-04  0.119E-01  pot  B   0.1000
       106  -1.758372  1708.260  0.64702  0.615E-04  0.203E-01  pot  B   0.1000
       107  -1.758370  1708.184  0.64708  0.511E-04  0.268E-01  pot  B   0.1000
       108  -1.758376  1708.246  0.64703  0.574E-04  0.202E-01  pot  B   0.1000
       109  -1.758389  1708.166  0.64711  0.419E-04  0.183E-01  pot  B   0.1000
       110  -1.758401  1708.064  0.64721  0.664E-04  0.162E-01  pot  B   0.1000
       111  -1.758381  1708.110  0.64716  0.409E-04  0.188E-01  pot  B   0.1000
       112  -1.758388  1708.089  0.64718  0.505E-04  0.160E-01  pot  B   0.1000
       113  -1.758414  1708.014  0.64726  0.468E-04  0.104E-01  pot  B   0.1000
       114  -1.758419  1707.986  0.64729  0.536E-04  0.715E-02  pot  B   0.1000
       115  -1.758421  1707.926  0.64735  0.319E-04  0.101E-01  pot  B   0.1000
       116  -1.758421  1707.912  0.64736  0.452E-04  0.120E-01  pot  B   0.1000
       117  -1.758433  1707.834  0.64744  0.408E-04  0.683E-02  pot  B   0.1000
       118  -1.758430  1707.813  0.64746  0.423E-04  0.138E-01  pot  B   0.1000
       119  -1.758429  1707.773  0.64751  0.300E-04  0.167E-01  pot  B   0.1000
       120  -1.758427  1707.828  0.64745  0.368E-04  0.144E-01  pot  B   0.1000
       121  -1.758438  1707.743  0.64754  0.446E-04  0.106E-01  pot  B   0.1000
       122  -1.758442  1707.696  0.64759  0.428E-04  0.108E-01  pot  B   0.1000
       123  -1.758433  1707.695  0.64759  0.270E-04  0.145E-01  pot  B   0.1000
       124  -1.758436  1707.670  0.64762  0.365E-04  0.118E-01  pot  B   0.1000
       125  -1.758448  1707.642  0.64764  0.302E-04  0.987E-02  pot  B   0.1000
       126  -1.758450  1707.636  0.64765  0.371E-04  0.564E-02  pot  B   0.1000
       127  -1.758453  1707.578  0.64771  0.305E-04  0.680E-02  pot  B   0.1000
       128  -1.758450  1707.582  0.64771  0.322E-04  0.101E-01  pot  B   0.1000
       129  -1.758458  1707.529  0.64777  0.287E-04  0.474E-02  pot  B   0.1000
       130  -1.758457  1707.516  0.64778  0.256E-04  0.829E-02  pot  B   0.1000
       131  -1.758457  1707.481  0.64782  0.198E-04  0.117E-01  pot  B   0.1000
       132  -1.758455  1707.510  0.64779  0.215E-04  0.120E-01  pot  B   0.1000
       133  -1.758460  1707.474  0.64783  0.190E-04  0.730E-02  pot  B   0.1000
       134  -1.758462  1707.441  0.64787  0.244E-04  0.566E-02  pot  B   0.1000
       135  -1.758460  1707.410  0.64790  0.170E-04  0.899E-02  pot  B   0.1000
       136  -1.758462  1707.378  0.64794  0.220E-04  0.887E-02  pot  B   0.1000
       137  -1.758464  1707.398  0.64792  0.187E-04  0.623E-02  pot  B   0.1000
       138  -1.758465  1707.391  0.64792  0.215E-04  0.514E-02  pot  B   0.1000
       139  -1.758468  1707.350  0.64797  0.228E-04  0.470E-02  pot  B   0.1000
       140  -1.758467  1707.331  0.64799  0.219E-04  0.678E-02  pot  B   0.1000
       141  -1.758470  1707.314  0.64801  0.166E-04  0.301E-02  pot  B   0.1000
       142  -1.758470  1707.296  0.64803  0.203E-04  0.660E-02  pot  B   0.1000
       143  -1.758470  1707.280  0.64805  0.143E-04  0.705E-02  pot  B   0.1000
       144  -1.758468  1707.304  0.64802  0.152E-04  0.878E-02  pot  B   0.1000
       145  -1.758471  1707.273  0.64806  0.169E-04  0.505E-02  pot  B   0.1000
       146  -1.758472  1707.259  0.64808  0.152E-04  0.375E-02  pot  B   0.1000
       147  -1.758472  1707.232  0.64811  0.150E-04  0.615E-02  pot  B   0.1000
       148  -1.758473  1707.206  0.64814  0.142E-04  0.481E-02  pot  B   0.1000
       149  -1.758473  1707.221  0.64812  0.121E-04  0.490E-02  pot  B   0.1000
       150  -1.758473  1707.218  0.64812  0.130E-04  0.547E-02  pot  B   0.1000
       151  -1.758475  1707.187  0.64816  0.170E-04  0.351E-02  pot  B   0.1000
       152  -1.758474  1707.172  0.64818  0.148E-04  0.489E-02  pot  B   0.1000
       153  -1.758476  1707.162  0.64819  0.114E-04  0.257E-02  pot  B   0.1000
       154  -1.758476  1707.150  0.64821  0.145E-04  0.416E-02  pot  B   0.1000
       155  -1.758476  1707.138  0.64822  0.102E-04  0.498E-02  pot  B   0.1000
       156  -1.758475  1707.135  0.64822  0.116E-04  0.705E-02  pot  B   0.1000
       157  -1.758477  1707.138  0.64822  0.754E-05  0.367E-02  pot  B   0.1000
       158  -1.758477  1707.126  0.64824  0.107E-04  0.311E-02  pot  B   0.1000
       159  -1.758478  1707.103  0.64826  0.127E-04  0.353E-02  pot  B   0.1000
       160  -1.758478  1707.086  0.64829  0.938E-05  0.316E-02  pot  B   0.1000
       161  -1.758478  1707.101  0.64827  0.858E-05  0.329E-02  pot  B   0.1000
       162  -1.758478  1707.095  0.64828  0.105E-04  0.413E-02  pot  B   0.1000
       163  -1.758479  1707.078  0.64830  0.102E-04  0.217E-02  pot  B   0.1000
       164  -1.758479  1707.055  0.64833  0.124E-04  0.291E-02  pot  B   0.1000
       165  -1.758479  1707.060  0.64832  0.788E-05  0.237E-02  pot  B   0.1000
       166  -1.758479  1707.044  0.64834  0.870E-05  0.301E-02  pot  B   0.1000
       167  -1.758479  1707.039  0.64835  0.813E-05  0.330E-02  pot  B   0.1000
       168  -1.758479  1707.033  0.64836  0.799E-05  0.453E-02  pot  B   0.1000
       169  -1.758480  1707.036  0.64835  0.733E-05  0.304E-02  pot  B   0.1000
       170  -1.758480  1707.033  0.64836  0.847E-05  0.211E-02  pot  B   0.1000
       171  -1.758480  1707.017  0.64838  0.896E-05  0.258E-02  pot  B   0.1000
       172  -1.758481  1707.007  0.64839  0.580E-05  0.175E-02  pot  B   0.1000
       173  -1.758480  1707.010  0.64838  0.623E-05  0.251E-02  pot  B   0.1000
       174  -1.758480  1707.009  0.64839  0.763E-05  0.331E-02  pot  B   0.1000
       175  -1.758481  1706.998  0.64840  0.629E-05  0.138E-02  pot  B   0.1000
       176  -1.758481  1706.984  0.64842  0.817E-05  0.162E-02  pot  B   0.1000
       177  -1.758481  1706.985  0.64842  0.553E-05  0.185E-02  pot  B   0.1000
       178  -1.758481  1706.975  0.64843  0.562E-05  0.172E-02  pot  B   0.1000
       179  -1.758481  1706.972  0.64844  0.576E-05  0.225E-02  pot  B   0.1000
       180  -1.758481  1706.954  0.64846  0.101E-04  0.271E-02  pot  B   0.1000
       181  -1.758481  1706.968  0.64844  0.802E-05  0.216E-02  pot  B   0.1000
       182  -1.758481  1706.965  0.64845  0.649E-05  0.210E-02  pot  B   0.1000
       183  -1.758482  1706.954  0.64846  0.625E-05  0.163E-02  pot  B   0.1000
       184  -1.758482  1706.949  0.64847  0.401E-05  0.139E-02  pot  B   0.1000
       185  -1.758482  1706.948  0.64847  0.464E-05  0.210E-02  pot  B   0.1000
       186  -1.758482  1706.948  0.64847  0.523E-05  0.238E-02  pot  B   0.1000
       187  -1.758482  1706.943  0.64848  0.493E-05  0.109E-02  pot  B   0.1000
       188  -1.758482  1706.931  0.64849  0.668E-05  0.116E-02  pot  B   0.1000
       189  -1.758482  1706.935  0.64849  0.415E-05  0.155E-02  pot  B   0.1000
       190  -1.758482  1706.926  0.64850  0.518E-05  0.104E-02  pot  B   0.1000
       191  -1.758482  1706.924  0.64850  0.414E-05  0.158E-02  pot  B   0.1000
       192  -1.758482  1706.913  0.64852  0.637E-05  0.171E-02  pot  B   0.1000
       193  -1.758482  1706.918  0.64851  0.441E-05  0.145E-02  pot  B   0.1000
       194  -1.758482  1706.917  0.64851  0.519E-05  0.139E-02  pot  B   0.1000
       195  -1.758482  1706.911  0.64852  0.460E-05  0.118E-02  pot  B   0.1000
       196  -1.758482  1706.908  0.64853  0.292E-05  0.924E-03  pot  B   0.1000
       197  -1.758482  1706.903  0.64853  0.325E-05  0.139E-02  pot  B   0.1000
       198  -1.758482  1706.905  0.64853  0.387E-05  0.197E-02  pot  B   0.1000
       199  -1.758483  1706.901  0.64854  0.343E-05  0.842E-03  pot  B   0.1000
       200  -1.758483  1706.895  0.64855  0.374E-05  0.804E-03  pot  B   0.1000
       201  -1.758483  1706.896  0.64854  0.287E-05  0.117E-02  pot  B   0.1000
       202  -1.758483  1706.892  0.64855  0.275E-05  0.541E-03  pot  B   0.1000
       203  -1.758483  1706.891  0.64855  0.339E-05  0.958E-03  pot  B   0.1000
       204  -1.758483  1706.881  0.64857  0.528E-05  0.104E-02  pot  B   0.1000
       205  -1.758483  1706.885  0.64856  0.328E-05  0.105E-02  pot  B   0.1000
       206  -1.758483  1706.883  0.64856  0.319E-05  0.111E-02  pot  B   0.1000
       207  -1.758483  1706.880  0.64857  0.323E-05  0.835E-03  pot  B   0.1000
       208  -1.758483  1706.880  0.64857  0.201E-05  0.590E-03  pot  B   0.1000
       209  -1.758483  1706.874  0.64858  0.322E-05  0.109E-02  pot  B   0.1000
       210  -1.758483  1706.875  0.64858  0.291E-05  0.131E-02  pot  B   0.1000
       211  -1.758483  1706.873  0.64858  0.225E-05  0.649E-03  pot  B   0.1000
       212  -1.758483  1706.869  0.64859  0.273E-05  0.566E-03  pot  B   0.1000
       213  -1.758483  1706.871  0.64858  0.210E-05  0.894E-03  pot  B   0.1000
       214  -1.758483  1706.868  0.64859  0.203E-05  0.440E-03  pot  B   0.1000
       215  -1.758483  1706.866  0.64859  0.286E-05  0.824E-03  pot  B   0.1000
       216  -1.758483  1706.862  0.64860  0.244E-05  0.568E-03  pot  B   0.1000
       217  -1.758483  1706.861  0.64860  0.224E-05  0.602E-03  pot  B   0.1000
       218  -1.758483  1706.860  0.64860  0.207E-05  0.679E-03  pot  B   0.1000
       219  -1.758483  1706.859  0.64860  0.228E-05  0.569E-03  pot  B   0.1000
       220  -1.758483  1706.859  0.64860  0.143E-05  0.519E-03  pot  B   0.1000
       221  -1.758483  1706.854  0.64861  0.279E-05  0.638E-03  pot  B   0.1000
       222  -1.758483  1706.855  0.64861  0.194E-05  0.852E-03  pot  B   0.1000
       223  -1.758483  1706.853  0.64861  0.144E-05  0.581E-03  pot  B   0.1000
       224  -1.758483  1706.851  0.64861  0.198E-05  0.450E-03  pot  B   0.1000
       225  -1.758483  1706.850  0.64862  0.157E-05  0.723E-03  pot  B   0.1000
       226  -1.758483  1706.850  0.64862  0.164E-05  0.321E-03  pot  B   0.1000
       227  -1.758483  1706.850  0.64862  0.219E-05  0.568E-03  pot  B   0.1000
       228  -1.758483  1706.846  0.64862  0.212E-05  0.406E-03  pot  B   0.1000
       229  -1.758483  1706.845  0.64862  0.157E-05  0.379E-03  pot  B   0.1000
       230  -1.758483  1706.844  0.64863  0.146E-05  0.497E-03  pot  B   0.1000
       231  -1.758483  1706.844  0.64863  0.164E-05  0.367E-03  pot  B   0.1000
       232  -1.758483  1706.844  0.64862  0.106E-05  0.319E-03  pot  B   0.1000
       233  -1.758483  1706.841  0.64863  0.183E-05  0.442E-03  pot  B   0.1000
       234  -1.758483  1706.840  0.64863  0.117E-05  0.588E-03  pot  B   0.1000
       235  -1.758483  1706.840  0.64863  0.102E-05  0.386E-03  pot  B   0.1000
       236  -1.758483  1706.839  0.64863  0.141E-05  0.251E-03  pot  B   0.1000
       237  -1.758483  1706.838  0.64864  0.127E-05  0.515E-03  pot  B   0.1000
       238  -1.758483  1706.838  0.64864  0.125E-05  0.290E-03  pot  B   0.1000
       239  -1.758483  1706.837  0.64864  0.144E-05  0.499E-03  pot  B   0.1000
       240  -1.758483  1706.836  0.64864  0.727E-06  0.291E-03  pot  B   0.1000
       241  -1.758483  1706.834  0.64864  0.115E-05  0.329E-03  pot  B   0.1000
       242  -1.758483  1706.833  0.64864  0.101E-05  0.362E-03  pot  B   0.1000
       243  -1.758483  1706.833  0.64864  0.110E-05  0.313E-03  pot  B   0.1000
       244  -1.758483  1706.834  0.64864  0.821E-06  0.320E-03  pot  B   0.1000
       245  -1.758483  1706.832  0.64865  0.112E-05  0.298E-03  pot  B   0.1000
       246  -1.758483  1706.831  0.64865  0.875E-06  0.331E-03  pot  B   0.1000
       247  -1.758483  1706.831  0.64865  0.770E-06  0.312E-03  pot  B   0.1000
       248  -1.758483  1706.830  0.64865  0.103E-05  0.162E-03  pot  B   0.1000
       249  -1.758483  1706.828  0.64865  0.122E-05  0.312E-03  pot  B   0.1000
       250  -1.758483  1706.829  0.64865  0.879E-06  0.263E-03  pot  B   0.1000
       251  -1.758483  1706.829  0.64865  0.916E-06  0.327E-03  pot  B   0.1000
       252  -1.758483  1706.828  0.64865  0.737E-06  0.190E-03  pot  B   0.1000
       253  -1.758483  1706.826  0.64866  0.869E-06  0.208E-03  pot  B   0.1000
       254  -1.758483  1706.826  0.64866  0.725E-06  0.222E-03  pot  B   0.1000
       255  -1.758483  1706.826  0.64866  0.752E-06  0.196E-03  pot  B   0.1000
       256  -1.758483  1706.826  0.64866  0.696E-06  0.226E-03  pot  B   0.1000
       257  -1.758483  1706.825  0.64866  0.578E-06  0.231E-03  pot  B   0.1000
       258  -1.758483  1706.824  0.64866  0.681E-06  0.243E-03  pot  B   0.1000
       259  -1.758483  1706.824  0.64866  0.562E-06  0.209E-03  pot  B   0.1000
       260  -1.758483  1706.824  0.64866  0.722E-06  0.129E-03  pot  B   0.1000
       261  -1.758484  1706.822  0.64866  0.813E-06  0.198E-03  pot  B   0.1000
       262  -1.758484  1706.822  0.64866  0.536E-06  0.163E-03  pot  B   0.1000
       263  -1.758484  1706.822  0.64866  0.582E-06  0.251E-03  pot  B   0.1000
       264  -1.758484  1706.822  0.64866  0.357E-06  0.167E-03  pot  B   0.1000
       265  -1.758484  1706.821  0.64867  0.652E-06  0.173E-03  pot  B   0.1000
       266  -1.758484  1706.821  0.64867  0.498E-06  0.182E-03  pot  B   0.1000
       267  -1.758484  1706.820  0.64867  0.515E-06  0.181E-03  pot  B   0.1000
       268  -1.758484  1706.820  0.64867  0.549E-06  0.213E-03  pot  B   0.1000
       269  -1.758484  1706.820  0.64867  0.436E-06  0.174E-03  pot  B   0.1000
       270  -1.758484  1706.819  0.64867  0.507E-06  0.144E-03  pot  B   0.1000
       271  -1.758484  1706.819  0.64867  0.407E-06  0.160E-03  pot  B   0.1000
       272  -1.758484  1706.819  0.64867  0.510E-06  0.102E-03  pot  B   0.1000
       273  -1.758484  1706.818  0.64867  0.755E-06  0.101E-03  pot  B   0.1000
       274  -1.758484  1706.818  0.64867  0.342E-06  0.125E-03  pot  B   0.1000
       275  -1.758484  1706.818  0.64867  0.424E-06  0.181E-03  pot  B   0.1000
       276  -1.758484  1706.818  0.64867  0.260E-06  0.107E-03  pot  B   0.1000
       277  -1.758484  1706.817  0.64867  0.460E-06  0.122E-03  pot  B   0.1000
       278  -1.758484  1706.817  0.64867  0.344E-06  0.100E-03  pot  B   0.1000
       279  -1.758484  1706.817  0.64867  0.347E-06  0.106E-03  pot  B   0.1000
       280  -1.758484  1706.816  0.64867  0.398E-06  0.140E-03  pot  B   0.1000
       281  -1.758484  1706.816  0.64867  0.355E-06  0.151E-03  pot  B   0.1000
       282  -1.758484  1706.816  0.64868  0.478E-06  0.108E-03  pot  B   0.1000
       283  -1.758484  1706.816  0.64868  0.301E-06  0.108E-03  pot  B   0.1000
       284  -1.758484  1706.816  0.64868  0.363E-06  0.789E-04  pot  B   0.1000
       285  -1.758484  1706.815  0.64868  0.486E-06  0.666E-04  pot  B   0.1000
       286  -1.758484  1706.815  0.64868  0.241E-06  0.104E-03  pot  B   0.1000
       287  -1.758484  1706.815  0.64868  0.344E-06  0.140E-03  pot  B   0.1000
       288  -1.758484  1706.815  0.64868  0.212E-06  0.985E-04  pot  B   0.1000
       289  -1.758484  1706.815  0.64868  0.297E-06  0.877E-04  pot  B   0.1000
       290  -1.758484  1706.814  0.64868  0.232E-06  0.807E-04  pot  B   0.1000
       291  -1.758484  1706.814  0.64868  0.221E-06  0.871E-04  pot  B   0.1000
       292  -1.758484  1706.814  0.64868  0.265E-06  0.107E-03  pot  B   0.1000
       293  -1.758484  1706.814  0.64868  0.263E-06  0.108E-03  pot  B   0.1000
       294  -1.758484  1706.813  0.64868  0.308E-06  0.666E-04  pot  B   0.1000
       295  -1.758484  1706.813  0.64868  0.231E-06  0.937E-04  pot  B   0.1000
       296  -1.758484  1706.813  0.64868  0.271E-06  0.618E-04  pot  B   0.1000
       297  -1.758484  1706.813  0.64868  0.362E-06  0.495E-04  pot  B   0.1000
       298  -1.758484  1706.813  0.64868  0.183E-06  0.728E-04  pot  B   0.1000
       299  -1.758484  1706.813  0.64868  0.299E-06  0.959E-04  pot  B   0.1000
       300  -1.758484  1706.813  0.64868  0.186E-06  0.663E-04  pot  B   0.1000
**     301  -1.758484  1706.813  0.64868  0.520E-12  0.663E-04  pot  B   0.1000
