 Atom   Index      Q          Qmt        dQ        Vmad        Local Energy
  W         1   74.01932   72.63202    0.01932    1.75496      -32312.59521
  W         2   73.93218   72.54488   -0.06782    1.83882      -32312.64314
  W         3   73.86525   72.47795   -0.13475    1.88835      -32312.65914
  W         4   73.93967   72.55238   -0.06033    1.83462      -32312.63869
  W         5   74.00040   72.61310    0.00040    1.76708      -32312.59992
  W         6   73.98943   72.60213   -0.01057    1.78364      -32312.60797
  W         7   74.01714   72.62984    0.01714    1.76080      -32312.59951
  W         8   73.90007   72.51277   -0.09993    1.85764      -32312.64586
  W         9   73.97097   72.58367   -0.02903    1.78857      -32312.60819
  W        10   73.95894   72.57164   -0.04106    1.81378      -32312.62504
  W        11   73.94640   72.55910   -0.05360    1.82225      -32312.63193
  W        12   74.00532   72.61802    0.00532    1.77518      -32312.60846
  W        13   73.98044   72.59315   -0.01956    1.78162      -32312.60791
  W        14   73.85666   72.46936   -0.14334    1.89180      -32312.65777
  W        15   73.92341   72.53611   -0.07659    1.84224      -32312.64492
  W        16   73.95144   72.56414   -0.04856    1.81970      -32312.63036
  W        17   73.87625   72.48895   -0.12375    1.88464      -32312.65927
  W        18   73.91696   72.52966   -0.08304    1.84596      -32312.64121
  W        19   73.91005   72.52275   -0.08995    1.84737      -32312.63360
  W        20   73.87917   72.49187   -0.12083    1.88270      -32312.66406
  W        21   73.95326   72.56596   -0.04674    1.80988      -32312.61746
  W        22   73.96846   72.58116   -0.03154    1.80206      -32312.61941
  W        23   73.95480   72.56750   -0.04520    1.81792      -32312.62889
  W        24   73.93486   72.54756   -0.06514    1.83200      -32312.63522
  W        25   73.92517   72.53787   -0.07483    1.84069      -32312.64674
  W        26   73.90110   72.51380   -0.09890    1.86672      -32312.65637
  W        27   74.02493   72.63763    0.02493    1.74569      -32312.58407
  W        28   73.92654   72.53924   -0.07346    1.83654      -32312.63811
  W        29   73.96816   72.58086   -0.03184    1.79179      -32312.60670
  W        30   74.04793   72.66063    0.04793    1.72256      -32312.56791
  W        31   74.01316   72.62586    0.01316    1.76271      -32312.59487
  W        32   73.97791   72.59061   -0.02209    1.79866      -32312.62172
  Nb       33   40.97915   39.59185   -0.02085    1.82261       -7632.73335
  Nb       34   41.04613   39.65883    0.04613    1.76602       -7632.70373
  Nb       35   41.09531   39.70801    0.09531    1.71847       -7632.67334
  Nb       36   41.05844   39.67114    0.05844    1.75641       -7632.69818
  Nb       37   41.08539   39.69809    0.08539    1.72691       -7632.68365
  Nb       38   41.02922   39.64192    0.02922    1.77533       -7632.70386
  Nb       39   40.96662   39.57932   -0.03338    1.83708       -7632.74987
  Nb       40   40.96415   39.57685   -0.03585    1.83409       -7632.74570
  Nb       41   40.98218   39.59488   -0.01782    1.82102       -7632.73750
  Nb       42   41.01510   39.62780    0.01510    1.79438       -7632.71974
  Nb       43   40.97467   39.58737   -0.02533    1.82933       -7632.73868
  Nb       44   41.05073   39.66343    0.05073    1.76434       -7632.71325
  Nb       45   41.05342   39.66612    0.05342    1.75194       -7632.70468
  Nb       46   41.00362   39.61632    0.00362    1.80260       -7632.72375
  Nb       47   40.99441   39.60711   -0.00559    1.80838       -7632.73018
  Nb       48   40.98441   39.59711   -0.01559    1.81279       -7632.72957
  Nb       49   40.94971   39.56241   -0.05029    1.85212       -7632.75278
  Nb       50   41.03881   39.65151    0.03881    1.76861       -7632.71082
  Nb       51   41.02429   39.63699    0.02429    1.78649       -7632.72036
  Nb       52   41.03896   39.65166    0.03896    1.77184       -7632.70882
  Nb       53   40.99255   39.60525   -0.00745    1.81336       -7632.73392
  Nb       54   41.07661   39.68932    0.07661    1.73354       -7632.68738
  Nb       55   41.02909   39.64179    0.02909    1.78111       -7632.71265
  Nb       56   41.01972   39.63242    0.01972    1.79071       -7632.72644
  Nb       57   40.94425   39.55695   -0.05575    1.86002       -7632.76616
  Nb       58   41.02638   39.63908    0.02638    1.78341       -7632.71274
  Nb       59   40.94501   39.55771   -0.05499    1.85869       -7632.75722
  Nb       60   41.03874   39.65144    0.03874    1.77126       -7632.70785
  Nb       61   40.94898   39.56169   -0.05102    1.85625       -7632.76072
  Nb       62   41.08590   39.69860    0.08590    1.72873       -7632.68168
  Nb       63   41.04856   39.66126    0.04856    1.76116       -7632.69949
  Nb       64   41.07242   39.68512    0.07242    1.73891       -7632.69380
  Mo       65   42.18694   40.79964    0.18694    1.71014       -8090.69118
  Mo       66   42.14232   40.75502    0.14232    1.74812       -8090.70721
  Mo       67   42.13909   40.75179    0.13909    1.74156       -8090.70146
  Mo       68   42.08214   40.69484    0.08214    1.80606       -8090.73918
  Mo       69   42.28480   40.89750    0.28480    1.61622       -8090.63703
  Mo       70   42.22555   40.83825    0.22555    1.66939       -8090.67006
  Mo       71   42.20605   40.81875    0.20605    1.69175       -8090.67766
  Mo       72   42.21728   40.82998    0.21728    1.68543       -8090.68163
  Mo       73   42.15195   40.76466    0.15195    1.74480       -8090.70907
  Mo       74   42.13514   40.74784    0.13514    1.75825       -8090.70953
  Mo       75   42.16951   40.78221    0.16951    1.72107       -8090.69591
  Mo       76   42.20580   40.81850    0.20580    1.68748       -8090.67943
  Mo       77   42.16980   40.78250    0.16980    1.72825       -8090.70744
  Mo       78   42.21163   40.82433    0.21163    1.68229       -8090.66855
  Mo       79   42.11998   40.73268    0.11998    1.76883       -8090.71483
  Mo       80   42.24570   40.85840    0.24570    1.65204       -8090.65446
  Mo       81   42.10086   40.71356    0.10086    1.78292       -8090.72515
  Mo       82   42.16102   40.77372    0.16102    1.73805       -8090.70671
  Mo       83   42.11390   40.72660    0.11390    1.77043       -8090.71201
  Mo       84   42.13585   40.74855    0.13585    1.74484       -8090.70568
  Mo       85   42.17586   40.78856    0.17586    1.70681       -8090.67807
  Mo       86   42.21097   40.82367    0.21097    1.67498       -8090.66341
  Mo       87   42.09965   40.71235    0.09965    1.78787       -8090.72815
  Mo       88   42.18140   40.79410    0.18140    1.71100       -8090.69057
  Mo       89   42.11146   40.72416    0.11146    1.78130       -8090.72412
  Mo       90   42.10922   40.72192    0.10922    1.78548       -8090.72899
  Mo       91   42.10233   40.71503    0.10233    1.79019       -8090.72535
  Mo       92   42.08457   40.69727    0.08457    1.80093       -8090.73389
  Mo       93   42.14863   40.76134    0.14863    1.74068       -8090.70546
  Mo       94   42.19598   40.80868    0.19598    1.70434       -8090.68694
  Mo       95   42.22170   40.83440    0.22170    1.66268       -8090.65252
  Mo       96   42.08796   40.70066    0.08796    1.80277       -8090.74227
  Ta       97   72.80988   71.42258   -0.19012    1.90431      -31233.10027
  Ta       98   72.90883   71.52153   -0.09117    1.80986      -31233.04371
  Ta       99   72.86377   71.47647   -0.13623    1.85117      -31233.06820
  Ta      100   72.86514   71.47784   -0.13486    1.84780      -31233.06340
  Ta      101   72.89070   71.50341   -0.10930    1.82489      -31233.05293
  Ta      102   72.86227   71.47497   -0.13773    1.85697      -31233.06619
  Ta      103   72.94204   71.55474   -0.05796    1.78142      -31233.02168
  Ta      104   72.86729   71.47999   -0.13271    1.85323      -31233.06452
  Ta      105   72.91046   71.52316   -0.08954    1.80568      -31233.04007
  Ta      106   72.83404   71.44674   -0.16596    1.86730      -31233.06960
  Ta      107   72.85194   71.46465   -0.14806    1.86327      -31233.07714
  Ta      108   72.87856   71.49127   -0.12144    1.83376      -31233.06311
  Ta      109   72.89887   71.51157   -0.10113    1.81543      -31233.05334
  Ta      110   72.86223   71.47493   -0.13777    1.85454      -31233.07086
  Ta      111   72.82376   71.43646   -0.17624    1.88500      -31233.09191
  Ta      112   72.82021   71.43291   -0.17979    1.88561      -31233.08389
  Ta      113   72.90871   71.52141   -0.09129    1.80429      -31233.03784
  Ta      114   72.94047   71.55317   -0.05953    1.77935      -31233.01858
  Ta      115   72.84374   71.45644   -0.15626    1.86742      -31233.07712
  Ta      116   72.86746   71.48016   -0.13254    1.85236      -31233.06970
  Ta      117   72.90901   71.52171   -0.09099    1.81449      -31233.04745
  Ta      118   72.84377   71.45647   -0.15623    1.86889      -31233.07536
  Ta      119   72.75939   71.37209   -0.24061    1.94180      -31233.12775
  Ta      120   72.86013   71.47283   -0.13987    1.85820      -31233.06349
  Ta      121   72.84589   71.45860   -0.15411    1.86794      -31233.07677
  Ta      122   72.91778   71.53048   -0.08222    1.80346      -31233.03261
  Ta      123   72.84414   71.45684   -0.15586    1.86713      -31233.07172
  Ta      124   72.85874   71.47144   -0.14126    1.85300      -31233.06935
  Ta      125   72.90291   71.51561   -0.09709    1.81947      -31233.05204
  Ta      126   72.92048   71.53318   -0.07952    1.79608      -31233.03837
  Ta      127   72.87375   71.48645   -0.12625    1.84891      -31233.06174
  Ta      128   72.87994   71.49264   -0.12006    1.83083      -31233.05137
