 Atom   Index      Q          Qmt        dQ        Vmad        Local Energy
  W         1   73.75206   72.44783   -0.24794    1.86362      -32312.58602
  W         2   73.90966   72.60542   -0.09034    1.71047      -32312.49973
  W         3   73.85348   72.54924   -0.14652    1.77369      -32312.54622
  W         4   73.84826   72.54402   -0.15174    1.77388      -32312.54766
  W         5   73.92025   72.61601   -0.07975    1.69489      -32312.48615
  W         6   73.92177   72.61753   -0.07823    1.68676      -32312.47586
  W         7   73.95759   72.65335   -0.04241    1.65072      -32312.45702
  W         8   73.91492   72.61068   -0.08508    1.70814      -32312.49997
  W         9   73.87649   72.57225   -0.12351    1.74212      -32312.52350
  W        10   73.98063   72.67639   -0.01937    1.63763      -32312.44562
  W        11   73.83445   72.53021   -0.16555    1.78523      -32312.55334
  W        12   73.90298   72.59875   -0.09702    1.71159      -32312.48862
  W        13   73.95145   72.64721   -0.04855    1.66732      -32312.47987
  W        14   73.89537   72.59113   -0.10463    1.72725      -32312.50941
  W        15   73.94272   72.63848   -0.05728    1.67776      -32312.47561
  W        16   73.88161   72.57737   -0.11839    1.72585      -32312.50059
  Nb       17   40.81732   39.51308   -0.18268    1.82648       -7632.64592
  Nb       18   40.92658   39.62234   -0.07342    1.71933       -7632.59233
  Nb       19   40.88913   39.58490   -0.11087    1.75742       -7632.62501
  Nb       20   40.93352   39.62929   -0.06648    1.71938       -7632.60443
  Nb       21   40.89765   39.59341   -0.10235    1.75062       -7632.61700
  Nb       22   40.82144   39.51720   -0.17856    1.82278       -7632.65267
  Nb       23   40.96262   39.65838   -0.03738    1.69157       -7632.58553
  Nb       24   41.00619   39.70195    0.00619    1.64149       -7632.54546
  Nb       25   40.89349   39.58925   -0.10651    1.75356       -7632.60964
  Nb       26   40.99438   39.69014   -0.00562    1.65681       -7632.55696
  Nb       27   40.91516   39.61092   -0.08484    1.73541       -7632.60658
  Nb       28   40.96586   39.66162   -0.03414    1.68482       -7632.57133
  Nb       29   40.94229   39.63805   -0.05771    1.70107       -7632.58550
  Nb       30   40.96702   39.66278   -0.03298    1.68873       -7632.58267
  Nb       31   40.89894   39.59470   -0.10106    1.74867       -7632.60512
  Nb       32   40.96983   39.66559   -0.03017    1.68107       -7632.58493
  Mo       33   41.99083   40.68660   -0.00917    1.75993       -8090.65143
  Mo       34   42.04616   40.74192    0.04616    1.70065       -8090.62423
  Mo       35   42.05850   40.75426    0.05850    1.67645       -8090.59029
  Mo       36   42.02554   40.72130    0.02554    1.72237       -8090.62709
  Mo       37   42.10146   40.79723    0.10146    1.64644       -8090.58128
  Mo       38   42.00092   40.69668    0.00092    1.74161       -8090.63789
  Mo       39   42.13837   40.83414    0.13837    1.59967       -8090.55056
  Mo       40   42.14395   40.83972    0.14395    1.59960       -8090.55145
  Mo       41   42.07136   40.76713    0.07136    1.67065       -8090.58116
  Mo       42   42.09848   40.79424    0.09848    1.64679       -8090.58360
  Mo       43   42.04803   40.74379    0.04803    1.70348       -8090.62414
  Mo       44   42.16419   40.85995    0.16419    1.56672       -8090.52689
  Mo       45   42.06618   40.76194    0.06618    1.68381       -8090.61343
  Mo       46   42.05842   40.75419    0.05842    1.69297       -8090.61555
  Mo       47   42.10656   40.80233    0.10656    1.62388       -8090.56108
  Mo       48   42.18447   40.88024    0.18447    1.55457       -8090.52439
  Ta       49   72.83418   71.52994   -0.16582    1.72315      -31232.90323
  Ta       50   72.76725   71.46301   -0.23275    1.78072      -31232.95077
  Ta       51   72.82869   71.52446   -0.17131    1.72168      -31232.91722
  Ta       52   72.74600   71.44177   -0.25400    1.81945      -31232.97484
  Ta       53   72.81800   71.51376   -0.18200    1.73944      -31232.92963
  Ta       54   72.82189   71.51765   -0.17811    1.73733      -31232.92441
  Ta       55   72.72723   71.42299   -0.27277    1.83152      -31232.97962
  Ta       56   72.77164   71.46740   -0.22836    1.79150      -31232.95660
  Ta       57   72.75417   71.44993   -0.24583    1.79994      -31232.95527
  Ta       58   72.83007   71.52583   -0.16993    1.73044      -31232.90374
  Ta       59   72.78592   71.48168   -0.21408    1.77417      -31232.93772
  Ta       60   72.75783   71.45359   -0.24217    1.79654      -31232.95386
  Ta       61   72.85287   71.54863   -0.14713    1.70142      -31232.88823
  Ta       62   72.66796   71.36372   -0.33204    1.88244      -31233.00732
  Ta       63   72.75199   71.44775   -0.24801    1.79991      -31232.96084
  Ta       64   72.70346   71.39922   -0.29654    1.85183      -31232.97834
  Ti       65   22.34342   21.03918    0.34342    1.53611       -1704.38785
  Ti       66   22.35330   21.04906    0.35330    1.51090       -1704.32850
  Ti       67   22.39525   21.09101    0.39525    1.47957       -1704.36196
  Ti       68   22.31368   21.00944    0.31368    1.55621       -1704.36140
  Ti       69   22.20721   20.90297    0.20721    1.66869       -1704.46250
  Ti       70   22.24574   20.94150    0.24574    1.62774       -1704.42971
  Ti       71   22.34170   21.03746    0.34170    1.52695       -1704.34964
  Ti       72   22.30600   21.00176    0.30600    1.58400       -1704.43818
  Ti       73   22.37175   21.06751    0.37175    1.50917       -1704.38505
  Ti       74   22.34713   21.04290    0.34713    1.52713       -1704.37753
  Ti       75   22.33978   21.03554    0.33978    1.52243       -1704.33339
  Ti       76   22.32882   21.02458    0.32882    1.54566       -1704.38351
  Ti       77   22.38311   21.07887    0.38311    1.48854       -1704.37717
  Ti       78   22.33659   21.03236    0.33659    1.53363       -1704.36793
  Ti       79   22.22035   20.91611    0.22035    1.63769       -1704.39401
  Ti       80   22.29846   20.99422    0.29846    1.58286       -1704.40513
