System Description            : WNbMoTa, BCC structure                          
Number of Atoms in Unit Cell  : 256                                             
Number of Atomic Species      : 4                                               
Number of Atoms in Each Type  : 64(W), 64(Nb), 64(Mo), 64(Ta)                   
Energy Offset                 : -19816                                          
=======================================================================================
    Iter     Energy      3PV     Efermi   Rms_rho    Rms_pot   Mix  Alg  Alpha 
---------------------------------------------------------------------------------------
**       1  -0.262202  2293.569  0.59480  0.140E+01  0.172E+00  pot  B   0.1000
         2  -0.312276  2265.593  0.61484  0.795E-02  0.125E+01  pot  B   0.1000
         3  -0.652033  2262.860  0.61274  0.138E-02  0.231E+00  pot  B   0.1000
         4  -0.728867  2243.550  0.62247  0.515E-02  0.666E+00  pot  B   0.1000
         5  -0.990686  2213.877  0.63508  0.778E-02  0.575E+00  pot  B   0.1000
         6  -1.170471  2178.542  0.65136  0.950E-02  0.269E+00  pot  B   0.1000
         7  -1.208851  2167.413  0.66383  0.344E-02  0.140E+00  pot  B   0.1000
         8  -1.235503  2156.351  0.67219  0.381E-02  0.772E-01  pot  B   0.1000
         9  -1.254116  2147.576  0.67676  0.335E-02  0.797E-01  pot  B   0.1000
        10  -1.272162  2135.485  0.68199  0.506E-02  0.450E-01  pot  B   0.1000
        11  -1.275460  2131.123  0.68432  0.197E-02  0.211E-01  pot  B   0.1000
        12  -1.276241  2129.034  0.68585  0.108E-02  0.877E-02  pot  B   0.1000
        13  -1.276392  2128.712  0.68659  0.261E-03  0.834E-02  pot  B   0.1000
        14  -1.276551  2128.495  0.68760  0.255E-03  0.491E-02  pot  B   0.1000
        15  -1.276684  2128.433  0.68889  0.293E-03  0.409E-02  pot  B   0.1000
        16  -1.276734  2128.275  0.68991  0.215E-03  0.241E-02  pot  B   0.1000
        17  -1.276747  2128.287  0.69048  0.111E-03  0.172E-02  pot  B   0.1000
        18  -1.276752  2128.291  0.69074  0.404E-04  0.186E-02  pot  B   0.1000
        19  -1.276753  2128.302  0.69080  0.130E-04  0.108E-02  pot  B   0.1000
        20  -1.276756  2128.237  0.69101  0.488E-04  0.731E-03  pot  B   0.1000
        21  -1.276756  2128.224  0.69113  0.216E-04  0.744E-03  pot  B   0.1000
        22  -1.276757  2128.195  0.69125  0.260E-04  0.299E-03  pot  B   0.1000
        23  -1.276757  2128.211  0.69127  0.104E-04  0.245E-03  pot  B   0.1000
        24  -1.276757  2128.207  0.69130  0.617E-05  0.234E-03  pot  B   0.1000
        25  -1.276758  2128.226  0.69132  0.114E-04  0.127E-03  pot  B   0.1000
        26  -1.276758  2128.251  0.69134  0.121E-04  0.859E-04  pot  B   0.1000
        27  -1.276758  2128.261  0.69134  0.471E-05  0.676E-04  pot  B   0.1000
        28  -1.276758  2128.264  0.69134  0.142E-05  0.257E-04  pot  B   0.1000
        29  -1.276758  2128.268  0.69134  0.146E-05  0.242E-04  pot  B   0.1000
        30  -1.276758  2128.271  0.69134  0.124E-05  0.372E-04  pot  B   0.1000
        31  -1.276758  2128.273  0.69134  0.770E-06  0.513E-04  pot  B   0.1000
        32  -1.276758  2128.274  0.69134  0.742E-06  0.151E-04  pot  B   0.1000
        33  -1.276758  2128.275  0.69134  0.461E-06  0.952E-05  pot  B   0.1000
        34  -1.276758  2128.275  0.69134  0.296E-06  0.706E-05  pot  B   0.1000
        35  -1.276758  2128.275  0.69134  0.466E-06  0.858E-05  pot  B   0.1000
        36  -1.276758  2128.276  0.69134  0.262E-06  0.900E-05  pot  B   0.1000
        37  -1.276758  2128.276  0.69134  0.288E-06  0.577E-05  pot  B   0.1000
        38  -1.276758  2128.276  0.69134  0.232E-06  0.329E-05  pot  B   0.1000
        39  -1.276758  2128.276  0.69134  0.134E-06  0.338E-05  pot  B   0.1000
        40  -1.276758  2128.276  0.69134  0.136E-06  0.210E-05  pot  B   0.1000
        41  -1.276758  2128.276  0.69134  0.149E-06  0.217E-05  pot  B   0.1000
        42  -1.276758  2128.276  0.69134  0.107E-06  0.183E-05  pot  B   0.1000
        43  -1.276758  2128.276  0.69134  0.425E-07  0.181E-05  pot  B   0.1000
        44  -1.276758  2128.276  0.69134  0.194E-07  0.103E-05  pot  B   0.1000
        45  -1.276758  2128.276  0.69134  0.258E-07  0.812E-06  pot  B   0.1000
        46  -1.276758  2128.276  0.69134  0.256E-07  0.481E-06  pot  B   0.1000
        47  -1.276758  2128.276  0.69134  0.162E-07  0.461E-06  pot  B   0.1000
        48  -1.276758  2128.276  0.69134  0.784E-08  0.438E-06  pot  B   0.1000
        49  -1.276758  2128.276  0.69134  0.874E-08  0.287E-06  pot  B   0.1000
        50  -1.276758  2128.276  0.69134  0.463E-08  0.144E-06  pot  B   0.1000
        51  -1.276758  2128.276  0.69134  0.518E-08  0.191E-06  pot  B   0.1000
        52  -1.276758  2128.276  0.69134  0.661E-08  0.114E-06  pot  B   0.1000
        53  -1.276758  2128.276  0.69134  0.411E-08  0.698E-07  pot  B   0.1000
        54  -1.276758  2128.276  0.69134  0.232E-08  0.606E-07  pot  B   0.1000
        55  -1.276758  2128.276  0.69134  0.209E-08  0.736E-07  pot  B   0.1000
        56  -1.276758  2128.276  0.69134  0.440E-09  0.543E-07  pot  B   0.1000
        57  -1.276758  2128.276  0.69134  0.279E-08  0.351E-07  pot  B   0.1000
        58  -1.276758  2128.276  0.69134  0.284E-08  0.289E-07  pot  B   0.1000
        59  -1.276758  2128.276  0.69134  0.133E-08  0.280E-07  pot  B   0.1000
        60  -1.276758  2128.276  0.69134  0.466E-09  0.244E-07  pot  B   0.1000
        61  -1.276758  2128.276  0.69134  0.689E-09  0.171E-07  pot  B   0.1000
        62  -1.276758  2128.276  0.69134  0.709E-09  0.122E-07  pot  B   0.1000
        63  -1.276758  2128.276  0.69134  0.595E-09  0.838E-08  pot  B   0.1000
**      64  -1.276758  2128.276  0.69134  0.513E-12  0.838E-08  pot  B   0.1000
**      65  -1.276758  2128.276  0.69134  0.513E-12  0.838E-08  pot  B   0.1000
