 Atom   Index      Q          Qmt        dQ        Vmad        Local Energy
  W         1   73.92922   72.54226   -0.07078    1.84002      -32312.64521
  W         2   73.96971   72.58275   -0.03029    1.79463      -32312.60854
  W         3   73.94279   72.55583   -0.05721    1.82544      -32312.62945
  W         4   74.01815   72.63119    0.01815    1.75868      -32312.59754
  W         5   73.96627   72.57931   -0.03373    1.80661      -32312.63116
  W         6   73.94434   72.55738   -0.05566    1.82376      -32312.63321
  W         7   73.97307   72.58611   -0.02693    1.79993      -32312.61843
  W         8   73.86133   72.47437   -0.13867    1.90178      -32312.67542
  W         9   73.97170   72.58474   -0.02830    1.79820      -32312.62170
  W        10   73.88330   72.49634   -0.11670    1.87527      -32312.65648
  W        11   73.91580   72.52884   -0.08420    1.84088      -32312.62821
  W        12   74.00370   72.61674    0.00370    1.76460      -32312.58902
  W        13   74.01916   72.63220    0.01916    1.75166      -32312.58771
  W        14   73.97190   72.58494   -0.02810    1.79692      -32312.61621
  W        15   73.99394   72.60698   -0.00606    1.77267      -32312.59528
  W        16   73.98779   72.60083   -0.01221    1.78405      -32312.60568
  Nb       17   41.02668   39.63972    0.02668    1.77858       -7632.70885
  Nb       18   40.93855   39.55159   -0.06145    1.86045       -7632.75847
  Nb       19   41.00144   39.61448    0.00144    1.80234       -7632.72239
  Nb       20   40.97092   39.58396   -0.02908    1.82868       -7632.73665
  Nb       21   41.05913   39.67217    0.05913    1.75130       -7632.69403
  Nb       22   41.04180   39.65484    0.04180    1.76467       -7632.70253
  Nb       23   41.03855   39.65159    0.03855    1.76432       -7632.71127
  Nb       24   41.02681   39.63985    0.02681    1.77159       -7632.71346
  Nb       25   40.97987   39.59291   -0.02013    1.82699       -7632.74411
  Nb       26   41.01491   39.62795    0.01491    1.78848       -7632.71548
  Nb       27   41.00542   39.61846    0.00542    1.79739       -7632.73076
  Nb       28   41.06099   39.67403    0.06099    1.74601       -7632.69467
  Nb       29   41.03101   39.64405    0.03101    1.77939       -7632.72204
  Nb       30   41.04329   39.65633    0.04329    1.76284       -7632.69797
  Nb       31   40.95165   39.56469   -0.04835    1.85288       -7632.76312
  Nb       32   41.03174   39.64478    0.03174    1.77592       -7632.70957
  Mo       33   42.16463   40.77767    0.16463    1.72579       -8090.70077
  Mo       34   42.12009   40.73313    0.12009    1.76565       -8090.71801
  Mo       35   42.15877   40.77182    0.15877    1.73564       -8090.70155
  Mo       36   42.20107   40.81412    0.20107    1.69912       -8090.68933
  Mo       37   42.14176   40.75480    0.14176    1.74668       -8090.70461
  Mo       38   42.21248   40.82552    0.21248    1.68654       -8090.67336
  Mo       39   42.15609   40.76913    0.15609    1.73934       -8090.70363
  Mo       40   42.21948   40.83252    0.21948    1.68036       -8090.67780
  Mo       41   42.13164   40.74468    0.13164    1.76354       -8090.71367
  Mo       42   42.22756   40.84060    0.22756    1.66827       -8090.66646
  Mo       43   42.17516   40.78820    0.17516    1.71841       -8090.69514
  Mo       44   42.17169   40.78473    0.17169    1.71599       -8090.68576
  Mo       45   42.19071   40.80375    0.19071    1.70733       -8090.69374
  Mo       46   42.18104   40.79408    0.18104    1.70771       -8090.68560
  Mo       47   42.23380   40.84684    0.23380    1.66190       -8090.66827
  Mo       48   42.10698   40.72002    0.10698    1.78325       -8090.72722
  Ta       49   72.88168   71.49472   -0.11832    1.83470      -31233.05668
  Ta       50   72.73880   71.35184   -0.26120    1.96586      -31233.13603
  Ta       51   72.82376   71.43680   -0.17624    1.88901      -31233.09834
  Ta       52   72.84819   71.46123   -0.15181    1.86533      -31233.07068
  Ta       53   72.87361   71.48665   -0.12639    1.83807      -31233.06732
  Ta       54   72.83661   71.44965   -0.16339    1.87426      -31233.08014
  Ta       55   72.82140   71.43444   -0.17860    1.89011      -31233.09048
  Ta       56   72.82906   71.44210   -0.17094    1.88056      -31233.08205
  Ta       57   72.88850   71.50154   -0.11150    1.82797      -31233.05005
  Ta       58   72.93658   71.54962   -0.06342    1.78250      -31233.02791
  Ta       59   72.86535   71.47839   -0.13465    1.84678      -31233.05918
  Ta       60   72.90958   71.52262   -0.09042    1.80201      -31233.02976
  Ta       61   72.80112   71.41416   -0.19888    1.90988      -31233.10931
  Ta       62   72.92550   71.53854   -0.07450    1.79511      -31233.03771
  Ta       63   72.82772   71.44076   -0.17228    1.88598      -31233.09296
  Ta       64   72.82468   71.43772   -0.17532    1.89009      -31233.09277
