 Atom   Index      Q          Qmt        dQ        Vmad        Local Energy
  W         1   73.93438   72.63288   -0.06562    1.65670      -32312.44409
  W         2   73.80546   72.50397   -0.19454    1.78475      -32312.52410
  W         3   73.95923   72.65773   -0.04077    1.64018      -32312.44464
  W         4   73.83472   72.53323   -0.16528    1.75799      -32312.49951
  W         5   73.81192   72.51043   -0.18808    1.78242      -32312.52553
  W         6   73.72866   72.42716   -0.27134    1.86924      -32312.58730
  W         7   73.84906   72.54757   -0.15094    1.74801      -32312.50498
  W         8   73.88928   72.58779   -0.11072    1.69712      -32312.46510
  W         9   73.76432   72.46282   -0.23568    1.83605      -32312.56124
  W        10   73.65039   72.34890   -0.34961    1.94444      -32312.63045
  W        11   73.97486   72.67337   -0.02514    1.61961      -32312.41567
  W        12   73.84675   72.54526   -0.15325    1.74283      -32312.48839
  W        13   73.88119   72.57970   -0.11881    1.70764      -32312.47352
  W        14   74.01814   72.71665    0.01814    1.57115      -32312.37815
  W        15   73.89250   72.59101   -0.10750    1.69764      -32312.46415
  W        16   73.80530   72.50380   -0.19470    1.79690      -32312.54585
  Nb       17   40.81047   39.50898   -0.18953    1.82070       -7632.63378
  Nb       18   40.88162   39.58012   -0.11838    1.74511       -7632.60102
  Nb       19   40.99782   39.69633   -0.00218    1.62649       -7632.53024
  Nb       20   40.96833   39.66683   -0.03167    1.65772       -7632.54297
  Nb       21   40.82937   39.52787   -0.17063    1.80254       -7632.64021
  Nb       22   40.92428   39.62279   -0.07572    1.70592       -7632.57091
  Nb       23   40.96894   39.66744   -0.03106    1.65755       -7632.54768
  Nb       24   40.97438   39.67289   -0.02562    1.65103       -7632.54199
  Nb       25   40.88541   39.58391   -0.11459    1.73666       -7632.58929
  Nb       26   40.85681   39.55532   -0.14319    1.76758       -7632.61634
  Nb       27   40.77298   39.47148   -0.22702    1.85445       -7632.65945
  Nb       28   40.78674   39.48525   -0.21326    1.84747       -7632.66023
  Nb       29   40.96585   39.66435   -0.03415    1.65507       -7632.54081
  Nb       30   40.98643   39.68494   -0.01357    1.64487       -7632.53271
  Nb       31   40.79604   39.49454   -0.20396    1.83102       -7632.65185
  Nb       32   40.92092   39.61942   -0.07908    1.70660       -7632.57904
  Mo       33   42.11102   40.80952    0.11102    1.60532       -8090.53154
  Mo       34   42.22833   40.92684    0.22833    1.49127       -8090.47325
  Mo       35   41.99367   40.69218   -0.00633    1.73073       -8090.60776
  Mo       36   42.06903   40.76754    0.06903    1.64194       -8090.55202
  Mo       37   42.05207   40.75058    0.05207    1.67027       -8090.57550
  Mo       38   42.13833   40.83684    0.13833    1.56726       -8090.50301
  Mo       39   42.10157   40.80007    0.10157    1.61728       -8090.54903
  Mo       40   42.03125   40.72976    0.03125    1.68594       -8090.57950
  Mo       41   42.05388   40.75238    0.05388    1.66634       -8090.58167
  Mo       42   42.05601   40.75452    0.05601    1.65506       -8090.54831
  Mo       43   42.03584   40.73435    0.03584    1.68432       -8090.59623
  Mo       44   42.07607   40.77458    0.07607    1.63655       -8090.54753
  Mo       45   42.08938   40.78788    0.08938    1.61901       -8090.53355
  Mo       46   42.05807   40.75657    0.05807    1.66829       -8090.57966
  Mo       47   42.22316   40.92166    0.22316    1.48862       -8090.46240
  Mo       48   42.16333   40.86183    0.16333    1.54406       -8090.48963
  Ta       49   72.71448   71.41298   -0.28552    1.81936      -31232.95888
  Ta       50   72.69188   71.39039   -0.30812    1.83957      -31232.97359
  Ta       51   72.64230   71.34081   -0.35770    1.89366      -31232.99424
  Ta       52   72.70664   71.40514   -0.29336    1.82603      -31232.96501
  Ta       53   72.74627   71.44477   -0.25373    1.79325      -31232.95223
  Ta       54   72.71282   71.41132   -0.28718    1.82329      -31232.95440
  Ta       55   72.78905   71.48755   -0.21095    1.74587      -31232.91001
  Ta       56   72.57684   71.27535   -0.42316    1.95992      -31233.03303
  Ta       57   72.82243   71.52093   -0.17757    1.71157      -31232.89229
  Ta       58   72.64257   71.34107   -0.35743    1.88113      -31232.99205
  Ta       59   72.79017   71.48868   -0.20983    1.74747      -31232.91371
  Ta       60   72.68419   71.38269   -0.31581    1.85140      -31232.98498
  Ta       61   72.76132   71.45983   -0.23868    1.76529      -31232.91923
  Ta       62   72.50487   71.20337   -0.49513    2.03382      -31233.09573
  Ta       63   72.72185   71.42036   -0.27815    1.81941      -31232.96316
  Ta       64   72.82102   71.51952   -0.17898    1.71315      -31232.88821
  V        65   23.52603   22.22454    0.52603    1.42100       -1895.16440
  V        66   23.37853   22.07703    0.37853    1.57221       -1895.25023
  V        67   23.49934   22.19785    0.49934    1.45367       -1895.19394
  V        68   23.55791   22.25641    0.55791    1.38345       -1895.14565
  V        69   23.43750   22.13600    0.43750    1.51170       -1895.22383
  V        70   23.55689   22.25540    0.55689    1.38798       -1895.13104
  V        71   23.31083   22.00933    0.31083    1.64851       -1895.28447
  V        72   23.26097   21.95947    0.26097    1.69996       -1895.31953
  V        73   23.49773   22.19624    0.49773    1.45148       -1895.18619
  V        74   23.45807   22.15658    0.45807    1.48728       -1895.19716
  V        75   23.40652   22.10503    0.40652    1.54787       -1895.22343
  V        76   23.37023   22.06873    0.37023    1.58058       -1895.23105
  V        77   23.59302   22.29152    0.59302    1.34841       -1895.11366
  V        78   23.49967   22.19817    0.49967    1.44663       -1895.16221
  V        79   23.50086   22.19936    0.50086    1.45154       -1895.19186
  V        80   23.36367   22.06217    0.36367    1.58818       -1895.24320
