System Description            : WNbMoTaV, BCC structure                         
Number of Atoms in Unit Cell  : 640                                             
Number of Atomic Species      : 5                                               
Number of Atoms in Each Type  : 128(W), 128(Nb), 128(Mo), 128(Ta), 128(V)       
Energy Offset                 : -16231                                          
=======================================================================================
    Iter     Energy      3PV     Efermi   Rms_rho    Rms_pot   Mix  Alg  Alpha 
---------------------------------------------------------------------------------------
**       1  -0.853967  1839.074  0.58669  0.140E+01  0.259E+00  pot  B   0.1000
         2   0.013683  1817.796  0.60797  0.823E-02  0.261E+01  pot  B   0.1000
         3  -1.152660  1815.225  0.59792  0.467E-02  0.724E+00  pot  B   0.1000
         4  -1.109758  1810.505  0.60267  0.422E-02  0.124E+01  pot  B   0.1000
         5  -1.251999  1803.013  0.60909  0.371E-02  0.817E+00  pot  B   0.1000
         6  -1.399875  1792.390  0.61515  0.384E-02  0.597E+00  pot  B   0.1000
         7  -1.447177  1781.604  0.61962  0.381E-02  0.740E+00  pot  B   0.1000
         8  -1.527158  1769.673  0.62217  0.411E-02  0.571E+00  pot  B   0.1000
         9  -1.637203  1750.477  0.62723  0.656E-02  0.412E+00  pot  B   0.1000
        10  -1.657705  1742.060  0.63063  0.300E-02  0.481E+00  pot  B   0.1000
        11  -1.692194  1736.809  0.63288  0.194E-02  0.297E+00  pot  B   0.1000
        12  -1.714931  1731.960  0.63475  0.189E-02  0.182E+00  pot  B   0.1000
        13  -1.724165  1728.285  0.63651  0.154E-02  0.123E+00  pot  B   0.1000
        14  -1.729232  1724.973  0.63762  0.168E-02  0.159E+00  pot  B   0.1000
        15  -1.736569  1723.778  0.63779  0.132E-02  0.105E+00  pot  B   0.1000
        16  -1.743812  1717.215  0.63935  0.297E-02  0.115E+00  pot  B   0.1000
        17  -1.746609  1713.963  0.64015  0.173E-02  0.193E+00  pot  B   0.1000
        18  -1.751327  1711.201  0.64082  0.149E-02  0.139E+00  pot  B   0.1000
        19  -1.754292  1708.494  0.64255  0.125E-02  0.977E-01  pot  B   0.1000
        20  -1.756308  1706.715  0.64321  0.921E-03  0.613E-01  pot  B   0.1000
        21  -1.757307  1705.607  0.64404  0.696E-03  0.376E-01  pot  B   0.1000
        22  -1.757623  1706.239  0.64382  0.271E-03  0.290E-01  pot  B   0.1000
        23  -1.757919  1706.127  0.64412  0.252E-03  0.292E-01  pot  B   0.1000
        24  -1.758068  1705.789  0.64446  0.227E-03  0.250E-01  pot  B   0.1000
        25  -1.758175  1705.844  0.64473  0.157E-03  0.297E-01  pot  B   0.1000
        26  -1.758427  1705.767  0.64534  0.272E-03  0.177E-01  pot  B   0.1000
        27  -1.758512  1705.656  0.64587  0.232E-03  0.194E-01  pot  B   0.1000
        28  -1.758630  1705.658  0.64625  0.151E-03  0.117E-01  pot  B   0.1000
        29  -1.758682  1705.783  0.64656  0.837E-04  0.109E-01  pot  B   0.1000
        30  -1.758676  1705.753  0.64663  0.708E-04  0.142E-01  pot  B   0.1000
        31  -1.758723  1705.859  0.64695  0.102E-03  0.116E-01  pot  B   0.1000
        32  -1.758750  1705.913  0.64717  0.574E-04  0.545E-02  pot  B   0.1000
        33  -1.758806  1706.123  0.64774  0.933E-04  0.716E-02  pot  B   0.1000
        34  -1.758784  1706.169  0.64801  0.101E-03  0.136E-01  pot  B   0.1000
        35  -1.758811  1706.260  0.64827  0.726E-04  0.155E-01  pot  B   0.1000
        36  -1.758842  1706.342  0.64858  0.599E-04  0.835E-02  pot  B   0.1000
        37  -1.758850  1706.392  0.64876  0.487E-04  0.933E-02  pot  B   0.1000
        38  -1.758868  1706.438  0.64888  0.396E-04  0.391E-02  pot  B   0.1000
        39  -1.758876  1706.474  0.64899  0.295E-04  0.359E-02  pot  B   0.1000
        40  -1.758878  1706.478  0.64898  0.203E-04  0.414E-02  pot  B   0.1000
        41  -1.758882  1706.499  0.64903  0.281E-04  0.420E-02  pot  B   0.1000
        42  -1.758886  1706.526  0.64908  0.306E-04  0.281E-02  pot  B   0.1000
        43  -1.758888  1706.551  0.64911  0.226E-04  0.470E-02  pot  B   0.1000
        44  -1.758891  1706.571  0.64913  0.212E-04  0.274E-02  pot  B   0.1000
        45  -1.758895  1706.603  0.64918  0.204E-04  0.206E-02  pot  B   0.1000
        46  -1.758898  1706.635  0.64920  0.230E-04  0.146E-02  pot  B   0.1000
        47  -1.758898  1706.644  0.64919  0.120E-04  0.121E-02  pot  B   0.1000
        48  -1.758898  1706.657  0.64918  0.989E-05  0.243E-02  pot  B   0.1000
        49  -1.758898  1706.665  0.64916  0.906E-05  0.241E-02  pot  B   0.1000
        50  -1.758899  1706.671  0.64915  0.944E-05  0.114E-02  pot  B   0.1000
        51  -1.758899  1706.687  0.64914  0.111E-04  0.103E-02  pot  B   0.1000
        52  -1.758900  1706.715  0.64912  0.187E-04  0.104E-02  pot  B   0.1000
        53  -1.758900  1706.743  0.64908  0.198E-04  0.119E-02  pot  B   0.1000
        54  -1.758899  1706.760  0.64906  0.115E-04  0.130E-02  pot  B   0.1000
        55  -1.758899  1706.775  0.64904  0.935E-05  0.906E-03  pot  B   0.1000
        56  -1.758899  1706.785  0.64902  0.656E-05  0.758E-03  pot  B   0.1000
        57  -1.758899  1706.793  0.64901  0.506E-05  0.419E-03  pot  B   0.1000
        58  -1.758899  1706.804  0.64899  0.728E-05  0.714E-03  pot  B   0.1000
        59  -1.758898  1706.807  0.64898  0.552E-05  0.580E-03  pot  B   0.1000
        60  -1.758898  1706.816  0.64895  0.643E-05  0.723E-03  pot  B   0.1000
        61  -1.758898  1706.817  0.64894  0.379E-05  0.772E-03  pot  B   0.1000
        62  -1.758898  1706.821  0.64894  0.482E-05  0.603E-03  pot  B   0.1000
        63  -1.758898  1706.824  0.64893  0.519E-05  0.463E-03  pot  B   0.1000
        64  -1.758898  1706.826  0.64892  0.368E-05  0.264E-03  pot  B   0.1000
        65  -1.758898  1706.826  0.64892  0.157E-05  0.303E-03  pot  B   0.1000
        66  -1.758898  1706.828  0.64891  0.261E-05  0.298E-03  pot  B   0.1000
        67  -1.758898  1706.827  0.64891  0.167E-05  0.208E-03  pot  B   0.1000
        68  -1.758898  1706.827  0.64890  0.183E-05  0.307E-03  pot  B   0.1000
        69  -1.758898  1706.827  0.64890  0.122E-05  0.208E-03  pot  B   0.1000
        70  -1.758898  1706.825  0.64889  0.189E-05  0.230E-03  pot  B   0.1000
        71  -1.758898  1706.825  0.64889  0.166E-05  0.170E-03  pot  B   0.1000
        72  -1.758898  1706.823  0.64889  0.146E-05  0.205E-03  pot  B   0.1000
        73  -1.758898  1706.822  0.64888  0.162E-05  0.207E-03  pot  B   0.1000
        74  -1.758898  1706.821  0.64888  0.137E-05  0.124E-03  pot  B   0.1000
        75  -1.758898  1706.819  0.64888  0.109E-05  0.148E-03  pot  B   0.1000
        76  -1.758898  1706.818  0.64888  0.805E-06  0.114E-03  pot  B   0.1000
        77  -1.758898  1706.817  0.64888  0.105E-05  0.165E-03  pot  B   0.1000
        78  -1.758898  1706.815  0.64888  0.734E-06  0.826E-04  pot  B   0.1000
        79  -1.758898  1706.814  0.64888  0.109E-05  0.102E-03  pot  B   0.1000
        80  -1.758898  1706.812  0.64888  0.107E-05  0.156E-03  pot  B   0.1000
        81  -1.758898  1706.812  0.64888  0.526E-06  0.698E-04  pot  B   0.1000
        82  -1.758898  1706.810  0.64888  0.836E-06  0.964E-04  pot  B   0.1000
        83  -1.758898  1706.810  0.64888  0.483E-06  0.398E-04  pot  B   0.1000
        84  -1.758898  1706.809  0.64888  0.468E-06  0.525E-04  pot  B   0.1000
        85  -1.758898  1706.809  0.64888  0.377E-06  0.493E-04  pot  B   0.1000
        86  -1.758898  1706.808  0.64888  0.466E-06  0.365E-04  pot  B   0.1000
        87  -1.758898  1706.807  0.64888  0.376E-06  0.487E-04  pot  B   0.1000
        88  -1.758898  1706.807  0.64888  0.374E-06  0.572E-04  pot  B   0.1000
        89  -1.758898  1706.806  0.64888  0.390E-06  0.509E-04  pot  B   0.1000
        90  -1.758898  1706.806  0.64888  0.215E-06  0.393E-04  pot  B   0.1000
        91  -1.758898  1706.806  0.64888  0.225E-06  0.304E-04  pot  B   0.1000
        92  -1.758898  1706.806  0.64888  0.285E-06  0.262E-04  pot  B   0.1000
        93  -1.758898  1706.805  0.64888  0.145E-06  0.361E-04  pot  B   0.1000
        94  -1.758898  1706.805  0.64888  0.205E-06  0.318E-04  pot  B   0.1000
        95  -1.758898  1706.805  0.64888  0.260E-06  0.174E-04  pot  B   0.1000
        96  -1.758898  1706.805  0.64888  0.287E-06  0.227E-04  pot  B   0.1000
        97  -1.758898  1706.805  0.64888  0.188E-06  0.247E-04  pot  B   0.1000
        98  -1.758898  1706.805  0.64888  0.233E-06  0.174E-04  pot  B   0.1000
        99  -1.758898  1706.805  0.64888  0.140E-06  0.159E-04  pot  B   0.1000
       100  -1.758898  1706.805  0.64888  0.198E-06  0.127E-04  pot  B   0.1000
       101  -1.758898  1706.805  0.64888  0.121E-06  0.135E-04  pot  B   0.1000
       102  -1.758898  1706.805  0.64888  0.774E-07  0.147E-04  pot  B   0.1000
       103  -1.758898  1706.805  0.64888  0.105E-06  0.106E-04  pot  B   0.1000
       104  -1.758898  1706.805  0.64888  0.117E-06  0.122E-04  pot  B   0.1000
       105  -1.758898  1706.805  0.64888  0.836E-07  0.140E-04  pot  B   0.1000
       106  -1.758898  1706.805  0.64888  0.107E-06  0.158E-04  pot  B   0.1000
       107  -1.758898  1706.805  0.64888  0.797E-07  0.690E-05  pot  B   0.1000
       108  -1.758898  1706.805  0.64888  0.810E-07  0.605E-05  pot  B   0.1000
       109  -1.758898  1706.805  0.64888  0.457E-07  0.830E-05  pot  B   0.1000
       110  -1.758898  1706.805  0.64888  0.513E-07  0.633E-05  pot  B   0.1000
       111  -1.758898  1706.805  0.64888  0.407E-07  0.516E-05  pot  B   0.1000
       112  -1.758898  1706.805  0.64888  0.638E-07  0.633E-05  pot  B   0.1000
       113  -1.758898  1706.805  0.64888  0.527E-07  0.578E-05  pot  B   0.1000
       114  -1.758898  1706.805  0.64888  0.443E-07  0.671E-05  pot  B   0.1000
       115  -1.758898  1706.805  0.64888  0.336E-07  0.635E-05  pot  B   0.1000
       116  -1.758898  1706.805  0.64888  0.430E-07  0.386E-05  pot  B   0.1000
       117  -1.758898  1706.805  0.64888  0.235E-07  0.471E-05  pot  B   0.1000
       118  -1.758898  1706.805  0.64888  0.427E-07  0.459E-05  pot  B   0.1000
       119  -1.758898  1706.805  0.64888  0.251E-07  0.295E-05  pot  B   0.1000
       120  -1.758898  1706.805  0.64888  0.361E-07  0.273E-05  pot  B   0.1000
       121  -1.758898  1706.805  0.64888  0.281E-07  0.334E-05  pot  B   0.1000
       122  -1.758898  1706.805  0.64888  0.306E-07  0.360E-05  pot  B   0.1000
       123  -1.758898  1706.805  0.64888  0.217E-07  0.273E-05  pot  B   0.1000
       124  -1.758898  1706.805  0.64888  0.341E-07  0.252E-05  pot  B   0.1000
       125  -1.758898  1706.806  0.64888  0.186E-07  0.239E-05  pot  B   0.1000
       126  -1.758898  1706.806  0.64888  0.260E-07  0.162E-05  pot  B   0.1000
       127  -1.758898  1706.806  0.64888  0.140E-07  0.259E-05  pot  B   0.1000
       128  -1.758898  1706.806  0.64888  0.175E-07  0.143E-05  pot  B   0.1000
       129  -1.758898  1706.806  0.64888  0.174E-07  0.232E-05  pot  B   0.1000
       130  -1.758898  1706.806  0.64888  0.281E-07  0.196E-05  pot  B   0.1000
       131  -1.758898  1706.806  0.64888  0.116E-07  0.224E-05  pot  B   0.1000
       132  -1.758898  1706.806  0.64888  0.204E-07  0.152E-05  pot  B   0.1000
       133  -1.758898  1706.806  0.64888  0.147E-07  0.125E-05  pot  B   0.1000
       134  -1.758898  1706.806  0.64888  0.137E-07  0.977E-06  pot  B   0.1000
       135  -1.758898  1706.806  0.64888  0.819E-08  0.871E-06  pot  B   0.1000
       136  -1.758898  1706.806  0.64888  0.887E-08  0.799E-06  pot  B   0.1000
       137  -1.758898  1706.806  0.64888  0.860E-08  0.946E-06  pot  B   0.1000
       138  -1.758898  1706.806  0.64888  0.127E-07  0.106E-05  pot  B   0.1000
       139  -1.758898  1706.806  0.64888  0.936E-08  0.113E-05  pot  B   0.1000
       140  -1.758898  1706.806  0.64888  0.745E-08  0.101E-05  pot  B   0.1000
       141  -1.758898  1706.806  0.64888  0.692E-08  0.988E-06  pot  B   0.1000
       142  -1.758898  1706.806  0.64888  0.599E-08  0.718E-06  pot  B   0.1000
       143  -1.758898  1706.806  0.64888  0.455E-08  0.846E-06  pot  B   0.1000
       144  -1.758898  1706.806  0.64888  0.385E-08  0.480E-06  pot  B   0.1000
       145  -1.758898  1706.806  0.64888  0.324E-08  0.507E-06  pot  B   0.1000
       146  -1.758898  1706.806  0.64888  0.334E-08  0.499E-06  pot  B   0.1000
       147  -1.758898  1706.806  0.64888  0.335E-08  0.388E-06  pot  B   0.1000
       148  -1.758898  1706.806  0.64888  0.496E-08  0.355E-06  pot  B   0.1000
       149  -1.758898  1706.806  0.64888  0.333E-08  0.501E-06  pot  B   0.1000
       150  -1.758898  1706.806  0.64888  0.328E-08  0.352E-06  pot  B   0.1000
       151  -1.758898  1706.806  0.64888  0.344E-08  0.322E-06  pot  B   0.1000
       152  -1.758898  1706.806  0.64888  0.162E-08  0.267E-06  pot  B   0.1000
       153  -1.758898  1706.806  0.64888  0.259E-08  0.262E-06  pot  B   0.1000
       154  -1.758898  1706.806  0.64888  0.277E-08  0.347E-06  pot  B   0.1000
       155  -1.758898  1706.806  0.64888  0.190E-08  0.383E-06  pot  B   0.1000
       156  -1.758898  1706.806  0.64888  0.322E-08  0.272E-06  pot  B   0.1000
       157  -1.758898  1706.806  0.64888  0.283E-08  0.316E-06  pot  B   0.1000
       158  -1.758898  1706.806  0.64888  0.230E-08  0.234E-06  pot  B   0.1000
       159  -1.758898  1706.806  0.64888  0.199E-08  0.126E-06  pot  B   0.1000
       160  -1.758898  1706.806  0.64888  0.291E-08  0.117E-06  pot  B   0.1000
       161  -1.758898  1706.806  0.64888  0.157E-08  0.154E-06  pot  B   0.1000
       162  -1.758898  1706.806  0.64888  0.212E-08  0.207E-06  pot  B   0.1000
       163  -1.758898  1706.806  0.64888  0.181E-08  0.178E-06  pot  B   0.1000
       164  -1.758898  1706.806  0.64888  0.117E-08  0.180E-06  pot  B   0.1000
       165  -1.758898  1706.806  0.64888  0.206E-08  0.167E-06  pot  B   0.1000
       166  -1.758898  1706.806  0.64888  0.223E-08  0.156E-06  pot  B   0.1000
       167  -1.758898  1706.806  0.64888  0.113E-08  0.213E-06  pot  B   0.1000
       168  -1.758898  1706.806  0.64888  0.180E-08  0.120E-06  pot  B   0.1000
       169  -1.758898  1706.806  0.64888  0.856E-09  0.917E-07  pot  B   0.1000
       170  -1.758898  1706.806  0.64888  0.892E-09  0.839E-07  pot  B   0.1000
       171  -1.758898  1706.806  0.64888  0.621E-09  0.628E-07  pot  B   0.1000
       172  -1.758898  1706.806  0.64888  0.777E-09  0.828E-07  pot  B   0.1000
       173  -1.758898  1706.806  0.64888  0.891E-09  0.653E-07  pot  B   0.1000
       174  -1.758898  1706.806  0.64888  0.661E-09  0.950E-07  pot  B   0.1000
       175  -1.758898  1706.806  0.64888  0.806E-09  0.894E-07  pot  B   0.1000
       176  -1.758898  1706.806  0.64888  0.546E-09  0.792E-07  pot  B   0.1000
       177  -1.758898  1706.806  0.64888  0.604E-09  0.502E-07  pot  B   0.1000
       178  -1.758898  1706.806  0.64888  0.415E-09  0.567E-07  pot  B   0.1000
       179  -1.758898  1706.806  0.64888  0.397E-09  0.663E-07  pot  B   0.1000
       180  -1.758898  1706.806  0.64888  0.335E-09  0.529E-07  pot  B   0.1000
       181  -1.758898  1706.806  0.64888  0.368E-09  0.479E-07  pot  B   0.1000
       182  -1.758898  1706.806  0.64888  0.283E-09  0.487E-07  pot  B   0.1000
       183  -1.758898  1706.806  0.64888  0.303E-09  0.466E-07  pot  B   0.1000
       184  -1.758898  1706.806  0.64888  0.294E-09  0.372E-07  pot  B   0.1000
       185  -1.758898  1706.806  0.64888  0.276E-09  0.248E-07  pot  B   0.1000
       186  -1.758898  1706.806  0.64888  0.274E-09  0.297E-07  pot  B   0.1000
       187  -1.758898  1706.806  0.64888  0.305E-09  0.257E-07  pot  B   0.1000
       188  -1.758898  1706.806  0.64888  0.170E-09  0.267E-07  pot  B   0.1000
       189  -1.758898  1706.806  0.64888  0.259E-09  0.251E-07  pot  B   0.1000
       190  -1.758898  1706.806  0.64888  0.375E-09  0.274E-07  pot  B   0.1000
       191  -1.758898  1706.806  0.64888  0.245E-09  0.490E-07  pot  B   0.1000
       192  -1.758898  1706.806  0.64888  0.296E-09  0.302E-07  pot  B   0.1000
       193  -1.758898  1706.806  0.64888  0.238E-09  0.257E-07  pot  B   0.1000
       194  -1.758898  1706.806  0.64888  0.193E-09  0.177E-07  pot  B   0.1000
       195  -1.758898  1706.806  0.64888  0.215E-09  0.158E-07  pot  B   0.1000
       196  -1.758898  1706.806  0.64888  0.165E-09  0.133E-07  pot  B   0.1000
       197  -1.758898  1706.806  0.64888  0.140E-09  0.141E-07  pot  B   0.1000
       198  -1.758898  1706.806  0.64888  0.179E-09  0.127E-07  pot  B   0.1000
       199  -1.758898  1706.806  0.64888  0.202E-09  0.148E-07  pot  B   0.1000
       200  -1.758898  1706.806  0.64888  0.129E-09  0.157E-07  pot  B   0.1000
**     201  -1.758898  1706.806  0.64888  0.149E-11  0.157E-07  pot  B   0.1000
