System Description            : WNbMoTaTi, BCC structure                        
Number of Atoms in Unit Cell  : 320                                             
Number of Atomic Species      : 5                                               
Number of Atoms in Each Type  : 64(W), 64(Nb), 64(Mo), 64(Ta), 64(Ti)           
Energy Offset                 : -16193                                          
=======================================================================================
    Iter     Energy      3PV     Efermi   Rms_rho    Rms_pot   Mix  Alg  Alpha 
---------------------------------------------------------------------------------------
**       1  -0.752746  1839.804  0.54578  0.140E+01  0.195E+00  pot  B   0.1000
         2  -0.911937  1816.632  0.57535  0.790E-02  0.923E+00  pot  B   0.1000
         3  -1.020166  1814.877  0.57736  0.230E-02  0.661E+00  pot  B   0.1000
         4  -1.005132  1802.334  0.58707  0.434E-02  0.962E+00  pot  B   0.1000
         5  -1.050547  1786.574  0.59748  0.529E-02  0.110E+01  pot  B   0.1000
         6  -1.379950  1776.733  0.60478  0.337E-02  0.373E+00  pot  B   0.1000
         7  -1.456708  1763.925  0.61402  0.445E-02  0.329E+00  pot  B   0.1000
         8  -1.521113  1744.815  0.62771  0.659E-02  0.238E+00  pot  B   0.1000
         9  -1.544360  1735.683  0.63472  0.335E-02  0.239E+00  pot  B   0.1000
        10  -1.564171  1730.042  0.63952  0.226E-02  0.131E+00  pot  B   0.1000
        11  -1.574933  1726.133  0.64251  0.175E-02  0.683E-01  pot  B   0.1000
        12  -1.586332  1721.017  0.64653  0.261E-02  0.768E-01  pot  B   0.1000
        13  -1.597083  1714.518  0.65100  0.348E-02  0.950E-01  pot  B   0.1000
        14  -1.600267  1713.447  0.65188  0.158E-02  0.929E-01  pot  B   0.1000
        15  -1.603466  1707.475  0.65612  0.240E-02  0.362E-01  pot  B   0.1000
        16  -1.603657  1707.020  0.65710  0.549E-03  0.467E-01  pot  B   0.1000
        17  -1.603576  1706.312  0.65786  0.286E-03  0.443E-01  pot  B   0.1000
        18  -1.604126  1706.431  0.65794  0.255E-03  0.991E-02  pot  B   0.1000
        19  -1.604167  1706.215  0.65847  0.136E-03  0.960E-02  pot  B   0.1000
        20  -1.604245  1706.248  0.65907  0.157E-03  0.102E-01  pot  B   0.1000
        21  -1.604381  1706.545  0.66005  0.231E-03  0.580E-02  pot  B   0.1000
        22  -1.604395  1706.393  0.66072  0.157E-03  0.104E-01  pot  B   0.1000
        23  -1.604416  1706.417  0.66121  0.912E-04  0.690E-02  pot  B   0.1000
        24  -1.604440  1706.559  0.66145  0.669E-04  0.322E-02  pot  B   0.1000
        25  -1.604450  1706.486  0.66180  0.622E-04  0.285E-02  pot  B   0.1000
        26  -1.604454  1706.557  0.66188  0.512E-04  0.211E-02  pot  B   0.1000
        27  -1.604459  1706.485  0.66205  0.409E-04  0.121E-02  pot  B   0.1000
        28  -1.604461  1706.462  0.66214  0.176E-04  0.136E-02  pot  B   0.1000
        29  -1.604463  1706.411  0.66227  0.289E-04  0.105E-02  pot  B   0.1000
        30  -1.604464  1706.388  0.66231  0.987E-05  0.129E-02  pot  B   0.1000
        31  -1.604464  1706.361  0.66233  0.182E-04  0.223E-02  pot  B   0.1000
        32  -1.604466  1706.310  0.66243  0.237E-04  0.118E-02  pot  B   0.1000
        33  -1.604466  1706.274  0.66247  0.142E-04  0.809E-03  pot  B   0.1000
        34  -1.604467  1706.256  0.66250  0.118E-04  0.421E-03  pot  B   0.1000
        35  -1.604467  1706.241  0.66253  0.971E-05  0.500E-03  pot  B   0.1000
        36  -1.604467  1706.232  0.66254  0.571E-05  0.364E-03  pot  B   0.1000
        37  -1.604467  1706.228  0.66256  0.574E-05  0.335E-03  pot  B   0.1000
        38  -1.604467  1706.216  0.66259  0.905E-05  0.253E-03  pot  B   0.1000
        39  -1.604467  1706.219  0.66259  0.222E-05  0.184E-03  pot  B   0.1000
        40  -1.604467  1706.215  0.66262  0.520E-05  0.157E-03  pot  B   0.1000
        41  -1.604468  1706.215  0.66263  0.238E-05  0.177E-03  pot  B   0.1000
        42  -1.604468  1706.214  0.66265  0.290E-05  0.213E-03  pot  B   0.1000
        43  -1.604468  1706.219  0.66265  0.247E-05  0.305E-03  pot  B   0.1000
        44  -1.604468  1706.217  0.66266  0.217E-05  0.212E-03  pot  B   0.1000
        45  -1.604468  1706.216  0.66267  0.192E-05  0.895E-04  pot  B   0.1000
        46  -1.604468  1706.216  0.66268  0.115E-05  0.824E-04  pot  B   0.1000
        47  -1.604468  1706.216  0.66269  0.107E-05  0.101E-03  pot  B   0.1000
        48  -1.604468  1706.215  0.66270  0.107E-05  0.725E-04  pot  B   0.1000
        49  -1.604469  1706.214  0.66270  0.623E-06  0.661E-04  pot  B   0.1000
        50  -1.604469  1706.213  0.66271  0.131E-05  0.659E-04  pot  B   0.1000
        51  -1.604469  1706.212  0.66271  0.400E-06  0.542E-04  pot  B   0.1000
        52  -1.604469  1706.211  0.66271  0.883E-06  0.389E-04  pot  B   0.1000
        53  -1.604469  1706.210  0.66271  0.619E-06  0.389E-04  pot  B   0.1000
        54  -1.604469  1706.209  0.66272  0.799E-06  0.316E-04  pot  B   0.1000
        55  -1.604469  1706.208  0.66272  0.295E-06  0.248E-04  pot  B   0.1000
        56  -1.604469  1706.208  0.66272  0.426E-06  0.283E-04  pot  B   0.1000
        57  -1.604469  1706.207  0.66272  0.379E-06  0.165E-04  pot  B   0.1000
        58  -1.604469  1706.207  0.66272  0.177E-06  0.163E-04  pot  B   0.1000
        59  -1.604469  1706.206  0.66272  0.407E-06  0.182E-04  pot  B   0.1000
        60  -1.604469  1706.206  0.66272  0.261E-06  0.133E-04  pot  B   0.1000
        61  -1.604469  1706.206  0.66273  0.222E-06  0.848E-05  pot  B   0.1000
        62  -1.604469  1706.206  0.66273  0.122E-06  0.787E-05  pot  B   0.1000
        63  -1.604469  1706.205  0.66273  0.116E-06  0.796E-05  pot  B   0.1000
        64  -1.604469  1706.205  0.66273  0.785E-07  0.610E-05  pot  B   0.1000
        65  -1.604469  1706.206  0.66273  0.599E-07  0.780E-05  pot  B   0.1000
        66  -1.604469  1706.206  0.66273  0.936E-07  0.707E-05  pot  B   0.1000
        67  -1.604469  1706.206  0.66273  0.286E-07  0.595E-05  pot  B   0.1000
        68  -1.604469  1706.206  0.66273  0.445E-07  0.484E-05  pot  B   0.1000
        69  -1.604469  1706.206  0.66273  0.445E-07  0.372E-05  pot  B   0.1000
        70  -1.604469  1706.206  0.66273  0.259E-07  0.542E-05  pot  B   0.1000
        71  -1.604469  1706.206  0.66273  0.559E-07  0.257E-05  pot  B   0.1000
        72  -1.604469  1706.205  0.66273  0.385E-07  0.181E-05  pot  B   0.1000
        73  -1.604469  1706.205  0.66273  0.312E-07  0.163E-05  pot  B   0.1000
        74  -1.604469  1706.205  0.66273  0.219E-07  0.170E-05  pot  B   0.1000
        75  -1.604469  1706.205  0.66273  0.328E-07  0.155E-05  pot  B   0.1000
        76  -1.604469  1706.205  0.66273  0.235E-07  0.145E-05  pot  B   0.1000
        77  -1.604469  1706.205  0.66273  0.273E-07  0.138E-05  pot  B   0.1000
        78  -1.604469  1706.205  0.66273  0.186E-07  0.889E-06  pot  B   0.1000
        79  -1.604469  1706.205  0.66273  0.115E-07  0.880E-06  pot  B   0.1000
        80  -1.604469  1706.205  0.66273  0.145E-07  0.903E-06  pot  B   0.1000
        81  -1.604469  1706.205  0.66273  0.154E-07  0.776E-06  pot  B   0.1000
        82  -1.604469  1706.205  0.66273  0.124E-07  0.934E-06  pot  B   0.1000
        83  -1.604469  1706.205  0.66273  0.584E-08  0.493E-06  pot  B   0.1000
        84  -1.604469  1706.205  0.66273  0.749E-08  0.488E-06  pot  B   0.1000
        85  -1.604469  1706.205  0.66273  0.434E-08  0.535E-06  pot  B   0.1000
        86  -1.604469  1706.205  0.66273  0.393E-08  0.344E-06  pot  B   0.1000
        87  -1.604469  1706.205  0.66273  0.500E-08  0.554E-06  pot  B   0.1000
        88  -1.604469  1706.205  0.66273  0.271E-08  0.289E-06  pot  B   0.1000
        89  -1.604469  1706.205  0.66273  0.245E-08  0.285E-06  pot  B   0.1000
        90  -1.604469  1706.205  0.66273  0.197E-08  0.249E-06  pot  B   0.1000
        91  -1.604469  1706.205  0.66273  0.143E-08  0.240E-06  pot  B   0.1000
        92  -1.604469  1706.205  0.66273  0.130E-08  0.262E-06  pot  B   0.1000
        93  -1.604469  1706.205  0.66273  0.159E-08  0.125E-06  pot  B   0.1000
        94  -1.604469  1706.205  0.66273  0.206E-08  0.169E-06  pot  B   0.1000
        95  -1.604469  1706.205  0.66273  0.117E-08  0.162E-06  pot  B   0.1000
        96  -1.604469  1706.205  0.66273  0.105E-08  0.141E-06  pot  B   0.1000
        97  -1.604469  1706.205  0.66273  0.758E-09  0.217E-06  pot  B   0.1000
        98  -1.604469  1706.205  0.66273  0.626E-09  0.705E-07  pot  B   0.1000
        99  -1.604469  1706.205  0.66273  0.963E-09  0.111E-06  pot  B   0.1000
       100  -1.604469  1706.205  0.66273  0.477E-09  0.753E-07  pot  B   0.1000
       101  -1.604469  1706.205  0.66273  0.142E-08  0.680E-07  pot  B   0.1000
       102  -1.604469  1706.205  0.66273  0.550E-09  0.807E-07  pot  B   0.1000
       103  -1.604469  1706.205  0.66273  0.929E-09  0.516E-07  pot  B   0.1000
       104  -1.604469  1706.205  0.66273  0.432E-09  0.742E-07  pot  B   0.1000
       105  -1.604469  1706.205  0.66273  0.505E-09  0.332E-07  pot  B   0.1000
       106  -1.604469  1706.205  0.66273  0.579E-09  0.223E-07  pot  B   0.1000
       107  -1.604469  1706.205  0.66273  0.484E-09  0.333E-07  pot  B   0.1000
       108  -1.604469  1706.205  0.66273  0.158E-09  0.272E-07  pot  B   0.1000
       109  -1.604469  1706.205  0.66273  0.317E-09  0.341E-07  pot  B   0.1000
       110  -1.604469  1706.205  0.66273  0.143E-09  0.209E-07  pot  B   0.1000
       111  -1.604469  1706.205  0.66273  0.154E-09  0.239E-07  pot  B   0.1000
       112  -1.604469  1706.205  0.66273  0.117E-09  0.235E-07  pot  B   0.1000
       113  -1.604469  1706.205  0.66273  0.151E-09  0.100E-07  pot  B   0.1000
       114  -1.604469  1706.205  0.66273  0.748E-10  0.108E-07  pot  B   0.1000
       115  -1.604469  1706.205  0.66273  0.616E-10  0.814E-08  pot  B   0.1000
**     116  -1.604469  1706.205  0.66273  0.987E-12  0.814E-08  pot  B   0.1000
**     117  -1.604469  1706.205  0.66273  0.987E-12  0.814E-08  pot  B   0.1000
