 Atom   Index      Q          Qmt        dQ        Vmad        Local Energy
  W         1   73.87550   72.57433   -0.12450    1.72095      -32312.48183
  W         2   73.86855   72.56738   -0.13145    1.72212      -32312.48552
  W         3   73.73780   72.43663   -0.26220    1.85313      -32312.57120
  W         4   73.78657   72.48540   -0.21343    1.81171      -32312.54537
  W         5   73.82949   72.52832   -0.17051    1.76505      -32312.51913
  W         6   73.87389   72.57272   -0.12611    1.72044      -32312.49500
  W         7   73.85564   72.55447   -0.14436    1.74442      -32312.50220
  W         8   73.89429   72.59312   -0.10571    1.69956      -32312.47416
  W         9   73.86834   72.56718   -0.13166    1.72518      -32312.48386
  W        10   73.78136   72.48019   -0.21864    1.81680      -32312.55011
  W        11   73.88803   72.58687   -0.11197    1.71387      -32312.48942
  W        12   73.83400   72.53283   -0.16600    1.76336      -32312.52165
  W        13   73.76435   72.46319   -0.23565    1.83164      -32312.55053
  W        14   73.76437   72.46320   -0.23563    1.82601      -32312.53851
  W        15   73.74960   72.44843   -0.25040    1.84794      -32312.56907
  W        16   73.80188   72.50071   -0.19812    1.79376      -32312.54271
  Nb       17   40.92125   39.62008   -0.07875    1.70573       -7632.57677
  Nb       18   40.86276   39.56159   -0.13724    1.76426       -7632.60958
  Nb       19   40.97404   39.67287   -0.02596    1.65228       -7632.54207
  Nb       20   41.06412   39.76296    0.06412    1.55719       -7632.47038
  Nb       21   40.92245   39.62128   -0.07755    1.70692       -7632.57113
  Nb       22   40.96696   39.66580   -0.03304    1.66154       -7632.54247
  Nb       23   41.02634   39.72517    0.02634    1.60016       -7632.51133
  Nb       24   40.97232   39.67115   -0.02768    1.65566       -7632.55365
  Nb       25   40.90327   39.60210   -0.09673    1.71697       -7632.58027
  Nb       26   40.80464   39.50347   -0.19536    1.81642       -7632.63709
  Nb       27   40.96593   39.66476   -0.03407    1.65822       -7632.54442
  Nb       28   40.93891   39.63774   -0.06109    1.68628       -7632.56699
  Nb       29   40.79236   39.49119   -0.20764    1.83319       -7632.65219
  Nb       30   40.83963   39.53846   -0.16037    1.78452       -7632.61438
  Nb       31   40.82824   39.52707   -0.17176    1.80165       -7632.63715
  Nb       32   40.71723   39.41606   -0.28277    1.90993       -7632.70118
  Mo       33   42.04088   40.73971    0.04088    1.68573       -8090.59241
  Mo       34   42.00585   40.70468    0.00585    1.71493       -8090.60575
  Mo       35   42.13541   40.83424    0.13541    1.58486       -8090.52653
  Mo       36   41.95520   40.65404   -0.04480    1.76745       -8090.63549
  Mo       37   42.03811   40.73694    0.03811    1.67846       -8090.57794
  Mo       38   41.93986   40.63870   -0.06014    1.78766       -8090.64911
  Mo       39   42.10789   40.80672    0.10789    1.61180       -8090.53800
  Mo       40   41.98251   40.68134   -0.01749    1.73742       -8090.61843
  Mo       41   42.17220   40.87103    0.17220    1.54670       -8090.49824
  Mo       42   42.07819   40.77702    0.07819    1.63876       -8090.55262
  Mo       43   41.97475   40.67358   -0.02525    1.75208       -8090.63539
  Mo       44   42.15696   40.85579    0.15696    1.55662       -8090.50074
  Mo       45   42.04948   40.74831    0.04948    1.66898       -8090.57414
  Mo       46   42.22059   40.91942    0.22059    1.49891       -8090.47116
  Mo       47   41.93959   40.63842   -0.06041    1.78454       -8090.64642
  Mo       48   42.19033   40.88916    0.19033    1.52582       -8090.48925
  Ta       49   72.85680   71.55563   -0.14320    1.67995      -31232.85782
  Ta       50   72.63428   71.33311   -0.36572    1.90014      -31233.01301
  Ta       51   72.73322   71.43205   -0.26678    1.79970      -31232.94169
  Ta       52   72.78399   71.48282   -0.21601    1.74846      -31232.90979
  Ta       53   72.67414   71.37297   -0.32586    1.85617      -31232.98591
  Ta       54   72.69986   71.39869   -0.30014    1.83187      -31232.95764
  Ta       55   72.71471   71.41354   -0.28529    1.81987      -31232.96337
  Ta       56   72.73064   71.42947   -0.26936    1.79834      -31232.93733
  Ta       57   72.72416   71.42299   -0.27584    1.80982      -31232.94643
  Ta       58   72.77663   71.47546   -0.22337    1.75861      -31232.92071
  Ta       59   72.73618   71.43501   -0.26382    1.79621      -31232.94030
  Ta       60   72.81142   71.51025   -0.18858    1.72327      -31232.88905
  Ta       61   72.69823   71.39706   -0.30177    1.83820      -31232.95948
  Ta       62   72.67990   71.37873   -0.32010    1.84934      -31232.97655
  Ta       63   72.72928   71.42811   -0.27072    1.80243      -31232.93960
  Ta       64   72.67704   71.37587   -0.32296    1.85478      -31232.97295
  V        65   23.57948   22.27832    0.57948    1.35580       -1895.11419
  V        66   23.53556   22.23439    0.53556    1.40873       -1895.14734
  V        67   23.58140   22.28023    0.58140    1.35773       -1895.12388
  V        68   23.51514   22.21397    0.51514    1.43023       -1895.16828
  V        69   23.48667   22.18550    0.48667    1.45700       -1895.17571
  V        70   23.39616   22.09499    0.39616    1.55854       -1895.25013
  V        71   23.53720   22.23604    0.53720    1.40951       -1895.17390
  V        72   23.45563   22.15446    0.45563    1.48419       -1895.19670
  V        73   23.39426   22.09309    0.39426    1.55178       -1895.23604
  V        74   23.48097   22.17980    0.48097    1.46365       -1895.18289
  V        75   23.44152   22.14035    0.44152    1.50766       -1895.21440
  V        76   23.30967   22.00850    0.30967    1.64098       -1895.28333
  V        77   23.46497   22.16380    0.46497    1.47755       -1895.18112
  V        78   23.45126   22.15009    0.45126    1.49566       -1895.21499
  V        79   23.50996   22.20879    0.50996    1.42807       -1895.14951
  V        80   23.53780   22.23663    0.53780    1.40487       -1895.16121
