System Description            : WNbMoTaV, BCC structure                         
Number of Atoms in Unit Cell  : 160                                             
Number of Atomic Species      : 5                                               
Number of Atoms in Each Type  : 32(W), 32(Nb), 32(Mo), 32(Ta), 32(V)            
Energy Offset                 : -16231                                          
=======================================================================================
    Iter     Energy      3PV     Efermi   Rms_rho    Rms_pot   Mix  Alg  Alpha 
---------------------------------------------------------------------------------------
**       1  -0.858699  1839.085  0.58639  0.140E+01  0.128E+00  pot  B   0.1000
         2  -1.129580  1816.580  0.59717  0.774E-02  0.432E+00  pot  B   0.1000
         3  -1.236021  1809.962  0.60234  0.469E-02  0.461E+00  pot  B   0.1000
         4  -1.385041  1796.635  0.61226  0.441E-02  0.327E+00  pot  B   0.1000
         5  -1.508216  1781.370  0.61824  0.516E-02  0.347E+00  pot  B   0.1000
         6  -1.649127  1752.220  0.62574  0.981E-02  0.263E+00  pot  B   0.1000
         7  -1.680734  1741.179  0.63070  0.384E-02  0.209E+00  pot  B   0.1000
         8  -1.708997  1733.640  0.63404  0.280E-02  0.139E+00  pot  B   0.1000
         9  -1.725983  1728.284  0.63629  0.227E-02  0.566E-01  pot  B   0.1000
        10  -1.737449  1722.856  0.63777  0.270E-02  0.746E-01  pot  B   0.1000
        11  -1.749996  1716.078  0.63940  0.354E-02  0.874E-01  pot  B   0.1000
        12  -1.756028  1710.906  0.64076  0.276E-02  0.533E-01  pot  B   0.1000
        13  -1.757862  1708.551  0.64174  0.131E-02  0.335E-01  pot  B   0.1000
        14  -1.758401  1707.779  0.64244  0.475E-03  0.122E-01  pot  B   0.1000
        15  -1.758588  1707.434  0.64313  0.275E-03  0.830E-02  pot  B   0.1000
        16  -1.758693  1707.103  0.64407  0.254E-03  0.102E-01  pot  B   0.1000
        17  -1.758869  1707.328  0.64517  0.236E-03  0.683E-02  pot  B   0.1000
        18  -1.758948  1707.305  0.64623  0.189E-03  0.639E-02  pot  B   0.1000
        19  -1.759005  1707.253  0.64733  0.193E-03  0.603E-02  pot  B   0.1000
        20  -1.758996  1707.222  0.64754  0.730E-04  0.614E-02  pot  B   0.1000
        21  -1.759020  1707.207  0.64786  0.798E-04  0.278E-02  pot  B   0.1000
        22  -1.759030  1707.153  0.64814  0.613E-04  0.223E-02  pot  B   0.1000
        23  -1.759034  1707.135  0.64826  0.421E-04  0.284E-02  pot  B   0.1000
        24  -1.759039  1707.089  0.64834  0.300E-04  0.194E-02  pot  B   0.1000
        25  -1.759041  1707.048  0.64840  0.234E-04  0.121E-02  pot  B   0.1000
        26  -1.759041  1707.013  0.64842  0.204E-04  0.967E-03  pot  B   0.1000
        27  -1.759041  1706.984  0.64845  0.167E-04  0.708E-03  pot  B   0.1000
        28  -1.759041  1706.952  0.64847  0.185E-04  0.809E-03  pot  B   0.1000
        29  -1.759040  1706.913  0.64849  0.191E-04  0.583E-03  pot  B   0.1000
        30  -1.759040  1706.887  0.64849  0.131E-04  0.509E-03  pot  B   0.1000
        31  -1.759040  1706.864  0.64852  0.152E-04  0.281E-03  pot  B   0.1000
        32  -1.759040  1706.858  0.64852  0.530E-05  0.377E-03  pot  B   0.1000
        33  -1.759040  1706.851  0.64853  0.452E-05  0.310E-03  pot  B   0.1000
        34  -1.759040  1706.840  0.64856  0.745E-05  0.211E-03  pot  B   0.1000
        35  -1.759040  1706.831  0.64859  0.684E-05  0.224E-03  pot  B   0.1000
        36  -1.759040  1706.827  0.64861  0.498E-05  0.261E-03  pot  B   0.1000
        37  -1.759041  1706.824  0.64864  0.345E-05  0.226E-03  pot  B   0.1000
        38  -1.759041  1706.820  0.64866  0.395E-05  0.188E-03  pot  B   0.1000
        39  -1.759041  1706.817  0.64867  0.254E-05  0.787E-04  pot  B   0.1000
        40  -1.759042  1706.816  0.64868  0.120E-05  0.742E-04  pot  B   0.1000
        41  -1.759042  1706.813  0.64869  0.231E-05  0.769E-04  pot  B   0.1000
        42  -1.759042  1706.811  0.64870  0.171E-05  0.770E-04  pot  B   0.1000
        43  -1.759042  1706.809  0.64870  0.157E-05  0.460E-04  pot  B   0.1000
        44  -1.759042  1706.808  0.64870  0.741E-06  0.686E-04  pot  B   0.1000
        45  -1.759042  1706.808  0.64871  0.534E-06  0.437E-04  pot  B   0.1000
        46  -1.759042  1706.807  0.64871  0.572E-06  0.275E-04  pot  B   0.1000
        47  -1.759042  1706.807  0.64871  0.458E-06  0.255E-04  pot  B   0.1000
        48  -1.759042  1706.806  0.64871  0.466E-06  0.205E-04  pot  B   0.1000
        49  -1.759042  1706.805  0.64871  0.505E-06  0.243E-04  pot  B   0.1000
        50  -1.759042  1706.805  0.64871  0.311E-06  0.118E-04  pot  B   0.1000
        51  -1.759042  1706.805  0.64871  0.201E-06  0.107E-04  pot  B   0.1000
        52  -1.759042  1706.805  0.64871  0.264E-06  0.693E-05  pot  B   0.1000
        53  -1.759042  1706.804  0.64871  0.124E-06  0.552E-05  pot  B   0.1000
        54  -1.759042  1706.804  0.64871  0.115E-06  0.593E-05  pot  B   0.1000
        55  -1.759042  1706.804  0.64871  0.730E-07  0.487E-05  pot  B   0.1000
        56  -1.759042  1706.804  0.64871  0.113E-06  0.662E-05  pot  B   0.1000
        57  -1.759042  1706.804  0.64871  0.679E-07  0.677E-05  pot  B   0.1000
        58  -1.759042  1706.804  0.64871  0.910E-07  0.531E-05  pot  B   0.1000
        59  -1.759042  1706.804  0.64871  0.666E-07  0.461E-05  pot  B   0.1000
        60  -1.759042  1706.804  0.64872  0.761E-07  0.214E-05  pot  B   0.1000
        61  -1.759042  1706.804  0.64872  0.690E-07  0.236E-05  pot  B   0.1000
        62  -1.759042  1706.804  0.64872  0.411E-07  0.258E-05  pot  B   0.1000
        63  -1.759042  1706.804  0.64872  0.509E-07  0.207E-05  pot  B   0.1000
        64  -1.759042  1706.804  0.64872  0.423E-07  0.155E-05  pot  B   0.1000
        65  -1.759042  1706.804  0.64872  0.229E-07  0.937E-06  pot  B   0.1000
        66  -1.759042  1706.804  0.64872  0.201E-07  0.609E-06  pot  B   0.1000
        67  -1.759042  1706.804  0.64872  0.148E-07  0.557E-06  pot  B   0.1000
        68  -1.759042  1706.803  0.64872  0.125E-07  0.590E-06  pot  B   0.1000
        69  -1.759042  1706.803  0.64872  0.959E-08  0.587E-06  pot  B   0.1000
        70  -1.759042  1706.803  0.64872  0.107E-07  0.734E-06  pot  B   0.1000
        71  -1.759042  1706.803  0.64872  0.943E-08  0.408E-06  pot  B   0.1000
        72  -1.759042  1706.803  0.64872  0.547E-08  0.217E-06  pot  B   0.1000
        73  -1.759042  1706.803  0.64872  0.351E-08  0.295E-06  pot  B   0.1000
        74  -1.759042  1706.803  0.64872  0.486E-08  0.146E-06  pot  B   0.1000
        75  -1.759042  1706.803  0.64872  0.283E-08  0.164E-06  pot  B   0.1000
        76  -1.759042  1706.803  0.64872  0.172E-08  0.112E-06  pot  B   0.1000
        77  -1.759042  1706.803  0.64872  0.216E-08  0.108E-06  pot  B   0.1000
        78  -1.759042  1706.803  0.64872  0.177E-08  0.113E-06  pot  B   0.1000
        79  -1.759042  1706.803  0.64872  0.179E-08  0.100E-06  pot  B   0.1000
        80  -1.759042  1706.803  0.64872  0.123E-08  0.695E-07  pot  B   0.1000
        81  -1.759042  1706.803  0.64872  0.699E-09  0.804E-07  pot  B   0.1000
        82  -1.759042  1706.803  0.64872  0.141E-08  0.623E-07  pot  B   0.1000
        83  -1.759042  1706.803  0.64872  0.933E-09  0.816E-07  pot  B   0.1000
        84  -1.759042  1706.803  0.64872  0.147E-08  0.496E-07  pot  B   0.1000
        85  -1.759042  1706.803  0.64872  0.142E-08  0.391E-07  pot  B   0.1000
        86  -1.759042  1706.803  0.64872  0.803E-09  0.312E-07  pot  B   0.1000
        87  -1.759042  1706.803  0.64872  0.497E-09  0.266E-07  pot  B   0.1000
        88  -1.759042  1706.803  0.64872  0.358E-09  0.238E-07  pot  B   0.1000
        89  -1.759042  1706.803  0.64872  0.461E-09  0.197E-07  pot  B   0.1000
        90  -1.759042  1706.803  0.64872  0.257E-09  0.112E-07  pot  B   0.1000
        91  -1.759042  1706.803  0.64872  0.162E-09  0.833E-08  pot  B   0.1000
**      92  -1.759042  1706.803  0.64872  0.127E-11  0.833E-08  pot  B   0.1000
