System Description            : WNbMoTa, BCC structure                          
Number of Atoms in Unit Cell  : 512                                             
Number of Atomic Species      : 4                                               
Number of Atoms in Each Type  : 128(W), 128(Nb), 128(Mo), 128(Ta)               
Energy Offset                 : -19816                                          
=======================================================================================
    Iter     Energy      3PV     Efermi   Rms_rho    Rms_pot   Mix  Alg  Alpha 
---------------------------------------------------------------------------------------
**       1  -0.263522  2293.578  0.59415  0.140E+01  0.186E+00  pot  B   0.1000
         2  -0.463193  2265.455  0.61097  0.786E-02  0.124E+01  pot  B   0.1000
         3  -0.623867  2262.444  0.61281  0.198E-02  0.614E+00  pot  B   0.1000
         4  -0.710977  2252.760  0.61711  0.270E-02  0.585E+00  pot  B   0.1000
         5  -0.837164  2212.645  0.63579  0.108E-01  0.133E+01  pot  B   0.1000
         6  -1.118050  2191.935  0.64836  0.545E-02  0.363E+00  pot  B   0.1000
         7  -1.180234  2176.208  0.65907  0.435E-02  0.241E+00  pot  B   0.1000
         8  -1.191285  2172.418  0.66324  0.121E-02  0.233E+00  pot  B   0.1000
         9  -1.224147  2161.093  0.66947  0.368E-02  0.118E+00  pot  B   0.1000
        10  -1.237327  2155.248  0.67284  0.208E-02  0.108E+00  pot  B   0.1000
        11  -1.246674  2150.466  0.67514  0.183E-02  0.130E+00  pot  B   0.1000
        12  -1.255452  2146.632  0.67690  0.152E-02  0.112E+00  pot  B   0.1000
        13  -1.270549  2137.522  0.68088  0.378E-02  0.451E-01  pot  B   0.1000
        14  -1.274163  2134.628  0.68249  0.170E-02  0.662E-01  pot  B   0.1000
        15  -1.275420  2129.423  0.68545  0.177E-02  0.570E-01  pot  B   0.1000
        16  -1.276352  2128.505  0.68601  0.591E-03  0.109E-01  pot  B   0.1000
        17  -1.276549  2128.336  0.68669  0.308E-03  0.144E-01  pot  B   0.1000
        18  -1.276609  2128.296  0.68685  0.491E-04  0.111E-01  pot  B   0.1000
        19  -1.276789  2128.362  0.68782  0.313E-03  0.715E-02  pot  B   0.1000
        20  -1.276769  2128.642  0.68813  0.910E-04  0.190E-01  pot  B   0.1000
        21  -1.276883  2128.755  0.68869  0.141E-03  0.508E-02  pot  B   0.1000
        22  -1.276892  2128.746  0.68892  0.420E-04  0.677E-02  pot  B   0.1000
        23  -1.276909  2128.708  0.68935  0.925E-04  0.671E-02  pot  B   0.1000
        24  -1.276920  2128.655  0.68969  0.715E-04  0.504E-02  pot  B   0.1000
        25  -1.276930  2128.808  0.68987  0.566E-04  0.338E-02  pot  B   0.1000
        26  -1.276939  2128.776  0.69015  0.418E-04  0.195E-02  pot  B   0.1000
        27  -1.276944  2128.716  0.69037  0.356E-04  0.251E-02  pot  B   0.1000
        28  -1.276944  2128.666  0.69046  0.277E-04  0.213E-02  pot  B   0.1000
        29  -1.276946  2128.639  0.69054  0.142E-04  0.116E-02  pot  B   0.1000
        30  -1.276947  2128.564  0.69065  0.282E-04  0.159E-02  pot  B   0.1000
        31  -1.276947  2128.564  0.69070  0.126E-04  0.159E-02  pot  B   0.1000
        32  -1.276949  2128.459  0.69078  0.303E-04  0.648E-03  pot  B   0.1000
        33  -1.276948  2128.418  0.69084  0.200E-04  0.196E-02  pot  B   0.1000
        34  -1.276949  2128.360  0.69088  0.199E-04  0.795E-03  pot  B   0.1000
        35  -1.276949  2128.336  0.69091  0.109E-04  0.938E-03  pot  B   0.1000
        36  -1.276948  2128.322  0.69094  0.788E-05  0.104E-02  pot  B   0.1000
        37  -1.276949  2128.321  0.69094  0.207E-05  0.539E-03  pot  B   0.1000
        38  -1.276949  2128.298  0.69096  0.993E-05  0.428E-03  pot  B   0.1000
        39  -1.276948  2128.289  0.69098  0.694E-05  0.408E-03  pot  B   0.1000
        40  -1.276948  2128.278  0.69100  0.696E-05  0.511E-03  pot  B   0.1000
        41  -1.276948  2128.276  0.69101  0.228E-05  0.313E-03  pot  B   0.1000
        42  -1.276948  2128.274  0.69102  0.255E-05  0.185E-03  pot  B   0.1000
        43  -1.276948  2128.271  0.69102  0.173E-05  0.390E-03  pot  B   0.1000
        44  -1.276948  2128.269  0.69103  0.132E-05  0.101E-03  pot  B   0.1000
        45  -1.276948  2128.267  0.69104  0.272E-05  0.224E-03  pot  B   0.1000
        46  -1.276948  2128.266  0.69105  0.962E-06  0.156E-03  pot  B   0.1000
        47  -1.276948  2128.266  0.69105  0.143E-05  0.101E-03  pot  B   0.1000
        48  -1.276948  2128.266  0.69106  0.113E-05  0.173E-03  pot  B   0.1000
        49  -1.276948  2128.265  0.69106  0.740E-06  0.136E-03  pot  B   0.1000
        50  -1.276948  2128.264  0.69107  0.880E-06  0.681E-04  pot  B   0.1000
        51  -1.276948  2128.265  0.69107  0.684E-06  0.523E-04  pot  B   0.1000
        52  -1.276948  2128.265  0.69108  0.307E-06  0.493E-04  pot  B   0.1000
        53  -1.276948  2128.266  0.69108  0.305E-06  0.494E-04  pot  B   0.1000
        54  -1.276948  2128.267  0.69108  0.208E-06  0.275E-04  pot  B   0.1000
        55  -1.276948  2128.269  0.69108  0.836E-06  0.621E-04  pot  B   0.1000
        56  -1.276948  2128.268  0.69108  0.525E-06  0.349E-04  pot  B   0.1000
        57  -1.276948  2128.270  0.69109  0.567E-06  0.371E-04  pot  B   0.1000
        58  -1.276948  2128.270  0.69109  0.122E-06  0.386E-04  pot  B   0.1000
        59  -1.276948  2128.271  0.69109  0.327E-06  0.161E-04  pot  B   0.1000
        60  -1.276948  2128.271  0.69109  0.301E-06  0.326E-04  pot  B   0.1000
        61  -1.276948  2128.272  0.69109  0.134E-06  0.266E-04  pot  B   0.1000
        62  -1.276948  2128.272  0.69109  0.122E-06  0.125E-04  pot  B   0.1000
        63  -1.276948  2128.273  0.69109  0.290E-06  0.133E-04  pot  B   0.1000
        64  -1.276949  2128.274  0.69109  0.343E-06  0.149E-04  pot  B   0.1000
        65  -1.276949  2128.275  0.69109  0.295E-06  0.160E-04  pot  B   0.1000
        66  -1.276949  2128.275  0.69109  0.208E-06  0.969E-05  pot  B   0.1000
        67  -1.276949  2128.276  0.69109  0.429E-06  0.151E-04  pot  B   0.1000
        68  -1.276949  2128.276  0.69109  0.914E-07  0.108E-04  pot  B   0.1000
        69  -1.276949  2128.276  0.69109  0.287E-06  0.101E-04  pot  B   0.1000
        70  -1.276949  2128.276  0.69109  0.334E-07  0.880E-05  pot  B   0.1000
        71  -1.276949  2128.277  0.69108  0.131E-06  0.684E-05  pot  B   0.1000
        72  -1.276949  2128.277  0.69108  0.130E-06  0.104E-04  pot  B   0.1000
        73  -1.276949  2128.277  0.69108  0.582E-07  0.106E-04  pot  B   0.1000
        74  -1.276949  2128.277  0.69108  0.338E-07  0.504E-05  pot  B   0.1000
        75  -1.276949  2128.277  0.69108  0.836E-07  0.551E-05  pot  B   0.1000
        76  -1.276949  2128.277  0.69108  0.676E-07  0.338E-05  pot  B   0.1000
        77  -1.276949  2128.277  0.69108  0.403E-07  0.405E-05  pot  B   0.1000
        78  -1.276949  2128.277  0.69108  0.309E-07  0.266E-05  pot  B   0.1000
        79  -1.276949  2128.277  0.69108  0.287E-07  0.273E-05  pot  B   0.1000
        80  -1.276949  2128.277  0.69108  0.101E-07  0.466E-05  pot  B   0.1000
        81  -1.276949  2128.277  0.69108  0.342E-07  0.254E-05  pot  B   0.1000
        82  -1.276949  2128.277  0.69108  0.123E-07  0.378E-05  pot  B   0.1000
        83  -1.276949  2128.277  0.69108  0.269E-07  0.194E-05  pot  B   0.1000
        84  -1.276949  2128.277  0.69108  0.237E-07  0.220E-05  pot  B   0.1000
        85  -1.276949  2128.277  0.69108  0.229E-07  0.252E-05  pot  B   0.1000
        86  -1.276949  2128.277  0.69108  0.677E-08  0.167E-05  pot  B   0.1000
        87  -1.276948  2128.277  0.69108  0.119E-07  0.147E-05  pot  B   0.1000
        88  -1.276948  2128.277  0.69108  0.149E-07  0.911E-06  pot  B   0.1000
        89  -1.276948  2128.277  0.69108  0.159E-07  0.899E-06  pot  B   0.1000
        90  -1.276948  2128.277  0.69108  0.162E-07  0.898E-06  pot  B   0.1000
        91  -1.276948  2128.277  0.69108  0.217E-07  0.985E-06  pot  B   0.1000
        92  -1.276948  2128.277  0.69108  0.131E-07  0.196E-05  pot  B   0.1000
        93  -1.276948  2128.277  0.69108  0.149E-07  0.794E-06  pot  B   0.1000
        94  -1.276948  2128.277  0.69108  0.915E-08  0.103E-05  pot  B   0.1000
        95  -1.276948  2128.276  0.69108  0.130E-07  0.473E-06  pot  B   0.1000
        96  -1.276948  2128.276  0.69108  0.127E-07  0.532E-06  pot  B   0.1000
        97  -1.276948  2128.276  0.69108  0.103E-07  0.847E-06  pot  B   0.1000
        98  -1.276948  2128.276  0.69108  0.207E-08  0.639E-06  pot  B   0.1000
        99  -1.276948  2128.276  0.69108  0.733E-08  0.619E-06  pot  B   0.1000
       100  -1.276948  2128.276  0.69108  0.886E-08  0.458E-06  pot  B   0.1000
**     101  -1.276948  2128.276  0.69108  0.540E-12  0.458E-06  pot  B   0.1000
