 Atom   Index      Q          Qmt        dQ        Vmad        Local Energy
  W         1   73.94830   72.56097   -0.05170    1.81365      -32312.63047
  W         2   73.89886   72.51153   -0.10114    1.86619      -32312.65668
  W         3   73.97672   72.58939   -0.02328    1.78912      -32312.60643
  W         4   73.87302   72.48569   -0.12698    1.88544      -32312.66326
  W         5   73.87286   72.48553   -0.12714    1.88850      -32312.66239
  W         6   73.96775   72.58042   -0.03225    1.79246      -32312.60348
  W         7   73.97366   72.58633   -0.02634    1.79894      -32312.61706
  W         8   73.94339   72.55606   -0.05661    1.82702      -32312.62697
  W         9   73.98024   72.59291   -0.01976    1.79131      -32312.61351
  W        10   73.89826   72.51093   -0.10174    1.87084      -32312.66157
  W        11   73.93544   72.54811   -0.06456    1.82698      -32312.63279
  W        12   73.92189   72.53456   -0.07811    1.83796      -32312.63315
  W        13   73.92151   72.53418   -0.07849    1.84529      -32312.64231
  W        14   73.94398   72.55665   -0.05602    1.82250      -32312.63093
  W        15   73.93881   72.55148   -0.06119    1.82935      -32312.63395
  W        16   73.93560   72.54827   -0.06440    1.83422      -32312.63610
  W        17   73.88188   72.49455   -0.11812    1.87980      -32312.66218
  W        18   73.86680   72.47947   -0.13320    1.89660      -32312.66630
  W        19   73.97712   72.58979   -0.02288    1.78961      -32312.61587
  W        20   73.96447   72.57714   -0.03553    1.80472      -32312.62057
  W        21   73.97964   72.59231   -0.02036    1.79067      -32312.61327
  W        22   74.02347   72.63614    0.02347    1.75465      -32312.59325
  W        23   73.97929   72.59196   -0.02071    1.79789      -32312.62500
  W        24   73.97224   72.58491   -0.02776    1.79528      -32312.61249
  W        25   73.94498   72.55765   -0.05502    1.82519      -32312.63233
  W        26   73.93605   72.54872   -0.06395    1.83189      -32312.63937
  W        27   73.88527   72.49794   -0.11473    1.87949      -32312.66329
  W        28   73.99698   72.60965   -0.00302    1.78312      -32312.61724
  W        29   73.92480   72.53747   -0.07520    1.84659      -32312.64763
  W        30   73.84225   72.45492   -0.15775    1.90886      -32312.67159
  W        31   73.97464   72.58731   -0.02536    1.79717      -32312.62113
  W        32   73.91969   72.53236   -0.08031    1.84061      -32312.64215
  W        33   73.98003   72.59270   -0.01997    1.78924      -32312.61371
  W        34   74.00604   72.61871    0.00604    1.76562      -32312.60535
  W        35   73.95561   72.56828   -0.04439    1.81693      -32312.62849
  W        36   74.03025   72.64292    0.03025    1.74833      -32312.58990
  W        37   73.98142   72.59409   -0.01858    1.78589      -32312.60124
  W        38   73.97258   72.58525   -0.02742    1.79628      -32312.61625
  W        39   73.96079   72.57346   -0.03921    1.80525      -32312.60974
  W        40   73.98122   72.59389   -0.01878    1.79144      -32312.61679
  W        41   74.01338   72.62605    0.01338    1.75742      -32312.59135
  W        42   73.96145   72.57412   -0.03855    1.79741      -32312.61284
  W        43   73.94782   72.56049   -0.05218    1.81158      -32312.61537
  W        44   73.90794   72.52061   -0.09206    1.84558      -32312.63917
  W        45   73.99568   72.60835   -0.00432    1.77525      -32312.60313
  W        46   73.91786   72.53053   -0.08214    1.85233      -32312.65178
  W        47   74.00648   72.61915    0.00648    1.76742      -32312.59885
  W        48   74.01712   72.62979    0.01712    1.75195      -32312.59250
  W        49   73.96136   72.57403   -0.03864    1.80587      -32312.61562
  W        50   73.97023   72.58290   -0.02977    1.80267      -32312.62277
  W        51   74.02231   72.63498    0.02231    1.74970      -32312.59243
  W        52   74.00683   72.61950    0.00683    1.76480      -32312.59195
  W        53   74.03565   72.64832    0.03565    1.74445      -32312.58762
  W        54   73.92974   72.54241   -0.07026    1.83425      -32312.63852
  W        55   73.97059   72.58326   -0.02941    1.78930      -32312.60562
  W        56   73.99354   72.60621   -0.00646    1.77854      -32312.61170
  W        57   73.93715   72.54982   -0.06285    1.82869      -32312.63086
  W        58   73.93121   72.54388   -0.06879    1.82971      -32312.63440
  W        59   73.96163   72.57430   -0.03837    1.80553      -32312.62000
  W        60   73.97514   72.58781   -0.02486    1.80064      -32312.62711
  W        61   73.89749   72.51016   -0.10251    1.86766      -32312.65857
  W        62   73.98497   72.59764   -0.01503    1.78732      -32312.61084
  W        63   73.96148   72.57415   -0.03852    1.81620      -32312.63987
  W        64   73.99985   72.61252   -0.00015    1.76879      -32312.59823
  W        65   73.88636   72.49903   -0.11364    1.87217      -32312.64920
  W        66   73.88296   72.49563   -0.11704    1.87620      -32312.65154
  W        67   73.99607   72.60874   -0.00393    1.77986      -32312.61045
  W        68   73.92359   72.53626   -0.07641    1.83850      -32312.63850
  W        69   73.96679   72.57946   -0.03321    1.80073      -32312.61225
  W        70   73.95192   72.56459   -0.04808    1.81747      -32312.62830
  W        71   73.96747   72.58014   -0.03253    1.79403      -32312.61088
  W        72   73.99702   72.60969   -0.00298    1.76489      -32312.59411
  W        73   74.01147   72.62414    0.01147    1.75745      -32312.59433
  W        74   73.96621   72.57888   -0.03379    1.79768      -32312.62037
  W        75   73.89154   72.50421   -0.10846    1.86814      -32312.65462
  W        76   73.93774   72.55041   -0.06226    1.82622      -32312.62739
  W        77   73.96024   72.57291   -0.03976    1.80854      -32312.62300
  W        78   73.94768   72.56035   -0.05232    1.81938      -32312.62665
  W        79   73.95302   72.56569   -0.04698    1.81519      -32312.62610
  W        80   73.94879   72.56146   -0.05121    1.82547      -32312.63630
  W        81   73.97151   72.58418   -0.02849    1.79652      -32312.61527
  W        82   73.91142   72.52409   -0.08858    1.85126      -32312.64568
  W        83   73.99084   72.60351   -0.00916    1.77939      -32312.60757
  W        84   73.95908   72.57175   -0.04092    1.81187      -32312.62618
  W        85   73.99621   72.60888   -0.00379    1.77281      -32312.59776
  W        86   73.94561   72.55828   -0.05439    1.82513      -32312.63672
  W        87   73.99761   72.61028   -0.00239    1.78385      -32312.61420
  W        88   73.92700   72.53967   -0.07300    1.83553      -32312.63173
  W        89   73.86844   72.48111   -0.13156    1.89303      -32312.66247
  W        90   74.00870   72.62137    0.00870    1.76219      -32312.60098
  W        91   73.98842   72.60109   -0.01158    1.78556      -32312.60589
  W        92   73.87796   72.49063   -0.12204    1.88080      -32312.65656
  W        93   73.82946   72.44213   -0.17054    1.93354      -32312.69651
  W        94   73.95631   72.56898   -0.04369    1.81333      -32312.62217
  W        95   73.98375   72.59642   -0.01625    1.78866      -32312.61797
  W        96   73.95388   72.56655   -0.04612    1.81270      -32312.62889
  W        97   73.98673   72.59940   -0.01327    1.78060      -32312.61420
  W        98   73.94791   72.56058   -0.05209    1.82196      -32312.63456
  W        99   73.97985   72.59252   -0.02015    1.79770      -32312.62424
  W       100   73.97649   72.58916   -0.02351    1.78947      -32312.61393
  W       101   73.92207   72.53474   -0.07793    1.84523      -32312.64022
  W       102   73.95157   72.56424   -0.04843    1.82035      -32312.63581
  W       103   74.03848   72.65115    0.03848    1.73589      -32312.58002
  W       104   73.90025   72.51292   -0.09975    1.86399      -32312.65313
  W       105   73.99067   72.60334   -0.00933    1.78565      -32312.61675
  W       106   73.96257   72.57524   -0.03743    1.80566      -32312.62071
  W       107   73.93981   72.55248   -0.06019    1.82522      -32312.63275
  W       108   73.97430   72.58697   -0.02570    1.79636      -32312.61230
  W       109   73.93932   72.55199   -0.06068    1.81873      -32312.61989
  W       110   73.89913   72.51180   -0.10087    1.86936      -32312.65597
  W       111   73.87933   72.49200   -0.12067    1.87184      -32312.65102
  W       112   74.03759   72.65026    0.03759    1.73650      -32312.58066
  W       113   74.02104   72.63371    0.02104    1.75381      -32312.59558
  W       114   73.97727   72.58994   -0.02273    1.79250      -32312.61508
  W       115   73.96767   72.58034   -0.03233    1.79718      -32312.60901
  W       116   73.92995   72.54262   -0.07005    1.83878      -32312.64318
  W       117   73.95973   72.57240   -0.04027    1.81041      -32312.62125
  W       118   73.93294   72.54561   -0.06706    1.83255      -32312.63505
  W       119   74.01709   72.62976    0.01709    1.75149      -32312.58890
  W       120   73.90057   72.51324   -0.09943    1.86414      -32312.65414
  W       121   73.95860   72.57127   -0.04140    1.81267      -32312.62602
  W       122   74.02183   72.63450    0.02183    1.75623      -32312.59467
  W       123   73.88198   72.49465   -0.11802    1.87298      -32312.64774
  W       124   74.03129   72.64396    0.03129    1.75054      -32312.59856
  W       125   73.97632   72.58899   -0.02368    1.79163      -32312.61200
  W       126   73.96702   72.57969   -0.03298    1.80991      -32312.62586
  W       127   73.96139   72.57406   -0.03861    1.81315      -32312.62821
  W       128   73.96825   72.58092   -0.03175    1.79819      -32312.61442
  Nb      129   41.01700   39.62967    0.01700    1.79043       -7632.71176
  Nb      130   40.98757   39.60024   -0.01243    1.81874       -7632.73250
  Nb      131   41.00931   39.62198    0.00931    1.80411       -7632.72665
  Nb      132   41.07938   39.69205    0.07938    1.72762       -7632.69228
  Nb      133   41.02267   39.63534    0.02267    1.78038       -7632.71474
  Nb      134   41.05507   39.66774    0.05507    1.74797       -7632.69286
  Nb      135   41.06302   39.67569    0.06302    1.74964       -7632.70049
  Nb      136   41.08700   39.69967    0.08700    1.71405       -7632.67285
  Nb      137   40.96871   39.58138   -0.03129    1.83184       -7632.74456
  Nb      138   41.07658   39.68925    0.07658    1.73267       -7632.68552
  Nb      139   40.95904   39.57171   -0.04096    1.84618       -7632.75317
  Nb      140   41.07524   39.68791    0.07524    1.73654       -7632.69371
  Nb      141   41.05751   39.67018    0.05751    1.74575       -7632.68862
  Nb      142   40.97264   39.58531   -0.02736    1.82883       -7632.73764
  Nb      143   41.00794   39.62061    0.00794    1.79548       -7632.72357
  Nb      144   40.99566   39.60833   -0.00434    1.81201       -7632.73215
  Nb      145   40.93849   39.55116   -0.06151    1.86269       -7632.76416
  Nb      146   40.97418   39.58685   -0.02582    1.82794       -7632.74899
  Nb      147   40.89186   39.50453   -0.10814    1.90710       -7632.78791
  Nb      148   41.08623   39.69890    0.08623    1.72298       -7632.67825
  Nb      149   41.00333   39.61600    0.00333    1.80541       -7632.72781
  Nb      150   40.99876   39.61143   -0.00124    1.80930       -7632.72699
  Nb      151   41.02335   39.63602    0.02335    1.77239       -7632.70682
  Nb      152   41.04646   39.65913    0.04646    1.76450       -7632.69887
  Nb      153   40.93170   39.54437   -0.06830    1.86389       -7632.76186
  Nb      154   41.05597   39.66864    0.05597    1.75610       -7632.69961
  Nb      155   41.04605   39.65872    0.04605    1.76391       -7632.70322
  Nb      156   41.00011   39.61278    0.00011    1.80176       -7632.72707
  Nb      157   41.03725   39.64992    0.03725    1.76749       -7632.70114
  Nb      158   41.06435   39.67702    0.06435    1.73698       -7632.68740
  Nb      159   40.96246   39.57513   -0.03754    1.84266       -7632.74710
  Nb      160   41.05724   39.66991    0.05724    1.75042       -7632.69360
  Nb      161   40.94386   39.55653   -0.05614    1.86409       -7632.75934
  Nb      162   41.06893   39.68160    0.06893    1.74482       -7632.69160
  Nb      163   41.11188   39.72455    0.11188    1.70119       -7632.67090
  Nb      164   40.98791   39.60058   -0.01209    1.81559       -7632.72931
  Nb      165   41.10721   39.71988    0.10721    1.70512       -7632.66930
  Nb      166   41.03338   39.64605    0.03338    1.77618       -7632.72133
  Nb      167   41.10121   39.71388    0.10121    1.70739       -7632.66955
  Nb      168   41.03318   39.64585    0.03318    1.77652       -7632.71161
  Nb      169   40.98433   39.59700   -0.01567    1.81352       -7632.73228
  Nb      170   41.05285   39.66552    0.05285    1.75056       -7632.69111
  Nb      171   40.92413   39.53680   -0.07587    1.88113       -7632.77720
  Nb      172   41.04816   39.66083    0.04816    1.76073       -7632.70458
  Nb      173   40.99557   39.60824   -0.00443    1.80882       -7632.72916
  Nb      174   41.00844   39.62111    0.00844    1.79669       -7632.72213
  Nb      175   41.08163   39.69430    0.08163    1.73069       -7632.68596
  Nb      176   41.00528   39.61795    0.00528    1.79790       -7632.72384
  Nb      177   40.97585   39.58852   -0.02415    1.82710       -7632.73694
  Nb      178   41.00965   39.62232    0.00965    1.79141       -7632.72022
  Nb      179   41.04220   39.65487    0.04220    1.77095       -7632.70800
  Nb      180   41.06676   39.67943    0.06676    1.74431       -7632.69648
  Nb      181   41.01268   39.62535    0.01268    1.79845       -7632.72517
  Nb      182   40.96192   39.57459   -0.03808    1.83817       -7632.74793
  Nb      183   40.93051   39.54318   -0.06949    1.86398       -7632.76096
  Nb      184   41.09276   39.70543    0.09276    1.71921       -7632.68280
  Nb      185   40.99731   39.60998   -0.00269    1.80531       -7632.72085
  Nb      186   41.00562   39.61829    0.00562    1.80031       -7632.72179
  Nb      187   40.92646   39.53913   -0.07354    1.87140       -7632.76671
  Nb      188   41.06278   39.67545    0.06278    1.74682       -7632.69672
  Nb      189   40.94429   39.55696   -0.05571    1.85675       -7632.75594
  Nb      190   40.96539   39.57806   -0.03461    1.83619       -7632.74286
  Nb      191   41.02404   39.63671    0.02404    1.78876       -7632.72024
  Nb      192   40.97436   39.58703   -0.02564    1.82711       -7632.74383
  Nb      193   40.97562   39.58829   -0.02438    1.83009       -7632.73587
  Nb      194   40.99744   39.61011   -0.00256    1.81196       -7632.73409
  Nb      195   41.06389   39.67656    0.06389    1.74320       -7632.70230
  Nb      196   41.00473   39.61740    0.00473    1.79860       -7632.71823
  Nb      197   41.01793   39.63060    0.01793    1.78778       -7632.71834
  Nb      198   41.01677   39.62944    0.01677    1.78675       -7632.71359
  Nb      199   41.00451   39.61718    0.00451    1.80219       -7632.72425
  Nb      200   41.04838   39.66105    0.04838    1.76341       -7632.71095
  Nb      201   41.02539   39.63806    0.02539    1.78242       -7632.71231
  Nb      202   41.05356   39.66623    0.05356    1.75400       -7632.69507
  Nb      203   40.96246   39.57513   -0.03754    1.83486       -7632.74099
  Nb      204   41.04197   39.65464    0.04197    1.76863       -7632.70076
  Nb      205   40.96632   39.57899   -0.03368    1.83876       -7632.74894
  Nb      206   40.97770   39.59037   -0.02230    1.82643       -7632.74347
  Nb      207   41.02016   39.63283    0.02016    1.78913       -7632.72128
  Nb      208   41.02008   39.63275    0.02008    1.78152       -7632.71096
  Nb      209   41.02312   39.63579    0.02312    1.77919       -7632.70943
  Nb      210   41.05717   39.66984    0.05717    1.74930       -7632.69299
  Nb      211   41.05351   39.66618    0.05351    1.75927       -7632.69951
  Nb      212   40.99418   39.60685   -0.00582    1.80950       -7632.73021
  Nb      213   40.98180   39.59447   -0.01820    1.81986       -7632.73473
  Nb      214   41.06761   39.68028    0.06761    1.73802       -7632.68961
  Nb      215   40.99044   39.60311   -0.00956    1.80961       -7632.72702
  Nb      216   41.02853   39.64120    0.02853    1.78135       -7632.71129
  Nb      217   41.05015   39.66282    0.05015    1.75289       -7632.70189
  Nb      218   40.98998   39.60265   -0.01002    1.81842       -7632.73686
  Nb      219   41.02629   39.63896    0.02629    1.77944       -7632.70853
  Nb      220   41.04378   39.65645    0.04378    1.76800       -7632.70697
  Nb      221   40.97525   39.58792   -0.02475    1.83247       -7632.74643
  Nb      222   40.93597   39.54864   -0.06403    1.86768       -7632.75933
  Nb      223   41.02328   39.63595    0.02328    1.78365       -7632.71092
  Nb      224   41.02471   39.63738    0.02471    1.77894       -7632.71431
  Nb      225   41.02440   39.63707    0.02440    1.78050       -7632.71113
  Nb      226   40.99590   39.60857   -0.00410    1.81028       -7632.73379
  Nb      227   41.02694   39.63961    0.02694    1.78069       -7632.71292
  Nb      228   40.97038   39.58305   -0.02962    1.83076       -7632.74228
  Nb      229   41.09140   39.70407    0.09140    1.71805       -7632.67939
  Nb      230   41.01641   39.62908    0.01641    1.79209       -7632.71718
  Nb      231   41.07090   39.68357    0.07090    1.73917       -7632.68564
  Nb      232   40.95715   39.56982   -0.04285    1.84722       -7632.75553
  Nb      233   41.01697   39.62964    0.01697    1.78975       -7632.72227
  Nb      234   40.97317   39.58584   -0.02683    1.82806       -7632.74051
  Nb      235   40.96196   39.57463   -0.03804    1.84645       -7632.75234
  Nb      236   41.01864   39.63131    0.01864    1.78918       -7632.72163
  Nb      237   40.99648   39.60915   -0.00352    1.80136       -7632.71987
  Nb      238   40.99058   39.60325   -0.00942    1.81527       -7632.72993
  Nb      239   40.99063   39.60330   -0.00937    1.81271       -7632.72785
  Nb      240   40.95108   39.56375   -0.04892    1.84548       -7632.75320
  Nb      241   41.02386   39.63653    0.02386    1.78181       -7632.71438
  Nb      242   41.08184   39.69451    0.08184    1.73248       -7632.69258
  Nb      243   41.02331   39.63598    0.02331    1.78210       -7632.71817
  Nb      244   41.04691   39.65958    0.04691    1.75894       -7632.70333
  Nb      245   41.00952   39.62219    0.00952    1.78848       -7632.71436
  Nb      246   40.90668   39.51935   -0.09332    1.88883       -7632.77063
  Nb      247   41.04531   39.65798    0.04531    1.76542       -7632.70535
  Nb      248   40.99451   39.60718   -0.00549    1.80653       -7632.72821
  Nb      249   40.99312   39.60579   -0.00688    1.80923       -7632.72751
  Nb      250   41.06640   39.67907    0.06640    1.74244       -7632.68229
  Nb      251   41.00358   39.61625    0.00358    1.80702       -7632.73081
  Nb      252   41.07007   39.68274    0.07007    1.73610       -7632.68535
  Nb      253   41.05631   39.66898    0.05631    1.74610       -7632.69691
  Nb      254   41.06025   39.67292    0.06025    1.75121       -7632.69566
  Nb      255   41.02672   39.63939    0.02672    1.78280       -7632.71215
  Nb      256   41.07771   39.69038    0.07771    1.73101       -7632.68106
  Mo      257   42.22581   40.83848    0.22581    1.66999       -8090.66366
  Mo      258   42.19472   40.80739    0.19472    1.69521       -8090.67581
  Mo      259   42.14346   40.75613    0.14346    1.74816       -8090.70415
  Mo      260   42.18460   40.79727    0.18460    1.71543       -8090.70234
  Mo      261   42.15863   40.77130    0.15863    1.73167       -8090.70042
  Mo      262   42.09512   40.70779    0.09512    1.79342       -8090.73643
  Mo      263   42.14474   40.75741    0.14474    1.74213       -8090.69592
  Mo      264   42.20826   40.82093    0.20826    1.68644       -8090.67183
  Mo      265   42.13882   40.75149    0.13882    1.74926       -8090.70346
  Mo      266   42.20535   40.81802    0.20535    1.68852       -8090.68062
  Mo      267   42.18927   40.80194    0.18927    1.71645       -8090.70040
  Mo      268   42.07868   40.69135    0.07868    1.80891       -8090.74299
  Mo      269   42.18188   40.79455    0.18188    1.71187       -8090.68943
  Mo      270   42.12868   40.74135    0.12868    1.76109       -8090.71367
  Mo      271   42.17166   40.78433    0.17166    1.72609       -8090.70102
  Mo      272   42.15127   40.76394    0.15127    1.73882       -8090.70528
  Mo      273   42.22758   40.84025    0.22758    1.66835       -8090.66461
  Mo      274   42.16982   40.78249    0.16982    1.72573       -8090.69601
  Mo      275   42.15075   40.76342    0.15075    1.74545       -8090.70344
  Mo      276   42.15771   40.77038    0.15771    1.73356       -8090.69412
  Mo      277   42.14192   40.75459    0.14192    1.75239       -8090.70788
  Mo      278   42.18191   40.79458    0.18191    1.71093       -8090.68770
  Mo      279   42.10954   40.72221    0.10954    1.77564       -8090.71881
  Mo      280   42.13580   40.74847    0.13580    1.75093       -8090.70713
  Mo      281   42.14784   40.76051    0.14784    1.74357       -8090.70167
  Mo      282   42.15958   40.77225    0.15958    1.72065       -8090.68753
  Mo      283   42.13946   40.75213    0.13946    1.74998       -8090.70552
  Mo      284   42.18160   40.79427    0.18160    1.71485       -8090.69046
  Mo      285   42.10986   40.72253    0.10986    1.77760       -8090.72987
  Mo      286   42.16819   40.78086    0.16819    1.72885       -8090.70009
  Mo      287   42.19850   40.81117    0.19850    1.70324       -8090.68955
  Mo      288   42.17218   40.78485    0.17218    1.72881       -8090.70489
  Mo      289   42.23373   40.84640    0.23373    1.66522       -8090.66035
  Mo      290   42.18459   40.79726    0.18459    1.71552       -8090.69619
  Mo      291   42.18483   40.79750    0.18483    1.71461       -8090.69241
  Mo      292   42.12706   40.73973    0.12706    1.76493       -8090.72190
  Mo      293   42.16520   40.77787    0.16520    1.72175       -8090.69018
  Mo      294   42.14810   40.76077    0.14810    1.74582       -8090.70906
  Mo      295   42.21022   40.82289    0.21022    1.68578       -8090.67501
  Mo      296   42.08107   40.69374    0.08107    1.81143       -8090.74506
  Mo      297   42.18893   40.80160    0.18893    1.70431       -8090.68622
  Mo      298   42.09349   40.70616    0.09349    1.79193       -8090.72398
  Mo      299   42.22672   40.83939    0.22672    1.66542       -8090.66150
  Mo      300   42.18749   40.80016    0.18749    1.70941       -8090.69625
  Mo      301   42.18169   40.79436    0.18169    1.71698       -8090.69719
  Mo      302   42.14469   40.75736    0.14469    1.74909       -8090.70492
  Mo      303   42.13954   40.75221    0.13954    1.75099       -8090.70996
  Mo      304   42.24445   40.85712    0.24445    1.65571       -8090.66190
  Mo      305   42.19099   40.80366    0.19099    1.70983       -8090.70133
  Mo      306   42.17039   40.78306    0.17039    1.72120       -8090.68988
  Mo      307   42.19386   40.80653    0.19386    1.70141       -8090.68248
  Mo      308   42.21422   40.82689    0.21422    1.67890       -8090.66562
  Mo      309   42.20384   40.81651    0.20384    1.68626       -8090.66669
  Mo      310   42.16899   40.78166    0.16899    1.71674       -8090.69155
  Mo      311   42.17246   40.78513    0.17246    1.72495       -8090.69722
  Mo      312   42.15130   40.76397    0.15130    1.74390       -8090.70787
  Mo      313   42.20473   40.81740    0.20473    1.69197       -8090.68049
  Mo      314   42.19285   40.80552    0.19285    1.70626       -8090.68811
  Mo      315   42.17642   40.78909    0.17642    1.71424       -8090.68548
  Mo      316   42.22143   40.83410    0.22143    1.67059       -8090.66759
  Mo      317   42.11095   40.72362    0.11095    1.78269       -8090.72808
  Mo      318   42.17795   40.79062    0.17795    1.71338       -8090.68890
  Mo      319   42.17804   40.79071    0.17804    1.71577       -8090.69110
  Mo      320   42.19641   40.80908    0.19641    1.69593       -8090.67322
  Mo      321   42.16080   40.77347    0.16080    1.73424       -8090.70080
  Mo      322   42.25348   40.86615    0.25348    1.64352       -8090.65230
  Mo      323   42.20345   40.81612    0.20345    1.69189       -8090.67177
  Mo      324   42.13629   40.74896    0.13629    1.76031       -8090.71749
  Mo      325   42.15890   40.77157    0.15890    1.73713       -8090.70269
  Mo      326   42.13627   40.74894    0.13627    1.74808       -8090.69933
  Mo      327   42.24959   40.86226    0.24959    1.65344       -8090.66178
  Mo      328   42.11481   40.72748    0.11481    1.77262       -8090.72081
  Mo      329   42.07694   40.68961    0.07694    1.80261       -8090.72486
  Mo      330   42.14670   40.75937    0.14670    1.74230       -8090.70564
  Mo      331   42.13928   40.75195    0.13928    1.75189       -8090.70624
  Mo      332   42.14993   40.76260    0.14993    1.74565       -8090.70803
  Mo      333   42.11781   40.73048    0.11781    1.77783       -8090.73240
  Mo      334   42.09751   40.71018    0.09751    1.79183       -8090.73374
  Mo      335   42.22103   40.83370    0.22103    1.67501       -8090.66813
  Mo      336   42.15910   40.77177    0.15910    1.73630       -8090.70718
  Mo      337   42.25188   40.86455    0.25188    1.64182       -8090.64644
  Mo      338   42.16937   40.78204    0.16937    1.71861       -8090.69025
  Mo      339   42.24558   40.85825    0.24558    1.65507       -8090.65900
  Mo      340   42.19333   40.80600    0.19333    1.71162       -8090.70126
  Mo      341   42.19417   40.80684    0.19417    1.69497       -8090.67912
  Mo      342   42.15080   40.76347    0.15080    1.73485       -8090.69967
  Mo      343   42.10178   40.71445    0.10178    1.79017       -8090.72407
  Mo      344   42.08056   40.69323    0.08056    1.80640       -8090.74086
  Mo      345   42.13000   40.74267    0.13000    1.75935       -8090.71212
  Mo      346   42.13033   40.74300    0.13033    1.75225       -8090.70847
  Mo      347   42.14456   40.75723    0.14456    1.74723       -8090.71002
  Mo      348   42.14598   40.75865    0.14598    1.74618       -8090.70769
  Mo      349   42.19695   40.80962    0.19695    1.70072       -8090.68257
  Mo      350   42.15569   40.76836    0.15569    1.73072       -8090.69606
  Mo      351   42.21063   40.82330    0.21063    1.68255       -8090.67404
  Mo      352   42.16606   40.77873    0.16606    1.73230       -8090.70130
  Mo      353   42.25443   40.86710    0.25443    1.65137       -8090.66184
  Mo      354   42.19179   40.80446    0.19179    1.69653       -8090.67337
  Mo      355   42.16196   40.77463    0.16196    1.73250       -8090.69731
  Mo      356   42.13459   40.74726    0.13459    1.76174       -8090.71902
  Mo      357   42.17049   40.78316    0.17049    1.73089       -8090.70717
  Mo      358   42.15150   40.76417    0.15150    1.74435       -8090.71023
  Mo      359   42.17567   40.78834    0.17567    1.71708       -8090.69094
  Mo      360   42.18713   40.79980    0.18713    1.71143       -8090.69125
  Mo      361   42.14095   40.75362    0.14095    1.75281       -8090.71317
  Mo      362   42.16324   40.77591    0.16324    1.72845       -8090.69512
  Mo      363   42.14983   40.76250    0.14983    1.74308       -8090.71158
  Mo      364   42.26230   40.87497    0.26230    1.64053       -8090.65482
  Mo      365   42.14208   40.75475    0.14208    1.75682       -8090.71667
  Mo      366   42.16836   40.78103    0.16836    1.72494       -8090.70027
  Mo      367   42.14907   40.76174    0.14907    1.74230       -8090.70332
  Mo      368   42.16684   40.77951    0.16684    1.72847       -8090.69747
  Mo      369   42.17252   40.78519    0.17252    1.72198       -8090.69665
  Mo      370   42.18227   40.79494    0.18227    1.70438       -8090.67449
  Mo      371   42.18656   40.79923    0.18656    1.70243       -8090.67406
  Mo      372   42.19061   40.80328    0.19061    1.70890       -8090.69078
  Mo      373   42.10062   40.71329    0.10062    1.78766       -8090.72248
  Mo      374   42.22672   40.83939    0.22672    1.66766       -8090.66150
  Mo      375   42.18336   40.79603    0.18336    1.71946       -8090.69947
  Mo      376   42.20251   40.81518    0.20251    1.69162       -8090.67569
  Mo      377   42.09875   40.71142    0.09875    1.78520       -8090.72370
  Mo      378   42.20465   40.81732    0.20465    1.68164       -8090.66911
  Mo      379   42.17377   40.78644    0.17377    1.71919       -8090.69641
  Mo      380   42.16254   40.77521    0.16254    1.72998       -8090.69843
  Mo      381   42.10664   40.71931    0.10664    1.78329       -8090.72486
  Mo      382   42.18035   40.79302    0.18035    1.71634       -8090.68905
  Mo      383   42.13380   40.74647    0.13380    1.75015       -8090.69824
  Mo      384   42.19287   40.80554    0.19287    1.69794       -8090.68130
  Ta      385   72.88463   71.49730   -0.11537    1.83249      -31233.05470
  Ta      386   72.84203   71.45470   -0.15797    1.87062      -31233.07892
  Ta      387   72.82198   71.43465   -0.17802    1.89081      -31233.08703
  Ta      388   72.83350   71.44617   -0.16650    1.88236      -31233.08633
  Ta      389   72.81177   71.42444   -0.18823    1.89861      -31233.09637
  Ta      390   72.84254   71.45521   -0.15746    1.87396      -31233.07688
  Ta      391   72.85572   71.46839   -0.14428    1.85818      -31233.06891
  Ta      392   72.86800   71.48067   -0.13200    1.84461      -31233.06666
  Ta      393   72.82635   71.43902   -0.17365    1.88363      -31233.09262
  Ta      394   72.85741   71.47008   -0.14259    1.85872      -31233.07057
  Ta      395   72.81519   71.42786   -0.18481    1.89632      -31233.09788
  Ta      396   72.90991   71.52258   -0.09009    1.81019      -31233.03957
  Ta      397   72.89994   71.51261   -0.10006    1.81565      -31233.04534
  Ta      398   72.89342   71.50609   -0.10658    1.82816      -31233.05408
  Ta      399   72.81886   71.43153   -0.18114    1.89356      -31233.09591
  Ta      400   72.93254   71.54521   -0.06746    1.79443      -31233.03560
  Ta      401   72.94505   71.55772   -0.05495    1.77952      -31233.01658
  Ta      402   72.83886   71.45153   -0.16114    1.87459      -31233.08292
  Ta      403   72.82125   71.43392   -0.17875    1.89343      -31233.09172
  Ta      404   72.86534   71.47801   -0.13466    1.84960      -31233.07099
  Ta      405   72.89346   71.50613   -0.10654    1.82126      -31233.05277
  Ta      406   72.85264   71.46531   -0.14736    1.85967      -31233.06727
  Ta      407   72.81769   71.43036   -0.18231    1.88613      -31233.09089
  Ta      408   72.80317   71.41584   -0.19683    1.90343      -31233.10681
  Ta      409   72.82207   71.43474   -0.17793    1.89257      -31233.09218
  Ta      410   72.81817   71.43084   -0.18183    1.89201      -31233.09148
  Ta      411   72.86323   71.47590   -0.13677    1.85019      -31233.06623
  Ta      412   72.82605   71.43872   -0.17395    1.88632      -31233.09045
  Ta      413   72.87023   71.48290   -0.12977    1.84631      -31233.05791
  Ta      414   72.83616   71.44883   -0.16384    1.87542      -31233.08187
  Ta      415   72.91273   71.52540   -0.08727    1.80775      -31233.04249
  Ta      416   72.74515   71.35782   -0.25485    1.96021      -31233.13814
  Ta      417   72.83696   71.44963   -0.16304    1.87997      -31233.08134
  Ta      418   72.83441   71.44708   -0.16559    1.87773      -31233.08571
  Ta      419   72.87410   71.48677   -0.12590    1.84286      -31233.05329
  Ta      420   72.82581   71.43848   -0.17419    1.88927      -31233.08886
  Ta      421   72.85194   71.46461   -0.14806    1.85844      -31233.06927
  Ta      422   72.82143   71.43410   -0.17857    1.89339      -31233.08999
  Ta      423   72.83437   71.44704   -0.16563    1.87865      -31233.09071
  Ta      424   72.87068   71.48335   -0.12932    1.84454      -31233.05982
  Ta      425   72.86215   71.47482   -0.13785    1.84840      -31233.06407
  Ta      426   72.79010   71.40277   -0.20990    1.91823      -31233.10931
  Ta      427   72.90253   71.51520   -0.09747    1.81275      -31233.04948
  Ta      428   72.83136   71.44403   -0.16864    1.88321      -31233.08398
  Ta      429   72.89603   71.50870   -0.10397    1.82424      -31233.04748
  Ta      430   72.86084   71.47351   -0.13916    1.85826      -31233.07952
  Ta      431   72.80934   71.42201   -0.19066    1.89835      -31233.10294
  Ta      432   72.80450   71.41717   -0.19550    1.90172      -31233.09547
  Ta      433   72.89849   71.51116   -0.10151    1.82358      -31233.04744
  Ta      434   72.85552   71.46819   -0.14448    1.85783      -31233.07063
  Ta      435   72.92703   71.53970   -0.07297    1.79875      -31233.03787
  Ta      436   72.96308   71.57575   -0.03692    1.75975      -31233.00402
  Ta      437   72.82976   71.44243   -0.17024    1.88437      -31233.08409
  Ta      438   72.85777   71.47044   -0.14223    1.85192      -31233.06832
  Ta      439   72.86558   71.47825   -0.13442    1.85120      -31233.07032
  Ta      440   72.96003   71.57270   -0.03997    1.76056      -31233.00998
  Ta      441   72.86157   71.47424   -0.13843    1.84856      -31233.06706
  Ta      442   72.85064   71.46331   -0.14936    1.86126      -31233.07376
  Ta      443   72.91752   71.53019   -0.08248    1.79871      -31233.03344
  Ta      444   72.80907   71.42174   -0.19093    1.90350      -31233.09939
  Ta      445   72.89759   71.51026   -0.10241    1.81634      -31233.04412
  Ta      446   72.93898   71.55165   -0.06102    1.77509      -31233.02304
  Ta      447   72.82848   71.44115   -0.17152    1.88092      -31233.08378
  Ta      448   72.85545   71.46812   -0.14455    1.85798      -31233.06686
  Ta      449   72.92149   71.53416   -0.07851    1.79982      -31233.03734
  Ta      450   72.85240   71.46507   -0.14760    1.86433      -31233.08302
  Ta      451   72.86175   71.47442   -0.13825    1.85755      -31233.07772
  Ta      452   72.84801   71.46068   -0.15199    1.85916      -31233.07357
  Ta      453   72.85248   71.46515   -0.14752    1.85801      -31233.07673
  Ta      454   72.81410   71.42677   -0.18590    1.89441      -31233.09791
  Ta      455   72.87325   71.48592   -0.12675    1.83829      -31233.05606
  Ta      456   72.88996   71.50263   -0.11004    1.83044      -31233.05687
  Ta      457   72.83301   71.44568   -0.16699    1.88397      -31233.08541
  Ta      458   72.88411   71.49678   -0.11589    1.83446      -31233.05477
  Ta      459   72.87160   71.48427   -0.12840    1.84908      -31233.06401
  Ta      460   72.85098   71.46365   -0.14902    1.86327      -31233.07442
  Ta      461   72.84163   71.45430   -0.15837    1.86764      -31233.07889
  Ta      462   72.88950   71.50217   -0.11050    1.83223      -31233.05573
  Ta      463   72.90385   71.51652   -0.09615    1.81454      -31233.04560
  Ta      464   72.79871   71.41138   -0.20129    1.91456      -31233.11292
  Ta      465   72.88178   71.49445   -0.11822    1.82917      -31233.05590
  Ta      466   72.81557   71.42824   -0.18443    1.89557      -31233.10120
  Ta      467   72.88945   71.50212   -0.11055    1.82590      -31233.05155
  Ta      468   72.83920   71.45187   -0.16080    1.87191      -31233.07213
  Ta      469   72.87832   71.49099   -0.12168    1.83656      -31233.06525
  Ta      470   72.82804   71.44071   -0.17196    1.89004      -31233.09424
  Ta      471   72.80112   71.41379   -0.19888    1.90821      -31233.10182
  Ta      472   72.84568   71.45835   -0.15432    1.86904      -31233.08110
  Ta      473   72.85782   71.47049   -0.14218    1.85613      -31233.07111
  Ta      474   72.88310   71.49577   -0.11690    1.83021      -31233.05461
  Ta      475   72.84089   71.45356   -0.15911    1.87360      -31233.08052
  Ta      476   72.86803   71.48070   -0.13197    1.84475      -31233.07190
  Ta      477   72.81412   71.42679   -0.18588    1.89844      -31233.09439
  Ta      478   72.83509   71.44776   -0.16491    1.87540      -31233.07667
  Ta      479   72.88622   71.49889   -0.11378    1.83724      -31233.05613
  Ta      480   72.77751   71.39018   -0.22249    1.92691      -31233.10955
  Ta      481   72.96732   71.57999   -0.03268    1.75372      -31233.00678
  Ta      482   72.90690   71.51957   -0.09310    1.81094      -31233.04056
  Ta      483   72.85916   71.47183   -0.14084    1.85922      -31233.06997
  Ta      484   72.87882   71.49149   -0.12118    1.84138      -31233.06406
  Ta      485   72.86741   71.48008   -0.13259    1.84673      -31233.07483
  Ta      486   72.78695   71.39962   -0.21305    1.92575      -31233.11508
  Ta      487   72.90339   71.51606   -0.09661    1.81020      -31233.03889
  Ta      488   72.80314   71.41581   -0.19686    1.90739      -31233.10801
  Ta      489   72.90600   71.51867   -0.09400    1.80998      -31233.04309
  Ta      490   72.95738   71.57005   -0.04262    1.76516      -31233.00476
  Ta      491   72.91823   71.53090   -0.08177    1.79773      -31233.03246
  Ta      492   72.88642   71.49909   -0.11358    1.82818      -31233.05618
  Ta      493   72.94361   71.55628   -0.05639    1.78110      -31233.01731
  Ta      494   72.83054   71.44321   -0.16946    1.87797      -31233.08216
  Ta      495   72.84757   71.46024   -0.15243    1.86431      -31233.07443
  Ta      496   72.83818   71.45085   -0.16182    1.87504      -31233.08192
  Ta      497   72.94503   71.55770   -0.05497    1.77115      -31233.01387
  Ta      498   72.86404   71.47671   -0.13596    1.84596      -31233.06070
  Ta      499   72.84223   71.45490   -0.15777    1.86567      -31233.07498
  Ta      500   72.87436   71.48703   -0.12564    1.84403      -31233.06533
  Ta      501   72.83477   71.44744   -0.16523    1.87413      -31233.07664
  Ta      502   72.84490   71.45757   -0.15510    1.86350      -31233.07146
  Ta      503   72.85247   71.46514   -0.14753    1.85793      -31233.06892
  Ta      504   72.93362   71.54629   -0.06638    1.78705      -31233.03303
  Ta      505   72.80590   71.41857   -0.19410    1.90769      -31233.10630
  Ta      506   72.86934   71.48201   -0.13066    1.83662      -31233.05563
  Ta      507   72.87042   71.48309   -0.12958    1.84742      -31233.06099
  Ta      508   72.84739   71.46006   -0.15261    1.86141      -31233.07521
  Ta      509   72.89677   71.50944   -0.10323    1.82265      -31233.04826
  Ta      510   72.80203   71.41470   -0.19797    1.90484      -31233.09295
  Ta      511   72.90349   71.51616   -0.09651    1.80879      -31233.03780
  Ta      512   72.87382   71.48649   -0.12618    1.84548      -31233.06256
