 Atom   Index      Q          Qmt        dQ        Vmad        Local Energy
  W         1   73.88446   72.49702   -0.11554    1.87667      -32312.65930
  W         2   73.94405   72.55661   -0.05595    1.82046      -32312.62125
  W         3   73.92664   72.53920   -0.07336    1.83678      -32312.63894
  W         4   74.00087   72.61342    0.00087    1.76367      -32312.59420
  W         5   73.99011   72.60267   -0.00989    1.77920      -32312.60185
  W         6   73.91305   72.52561   -0.08695    1.85357      -32312.64907
  W         7   73.89129   72.50385   -0.10871    1.87073      -32312.65400
  W         8   73.86164   72.47420   -0.13836    1.89497      -32312.66316
  W         9   73.97563   72.58819   -0.02437    1.80103      -32312.62100
  W        10   73.94309   72.55565   -0.05691    1.81874      -32312.62513
  W        11   74.07291   72.68547    0.07291    1.70397      -32312.56621
  W        12   74.00853   72.62109    0.00853    1.76596      -32312.60093
  W        13   73.98108   72.59363   -0.01892    1.79446      -32312.61429
  W        14   73.97868   72.59124   -0.02132    1.79211      -32312.61316
  W        15   74.01185   72.62440    0.01185    1.75548      -32312.59387
  W        16   73.92478   72.53734   -0.07522    1.83486      -32312.63859
  W        17   73.97082   72.58338   -0.02918    1.79760      -32312.61778
  W        18   73.97419   72.58675   -0.02581    1.79431      -32312.61913
  W        19   74.00882   72.62138    0.00882    1.76994      -32312.60597
  W        20   73.98256   72.59511   -0.01744    1.78918      -32312.60679
  W        21   73.96018   72.57274   -0.03982    1.81283      -32312.63137
  W        22   73.99067   72.60323   -0.00933    1.78377      -32312.61362
  W        23   73.98273   72.59528   -0.01727    1.78774      -32312.61529
  W        24   73.99180   72.60436   -0.00820    1.77152      -32312.59982
  W        25   73.97868   72.59124   -0.02132    1.78572      -32312.60542
  W        26   74.02462   72.63717    0.02462    1.75323      -32312.59677
  W        27   73.92032   72.53288   -0.07968    1.84585      -32312.63889
  W        28   73.96403   72.57658   -0.03597    1.80490      -32312.61837
  W        29   73.93694   72.54950   -0.06306    1.83435      -32312.64489
  W        30   74.03864   72.65120    0.03864    1.73405      -32312.58052
  W        31   73.88375   72.49631   -0.11625    1.87424      -32312.64996
  W        32   74.02987   72.64243    0.02987    1.73745      -32312.57871
  W        33   73.89930   72.51186   -0.10070    1.85626      -32312.64335
  W        34   73.98849   72.60105   -0.01151    1.78441      -32312.61257
  W        35   74.02243   72.63498    0.02243    1.74985      -32312.58386
  W        36   73.95674   72.56930   -0.04326    1.81676      -32312.63232
  W        37   73.91096   72.52352   -0.08904    1.85652      -32312.64854
  W        38   74.04478   72.65734    0.04478    1.73218      -32312.57724
  W        39   73.92094   72.53350   -0.07906    1.84133      -32312.63695
  W        40   74.03096   72.64352    0.03096    1.74491      -32312.58981
  W        41   73.92637   72.53892   -0.07363    1.83558      -32312.62846
  W        42   73.92985   72.54240   -0.07015    1.83548      -32312.63801
  W        43   74.05100   72.66356    0.05100    1.71926      -32312.57788
  W        44   74.01935   72.63191    0.01935    1.75248      -32312.59263
  W        45   73.90604   72.51860   -0.09396    1.85715      -32312.64439
  W        46   73.93287   72.54542   -0.06713    1.83034      -32312.63036
  W        47   73.93893   72.55149   -0.06107    1.83583      -32312.64170
  W        48   73.97215   72.58471   -0.02785    1.80038      -32312.61840
  W        49   74.01193   72.62448    0.01193    1.75768      -32312.59434
  W        50   73.92815   72.54070   -0.07185    1.83802      -32312.63721
  W        51   73.93982   72.55238   -0.06018    1.82349      -32312.63035
  W        52   73.95977   72.57233   -0.04023    1.80812      -32312.62181
  W        53   73.98692   72.59947   -0.01308    1.78602      -32312.61165
  W        54   73.89004   72.50260   -0.10996    1.86771      -32312.64511
  W        55   73.93828   72.55084   -0.06172    1.83541      -32312.64645
  W        56   74.04145   72.65401    0.04145    1.72773      -32312.58416
  W        57   73.87512   72.48767   -0.12488    1.88526      -32312.66229
  W        58   73.90735   72.51990   -0.09265    1.85518      -32312.64442
  W        59   73.93740   72.54995   -0.06260    1.82469      -32312.63141
  W        60   73.98102   72.59358   -0.01898    1.78700      -32312.60806
  W        61   73.93205   72.54461   -0.06795    1.84024      -32312.64497
  W        62   73.93749   72.55005   -0.06251    1.83096      -32312.63694
  W        63   73.96298   72.57554   -0.03702    1.80634      -32312.62047
  W        64   73.99662   72.60918   -0.00338    1.77722      -32312.60419
  Nb       65   40.93555   39.54810   -0.06445    1.86724       -7632.75952
  Nb       66   41.10553   39.71809    0.10553    1.71056       -7632.66937
  Nb       67   40.96579   39.57835   -0.03421    1.83301       -7632.74342
  Nb       68   41.02950   39.64205    0.02950    1.77480       -7632.70731
  Nb       69   40.98755   39.60011   -0.01245    1.81389       -7632.73357
  Nb       70   40.96486   39.57741   -0.03514    1.83429       -7632.74041
  Nb       71   41.03083   39.64339    0.03083    1.77015       -7632.71099
  Nb       72   40.89773   39.51029   -0.10227    1.89829       -7632.78567
  Nb       73   41.11314   39.72570    0.11314    1.70243       -7632.66934
  Nb       74   41.04058   39.65314    0.04058    1.77160       -7632.70705
  Nb       75   41.02323   39.63578    0.02323    1.77876       -7632.71248
  Nb       76   41.01204   39.62460    0.01204    1.79138       -7632.71871
  Nb       77   40.97846   39.59102   -0.02154    1.82580       -7632.73668
  Nb       78   41.05470   39.66726    0.05470    1.75437       -7632.70003
  Nb       79   41.03204   39.64459    0.03204    1.77037       -7632.70468
  Nb       80   40.93049   39.54305   -0.06951    1.87240       -7632.76026
  Nb       81   40.98327   39.59583   -0.01673    1.82352       -7632.73881
  Nb       82   41.03012   39.64268    0.03012    1.78062       -7632.71278
  Nb       83   40.94502   39.55758   -0.05498    1.85237       -7632.75699
  Nb       84   41.05699   39.66955    0.05699    1.74950       -7632.68843
  Nb       85   41.00858   39.62113    0.00858    1.79364       -7632.71658
  Nb       86   41.04909   39.66165    0.04909    1.76065       -7632.70502
  Nb       87   40.97718   39.58973   -0.02282    1.82421       -7632.74054
  Nb       88   40.96502   39.57758   -0.03498    1.83785       -7632.74069
  Nb       89   41.01857   39.63113    0.01857    1.78484       -7632.72049
  Nb       90   40.93592   39.54848   -0.06408    1.86724       -7632.76295
  Nb       91   40.99803   39.61059   -0.00197    1.81041       -7632.73373
  Nb       92   41.00224   39.61480    0.00224    1.80127       -7632.71966
  Nb       93   41.02862   39.64118    0.02862    1.77770       -7632.71564
  Nb       94   41.02732   39.63987    0.02732    1.78196       -7632.71183
  Nb       95   41.04977   39.66233    0.04977    1.75969       -7632.69591
  Nb       96   40.99457   39.60713   -0.00543    1.81003       -7632.73097
  Nb       97   41.02937   39.64193    0.02937    1.77512       -7632.70837
  Nb       98   41.04033   39.65289    0.04033    1.77111       -7632.71217
  Nb       99   41.06846   39.68102    0.06846    1.74025       -7632.68783
  Nb      100   41.03797   39.65053    0.03797    1.76378       -7632.70263
  Nb      101   41.06597   39.67853    0.06597    1.73840       -7632.68960
  Nb      102   41.06415   39.67671    0.06415    1.74720       -7632.69577
  Nb      103   40.87765   39.49021   -0.12235    1.91542       -7632.78175
  Nb      104   41.06400   39.67656    0.06400    1.74113       -7632.68794
  Nb      105   40.97321   39.58577   -0.02679    1.82827       -7632.73472
  Nb      106   40.94242   39.55498   -0.05758    1.86117       -7632.76474
  Nb      107   41.00235   39.61491    0.00235    1.80204       -7632.72311
  Nb      108   40.95772   39.57028   -0.04228    1.84803       -7632.75296
  Nb      109   40.94695   39.55951   -0.05305    1.85376       -7632.75596
  Nb      110   40.99817   39.61073   -0.00183    1.80376       -7632.72146
  Nb      111   40.95887   39.57143   -0.04113    1.83976       -7632.75638
  Nb      112   41.06677   39.67933    0.06677    1.74302       -7632.69407
  Nb      113   40.93999   39.55255   -0.06001    1.86374       -7632.76063
  Nb      114   41.02752   39.64007    0.02752    1.77992       -7632.71145
  Nb      115   41.07669   39.68925    0.07669    1.73805       -7632.69131
  Nb      116   41.11926   39.73182    0.11926    1.69496       -7632.66035
  Nb      117   41.06204   39.67460    0.06204    1.74907       -7632.68759
  Nb      118   41.09682   39.70938    0.09682    1.71052       -7632.66701
  Nb      119   40.99149   39.60405   -0.00851    1.81061       -7632.73929
  Nb      120   40.97793   39.59048   -0.02207    1.82852       -7632.74425
  Nb      121   41.05421   39.66677    0.05421    1.75048       -7632.69617
  Nb      122   41.03516   39.64772    0.03516    1.77719       -7632.71091
  Nb      123   41.03968   39.65224    0.03968    1.76544       -7632.70113
  Nb      124   40.94552   39.55808   -0.05448    1.85084       -7632.74954
  Nb      125   41.03010   39.64265    0.03010    1.77981       -7632.71561
  Nb      126   41.02509   39.63765    0.02509    1.78521       -7632.71994
  Nb      127   41.00535   39.61791    0.00535    1.80276       -7632.72923
  Nb      128   41.00146   39.61402    0.00146    1.80641       -7632.72875
  Mo      129   42.13507   40.74763    0.13507    1.75687       -8090.70935
  Mo      130   42.16001   40.77257    0.16001    1.73476       -8090.70485
  Mo      131   42.14184   40.75440    0.14184    1.74606       -8090.70483
  Mo      132   42.18750   40.80006    0.18750    1.70688       -8090.68998
  Mo      133   42.09844   40.71100    0.09844    1.79286       -8090.73071
  Mo      134   42.11722   40.72978    0.11722    1.77604       -8090.72485
  Mo      135   42.20487   40.81743    0.20487    1.69109       -8090.67799
  Mo      136   42.05963   40.67218    0.05963    1.82397       -8090.75041
  Mo      137   42.22797   40.84053    0.22797    1.67316       -8090.66889
  Mo      138   42.21942   40.83198    0.21942    1.67765       -8090.67253
  Mo      139   42.25932   40.87188    0.25932    1.63500       -8090.64429
  Mo      140   42.25758   40.87014    0.25758    1.63901       -8090.64444
  Mo      141   42.13797   40.75053    0.13797    1.75301       -8090.71070
  Mo      142   42.12772   40.74028    0.12772    1.76767       -8090.71463
  Mo      143   42.14646   40.75902    0.14646    1.74239       -8090.70025
  Mo      144   42.13439   40.74695    0.13439    1.75580       -8090.71042
  Mo      145   42.22669   40.83925    0.22669    1.67104       -8090.66457
  Mo      146   42.11701   40.72957    0.11701    1.77830       -8090.72974
  Mo      147   42.23905   40.85161    0.23905    1.66464       -8090.67048
  Mo      148   42.11281   40.72537    0.11281    1.77759       -8090.71966
  Mo      149   42.09427   40.70683    0.09427    1.79104       -8090.73140
  Mo      150   42.10343   40.71598    0.10343    1.78850       -8090.72667
  Mo      151   42.18678   40.79933    0.18678    1.71408       -8090.70149
  Mo      152   42.16694   40.77950    0.16694    1.73015       -8090.70164
  Mo      153   42.13610   40.74866    0.13610    1.75559       -8090.71495
  Mo      154   42.13403   40.74658    0.13403    1.75749       -8090.71467
  Mo      155   42.07251   40.68507    0.07251    1.81638       -8090.73368
  Mo      156   42.13784   40.75040    0.13784    1.75579       -8090.70773
  Mo      157   42.18102   40.79358    0.18102    1.71223       -8090.68153
  Mo      158   42.20802   40.82058    0.20802    1.68573       -8090.67304
  Mo      159   42.18049   40.79304    0.18049    1.72074       -8090.70105
  Mo      160   42.11654   40.72910    0.11654    1.76907       -8090.71645
  Mo      161   42.12122   40.73378    0.12122    1.76349       -8090.71366
  Mo      162   42.14183   40.75439    0.14183    1.75185       -8090.70884
  Mo      163   42.12247   40.73503    0.12247    1.77173       -8090.72361
  Mo      164   42.11835   40.73091    0.11835    1.77422       -8090.72816
  Mo      165   42.14657   40.75912    0.14657    1.74848       -8090.70745
  Mo      166   42.23149   40.84405    0.23149    1.66318       -8090.65942
  Mo      167   42.08428   40.69684    0.08428    1.79960       -8090.72890
  Mo      168   42.11433   40.72688    0.11433    1.78146       -8090.72621
  Mo      169   42.09523   40.70779    0.09523    1.78994       -8090.72341
  Mo      170   42.17692   40.78948    0.17692    1.71800       -8090.68962
  Mo      171   42.10794   40.72050    0.10794    1.78311       -8090.72339
  Mo      172   42.23488   40.84744    0.23488    1.66126       -8090.66097
  Mo      173   42.21665   40.82921    0.21665    1.67885       -8090.66975
  Mo      174   42.15455   40.76711    0.15455    1.72768       -8090.68653
  Mo      175   42.13150   40.74406    0.13150    1.75174       -8090.70741
  Mo      176   42.17643   40.78898    0.17643    1.71997       -8090.69584
  Mo      177   42.20618   40.81873    0.20618    1.69108       -8090.67507
  Mo      178   42.21806   40.83062    0.21806    1.68243       -8090.66945
  Mo      179   42.14675   40.75931    0.14675    1.75204       -8090.71401
  Mo      180   42.08383   40.69639    0.08383    1.79903       -8090.72566
  Mo      181   42.08913   40.70169    0.08913    1.80095       -8090.73477
  Mo      182   42.16912   40.78168    0.16912    1.72240       -8090.69064
  Mo      183   42.10048   40.71303    0.10048    1.79076       -8090.73270
  Mo      184   42.14216   40.75471    0.14216    1.75335       -8090.70568
  Mo      185   42.07358   40.68614    0.07358    1.81125       -8090.73777
  Mo      186   42.18718   40.79974    0.18718    1.71558       -8090.69772
  Mo      187   42.19810   40.81065    0.19810    1.69245       -8090.67115
  Mo      188   42.27855   40.89111    0.27855    1.62601       -8090.64479
  Mo      189   42.06128   40.67383    0.06128    1.81441       -8090.73391
  Mo      190   42.21248   40.82504    0.21248    1.68405       -8090.67101
  Mo      191   42.12518   40.73774    0.12518    1.75910       -8090.70972
  Mo      192   42.24328   40.85584    0.24328    1.65075       -8090.65726
  Ta      193   72.77453   71.38709   -0.22547    1.93257      -31233.11379
  Ta      194   72.81451   71.42707   -0.18549    1.90178      -31233.10208
  Ta      195   72.88709   71.49964   -0.11291    1.82602      -31233.04959
  Ta      196   72.93926   71.55182   -0.06074    1.79052      -31233.03553
  Ta      197   72.83529   71.44785   -0.16471    1.87877      -31233.08361
  Ta      198   72.91270   71.52525   -0.08730    1.80175      -31233.04445
  Ta      199   72.92576   71.53832   -0.07424    1.79462      -31233.02744
  Ta      200   72.85088   71.46344   -0.14912    1.86624      -31233.07720
  Ta      201   72.82223   71.43479   -0.17777    1.88818      -31233.09351
  Ta      202   72.93613   71.54868   -0.06387    1.78040      -31233.03327
  Ta      203   72.89242   71.50498   -0.10758    1.82078      -31233.05265
  Ta      204   72.84687   71.45943   -0.15313    1.86856      -31233.07313
  Ta      205   72.90811   71.52067   -0.09189    1.81407      -31233.04371
  Ta      206   72.85497   71.46753   -0.14503    1.85995      -31233.07268
  Ta      207   72.87749   71.49005   -0.12251    1.83933      -31233.06157
  Ta      208   72.90146   71.51402   -0.09854    1.81756      -31233.05049
  Ta      209   72.89155   71.50411   -0.10845    1.82953      -31233.05672
  Ta      210   72.88056   71.49312   -0.11944    1.83081      -31233.05529
  Ta      211   72.93377   71.54633   -0.06623    1.78453      -31233.02891
  Ta      212   72.84058   71.45314   -0.15942    1.86898      -31233.07998
  Ta      213   72.83497   71.44753   -0.16503    1.87845      -31233.08650
  Ta      214   72.93354   71.54610   -0.06646    1.78904      -31233.02182
  Ta      215   72.89670   71.50926   -0.10330    1.82246      -31233.04790
  Ta      216   72.85778   71.47034   -0.14222    1.85730      -31233.07187
  Ta      217   72.90106   71.51362   -0.09894    1.81120      -31233.04263
  Ta      218   72.84450   71.45706   -0.15550    1.86990      -31233.07910
  Ta      219   72.91132   71.52388   -0.08868    1.80484      -31233.03708
  Ta      220   72.89105   71.50361   -0.10895    1.82828      -31233.05091
  Ta      221   72.85072   71.46328   -0.14928    1.85632      -31233.07634
  Ta      222   72.88781   71.50037   -0.11219    1.82418      -31233.05620
  Ta      223   72.80141   71.41397   -0.19859    1.91488      -31233.10434
  Ta      224   72.83207   71.44462   -0.16793    1.88314      -31233.08669
  Ta      225   72.88704   71.49960   -0.11296    1.82728      -31233.05080
  Ta      226   72.83983   71.45239   -0.16017    1.87026      -31233.08459
  Ta      227   72.89782   71.51038   -0.10218    1.82186      -31233.04801
  Ta      228   72.91645   71.52901   -0.08355    1.80304      -31233.04182
  Ta      229   72.83517   71.44773   -0.16483    1.87512      -31233.08365
  Ta      230   72.80082   71.41338   -0.19918    1.91398      -31233.10453
  Ta      231   72.85185   71.46441   -0.14815    1.86147      -31233.07754
  Ta      232   72.84215   71.45470   -0.15785    1.87426      -31233.08217
  Ta      233   72.83103   71.44359   -0.16897    1.88424      -31233.09103
  Ta      234   72.90037   71.51293   -0.09963    1.81847      -31233.05524
  Ta      235   72.81764   71.43020   -0.18236    1.88940      -31233.09863
  Ta      236   72.90563   71.51818   -0.09437    1.81087      -31233.04762
  Ta      237   72.89023   71.50278   -0.10977    1.82489      -31233.04722
  Ta      238   72.91731   71.52987   -0.08269    1.80813      -31233.04615
  Ta      239   72.83624   71.44880   -0.16376    1.87254      -31233.08003
  Ta      240   72.77080   71.38336   -0.22920    1.93318      -31233.10898
  Ta      241   72.86264   71.47520   -0.13736    1.85478      -31233.06370
  Ta      242   72.90773   71.52029   -0.09227    1.81201      -31233.04177
  Ta      243   72.93791   71.55047   -0.06209    1.78326      -31233.02758
  Ta      244   72.84685   71.45941   -0.15315    1.86461      -31233.07175
  Ta      245   72.87711   71.48967   -0.12289    1.84290      -31233.06987
  Ta      246   72.83920   71.45176   -0.16080    1.87193      -31233.08034
  Ta      247   72.89632   71.50888   -0.10368    1.82616      -31233.04941
  Ta      248   72.82797   71.44053   -0.17203    1.88941      -31233.08983
  Ta      249   72.94070   71.55326   -0.05930    1.78125      -31233.01973
  Ta      250   72.87496   71.48752   -0.12504    1.84544      -31233.06494
  Ta      251   72.91571   71.52827   -0.08429    1.80273      -31233.04490
  Ta      252   72.84767   71.46022   -0.15233    1.86611      -31233.08213
  Ta      253   72.83590   71.44846   -0.16410    1.87475      -31233.08722
  Ta      254   72.86216   71.47472   -0.13784    1.85141      -31233.06680
  Ta      255   72.87551   71.48807   -0.12449    1.84168      -31233.06124
  Ta      256   72.88343   71.49599   -0.11657    1.82958      -31233.05085
