 Atom   Index      Q          Qmt        dQ        Vmad        Local Energy
  W         1   73.77677   72.47564   -0.22323    1.80913      -32312.53804
  W         2   73.99589   72.69475   -0.00411    1.58628      -32312.39863
  W         3   73.87391   72.57277   -0.12609    1.71079      -32312.46910
  W         4   73.81575   72.51462   -0.18425    1.77615      -32312.51765
  W         5   73.78009   72.47895   -0.21991    1.81946      -32312.54691
  W         6   73.91145   72.61031   -0.08855    1.67393      -32312.45332
  W         7   73.84897   72.54783   -0.15103    1.74777      -32312.50908
  W         8   73.92821   72.62707   -0.07179    1.66482      -32312.45364
  W         9   73.90043   72.59929   -0.09957    1.69307      -32312.47278
  W        10   73.87637   72.57523   -0.12363    1.71565      -32312.47938
  W        11   73.81576   72.51462   -0.18424    1.77730      -32312.51241
  W        12   73.78011   72.47897   -0.21989    1.82155      -32312.55895
  W        13   73.73462   72.43348   -0.26538    1.85736      -32312.57774
  W        14   74.03490   72.73377    0.03490    1.55180      -32312.37758
  W        15   73.86863   72.56749   -0.13137    1.71893      -32312.49153
  W        16   73.82520   72.52407   -0.17480    1.76656      -32312.51492
  W        17   73.90798   72.60685   -0.09202    1.68752      -32312.47611
  W        18   73.92194   72.62080   -0.07806    1.66558      -32312.44515
  W        19   73.87373   72.57259   -0.12627    1.71745      -32312.48572
  W        20   73.88725   72.58612   -0.11275    1.70996      -32312.48547
  W        21   73.93832   72.63718   -0.06168    1.64727      -32312.43830
  W        22   73.89106   72.58992   -0.10894    1.69637      -32312.47267
  W        23   73.99282   72.69168   -0.00718    1.60134      -32312.41148
  W        24   73.77934   72.47820   -0.22066    1.81702      -32312.54310
  W        25   73.76153   72.46040   -0.23847    1.83477      -32312.56976
  W        26   73.79634   72.49520   -0.20366    1.79813      -32312.52787
  W        27   73.84265   72.54151   -0.15735    1.75109      -32312.51967
  W        28   73.82271   72.52157   -0.17729    1.77251      -32312.51137
  W        29   73.95579   72.65465   -0.04421    1.63799      -32312.43478
  W        30   73.87001   72.56887   -0.12999    1.71458      -32312.47660
  W        31   73.83564   72.53450   -0.16436    1.75564      -32312.50926
  W        32   73.77985   72.47872   -0.22015    1.81428      -32312.54463
  W        33   73.92857   72.62743   -0.07143    1.67091      -32312.45553
  W        34   74.01042   72.70928    0.01042    1.59089      -32312.40858
  W        35   73.71659   72.41545   -0.28341    1.88301      -32312.58960
  W        36   73.83914   72.53800   -0.16086    1.75187      -32312.50196
  W        37   73.96304   72.66190   -0.03696    1.62895      -32312.42410
  W        38   73.88982   72.58869   -0.11018    1.70685      -32312.47413
  W        39   73.98976   72.68862   -0.01024    1.59298      -32312.39816
  W        40   74.02181   72.72068    0.02181    1.57596      -32312.39322
  W        41   73.99351   72.69237   -0.00649    1.58506      -32312.39311
  W        42   73.96852   72.66738   -0.03148    1.62392      -32312.42245
  W        43   73.79535   72.49422   -0.20465    1.79866      -32312.52192
  W        44   73.80630   72.50516   -0.19370    1.78723      -32312.52636
  W        45   73.88130   72.58016   -0.11870    1.71012      -32312.47107
  W        46   73.91745   72.61631   -0.08255    1.66330      -32312.43736
  W        47   73.81216   72.51103   -0.18784    1.77438      -32312.50964
  W        48   73.75543   72.45429   -0.24457    1.84396      -32312.56755
  W        49   73.68640   72.38526   -0.31360    1.90951      -32312.60773
  W        50   73.85940   72.55826   -0.14060    1.72585      -32312.48700
  W        51   73.81640   72.51526   -0.18360    1.77527      -32312.51828
  W        52   73.78102   72.47988   -0.21898    1.80973      -32312.54026
  W        53   73.80607   72.50493   -0.19393    1.78001      -32312.52011
  W        54   73.88724   72.58610   -0.11276    1.69846      -32312.46611
  W        55   73.81925   72.51812   -0.18075    1.77524      -32312.52429
  W        56   73.81589   72.51475   -0.18411    1.77337      -32312.50147
  W        57   73.84702   72.54588   -0.15298    1.74427      -32312.49739
  W        58   73.75155   72.45041   -0.24845    1.83228      -32312.55756
  W        59   73.92736   72.62623   -0.07264    1.66305      -32312.44936
  W        60   74.01487   72.71374    0.01487    1.56978      -32312.38401
  W        61   73.78815   72.48701   -0.21185    1.81236      -32312.54729
  W        62   73.78953   72.48839   -0.21047    1.80917      -32312.54302
  W        63   73.76716   72.46602   -0.23284    1.83196      -32312.55459
  W        64   73.85627   72.55513   -0.14373    1.74821      -32312.50232
  Nb       65   40.95658   39.65544   -0.04342    1.66714       -7632.54483
  Nb       66   40.81696   39.51582   -0.18304    1.81361       -7632.63331
  Nb       67   40.83699   39.53585   -0.16301    1.79037       -7632.61742
  Nb       68   40.87327   39.57213   -0.12673    1.75040       -7632.60569
  Nb       69   40.85907   39.55793   -0.14093    1.76753       -7632.61691
  Nb       70   40.83381   39.53267   -0.16619    1.79233       -7632.62503
  Nb       71   40.84590   39.54477   -0.15410    1.78324       -7632.62075
  Nb       72   40.88492   39.58378   -0.11508    1.73302       -7632.57953
  Nb       73   40.90969   39.60856   -0.09031    1.71610       -7632.57502
  Nb       74   40.82425   39.52312   -0.17575    1.80524       -7632.63622
  Nb       75   40.92420   39.62306   -0.07580    1.69491       -7632.55852
  Nb       76   40.96700   39.66587   -0.03300    1.66514       -7632.55247
  Nb       77   40.71710   39.41597   -0.28290    1.90981       -7632.69922
  Nb       78   40.88844   39.58731   -0.11156    1.73295       -7632.58399
  Nb       79   40.87792   39.57679   -0.12208    1.74691       -7632.59187
  Nb       80   40.94315   39.64201   -0.05685    1.68277       -7632.56267
  Nb       81   40.86967   39.56853   -0.13033    1.75407       -7632.59543
  Nb       82   40.92110   39.61996   -0.07890    1.70327       -7632.57706
  Nb       83   41.00947   39.70833    0.00947    1.61370       -7632.52066
  Nb       84   40.75742   39.45629   -0.24258    1.86720       -7632.67508
  Nb       85   40.93675   39.63561   -0.06325    1.68919       -7632.55588
  Nb       86   40.95214   39.65100   -0.04786    1.67106       -7632.54630
  Nb       87   40.96251   39.66137   -0.03749    1.66230       -7632.54450
  Nb       88   40.83592   39.53478   -0.16408    1.78558       -7632.62924
  Nb       89   40.94228   39.64114   -0.05772    1.68670       -7632.56704
  Nb       90   41.08410   39.78296    0.08410    1.53516       -7632.46725
  Nb       91   40.85395   39.55282   -0.14605    1.77032       -7632.60963
  Nb       92   41.00717   39.70604    0.00717    1.60665       -7632.51539
  Nb       93   40.87653   39.57540   -0.12347    1.74898       -7632.59671
  Nb       94   40.86544   39.56431   -0.13456    1.76178       -7632.59933
  Nb       95   41.03802   39.73688    0.03802    1.58731       -7632.49714
  Nb       96   40.89399   39.59285   -0.10601    1.73720       -7632.59396
  Nb       97   40.83039   39.52925   -0.16961    1.79451       -7632.62496
  Nb       98   40.88837   39.58723   -0.11163    1.73862       -7632.58765
  Nb       99   40.85790   39.55676   -0.14210    1.77160       -7632.61934
  Nb      100   40.91535   39.61421   -0.08465    1.71590       -7632.57795
  Nb      101   40.91741   39.61628   -0.08259    1.70733       -7632.57045
  Nb      102   40.97384   39.67270   -0.02616    1.65639       -7632.54567
  Nb      103   40.85420   39.55306   -0.14580    1.77363       -7632.61811
  Nb      104   40.67573   39.37459   -0.32427    1.95004       -7632.71857
  Nb      105   40.89796   39.59682   -0.10204    1.72904       -7632.58850
  Nb      106   40.92622   39.62509   -0.07378    1.70403       -7632.56909
  Nb      107   41.04539   39.74425    0.04539    1.57649       -7632.49096
  Nb      108   40.93398   39.63284   -0.06602    1.68939       -7632.55325
  Nb      109   40.97125   39.67011   -0.02875    1.65194       -7632.53411
  Nb      110   40.73905   39.43792   -0.26095    1.88675       -7632.67859
  Nb      111   40.75937   39.45824   -0.24063    1.86676       -7632.66563
  Nb      112   40.97368   39.67254   -0.02632    1.65357       -7632.53743
  Nb      113   40.73517   39.43403   -0.26483    1.89984       -7632.69665
  Nb      114   40.91613   39.61499   -0.08387    1.71534       -7632.57770
  Nb      115   40.84483   39.54369   -0.15517    1.78179       -7632.62340
  Nb      116   40.81549   39.51435   -0.18451    1.81347       -7632.64416
  Nb      117   41.09748   39.79634    0.09748    1.53149       -7632.46349
  Nb      118   40.90930   39.60816   -0.09070    1.71342       -7632.56486
  Nb      119   40.96095   39.65982   -0.03905    1.65822       -7632.53265
  Nb      120   40.93361   39.63247   -0.06639    1.68810       -7632.55697
  Nb      121   41.01866   39.71753    0.01866    1.60198       -7632.50534
  Nb      122   40.97469   39.67355   -0.02531    1.65985       -7632.55923
  Nb      123   40.94428   39.64315   -0.05572    1.68256       -7632.56702
  Nb      124   41.06965   39.76851    0.06965    1.55408       -7632.48310
  Nb      125   40.94251   39.64137   -0.05749    1.67338       -7632.55457
  Nb      126   40.96893   39.66780   -0.03107    1.65898       -7632.53972
  Nb      127   40.82141   39.52027   -0.17859    1.80697       -7632.62931
  Nb      128   40.83053   39.52939   -0.16947    1.79216       -7632.61933
  Mo      129   42.13780   40.83666    0.13780    1.57177       -8090.52237
  Mo      130   42.04329   40.74216    0.04329    1.66969       -8090.57029
  Mo      131   42.08254   40.78140    0.08254    1.63745       -8090.55617
  Mo      132   42.15972   40.85859    0.15972    1.55701       -8090.51520
  Mo      133   41.87611   40.57497   -0.12389    1.85014       -8090.68258
  Mo      134   41.93687   40.63573   -0.06313    1.79182       -8090.64881
  Mo      135   41.96890   40.66776   -0.03110    1.76422       -8090.64134
  Mo      136   42.03509   40.73396    0.03509    1.67691       -8090.56694
  Mo      137   41.97700   40.67586   -0.02300    1.74223       -8090.61466
  Mo      138   42.11151   40.81037    0.11151    1.61341       -8090.54585
  Mo      139   42.08508   40.78394    0.08508    1.63313       -8090.55757
  Mo      140   42.15796   40.85683    0.15796    1.55833       -8090.50962
  Mo      141   42.12365   40.82251    0.12365    1.59072       -8090.52297
  Mo      142   42.13429   40.83315    0.13429    1.58359       -8090.51683
  Mo      143   42.02055   40.71941    0.02055    1.69402       -8090.59128
  Mo      144   41.96584   40.66470   -0.03416    1.75394       -8090.62486
  Mo      145   42.16893   40.86779    0.16893    1.54273       -8090.49097
  Mo      146   41.95109   40.64995   -0.04891    1.77068       -8090.63517
  Mo      147   42.04176   40.74062    0.04176    1.68513       -8090.58664
  Mo      148   42.06415   40.76301    0.06415    1.65483       -8090.56416
  Mo      149   42.09404   40.79290    0.09404    1.62733       -8090.55312
  Mo      150   42.16365   40.86251    0.16365    1.54745       -8090.50062
  Mo      151   42.20754   40.90640    0.20754    1.50992       -8090.47986
  Mo      152   42.11026   40.80912    0.11026    1.61493       -8090.54675
  Mo      153   42.12751   40.82637    0.12751    1.58871       -8090.52631
  Mo      154   42.05133   40.75019    0.05133    1.67302       -8090.57639
  Mo      155   42.16527   40.86414    0.16527    1.54911       -8090.50291
  Mo      156   42.10992   40.80878    0.10992    1.60584       -8090.52796
  Mo      157   42.08405   40.78291    0.08405    1.63361       -8090.55431
  Mo      158   41.94865   40.64752   -0.05135    1.77353       -8090.62876
  Mo      159   41.85154   40.55040   -0.14846    1.87954       -8090.70164
  Mo      160   42.04914   40.74800    0.04914    1.66056       -8090.55567
  Mo      161   42.00727   40.70613    0.00727    1.71701       -8090.59956
  Mo      162   42.04300   40.74187    0.04300    1.67697       -8090.58856
  Mo      163   42.11498   40.81384    0.11498    1.59386       -8090.52393
  Mo      164   41.97489   40.67376   -0.02511    1.74735       -8090.62610
  Mo      165   42.01465   40.71351    0.01465    1.71018       -8090.60545
  Mo      166   41.85747   40.55633   -0.14253    1.87621       -8090.70410
  Mo      167   42.14611   40.84497    0.14611    1.56864       -8090.51017
  Mo      168   41.98468   40.68355   -0.01532    1.74027       -8090.61611
  Mo      169   42.19255   40.89141    0.19255    1.52711       -8090.49248
  Mo      170   42.09747   40.79634    0.09747    1.61606       -8090.54331
  Mo      171   42.04697   40.74583    0.04697    1.67566       -8090.57953
  Mo      172   41.88023   40.57909   -0.11977    1.85182       -8090.69171
  Mo      173   42.07868   40.77754    0.07868    1.64047       -8090.55564
  Mo      174   41.91617   40.61503   -0.08383    1.80646       -8090.66206
  Mo      175   42.05279   40.75166    0.05279    1.67307       -8090.57997
  Mo      176   42.03042   40.72929    0.03042    1.68990       -8090.58340
  Mo      177   42.19994   40.89880    0.19994    1.52786       -8090.50482
  Mo      178   42.08704   40.78591    0.08704    1.63221       -8090.55021
  Mo      179   42.18805   40.88691    0.18805    1.52763       -8090.48196
  Mo      180   42.10055   40.79942    0.10055    1.60987       -8090.53230
  Mo      181   42.16097   40.85983    0.16097    1.55464       -8090.50078
  Mo      182   42.19324   40.89210    0.19324    1.52318       -8090.49490
  Mo      183   41.83773   40.53660   -0.16227    1.89376       -8090.71687
  Mo      184   42.11179   40.81066    0.11179    1.60893       -8090.54112
  Mo      185   42.11134   40.81020    0.11134    1.60461       -8090.53977
  Mo      186   42.02903   40.72789    0.02903    1.69204       -8090.58825
  Mo      187   42.20580   40.90466    0.20580    1.51164       -8090.48585
  Mo      188   42.11104   40.80991    0.11104    1.60172       -8090.52700
  Mo      189   42.00569   40.70455    0.00569    1.71359       -8090.59762
  Mo      190   42.18188   40.88074    0.18188    1.53272       -8090.49271
  Mo      191   42.06053   40.75940    0.06053    1.65830       -8090.57058
  Mo      192   41.85131   40.55017   -0.14869    1.87528       -8090.70187
  Ta      193   72.75705   71.45591   -0.24295    1.78263      -31232.93046
  Ta      194   72.64946   71.34833   -0.35054    1.88487      -31233.00074
  Ta      195   72.63021   71.32908   -0.36979    1.90797      -31233.01368
  Ta      196   72.59147   71.29033   -0.40853    1.94021      -31233.03357
  Ta      197   72.90287   71.60173   -0.09713    1.63165      -31232.84113
  Ta      198   72.79453   71.49339   -0.20547    1.74611      -31232.90531
  Ta      199   72.66470   71.36357   -0.33530    1.86219      -31232.97887
  Ta      200   72.81383   71.51270   -0.18617    1.71110      -31232.88120
  Ta      201   72.82073   71.51959   -0.17927    1.70486      -31232.88155
  Ta      202   72.70872   71.40758   -0.29128    1.82414      -31232.96457
  Ta      203   72.77962   71.47848   -0.22038    1.75469      -31232.91335
  Ta      204   72.88020   71.57906   -0.11980    1.65266      -31232.84497
  Ta      205   72.75044   71.44930   -0.24956    1.78791      -31232.93621
  Ta      206   72.72955   71.42841   -0.27045    1.80457      -31232.93503
  Ta      207   72.70840   71.40726   -0.29160    1.82698      -31232.96119
  Ta      208   72.83250   71.53136   -0.16750    1.70020      -31232.87697
  Ta      209   72.65528   71.35415   -0.34472    1.88096      -31232.99431
  Ta      210   72.64667   71.34553   -0.35333    1.88332      -31232.99518
  Ta      211   72.81052   71.50938   -0.18948    1.72549      -31232.89330
  Ta      212   72.87209   71.57095   -0.12791    1.65765      -31232.85058
  Ta      213   72.67986   71.37873   -0.32014    1.85727      -31232.98669
  Ta      214   72.67210   71.37097   -0.32790    1.87126      -31233.00047
  Ta      215   72.65093   71.34979   -0.34907    1.88447      -31233.00021
  Ta      216   72.70602   71.40489   -0.29398    1.82763      -31232.96162
  Ta      217   72.63186   71.33072   -0.36814    1.90028      -31233.01184
  Ta      218   72.74302   71.44188   -0.25698    1.78890      -31232.93039
  Ta      219   72.64300   71.34186   -0.35700    1.88983      -31232.99455
  Ta      220   72.78058   71.47944   -0.21942    1.75108      -31232.91448
  Ta      221   72.76037   71.45923   -0.23963    1.77662      -31232.92300
  Ta      222   72.54661   71.24548   -0.45339    1.98793      -31233.06639
  Ta      223   72.65435   71.35322   -0.34565    1.88371      -31232.99951
  Ta      224   72.90890   71.60777   -0.09110    1.62551      -31232.83578
  Ta      225   72.86234   71.56120   -0.13766    1.65995      -31232.84689
  Ta      226   72.84503   71.54389   -0.15497    1.69071      -31232.87551
  Ta      227   72.78311   71.48197   -0.21689    1.74467      -31232.89704
  Ta      228   72.72089   71.41976   -0.27911    1.81322      -31232.95947
  Ta      229   72.78763   71.48650   -0.21237    1.74083      -31232.90831
  Ta      230   72.66353   71.36240   -0.33647    1.87041      -31232.97982
  Ta      231   72.83683   71.53569   -0.16317    1.70595      -31232.88282
  Ta      232   72.73338   71.43225   -0.26662    1.79301      -31232.93229
  Ta      233   72.66255   71.36141   -0.33745    1.86983      -31232.98885
  Ta      234   72.68800   71.38687   -0.31200    1.84682      -31232.97817
  Ta      235   72.66370   71.36256   -0.33630    1.87346      -31232.99058
  Ta      236   72.84039   71.53925   -0.15961    1.69029      -31232.87778
  Ta      237   72.76622   71.46509   -0.23378    1.76635      -31232.91788
  Ta      238   72.66567   71.36453   -0.33433    1.86766      -31232.99213
  Ta      239   72.72335   71.42222   -0.27665    1.81247      -31232.95638
  Ta      240   72.75828   71.45715   -0.24172    1.77666      -31232.92605
  Ta      241   72.57528   71.27414   -0.42472    1.96142      -31233.04378
  Ta      242   72.78213   71.48099   -0.21787    1.75920      -31232.91976
  Ta      243   72.81878   71.51764   -0.18122    1.71389      -31232.87767
  Ta      244   72.58386   71.28272   -0.41614    1.94929      -31233.04811
  Ta      245   72.65193   71.35079   -0.34807    1.88434      -31232.99311
  Ta      246   72.54642   71.24529   -0.45358    1.98342      -31233.05867
  Ta      247   72.67976   71.37862   -0.32024    1.84558      -31232.97837
  Ta      248   72.72929   71.42815   -0.27071    1.80144      -31232.94855
  Ta      249   72.79494   71.49381   -0.20506    1.73657      -31232.88892
  Ta      250   72.64103   71.33989   -0.35897    1.89610      -31233.01404
  Ta      251   72.83563   71.53449   -0.16437    1.70064      -31232.87727
  Ta      252   72.65474   71.35360   -0.34526    1.87612      -31232.99419
  Ta      253   72.71215   71.41102   -0.28785    1.82309      -31232.97182
  Ta      254   72.82974   71.52861   -0.17026    1.69877      -31232.87145
  Ta      255   72.84490   71.54376   -0.15510    1.69137      -31232.87203
  Ta      256   72.70128   71.40014   -0.29872    1.84022      -31232.97104
  V       257   23.50044   22.19930    0.50044    1.44043       -1895.16645
  V       258   23.25402   21.95289    0.25402    1.70211       -1895.31537
  V       259   23.53543   22.23430    0.53543    1.40721       -1895.15819
  V       260   23.47471   22.17358    0.47471    1.47447       -1895.19558
  V       261   23.39216   22.09102    0.39216    1.55862       -1895.23416
  V       262   23.40301   22.10187    0.40301    1.54890       -1895.24443
  V       263   23.42604   22.12490    0.42604    1.52736       -1895.23809
  V       264   23.53676   22.23563    0.53676    1.40278       -1895.15696
  V       265   23.47665   22.17551    0.47665    1.47470       -1895.18329
  V       266   23.43316   22.13203    0.43316    1.51254       -1895.21364
  V       267   23.58290   22.28176    0.58290    1.35381       -1895.12304
  V       268   23.40213   22.10100    0.40213    1.54643       -1895.22381
  V       269   23.43394   22.13281    0.43394    1.51450       -1895.21800
  V       270   23.63524   22.33410    0.63524    1.30408       -1895.10021
  V       271   23.43582   22.13468    0.43582    1.51930       -1895.23264
  V       272   23.44605   22.14491    0.44605    1.50339       -1895.22233
  V       273   23.49039   22.18925    0.49039    1.45330       -1895.17848
  V       274   23.41945   22.11831    0.41945    1.52961       -1895.23744
  V       275   23.52148   22.22035    0.52148    1.41959       -1895.16211
  V       276   23.57933   22.27820    0.57933    1.36149       -1895.11089
  V       277   23.46543   22.16429    0.46543    1.48372       -1895.18747
  V       278   23.40567   22.10453    0.40567    1.54162       -1895.21779
  V       279   23.38460   22.08346    0.38460    1.56271       -1895.22848
  V       280   23.41544   22.11430    0.41544    1.53910       -1895.22489
  V       281   23.35624   22.05510    0.35624    1.58968       -1895.23296
  V       282   23.47996   22.17882    0.47996    1.46827       -1895.18207
  V       283   23.32839   22.02725    0.32839    1.63021       -1895.28682
  V       284   23.45317   22.15203    0.45317    1.49397       -1895.21292
  V       285   23.45386   22.15272    0.45386    1.49496       -1895.21032
  V       286   23.50482   22.20368    0.50482    1.43888       -1895.17700
  V       287   23.23401   21.93287    0.23401    1.72361       -1895.34423
  V       288   23.60333   22.30220    0.60333    1.34144       -1895.10686
  V       289   23.41294   22.11180    0.41294    1.53283       -1895.20831
  V       290   23.47532   22.17419    0.47532    1.47063       -1895.19779
  V       291   23.34496   22.04383    0.34496    1.61117       -1895.26686
  V       292   23.47333   22.17219    0.47333    1.47313       -1895.19230
  V       293   23.49507   22.19393    0.49507    1.45084       -1895.18946
  V       294   23.38422   22.08308    0.38422    1.56357       -1895.25148
  V       295   23.43263   22.13149    0.43263    1.51559       -1895.21743
  V       296   23.29581   21.99467    0.29581    1.65550       -1895.28612
  V       297   23.42128   22.12014    0.42128    1.52628       -1895.22694
  V       298   23.42417   22.12304    0.42417    1.52233       -1895.22554
  V       299   23.38958   22.08845    0.38958    1.55965       -1895.24890
  V       300   23.51143   22.21029    0.51143    1.43103       -1895.17082
  V       301   23.40789   22.10676    0.40789    1.54043       -1895.24585
  V       302   23.44048   22.13934    0.44048    1.50893       -1895.20229
  V       303   23.39030   22.08916    0.39030    1.56355       -1895.25164
  V       304   23.51039   22.20925    0.51039    1.43657       -1895.15449
  V       305   23.48022   22.17908    0.48022    1.46188       -1895.16435
  V       306   23.44204   22.14090    0.44204    1.50744       -1895.21627
  V       307   23.48633   22.18519    0.48633    1.45995       -1895.18963
  V       308   23.43284   22.13170    0.43284    1.51754       -1895.21145
  V       309   23.48137   22.18024    0.48137    1.46657       -1895.18046
  V       310   23.36093   22.05980    0.36093    1.58654       -1895.26655
  V       311   23.46646   22.16533    0.46646    1.48355       -1895.19529
  V       312   23.63723   22.33609    0.63723    1.30619       -1895.08224
  V       313   23.41356   22.11242    0.41356    1.53577       -1895.21315
  V       314   23.43359   22.13245    0.43359    1.51339       -1895.21071
  V       315   23.47396   22.17283    0.47396    1.47311       -1895.18862
  V       316   23.33408   22.03294    0.33408    1.62054       -1895.27790
  V       317   23.46408   22.16294    0.46408    1.48229       -1895.18021
  V       318   23.41862   22.11748    0.41862    1.53266       -1895.21423
  V       319   23.44543   22.14429    0.44543    1.50309       -1895.20344
  V       320   23.48073   22.17959    0.48073    1.46742       -1895.19105
