System Description            : WNbMoTaV, BCC structure                         
Number of Atoms in Unit Cell  : 80                                              
Number of Atomic Species      : 5                                               
Number of Atoms in Each Type  : 16(W), 16(Nb), 16(Mo), 16(Ta), 16(V)            
Energy Offset                 : -16231                                          
=======================================================================================
    Iter     Energy      3PV     Efermi   Rms_rho    Rms_pot   Mix  Alg  Alpha 
---------------------------------------------------------------------------------------
**       1  -0.858946  1839.080  0.58485  0.140E+01  0.149E+00  pot  B   0.1000
         2  -1.038801  1816.685  0.59783  0.807E-02  0.590E+00  pot  B   0.1000
         3  -1.217465  1812.119  0.60091  0.400E-02  0.320E+00  pot  B   0.1000
         4  -1.359220  1797.713  0.60941  0.478E-02  0.331E+00  pot  B   0.1000
         5  -1.506093  1783.600  0.61698  0.470E-02  0.186E+00  pot  B   0.1000
         6  -1.633841  1752.675  0.62479  0.103E-01  0.325E+00  pot  B   0.1000
         7  -1.687749  1740.351  0.63091  0.425E-02  0.179E+00  pot  B   0.1000
         8  -1.708657  1733.872  0.63331  0.239E-02  0.103E+00  pot  B   0.1000
         9  -1.724558  1728.756  0.63570  0.224E-02  0.659E-01  pot  B   0.1000
        10  -1.738613  1722.765  0.63800  0.295E-02  0.576E-01  pot  B   0.1000
        11  -1.749944  1717.090  0.63867  0.291E-02  0.464E-01  pot  B   0.1000
        12  -1.756707  1710.970  0.64024  0.325E-02  0.276E-01  pot  B   0.1000
        13  -1.758702  1708.446  0.64135  0.144E-02  0.174E-01  pot  B   0.1000
        14  -1.759082  1707.508  0.64226  0.586E-03  0.139E-01  pot  B   0.1000
        15  -1.759272  1707.358  0.64303  0.227E-03  0.653E-02  pot  B   0.1000
        16  -1.759402  1707.377  0.64394  0.214E-03  0.815E-02  pot  B   0.1000
        17  -1.759508  1707.365  0.64470  0.157E-03  0.506E-02  pot  B   0.1000
        18  -1.759631  1707.217  0.64645  0.334E-03  0.406E-02  pot  B   0.1000
        19  -1.759634  1707.265  0.64722  0.104E-03  0.558E-02  pot  B   0.1000
        20  -1.759645  1707.163  0.64741  0.787E-04  0.266E-02  pot  B   0.1000
        21  -1.759654  1707.002  0.64767  0.863E-04  0.350E-02  pot  B   0.1000
        22  -1.759660  1707.065  0.64774  0.419E-04  0.230E-02  pot  B   0.1000
        23  -1.759666  1706.989  0.64785  0.414E-04  0.125E-02  pot  B   0.1000
        24  -1.759667  1706.951  0.64792  0.247E-04  0.143E-02  pot  B   0.1000
        25  -1.759668  1706.922  0.64794  0.149E-04  0.986E-03  pot  B   0.1000
        26  -1.759668  1706.896  0.64796  0.151E-04  0.474E-03  pot  B   0.1000
        27  -1.759668  1706.872  0.64799  0.181E-04  0.479E-03  pot  B   0.1000
        28  -1.759667  1706.854  0.64799  0.119E-04  0.518E-03  pot  B   0.1000
        29  -1.759667  1706.833  0.64802  0.153E-04  0.318E-03  pot  B   0.1000
        30  -1.759666  1706.827  0.64802  0.802E-05  0.210E-03  pot  B   0.1000
        31  -1.759666  1706.818  0.64804  0.734E-05  0.148E-03  pot  B   0.1000
        32  -1.759666  1706.819  0.64805  0.334E-05  0.154E-03  pot  B   0.1000
        33  -1.759666  1706.817  0.64806  0.255E-05  0.157E-03  pot  B   0.1000
        34  -1.759667  1706.812  0.64809  0.450E-05  0.138E-03  pot  B   0.1000
        35  -1.759667  1706.812  0.64811  0.245E-05  0.886E-04  pot  B   0.1000
        36  -1.759667  1706.810  0.64812  0.190E-05  0.886E-04  pot  B   0.1000
        37  -1.759667  1706.809  0.64814  0.218E-05  0.983E-04  pot  B   0.1000
        38  -1.759667  1706.808  0.64815  0.159E-05  0.340E-04  pot  B   0.1000
        39  -1.759668  1706.807  0.64815  0.963E-06  0.457E-04  pot  B   0.1000
        40  -1.759668  1706.807  0.64816  0.561E-06  0.266E-04  pot  B   0.1000
        41  -1.759668  1706.806  0.64816  0.103E-05  0.369E-04  pot  B   0.1000
        42  -1.759668  1706.806  0.64816  0.739E-06  0.191E-04  pot  B   0.1000
        43  -1.759668  1706.805  0.64817  0.605E-06  0.255E-04  pot  B   0.1000
        44  -1.759668  1706.805  0.64817  0.309E-06  0.185E-04  pot  B   0.1000
        45  -1.759668  1706.804  0.64817  0.257E-06  0.908E-05  pot  B   0.1000
        46  -1.759668  1706.804  0.64817  0.165E-06  0.931E-05  pot  B   0.1000
        47  -1.759668  1706.804  0.64817  0.157E-06  0.705E-05  pot  B   0.1000
        48  -1.759668  1706.804  0.64817  0.119E-06  0.627E-05  pot  B   0.1000
        49  -1.759668  1706.804  0.64817  0.201E-06  0.425E-05  pot  B   0.1000
        50  -1.759668  1706.804  0.64817  0.822E-07  0.387E-05  pot  B   0.1000
        51  -1.759668  1706.804  0.64817  0.155E-06  0.266E-05  pot  B   0.1000
        52  -1.759668  1706.804  0.64817  0.391E-07  0.322E-05  pot  B   0.1000
        53  -1.759668  1706.804  0.64817  0.521E-07  0.141E-05  pot  B   0.1000
        54  -1.759668  1706.804  0.64817  0.196E-07  0.172E-05  pot  B   0.1000
        55  -1.759668  1706.804  0.64817  0.179E-07  0.910E-06  pot  B   0.1000
        56  -1.759668  1706.804  0.64817  0.222E-07  0.102E-05  pot  B   0.1000
        57  -1.759668  1706.804  0.64817  0.216E-07  0.124E-05  pot  B   0.1000
        58  -1.759668  1706.804  0.64817  0.144E-07  0.127E-05  pot  B   0.1000
        59  -1.759668  1706.804  0.64817  0.158E-07  0.869E-06  pot  B   0.1000
        60  -1.759668  1706.804  0.64817  0.747E-08  0.715E-06  pot  B   0.1000
        61  -1.759668  1706.804  0.64817  0.933E-08  0.426E-06  pot  B   0.1000
        62  -1.759668  1706.804  0.64817  0.494E-08  0.352E-06  pot  B   0.1000
        63  -1.759668  1706.804  0.64817  0.661E-08  0.192E-06  pot  B   0.1000
        64  -1.759668  1706.804  0.64817  0.765E-08  0.129E-06  pot  B   0.1000
        65  -1.759668  1706.804  0.64817  0.343E-08  0.182E-06  pot  B   0.1000
        66  -1.759668  1706.804  0.64817  0.494E-08  0.987E-07  pot  B   0.1000
        67  -1.759668  1706.804  0.64817  0.174E-08  0.499E-07  pot  B   0.1000
        68  -1.759668  1706.804  0.64817  0.107E-08  0.459E-07  pot  B   0.1000
        69  -1.759668  1706.804  0.64817  0.557E-09  0.271E-07  pot  B   0.1000
        70  -1.759668  1706.804  0.64817  0.444E-09  0.464E-07  pot  B   0.1000
        71  -1.759668  1706.804  0.64817  0.390E-09  0.257E-07  pot  B   0.1000
        72  -1.759668  1706.804  0.64817  0.333E-09  0.280E-07  pot  B   0.1000
        73  -1.759668  1706.804  0.64817  0.349E-09  0.161E-07  pot  B   0.1000
        74  -1.759668  1706.804  0.64817  0.394E-09  0.247E-07  pot  B   0.1000
        75  -1.759668  1706.804  0.64817  0.291E-09  0.160E-07  pot  B   0.1000
        76  -1.759668  1706.804  0.64817  0.201E-09  0.116E-07  pot  B   0.1000
        77  -1.759668  1706.804  0.64817  0.189E-09  0.139E-07  pot  B   0.1000
        78  -1.759668  1706.804  0.64817  0.119E-09  0.599E-08  pot  B   0.1000
**      79  -1.759668  1706.804  0.64817  0.436E-12  0.599E-08  pot  B   0.1000
