 Atom   Index      Q          Qmt        dQ        Vmad        Local Energy
  W         1   73.91802   72.53095   -0.08198    1.84475      -32312.64101
  W         2   73.98215   72.59508   -0.01785    1.79357      -32312.62320
  W         3   74.01489   72.62783    0.01489    1.74823      -32312.58040
  W         4   73.93936   72.55230   -0.06064    1.82935      -32312.63843
  W         5   73.93709   72.55003   -0.06291    1.83169      -32312.63861
  W         6   73.99660   72.60953   -0.00340    1.77491      -32312.59553
  W         7   73.90703   72.51997   -0.09297    1.85146      -32312.63992
  W         8   73.98303   72.59596   -0.01697    1.77950      -32312.60462
  W         9   73.93634   72.54928   -0.06366    1.83273      -32312.63893
  W        10   73.98571   72.59865   -0.01429    1.78059      -32312.60247
  W        11   73.93167   72.54461   -0.06833    1.83616      -32312.63866
  W        12   73.98701   72.59994   -0.01299    1.78022      -32312.59956
  W        13   73.95522   72.56816   -0.04478    1.81629      -32312.63149
  W        14   73.91960   72.53254   -0.08040    1.84260      -32312.63840
  W        15   73.90725   72.52019   -0.09275    1.85640      -32312.64393
  W        16   73.96636   72.57929   -0.03364    1.80172      -32312.61835
  Nb       17   41.02341   39.63635    0.02341    1.77973       -7632.71781
  Nb       18   41.09327   39.70620    0.09327    1.71391       -7632.67166
  Nb       19   40.95193   39.56486   -0.04807    1.85194       -7632.76145
  Nb       20   40.99625   39.60919   -0.00375    1.81302       -7632.73829
  Nb       21   41.03250   39.64544    0.03250    1.77200       -7632.71172
  Nb       22   40.95697   39.56990   -0.04303    1.84597       -7632.75039
  Nb       23   41.03420   39.64714    0.03420    1.77705       -7632.71288
  Nb       24   40.94616   39.55910   -0.05384    1.85052       -7632.75479
  Nb       25   41.01069   39.62362    0.01069    1.79767       -7632.72622
  Nb       26   41.03714   39.65007    0.03714    1.77033       -7632.70491
  Nb       27   41.05431   39.66725    0.05431    1.75743       -7632.69224
  Nb       28   41.01490   39.62783    0.01490    1.78815       -7632.71909
  Nb       29   40.95833   39.57127   -0.04167    1.83908       -7632.75121
  Nb       30   40.98721   39.60015   -0.01279    1.81416       -7632.73598
  Nb       31   41.06010   39.67304    0.06010    1.74863       -7632.68444
  Nb       32   41.02503   39.63796    0.02503    1.77505       -7632.71471
  Mo       33   42.21058   40.82351    0.21058    1.68629       -8090.68176
  Mo       34   42.21145   40.82439    0.21145    1.68126       -8090.66488
  Mo       35   42.19302   40.80596    0.19302    1.69839       -8090.67735
  Mo       36   42.16564   40.77858    0.16564    1.73019       -8090.70014
  Mo       37   42.21444   40.82737    0.21444    1.67606       -8090.67347
  Mo       38   42.18953   40.80246    0.18953    1.70789       -8090.68359
  Mo       39   42.15888   40.77181    0.15888    1.73815       -8090.70496
  Mo       40   42.19961   40.81255    0.19961    1.69440       -8090.67429
  Mo       41   42.19785   40.81079    0.19785    1.70333       -8090.69065
  Mo       42   42.14082   40.75375    0.14082    1.75121       -8090.71477
  Mo       43   42.15378   40.76672    0.15378    1.73949       -8090.71068
  Mo       44   42.14818   40.76112    0.14818    1.74661       -8090.70290
  Mo       45   42.18801   40.80094    0.18801    1.70225       -8090.68864
  Mo       46   42.19237   40.80530    0.19237    1.70226       -8090.68959
  Mo       47   42.15755   40.77049    0.15755    1.74308       -8090.71063
  Mo       48   42.24443   40.85737    0.24443    1.65685       -8090.65965
  Ta       49   72.79337   71.40630   -0.20663    1.91601      -31233.10294
  Ta       50   72.82900   71.44193   -0.17100    1.88313      -31233.09108
  Ta       51   72.83612   71.44905   -0.16388    1.87497      -31233.08192
  Ta       52   72.88610   71.49904   -0.11390    1.82849      -31233.05353
  Ta       53   72.89903   71.51196   -0.10097    1.81533      -31233.04107
  Ta       54   72.89856   71.51150   -0.10144    1.81555      -31233.04761
  Ta       55   72.79479   71.40773   -0.20521    1.91375      -31233.10880
  Ta       56   72.87120   71.48414   -0.12880    1.84867      -31233.07108
  Ta       57   72.82633   71.43927   -0.17367    1.89164      -31233.09470
  Ta       58   72.86490   71.47784   -0.13510    1.85084      -31233.07087
  Ta       59   72.84742   71.46035   -0.15258    1.86351      -31233.07583
  Ta       60   72.85585   71.46878   -0.14415    1.85447      -31233.07328
  Ta       61   72.87072   71.48366   -0.12928    1.84421      -31233.05935
  Ta       62   72.86507   71.47800   -0.13493    1.85023      -31233.06212
  Ta       63   72.84864   71.46158   -0.15136    1.86430      -31233.07200
  Ta       64   72.79704   71.40997   -0.20296    1.91175      -31233.10202
