System Description            : WNbMoTa, BCC structure                          
Number of Atoms in Unit Cell  : 256                                             
Number of Atomic Species      : 4                                               
Number of Atoms in Each Type  : 64(W), 64(Nb), 64(Mo), 64(Ta)                   
Energy Offset                 : -19816                                          
=======================================================================================
    Iter     Energy      3PV     Efermi   Rms_rho    Rms_pot   Mix  Alg  Alpha 
---------------------------------------------------------------------------------------
**       1  -0.264553  2293.601  0.59445  0.140E+01  0.133E+00  pot  B   0.1000
         2  -0.547797  2265.331  0.60881  0.755E-02  0.554E+00  pot  B   0.1000
         3  -0.652628  2261.873  0.61206  0.112E-02  0.290E+00  pot  B   0.1000
         4  -0.958537  2222.270  0.62762  0.104E-01  0.418E+00  pot  B   0.1000
         5  -1.083210  2188.202  0.64613  0.913E-02  0.596E+00  pot  B   0.1000
         6  -1.179846  2177.729  0.65758  0.286E-02  0.137E+00  pot  B   0.1000
         7  -1.211077  2167.049  0.66557  0.335E-02  0.858E-01  pot  B   0.1000
         8  -1.237326  2156.029  0.67176  0.380E-02  0.544E-01  pot  B   0.1000
         9  -1.257120  2146.569  0.67634  0.361E-02  0.526E-01  pot  B   0.1000
        10  -1.273656  2134.310  0.68188  0.510E-02  0.307E-01  pot  B   0.1000
        11  -1.275978  2130.337  0.68416  0.184E-02  0.204E-01  pot  B   0.1000
        12  -1.276608  2128.972  0.68529  0.774E-03  0.840E-02  pot  B   0.1000
        13  -1.276771  2128.655  0.68612  0.270E-03  0.500E-02  pot  B   0.1000
        14  -1.276888  2128.528  0.68690  0.195E-03  0.441E-02  pot  B   0.1000
        15  -1.277048  2128.364  0.68851  0.346E-03  0.448E-02  pot  B   0.1000
        16  -1.277084  2128.317  0.68948  0.191E-03  0.382E-02  pot  B   0.1000
        17  -1.277086  2128.279  0.68991  0.709E-04  0.572E-02  pot  B   0.1000
        18  -1.277096  2128.241  0.69003  0.265E-04  0.108E-02  pot  B   0.1000
        19  -1.277100  2128.222  0.69028  0.466E-04  0.537E-03  pot  B   0.1000
        20  -1.277102  2128.231  0.69043  0.319E-04  0.892E-03  pot  B   0.1000
        21  -1.277104  2128.212  0.69060  0.335E-04  0.553E-03  pot  B   0.1000
        22  -1.277104  2128.213  0.69067  0.149E-04  0.331E-03  pot  B   0.1000
        23  -1.277104  2128.231  0.69070  0.101E-04  0.224E-03  pot  B   0.1000
        24  -1.277105  2128.230  0.69072  0.396E-05  0.182E-03  pot  B   0.1000
        25  -1.277105  2128.242  0.69074  0.922E-05  0.137E-03  pot  B   0.1000
        26  -1.277105  2128.253  0.69075  0.750E-05  0.719E-04  pot  B   0.1000
        27  -1.277105  2128.260  0.69075  0.392E-05  0.330E-04  pot  B   0.1000
        28  -1.277105  2128.263  0.69075  0.136E-05  0.275E-04  pot  B   0.1000
        29  -1.277105  2128.266  0.69075  0.110E-05  0.696E-04  pot  B   0.1000
        30  -1.277105  2128.266  0.69075  0.442E-06  0.441E-04  pot  B   0.1000
        31  -1.277105  2128.271  0.69075  0.185E-05  0.213E-04  pot  B   0.1000
        32  -1.277105  2128.274  0.69075  0.112E-05  0.139E-04  pot  B   0.1000
        33  -1.277105  2128.275  0.69075  0.681E-06  0.938E-05  pot  B   0.1000
        34  -1.277105  2128.276  0.69075  0.381E-06  0.791E-05  pot  B   0.1000
        35  -1.277105  2128.276  0.69075  0.470E-06  0.571E-05  pot  B   0.1000
        36  -1.277105  2128.276  0.69075  0.298E-06  0.677E-05  pot  B   0.1000
        37  -1.277105  2128.277  0.69075  0.367E-06  0.456E-05  pot  B   0.1000
        38  -1.277105  2128.277  0.69075  0.204E-06  0.264E-05  pot  B   0.1000
        39  -1.277105  2128.277  0.69075  0.112E-06  0.242E-05  pot  B   0.1000
        40  -1.277105  2128.277  0.69075  0.139E-06  0.232E-05  pot  B   0.1000
        41  -1.277105  2128.277  0.69075  0.136E-06  0.383E-05  pot  B   0.1000
        42  -1.277105  2128.277  0.69075  0.365E-07  0.526E-05  pot  B   0.1000
        43  -1.277105  2128.277  0.69075  0.858E-07  0.189E-05  pot  B   0.1000
        44  -1.277105  2128.277  0.69075  0.312E-07  0.854E-06  pot  B   0.1000
        45  -1.277105  2128.277  0.69075  0.244E-07  0.552E-06  pot  B   0.1000
        46  -1.277105  2128.277  0.69075  0.265E-07  0.488E-06  pot  B   0.1000
        47  -1.277105  2128.277  0.69075  0.316E-07  0.496E-06  pot  B   0.1000
        48  -1.277105  2128.277  0.69075  0.186E-07  0.401E-06  pot  B   0.1000
        49  -1.277105  2128.277  0.69075  0.125E-07  0.241E-06  pot  B   0.1000
        50  -1.277105  2128.277  0.69075  0.703E-08  0.169E-06  pot  B   0.1000
        51  -1.277105  2128.277  0.69075  0.711E-08  0.145E-06  pot  B   0.1000
        52  -1.277105  2128.277  0.69075  0.808E-08  0.106E-06  pot  B   0.1000
        53  -1.277105  2128.277  0.69075  0.727E-08  0.132E-06  pot  B   0.1000
        54  -1.277105  2128.277  0.69075  0.305E-08  0.296E-06  pot  B   0.1000
        55  -1.277105  2128.277  0.69075  0.485E-08  0.112E-06  pot  B   0.1000
        56  -1.277105  2128.277  0.69075  0.272E-08  0.560E-07  pot  B   0.1000
        57  -1.277105  2128.277  0.69075  0.272E-08  0.364E-07  pot  B   0.1000
        58  -1.277105  2128.277  0.69075  0.301E-08  0.365E-07  pot  B   0.1000
        59  -1.277105  2128.277  0.69075  0.189E-08  0.311E-07  pot  B   0.1000
        60  -1.277105  2128.277  0.69075  0.965E-09  0.209E-07  pot  B   0.1000
        61  -1.277105  2128.277  0.69075  0.709E-09  0.162E-07  pot  B   0.1000
        62  -1.277105  2128.277  0.69075  0.886E-09  0.138E-07  pot  B   0.1000
        63  -1.277105  2128.277  0.69075  0.863E-09  0.119E-07  pot  B   0.1000
        64  -1.277105  2128.277  0.69075  0.625E-09  0.761E-08  pot  B   0.1000
**      65  -1.277105  2128.277  0.69075  0.473E-12  0.761E-08  pot  B   0.1000
**      66  -1.277105  2128.277  0.69075  0.473E-12  0.761E-08  pot  B   0.1000
