 Atom   Index      Q          Qmt        dQ        Vmad        Local Energy
  W         1   73.91739   72.61268   -0.08261    1.70363      -32312.48863
  W         2   73.84131   72.53660   -0.15869    1.77751      -32312.53761
  W         3   73.85707   72.55236   -0.14293    1.77390      -32312.54472
  W         4   73.86950   72.56479   -0.13050    1.75231      -32312.53470
  W         5   73.77333   72.46863   -0.22667    1.85772      -32312.60861
  W         6   73.85430   72.54960   -0.14570    1.76251      -32312.52509
  W         7   73.80915   72.50444   -0.19085    1.82300      -32312.58124
  W         8   73.78145   72.47674   -0.21855    1.82782      -32312.56341
  W         9   73.90972   72.60501   -0.09028    1.71826      -32312.51701
  W        10   73.86643   72.56173   -0.13357    1.76090      -32312.52973
  W        11   73.87042   72.56571   -0.12958    1.74060      -32312.51317
  W        12   73.73412   72.42942   -0.26588    1.88398      -32312.60879
  W        13   73.82231   72.51760   -0.17769    1.79551      -32312.55312
  W        14   73.94048   72.63578   -0.05952    1.68189      -32312.48467
  W        15   73.84390   72.53920   -0.15610    1.77135      -32312.53397
  W        16   73.78936   72.48465   -0.21064    1.82915      -32312.57726
  W        17   73.88846   72.58376   -0.11154    1.72919      -32312.50844
  W        18   73.88885   72.58415   -0.11115    1.71685      -32312.48894
  W        19   73.93123   72.62653   -0.06877    1.68038      -32312.48003
  W        20   73.89375   72.58905   -0.10625    1.71113      -32312.47759
  W        21   73.93217   72.62746   -0.06783    1.68542      -32312.47713
  W        22   73.92786   72.62316   -0.07214    1.69303      -32312.48898
  W        23   73.79628   72.49158   -0.20372    1.82202      -32312.56494
  W        24   73.91675   72.61205   -0.08325    1.70181      -32312.49067
  W        25   73.84885   72.54415   -0.15115    1.77232      -32312.53298
  W        26   73.86976   72.56505   -0.13024    1.74832      -32312.52073
  W        27   73.88670   72.58199   -0.11330    1.72638      -32312.49775
  W        28   73.83346   72.52875   -0.16654    1.78467      -32312.54680
  W        29   73.97745   72.67274   -0.02255    1.64225      -32312.44884
  W        30   73.90785   72.60314   -0.09215    1.71482      -32312.51015
  W        31   73.85506   72.55035   -0.14494    1.76254      -32312.52595
  W        32   73.88460   72.57989   -0.11540    1.74064      -32312.52359
  Nb       33   40.93115   39.62645   -0.06885    1.72149       -7632.60566
  Nb       34   41.01564   39.71093    0.01564    1.64024       -7632.54806
  Nb       35   40.86338   39.55867   -0.13662    1.78326       -7632.63265
  Nb       36   40.98778   39.68308   -0.01222    1.66792       -7632.57021
  Nb       37   40.96943   39.66472   -0.03057    1.68224       -7632.57791
  Nb       38   41.02829   39.72359    0.02829    1.62072       -7632.53472
  Nb       39   41.04427   39.73956    0.04427    1.60709       -7632.52580
  Nb       40   40.89705   39.59234   -0.10295    1.75989       -7632.62666
  Nb       41   40.84141   39.53670   -0.15859    1.80615       -7632.65199
  Nb       42   40.85045   39.54575   -0.14955    1.79622       -7632.64569
  Nb       43   41.01691   39.71220    0.01691    1.63425       -7632.54373
  Nb       44   40.92090   39.61620   -0.07910    1.71888       -7632.57896
  Nb       45   40.94031   39.63560   -0.05969    1.71102       -7632.59324
  Nb       46   40.95430   39.64959   -0.04570    1.69715       -7632.58751
  Nb       47   40.83473   39.53002   -0.16527    1.81467       -7632.65512
  Nb       48   40.93359   39.62889   -0.06641    1.71436       -7632.59667
  Nb       49   40.98664   39.68194   -0.01336    1.66358       -7632.56313
  Nb       50   40.93959   39.63488   -0.06041    1.70270       -7632.59075
  Nb       51   40.96654   39.66183   -0.03346    1.67953       -7632.57365
  Nb       52   40.84623   39.54153   -0.15377    1.80743       -7632.65653
  Nb       53   40.92295   39.61825   -0.07705    1.73159       -7632.60826
  Nb       54   40.94353   39.63882   -0.05647    1.70243       -7632.58310
  Nb       55   40.92807   39.62337   -0.07193    1.71992       -7632.59390
  Nb       56   40.91200   39.60730   -0.08800    1.74827       -7632.62431
  Nb       57   41.02896   39.72425    0.02896    1.61937       -7632.53110
  Nb       58   40.86950   39.56480   -0.13050    1.77368       -7632.62796
  Nb       59   40.89569   39.59099   -0.10431    1.75682       -7632.62210
  Nb       60   40.92042   39.61571   -0.07958    1.73348       -7632.60207
  Nb       61   40.99919   39.69448   -0.00081    1.65842       -7632.56372
  Nb       62   40.97060   39.66589   -0.02940    1.67703       -7632.56859
  Nb       63   40.76388   39.45917   -0.23612    1.88705       -7632.70460
  Nb       64   40.87611   39.57141   -0.12389    1.77798       -7632.63645
  Mo       65   42.04669   40.74199    0.04669    1.69302       -8090.60010
  Mo       66   42.19280   40.88810    0.19280    1.55027       -8090.52564
  Mo       67   42.04661   40.74190    0.04661    1.69670       -8090.60606
  Mo       68   42.16183   40.85713    0.16183    1.57819       -8090.52987
  Mo       69   42.09653   40.79183    0.09653    1.63938       -8090.57469
  Mo       70   42.06722   40.76251    0.06722    1.68214       -8090.60374
  Mo       71   42.13740   40.83270    0.13740    1.60428       -8090.55427
  Mo       72   42.17366   40.86895    0.17366    1.56064       -8090.51895
  Mo       73   42.12568   40.82098    0.12568    1.62999       -8090.58400
  Mo       74   42.03880   40.73409    0.03880    1.69639       -8090.60111
  Mo       75   42.09435   40.78964    0.09435    1.64119       -8090.56919
  Mo       76   42.10031   40.79560    0.10031    1.64415       -8090.58807
  Mo       77   42.17838   40.87367    0.17838    1.56014       -8090.52849
  Mo       78   42.02757   40.72287    0.02757    1.71100       -8090.61931
  Mo       79   41.93886   40.63415   -0.06114    1.81646       -8090.69120
  Mo       80   42.17567   40.87096    0.17567    1.56131       -8090.52293
  Mo       81   42.11478   40.81007    0.11478    1.63731       -8090.58322
  Mo       82   42.10878   40.80408    0.10878    1.62846       -8090.57037
  Mo       83   42.03762   40.73291    0.03762    1.69986       -8090.61025
  Mo       84   42.04169   40.73699    0.04169    1.70142       -8090.60650
  Mo       85   42.06999   40.76529    0.06999    1.67346       -8090.59771
  Mo       86   42.04629   40.74158    0.04629    1.69560       -8090.61198
  Mo       87   42.10748   40.80277    0.10748    1.63370       -8090.57656
  Mo       88   42.11457   40.80986    0.11457    1.62486       -8090.56127
  Mo       89   42.12749   40.82278    0.12749    1.60736       -8090.54364
  Mo       90   42.11224   40.80753    0.11224    1.63303       -8090.57835
  Mo       91   42.15501   40.85030    0.15501    1.58451       -8090.53750
  Mo       92   42.11948   40.81478    0.11948    1.62907       -8090.58433
  Mo       93   42.06110   40.75639    0.06110    1.67960       -8090.59642
  Mo       94   42.07679   40.77209    0.07679    1.66387       -8090.59163
  Mo       95   42.05592   40.75122    0.05592    1.69037       -8090.61224
  Mo       96   42.09255   40.78785    0.09255    1.64951       -8090.57542
  Ta       97   72.81852   71.51381   -0.18148    1.74047      -31232.91875
  Ta       98   72.89044   71.58573   -0.10956    1.66732      -31232.87085
  Ta       99   72.76779   71.46308   -0.23221    1.78591      -31232.94817
  Ta      100   72.69204   71.38734   -0.30796    1.86221      -31232.98839
  Ta      101   72.80607   71.50136   -0.19393    1.75216      -31232.93228
  Ta      102   72.82350   71.51880   -0.17650    1.73739      -31232.91769
  Ta      103   72.86093   71.55622   -0.13907    1.70427      -31232.89535
  Ta      104   72.81491   71.51020   -0.18509    1.74227      -31232.91828
  Ta      105   72.74775   71.44304   -0.25225    1.81154      -31232.96110
  Ta      106   72.75342   71.44872   -0.24658    1.80268      -31232.95340
  Ta      107   72.86640   71.56169   -0.13360    1.69247      -31232.88222
  Ta      108   72.64542   71.34071   -0.35458    1.90783      -31233.03013
  Ta      109   72.68582   71.38111   -0.31418    1.87053      -31233.01584
  Ta      110   72.71306   71.40836   -0.28694    1.84173      -31232.98783
  Ta      111   72.78849   71.48379   -0.21151    1.77037      -31232.93768
  Ta      112   72.75421   71.44951   -0.24579    1.80295      -31232.95835
  Ta      113   72.76988   71.46517   -0.23012    1.78829      -31232.95140
  Ta      114   72.70980   71.40509   -0.29020    1.84504      -31232.98299
  Ta      115   72.85845   71.55374   -0.14155    1.69550      -31232.89352
  Ta      116   72.79151   71.48680   -0.20849    1.76057      -31232.92927
  Ta      117   72.71860   71.41389   -0.28140    1.84709      -31232.99456
  Ta      118   72.84841   71.54371   -0.15159    1.70249      -31232.89171
  Ta      119   72.92197   71.61726   -0.07803    1.64001      -31232.85860
  Ta      120   72.69073   71.38603   -0.30927    1.86427      -31232.98941
  Ta      121   72.76275   71.45804   -0.23725    1.79692      -31232.96093
  Ta      122   72.82238   71.51767   -0.17762    1.74121      -31232.91400
  Ta      123   72.69699   71.39229   -0.30301    1.85588      -31232.99575
  Ta      124   72.70232   71.39761   -0.29768    1.85548      -31232.99195
  Ta      125   72.87126   71.56655   -0.12874    1.67978      -31232.87703
  Ta      126   72.84893   71.54423   -0.15107    1.71106      -31232.89742
  Ta      127   72.86647   71.56176   -0.13353    1.69302      -31232.89396
  Ta      128   72.84851   71.54380   -0.15149    1.70960      -31232.89509
  Ti      129   22.37365   21.06895    0.37365    1.51164       -1704.39343
  Ti      130   22.32904   21.02433    0.32904    1.54608       -1704.40429
  Ti      131   22.31054   21.00584    0.31054    1.56438       -1704.39370
  Ti      132   22.27620   20.97149    0.27620    1.59833       -1704.41147
  Ti      133   22.33536   21.03066    0.33536    1.53755       -1704.35919
  Ti      134   22.23692   20.93221    0.23692    1.63636       -1704.42813
  Ti      135   22.24917   20.94446    0.24917    1.61715       -1704.42640
  Ti      136   22.23255   20.92784    0.23255    1.64139       -1704.43003
  Ti      137   22.33988   21.03517    0.33988    1.52625       -1704.35868
  Ti      138   22.40227   21.09757    0.40227    1.47041       -1704.33899
  Ti      139   22.30216   20.99745    0.30216    1.57298       -1704.39219
  Ti      140   22.33359   21.02888    0.33359    1.54678       -1704.39421
  Ti      141   22.32233   21.01763    0.32233    1.55271       -1704.37723
  Ti      142   22.28493   20.98022    0.28493    1.58936       -1704.41887
  Ti      143   22.26932   20.96462    0.26932    1.60304       -1704.38913
  Ti      144   22.25605   20.95135    0.25605    1.61515       -1704.40492
  Ti      145   22.17860   20.87389    0.17860    1.68892       -1704.44127
  Ti      146   22.26946   20.96476    0.26946    1.59885       -1704.39310
  Ti      147   22.28435   20.97964    0.28435    1.58874       -1704.40678
  Ti      148   22.29482   20.99012    0.29482    1.58557       -1704.41337
  Ti      149   22.42307   21.11836    0.42307    1.44217       -1704.30093
  Ti      150   22.36189   21.05718    0.36189    1.50440       -1704.33950
  Ti      151   22.38440   21.07969    0.38440    1.48199       -1704.35265
  Ti      152   22.38195   21.07724    0.38195    1.48891       -1704.32348
  Ti      153   22.37413   21.06942    0.37413    1.50249       -1704.36402
  Ti      154   22.34673   21.04202    0.34673    1.52768       -1704.38556
  Ti      155   22.36420   21.05949    0.36420    1.51649       -1704.36996
  Ti      156   22.34201   21.03731    0.34201    1.52380       -1704.34745
  Ti      157   22.31402   21.00932    0.31402    1.56178       -1704.41181
  Ti      158   22.43279   21.12808    0.43279    1.43488       -1704.29525
  Ti      159   22.35750   21.05280    0.35750    1.52574       -1704.38001
  Ti      160   22.31539   21.01068    0.31539    1.56162       -1704.40931
