System Description            : WNbMoTa, BCC structure                          
Number of Atoms in Unit Cell  : 64                                              
Number of Atomic Species      : 4                                               
Number of Atoms in Each Type  : 16(W), 16(Nb), 16(Mo), 16(Ta)                   
Energy Offset                 : -19816                                          
=======================================================================================
    Iter     Energy      3PV     Efermi   Rms_rho    Rms_pot   Mix  Alg  Alpha 
---------------------------------------------------------------------------------------
**       1  -0.267724  2293.571  0.59421  0.140E+01  0.105E+00  pot  B   0.1000
         2  -0.629898  2265.262  0.60694  0.742E-02  0.138E+00  pot  B   0.1000
         3  -0.860018  2237.585  0.62058  0.729E-02  0.243E+00  pot  B   0.1000
         4  -1.177542  2183.371  0.64278  0.142E-01  0.958E-01  pot  B   0.1000
         5  -1.211321  2167.556  0.65922  0.461E-02  0.608E-01  pot  B   0.1000
         6  -1.232316  2158.346  0.66997  0.311E-02  0.347E-01  pot  B   0.1000
         7  -1.251429  2149.667  0.67538  0.326E-02  0.284E-01  pot  B   0.1000
         8  -1.272927  2135.891  0.68124  0.571E-02  0.247E-01  pot  B   0.1000
         9  -1.276276  2131.216  0.68395  0.214E-02  0.186E-01  pot  B   0.1000
        10  -1.277132  2129.105  0.68539  0.107E-02  0.667E-02  pot  B   0.1000
        11  -1.277277  2128.718  0.68613  0.267E-03  0.456E-02  pot  B   0.1000
        12  -1.277448  2128.510  0.68728  0.269E-03  0.389E-02  pot  B   0.1000
        13  -1.277564  2128.349  0.68852  0.266E-03  0.374E-02  pot  B   0.1000
        14  -1.277629  2128.229  0.68973  0.251E-03  0.118E-02  pot  B   0.1000
        15  -1.277636  2128.199  0.69028  0.998E-04  0.595E-03  pot  B   0.1000
        16  -1.277639  2128.217  0.69048  0.406E-04  0.399E-03  pot  B   0.1000
        17  -1.277642  2128.255  0.69070  0.464E-04  0.456E-03  pot  B   0.1000
        18  -1.277643  2128.310  0.69078  0.227E-04  0.201E-03  pot  B   0.1000
        19  -1.277643  2128.318  0.69082  0.866E-05  0.119E-03  pot  B   0.1000
        20  -1.277644  2128.308  0.69084  0.528E-05  0.116E-03  pot  B   0.1000
        21  -1.277644  2128.303  0.69086  0.512E-05  0.820E-04  pot  B   0.1000
        22  -1.277643  2128.289  0.69087  0.442E-05  0.791E-04  pot  B   0.1000
        23  -1.277643  2128.283  0.69088  0.196E-05  0.277E-04  pot  B   0.1000
        24  -1.277643  2128.278  0.69089  0.174E-05  0.270E-04  pot  B   0.1000
        25  -1.277643  2128.274  0.69089  0.149E-05  0.247E-04  pot  B   0.1000
        26  -1.277643  2128.273  0.69089  0.856E-06  0.114E-04  pot  B   0.1000
        27  -1.277643  2128.272  0.69090  0.438E-06  0.798E-05  pot  B   0.1000
        28  -1.277643  2128.273  0.69090  0.367E-06  0.625E-05  pot  B   0.1000
        29  -1.277643  2128.275  0.69090  0.413E-06  0.510E-05  pot  B   0.1000
        30  -1.277643  2128.275  0.69090  0.556E-07  0.405E-05  pot  B   0.1000
        31  -1.277643  2128.275  0.69091  0.106E-06  0.228E-05  pot  B   0.1000
        32  -1.277643  2128.275  0.69091  0.693E-07  0.254E-05  pot  B   0.1000
        33  -1.277643  2128.275  0.69091  0.112E-06  0.151E-05  pot  B   0.1000
        34  -1.277643  2128.275  0.69091  0.642E-07  0.136E-05  pot  B   0.1000
        35  -1.277643  2128.275  0.69091  0.272E-07  0.690E-06  pot  B   0.1000
        36  -1.277643  2128.275  0.69091  0.274E-07  0.372E-06  pot  B   0.1000
        37  -1.277643  2128.275  0.69091  0.217E-07  0.476E-06  pot  B   0.1000
        38  -1.277643  2128.275  0.69091  0.155E-07  0.309E-06  pot  B   0.1000
        39  -1.277643  2128.275  0.69091  0.138E-07  0.140E-06  pot  B   0.1000
        40  -1.277643  2128.275  0.69091  0.127E-07  0.115E-06  pot  B   0.1000
        41  -1.277643  2128.275  0.69091  0.100E-07  0.863E-07  pot  B   0.1000
        42  -1.277643  2128.275  0.69091  0.219E-08  0.103E-06  pot  B   0.1000
        43  -1.277643  2128.275  0.69091  0.193E-08  0.455E-07  pot  B   0.1000
        44  -1.277643  2128.275  0.69091  0.168E-08  0.412E-07  pot  B   0.1000
        45  -1.277643  2128.275  0.69091  0.202E-08  0.348E-07  pot  B   0.1000
        46  -1.277643  2128.275  0.69091  0.173E-08  0.292E-07  pot  B   0.1000
        47  -1.277643  2128.275  0.69091  0.442E-09  0.255E-07  pot  B   0.1000
        48  -1.277643  2128.275  0.69091  0.486E-09  0.172E-07  pot  B   0.1000
        49  -1.277643  2128.275  0.69091  0.409E-09  0.130E-07  pot  B   0.1000
        50  -1.277643  2128.275  0.69091  0.338E-09  0.103E-07  pot  B   0.1000
        51  -1.277643  2128.275  0.69091  0.152E-09  0.643E-08  pot  B   0.1000
**      52  -1.277643  2128.275  0.69091  0.517E-12  0.643E-08  pot  B   0.1000
