System Description            : WNbMoTaTi, BCC structure                        
Number of Atoms in Unit Cell  : 40                                              
Number of Atomic Species      : 5                                               
Number of Atoms in Each Type  : 8(W), 8(Nb), 8(Mo), 8(Ta), 8(Ti)                
Energy Offset                 : -16193                                          
=======================================================================================
    Iter     Energy      3PV     Efermi   Rms_rho    Rms_pot   Mix  Alg  Alpha 
---------------------------------------------------------------------------------------
**       1  -0.755830  1839.779  0.53740  0.140E+01  0.203E+00  pot  B   0.1000
         2  -0.588191  1816.901  0.58351  0.782E-02  0.731E+00  pot  B   0.1000
         3  -1.110656  1814.159  0.57767  0.194E-02  0.119E+00  pot  B   0.1000
         4  -0.991806  1789.011  0.59404  0.834E-02  0.681E+00  pot  B   0.1000
         5  -1.424744  1773.178  0.60574  0.519E-02  0.157E+00  pot  B   0.1000
         6  -1.532544  1743.804  0.62544  0.985E-02  0.148E+00  pot  B   0.1000
         7  -1.558558  1732.103  0.63505  0.426E-02  0.539E-01  pot  B   0.1000
         8  -1.579715  1724.955  0.64254  0.332E-02  0.283E-01  pot  B   0.1000
         9  -1.594001  1716.678  0.64913  0.420E-02  0.468E-01  pot  B   0.1000
        10  -1.602345  1709.561  0.65431  0.385E-02  0.332E-01  pot  B   0.1000
        11  -1.603993  1706.679  0.65677  0.179E-02  0.132E-01  pot  B   0.1000
        12  -1.604163  1706.369  0.65766  0.296E-03  0.455E-02  pot  B   0.1000
        13  -1.604272  1706.226  0.65869  0.260E-03  0.578E-02  pot  B   0.1000
        14  -1.604419  1706.170  0.66019  0.278E-03  0.155E-02  pot  B   0.1000
        15  -1.604451  1706.115  0.66131  0.228E-03  0.123E-02  pot  B   0.1000
        16  -1.604446  1706.188  0.66151  0.464E-04  0.837E-03  pot  B   0.1000
        17  -1.604448  1706.203  0.66162  0.214E-04  0.568E-03  pot  B   0.1000
        18  -1.604453  1706.259  0.66182  0.429E-04  0.257E-03  pot  B   0.1000
        19  -1.604455  1706.226  0.66198  0.283E-04  0.183E-03  pot  B   0.1000
        20  -1.604455  1706.210  0.66202  0.631E-05  0.865E-04  pot  B   0.1000
        21  -1.604456  1706.196  0.66204  0.540E-05  0.461E-04  pot  B   0.1000
        22  -1.604456  1706.195  0.66205  0.218E-05  0.269E-04  pot  B   0.1000
        23  -1.604456  1706.196  0.66205  0.174E-05  0.192E-04  pot  B   0.1000
        24  -1.604456  1706.199  0.66205  0.112E-05  0.126E-04  pot  B   0.1000
        25  -1.604456  1706.200  0.66206  0.461E-06  0.751E-05  pot  B   0.1000
        26  -1.604456  1706.199  0.66206  0.692E-06  0.639E-05  pot  B   0.1000
        27  -1.604456  1706.198  0.66207  0.568E-06  0.611E-05  pot  B   0.1000
        28  -1.604456  1706.198  0.66207  0.104E-06  0.221E-05  pot  B   0.1000
        29  -1.604456  1706.198  0.66207  0.973E-07  0.110E-05  pot  B   0.1000
        30  -1.604456  1706.198  0.66207  0.250E-06  0.108E-05  pot  B   0.1000
        31  -1.604456  1706.199  0.66207  0.234E-06  0.144E-05  pot  B   0.1000
        32  -1.604456  1706.199  0.66207  0.757E-07  0.116E-05  pot  B   0.1000
        33  -1.604456  1706.199  0.66207  0.454E-07  0.618E-06  pot  B   0.1000
        34  -1.604456  1706.199  0.66207  0.478E-07  0.352E-06  pot  B   0.1000
        35  -1.604456  1706.199  0.66207  0.245E-07  0.180E-06  pot  B   0.1000
        36  -1.604456  1706.199  0.66207  0.102E-07  0.105E-06  pot  B   0.1000
        37  -1.604456  1706.199  0.66207  0.546E-08  0.744E-07  pot  B   0.1000
        38  -1.604456  1706.199  0.66207  0.552E-08  0.617E-07  pot  B   0.1000
        39  -1.604456  1706.199  0.66207  0.260E-08  0.587E-07  pot  B   0.1000
        40  -1.604456  1706.199  0.66207  0.135E-08  0.475E-07  pot  B   0.1000
        41  -1.604456  1706.199  0.66207  0.199E-08  0.313E-07  pot  B   0.1000
        42  -1.604456  1706.199  0.66207  0.208E-08  0.164E-07  pot  B   0.1000
        43  -1.604456  1706.199  0.66207  0.859E-09  0.103E-07  pot  B   0.1000
        44  -1.604456  1706.199  0.66207  0.155E-09  0.750E-08  pot  B   0.1000
**      45  -1.604456  1706.199  0.66207  0.458E-12  0.750E-08  pot  B   0.1000
