System Description            : WNbMoTaV, BCC structure                         
Number of Atoms in Unit Cell  : 320                                             
Number of Atomic Species      : 5                                               
Number of Atoms in Each Type  : 64(W), 64(Nb), 64(Mo), 64(Ta), 64(V)            
Energy Offset                 : -16231                                          
=======================================================================================
    Iter     Energy      3PV     Efermi   Rms_rho    Rms_pot   Mix  Alg  Alpha 
---------------------------------------------------------------------------------------
**       1  -0.860390  1839.087  0.58625  0.140E+01  0.149E+00  pot  B   0.1000
         2  -1.124939  1816.561  0.59620  0.773E-02  0.608E+00  pot  B   0.1000
         3  -1.018027  1811.915  0.60248  0.444E-02  0.104E+01  pot  B   0.1000
         4  -1.211967  1805.594  0.60821  0.343E-02  0.859E+00  pot  B   0.1000
         5  -1.406427  1793.482  0.61364  0.405E-02  0.443E+00  pot  B   0.1000
         6  -1.399607  1782.713  0.61850  0.380E-02  0.746E+00  pot  B   0.1000
         7  -1.563171  1769.218  0.62201  0.462E-02  0.434E+00  pot  B   0.1000
         8  -1.668836  1746.762  0.62766  0.763E-02  0.316E+00  pot  B   0.1000
         9  -1.701368  1737.293  0.63175  0.341E-02  0.202E+00  pot  B   0.1000
        10  -1.712866  1731.588  0.63446  0.228E-02  0.195E+00  pot  B   0.1000
        11  -1.728596  1727.048  0.63616  0.198E-02  0.856E-01  pot  B   0.1000
        12  -1.738416  1722.033  0.63744  0.249E-02  0.126E+00  pot  B   0.1000
        13  -1.749842  1715.237  0.63905  0.353E-02  0.723E-01  pot  B   0.1000
        14  -1.754003  1711.121  0.64021  0.205E-02  0.771E-01  pot  B   0.1000
        15  -1.754091  1710.273  0.64149  0.178E-02  0.115E+00  pot  B   0.1000
        16  -1.757584  1707.903  0.64197  0.129E-02  0.174E-01  pot  B   0.1000
        17  -1.757655  1707.106  0.64280  0.384E-03  0.205E-01  pot  B   0.1000
        18  -1.757848  1707.301  0.64325  0.216E-03  0.181E-01  pot  B   0.1000
        19  -1.757951  1707.266  0.64338  0.241E-03  0.104E-01  pot  B   0.1000
        20  -1.757987  1707.432  0.64390  0.122E-03  0.209E-01  pot  B   0.1000
        21  -1.758039  1707.224  0.64429  0.206E-03  0.146E-01  pot  B   0.1000
        22  -1.758148  1707.303  0.64511  0.164E-03  0.101E-01  pot  B   0.1000
        23  -1.758123  1707.041  0.64542  0.145E-03  0.150E-01  pot  B   0.1000
        24  -1.758189  1706.940  0.64619  0.180E-03  0.113E-01  pot  B   0.1000
        25  -1.758243  1706.990  0.64680  0.982E-04  0.452E-02  pot  B   0.1000
        26  -1.758248  1706.905  0.64717  0.871E-04  0.701E-02  pot  B   0.1000
        27  -1.758269  1706.858  0.64750  0.984E-04  0.431E-02  pot  B   0.1000
        28  -1.758275  1706.810  0.64773  0.541E-04  0.463E-02  pot  B   0.1000
        29  -1.758282  1706.781  0.64788  0.463E-04  0.447E-02  pot  B   0.1000
        30  -1.758289  1706.762  0.64800  0.385E-04  0.312E-02  pot  B   0.1000
        31  -1.758291  1706.744  0.64809  0.268E-04  0.332E-02  pot  B   0.1000
        32  -1.758297  1706.726  0.64818  0.244E-04  0.281E-02  pot  B   0.1000
        33  -1.758298  1706.718  0.64823  0.277E-04  0.291E-02  pot  B   0.1000
        34  -1.758300  1706.710  0.64827  0.229E-04  0.125E-02  pot  B   0.1000
        35  -1.758301  1706.714  0.64826  0.163E-04  0.161E-02  pot  B   0.1000
        36  -1.758302  1706.713  0.64827  0.163E-04  0.105E-02  pot  B   0.1000
        37  -1.758303  1706.711  0.64830  0.130E-04  0.870E-03  pot  B   0.1000
        38  -1.758303  1706.720  0.64828  0.129E-04  0.112E-02  pot  B   0.1000
        39  -1.758303  1706.723  0.64830  0.111E-04  0.924E-03  pot  B   0.1000
        40  -1.758303  1706.728  0.64829  0.104E-04  0.962E-03  pot  B   0.1000
        41  -1.758303  1706.739  0.64829  0.106E-04  0.941E-03  pot  B   0.1000
        42  -1.758303  1706.740  0.64830  0.856E-05  0.596E-03  pot  B   0.1000
        43  -1.758303  1706.749  0.64828  0.515E-05  0.439E-03  pot  B   0.1000
        44  -1.758303  1706.756  0.64828  0.506E-05  0.459E-03  pot  B   0.1000
        45  -1.758303  1706.765  0.64827  0.533E-05  0.553E-03  pot  B   0.1000
        46  -1.758303  1706.770  0.64827  0.388E-05  0.516E-03  pot  B   0.1000
        47  -1.758302  1706.778  0.64827  0.407E-05  0.368E-03  pot  B   0.1000
        48  -1.758302  1706.781  0.64827  0.445E-05  0.363E-03  pot  B   0.1000
        49  -1.758302  1706.785  0.64826  0.329E-05  0.248E-03  pot  B   0.1000
        50  -1.758302  1706.791  0.64826  0.304E-05  0.235E-03  pot  B   0.1000
        51  -1.758302  1706.794  0.64826  0.258E-05  0.170E-03  pot  B   0.1000
        52  -1.758302  1706.796  0.64826  0.264E-05  0.193E-03  pot  B   0.1000
        53  -1.758302  1706.798  0.64826  0.149E-05  0.140E-03  pot  B   0.1000
        54  -1.758302  1706.799  0.64826  0.107E-05  0.127E-03  pot  B   0.1000
        55  -1.758302  1706.801  0.64826  0.123E-05  0.146E-03  pot  B   0.1000
        56  -1.758302  1706.802  0.64826  0.131E-05  0.130E-03  pot  B   0.1000
        57  -1.758302  1706.804  0.64826  0.106E-05  0.109E-03  pot  B   0.1000
        58  -1.758302  1706.804  0.64826  0.686E-06  0.682E-04  pot  B   0.1000
        59  -1.758302  1706.805  0.64826  0.844E-06  0.591E-04  pot  B   0.1000
        60  -1.758302  1706.806  0.64826  0.716E-06  0.735E-04  pot  B   0.1000
        61  -1.758302  1706.806  0.64826  0.501E-06  0.509E-04  pot  B   0.1000
        62  -1.758302  1706.807  0.64826  0.687E-06  0.698E-04  pot  B   0.1000
        63  -1.758302  1706.807  0.64826  0.633E-06  0.343E-04  pot  B   0.1000
        64  -1.758302  1706.807  0.64826  0.606E-06  0.421E-04  pot  B   0.1000
        65  -1.758302  1706.807  0.64825  0.531E-06  0.366E-04  pot  B   0.1000
        66  -1.758302  1706.808  0.64825  0.367E-06  0.440E-04  pot  B   0.1000
        67  -1.758302  1706.808  0.64825  0.398E-06  0.282E-04  pot  B   0.1000
        68  -1.758302  1706.808  0.64825  0.396E-06  0.306E-04  pot  B   0.1000
        69  -1.758302  1706.807  0.64825  0.270E-06  0.222E-04  pot  B   0.1000
        70  -1.758302  1706.807  0.64825  0.258E-06  0.183E-04  pot  B   0.1000
        71  -1.758302  1706.807  0.64825  0.203E-06  0.163E-04  pot  B   0.1000
        72  -1.758302  1706.807  0.64825  0.179E-06  0.192E-04  pot  B   0.1000
        73  -1.758302  1706.807  0.64825  0.113E-06  0.158E-04  pot  B   0.1000
        74  -1.758302  1706.807  0.64825  0.155E-06  0.154E-04  pot  B   0.1000
        75  -1.758302  1706.807  0.64825  0.153E-06  0.106E-04  pot  B   0.1000
        76  -1.758302  1706.807  0.64825  0.140E-06  0.101E-04  pot  B   0.1000
        77  -1.758302  1706.807  0.64825  0.910E-07  0.858E-05  pot  B   0.1000
        78  -1.758302  1706.807  0.64825  0.707E-07  0.104E-04  pot  B   0.1000
        79  -1.758302  1706.806  0.64825  0.743E-07  0.606E-05  pot  B   0.1000
        80  -1.758302  1706.806  0.64825  0.817E-07  0.725E-05  pot  B   0.1000
        81  -1.758302  1706.806  0.64825  0.706E-07  0.553E-05  pot  B   0.1000
        82  -1.758302  1706.806  0.64825  0.699E-07  0.445E-05  pot  B   0.1000
        83  -1.758302  1706.806  0.64825  0.452E-07  0.500E-05  pot  B   0.1000
        84  -1.758302  1706.806  0.64825  0.480E-07  0.598E-05  pot  B   0.1000
        85  -1.758302  1706.806  0.64825  0.414E-07  0.608E-05  pot  B   0.1000
        86  -1.758302  1706.806  0.64825  0.342E-07  0.427E-05  pot  B   0.1000
        87  -1.758302  1706.806  0.64825  0.379E-07  0.238E-05  pot  B   0.1000
        88  -1.758302  1706.806  0.64825  0.521E-07  0.277E-05  pot  B   0.1000
        89  -1.758302  1706.806  0.64825  0.335E-07  0.274E-05  pot  B   0.1000
        90  -1.758302  1706.806  0.64825  0.406E-07  0.365E-05  pot  B   0.1000
        91  -1.758302  1706.806  0.64825  0.328E-07  0.309E-05  pot  B   0.1000
        92  -1.758302  1706.806  0.64825  0.305E-07  0.198E-05  pot  B   0.1000
        93  -1.758302  1706.806  0.64825  0.334E-07  0.154E-05  pot  B   0.1000
        94  -1.758302  1706.806  0.64825  0.247E-07  0.183E-05  pot  B   0.1000
        95  -1.758302  1706.806  0.64825  0.152E-07  0.154E-05  pot  B   0.1000
        96  -1.758302  1706.806  0.64825  0.228E-07  0.182E-05  pot  B   0.1000
        97  -1.758302  1706.806  0.64825  0.136E-07  0.158E-05  pot  B   0.1000
        98  -1.758302  1706.806  0.64825  0.110E-07  0.192E-05  pot  B   0.1000
        99  -1.758302  1706.806  0.64825  0.150E-07  0.113E-05  pot  B   0.1000
       100  -1.758302  1706.806  0.64825  0.207E-07  0.122E-05  pot  B   0.1000
       101  -1.758302  1706.806  0.64825  0.121E-07  0.835E-06  pot  B   0.1000
       102  -1.758302  1706.806  0.64825  0.102E-07  0.812E-06  pot  B   0.1000
       103  -1.758302  1706.806  0.64825  0.832E-08  0.964E-06  pot  B   0.1000
       104  -1.758302  1706.806  0.64825  0.959E-08  0.877E-06  pot  B   0.1000
       105  -1.758302  1706.806  0.64825  0.857E-08  0.602E-06  pot  B   0.1000
       106  -1.758302  1706.806  0.64825  0.600E-08  0.639E-06  pot  B   0.1000
       107  -1.758302  1706.806  0.64825  0.492E-08  0.577E-06  pot  B   0.1000
       108  -1.758302  1706.806  0.64825  0.428E-08  0.592E-06  pot  B   0.1000
       109  -1.758302  1706.806  0.64825  0.425E-08  0.568E-06  pot  B   0.1000
       110  -1.758302  1706.806  0.64825  0.378E-08  0.669E-06  pot  B   0.1000
       111  -1.758302  1706.806  0.64825  0.357E-08  0.436E-06  pot  B   0.1000
       112  -1.758302  1706.806  0.64825  0.454E-08  0.288E-06  pot  B   0.1000
       113  -1.758302  1706.806  0.64825  0.408E-08  0.299E-06  pot  B   0.1000
       114  -1.758302  1706.806  0.64825  0.388E-08  0.328E-06  pot  B   0.1000
       115  -1.758302  1706.806  0.64825  0.334E-08  0.305E-06  pot  B   0.1000
       116  -1.758302  1706.806  0.64825  0.360E-08  0.399E-06  pot  B   0.1000
       117  -1.758302  1706.806  0.64825  0.318E-08  0.228E-06  pot  B   0.1000
       118  -1.758302  1706.806  0.64825  0.403E-08  0.290E-06  pot  B   0.1000
       119  -1.758302  1706.806  0.64825  0.260E-08  0.213E-06  pot  B   0.1000
       120  -1.758302  1706.806  0.64825  0.161E-08  0.225E-06  pot  B   0.1000
       121  -1.758302  1706.806  0.64825  0.282E-08  0.217E-06  pot  B   0.1000
       122  -1.758302  1706.806  0.64825  0.164E-08  0.230E-06  pot  B   0.1000
       123  -1.758302  1706.806  0.64825  0.271E-08  0.163E-06  pot  B   0.1000
       124  -1.758302  1706.806  0.64825  0.370E-08  0.120E-06  pot  B   0.1000
       125  -1.758302  1706.806  0.64825  0.181E-08  0.158E-06  pot  B   0.1000
       126  -1.758302  1706.806  0.64825  0.268E-08  0.117E-06  pot  B   0.1000
       127  -1.758302  1706.806  0.64825  0.135E-08  0.128E-06  pot  B   0.1000
       128  -1.758302  1706.806  0.64825  0.145E-08  0.160E-06  pot  B   0.1000
       129  -1.758302  1706.806  0.64825  0.135E-08  0.109E-06  pot  B   0.1000
       130  -1.758302  1706.806  0.64825  0.130E-08  0.824E-07  pot  B   0.1000
       131  -1.758302  1706.806  0.64825  0.688E-09  0.636E-07  pot  B   0.1000
       132  -1.758302  1706.806  0.64825  0.830E-09  0.776E-07  pot  B   0.1000
       133  -1.758302  1706.806  0.64825  0.108E-08  0.815E-07  pot  B   0.1000
       134  -1.758302  1706.806  0.64825  0.755E-09  0.107E-06  pot  B   0.1000
       135  -1.758302  1706.806  0.64825  0.102E-08  0.763E-07  pot  B   0.1000
       136  -1.758302  1706.806  0.64825  0.751E-09  0.476E-07  pot  B   0.1000
       137  -1.758302  1706.806  0.64825  0.481E-09  0.532E-07  pot  B   0.1000
       138  -1.758302  1706.806  0.64825  0.578E-09  0.601E-07  pot  B   0.1000
       139  -1.758302  1706.806  0.64825  0.505E-09  0.453E-07  pot  B   0.1000
       140  -1.758302  1706.806  0.64825  0.542E-09  0.478E-07  pot  B   0.1000
       141  -1.758302  1706.806  0.64825  0.487E-09  0.376E-07  pot  B   0.1000
       142  -1.758302  1706.806  0.64825  0.268E-09  0.359E-07  pot  B   0.1000
       143  -1.758302  1706.806  0.64825  0.282E-09  0.339E-07  pot  B   0.1000
       144  -1.758302  1706.806  0.64825  0.289E-09  0.334E-07  pot  B   0.1000
       145  -1.758302  1706.806  0.64825  0.422E-09  0.288E-07  pot  B   0.1000
       146  -1.758302  1706.806  0.64825  0.311E-09  0.493E-07  pot  B   0.1000
       147  -1.758302  1706.806  0.64825  0.318E-09  0.271E-07  pot  B   0.1000
       148  -1.758302  1706.806  0.64825  0.258E-09  0.173E-07  pot  B   0.1000
       149  -1.758302  1706.806  0.64825  0.321E-09  0.220E-07  pot  B   0.1000
       150  -1.758302  1706.806  0.64825  0.241E-09  0.201E-07  pot  B   0.1000
**     151  -1.758302  1706.806  0.64825  0.493E-12  0.201E-07  pot  B   0.1000
