System Description            : WNbMoTaV, BCC structure                         
Number of Atoms in Unit Cell  : 80                                              
Number of Atomic Species      : 5                                               
Number of Atoms in Each Type  : 16(W), 16(Nb), 16(Mo), 16(Ta), 16(V)            
Energy Offset                 : -16231                                          
=======================================================================================
    Iter     Energy      3PV     Efermi   Rms_rho    Rms_pot   Mix  Alg  Alpha 
---------------------------------------------------------------------------------------
**       1  -0.856208  1839.116  0.58557  0.140E+01  0.119E+00  pot  B   0.1000
         2  -1.152723  1816.534  0.59494  0.776E-02  0.316E+00  pot  B   0.1000
         3  -1.259179  1808.562  0.60423  0.349E-02  0.354E+00  pot  B   0.1000
         4  -1.346678  1796.173  0.61201  0.412E-02  0.445E+00  pot  B   0.1000
         5  -1.498056  1781.432  0.61735  0.490E-02  0.292E+00  pot  B   0.1000
         6  -1.616519  1757.172  0.62402  0.819E-02  0.270E+00  pot  B   0.1000
         7  -1.675716  1740.817  0.62913  0.562E-02  0.245E+00  pot  B   0.1000
         8  -1.707170  1734.414  0.63227  0.233E-02  0.102E+00  pot  B   0.1000
         9  -1.723098  1728.586  0.63501  0.257E-02  0.521E-01  pot  B   0.1000
        10  -1.736482  1723.500  0.63619  0.247E-02  0.558E-01  pot  B   0.1000
        11  -1.749679  1715.526  0.63895  0.413E-02  0.432E-01  pot  B   0.1000
        12  -1.754129  1710.763  0.63976  0.251E-02  0.472E-01  pot  B   0.1000
        13  -1.756432  1708.710  0.64070  0.118E-02  0.175E-01  pot  B   0.1000
        14  -1.757052  1707.597  0.64183  0.720E-03  0.599E-02  pot  B   0.1000
        15  -1.757191  1707.312  0.64281  0.281E-03  0.656E-02  pot  B   0.1000
        16  -1.757315  1707.384  0.64352  0.188E-03  0.747E-02  pot  B   0.1000
        17  -1.757401  1707.282  0.64450  0.203E-03  0.680E-02  pot  B   0.1000
        18  -1.757488  1707.285  0.64564  0.190E-03  0.628E-02  pot  B   0.1000
        19  -1.757532  1707.158  0.64666  0.193E-03  0.465E-02  pot  B   0.1000
        20  -1.757530  1707.121  0.64683  0.617E-04  0.428E-02  pot  B   0.1000
        21  -1.757551  1707.103  0.64717  0.662E-04  0.211E-02  pot  B   0.1000
        22  -1.757556  1707.074  0.64731  0.404E-04  0.145E-02  pot  B   0.1000
        23  -1.757560  1707.057  0.64736  0.236E-04  0.183E-02  pot  B   0.1000
        24  -1.757563  1707.005  0.64744  0.313E-04  0.977E-03  pot  B   0.1000
        25  -1.757564  1706.990  0.64748  0.138E-04  0.104E-02  pot  B   0.1000
        26  -1.757564  1706.956  0.64752  0.237E-04  0.560E-03  pot  B   0.1000
        27  -1.757563  1706.924  0.64753  0.187E-04  0.563E-03  pot  B   0.1000
        28  -1.757563  1706.890  0.64756  0.211E-04  0.370E-03  pot  B   0.1000
        29  -1.757563  1706.873  0.64757  0.108E-04  0.534E-03  pot  B   0.1000
        30  -1.757562  1706.854  0.64759  0.113E-04  0.478E-03  pot  B   0.1000
        31  -1.757562  1706.846  0.64760  0.634E-05  0.184E-03  pot  B   0.1000
        32  -1.757562  1706.839  0.64762  0.504E-05  0.286E-03  pot  B   0.1000
        33  -1.757562  1706.837  0.64763  0.203E-05  0.129E-03  pot  B   0.1000
        34  -1.757563  1706.824  0.64766  0.877E-05  0.133E-03  pot  B   0.1000
        35  -1.757563  1706.821  0.64768  0.351E-05  0.171E-03  pot  B   0.1000
        36  -1.757563  1706.819  0.64771  0.268E-05  0.917E-04  pot  B   0.1000
        37  -1.757564  1706.815  0.64772  0.252E-05  0.895E-04  pot  B   0.1000
        38  -1.757564  1706.814  0.64773  0.140E-05  0.479E-04  pot  B   0.1000
        39  -1.757564  1706.813  0.64774  0.109E-05  0.351E-04  pot  B   0.1000
        40  -1.757564  1706.811  0.64774  0.155E-05  0.284E-04  pot  B   0.1000
        41  -1.757564  1706.810  0.64775  0.926E-06  0.265E-04  pot  B   0.1000
        42  -1.757564  1706.809  0.64775  0.664E-06  0.305E-04  pot  B   0.1000
        43  -1.757564  1706.809  0.64775  0.186E-06  0.227E-04  pot  B   0.1000
        44  -1.757564  1706.809  0.64775  0.283E-06  0.120E-04  pot  B   0.1000
        45  -1.757564  1706.809  0.64775  0.159E-06  0.545E-05  pot  B   0.1000
        46  -1.757564  1706.809  0.64775  0.103E-06  0.780E-05  pot  B   0.1000
        47  -1.757564  1706.809  0.64775  0.938E-07  0.584E-05  pot  B   0.1000
        48  -1.757564  1706.809  0.64775  0.164E-06  0.296E-05  pot  B   0.1000
        49  -1.757564  1706.809  0.64775  0.721E-07  0.286E-05  pot  B   0.1000
        50  -1.757564  1706.809  0.64775  0.518E-07  0.252E-05  pot  B   0.1000
        51  -1.757564  1706.809  0.64775  0.462E-07  0.128E-05  pot  B   0.1000
        52  -1.757564  1706.809  0.64775  0.234E-07  0.116E-05  pot  B   0.1000
        53  -1.757564  1706.809  0.64775  0.198E-07  0.760E-06  pot  B   0.1000
        54  -1.757564  1706.809  0.64775  0.180E-07  0.833E-06  pot  B   0.1000
        55  -1.757564  1706.809  0.64775  0.127E-07  0.114E-05  pot  B   0.1000
        56  -1.757564  1706.809  0.64775  0.145E-07  0.902E-06  pot  B   0.1000
        57  -1.757564  1706.809  0.64775  0.133E-07  0.691E-06  pot  B   0.1000
        58  -1.757564  1706.809  0.64775  0.129E-07  0.768E-06  pot  B   0.1000
        59  -1.757564  1706.809  0.64775  0.144E-07  0.502E-06  pot  B   0.1000
        60  -1.757564  1706.809  0.64775  0.509E-08  0.297E-06  pot  B   0.1000
        61  -1.757564  1706.809  0.64775  0.431E-08  0.178E-06  pot  B   0.1000
        62  -1.757564  1706.809  0.64775  0.348E-08  0.250E-06  pot  B   0.1000
        63  -1.757564  1706.809  0.64775  0.232E-08  0.112E-06  pot  B   0.1000
        64  -1.757564  1706.809  0.64775  0.277E-08  0.641E-07  pot  B   0.1000
        65  -1.757564  1706.809  0.64775  0.102E-08  0.525E-07  pot  B   0.1000
        66  -1.757564  1706.809  0.64775  0.138E-08  0.427E-07  pot  B   0.1000
        67  -1.757564  1706.809  0.64775  0.727E-09  0.376E-07  pot  B   0.1000
        68  -1.757564  1706.809  0.64775  0.919E-09  0.258E-07  pot  B   0.1000
        69  -1.757564  1706.809  0.64775  0.486E-09  0.281E-07  pot  B   0.1000
        70  -1.757564  1706.809  0.64775  0.575E-09  0.298E-07  pot  B   0.1000
        71  -1.757564  1706.809  0.64775  0.477E-09  0.281E-07  pot  B   0.1000
        72  -1.757564  1706.809  0.64775  0.352E-09  0.138E-07  pot  B   0.1000
        73  -1.757564  1706.809  0.64775  0.297E-09  0.163E-07  pot  B   0.1000
        74  -1.757564  1706.809  0.64775  0.219E-09  0.141E-07  pot  B   0.1000
        75  -1.757564  1706.809  0.64775  0.152E-09  0.961E-08  pot  B   0.1000
**      76  -1.757564  1706.809  0.64775  0.907E-12  0.961E-08  pot  B   0.1000
