 Atom   Index      Q          Qmt        dQ        Vmad        Local Energy
  W         1   73.81824   72.51392   -0.18176    1.80231      -32312.55994
  W         2   73.89925   72.59493   -0.10075    1.72636      -32312.51865
  W         3   73.88107   72.57675   -0.11893    1.74480      -32312.53173
  W         4   73.86453   72.56021   -0.13547    1.75731      -32312.52726
  W         5   73.90449   72.60017   -0.09551    1.71321      -32312.49201
  W         6   73.90520   72.60087   -0.09480    1.71135      -32312.49513
  W         7   73.93999   72.63566   -0.06001    1.67976      -32312.47036
  W         8   73.80115   72.49683   -0.19885    1.82221      -32312.57487
  Nb        9   40.96905   39.66473   -0.03095    1.67650       -7632.57175
  Nb       10   40.97264   39.66832   -0.02736    1.67600       -7632.57954
  Nb       11   40.95210   39.64778   -0.04790    1.69660       -7632.58502
  Nb       12   40.83491   39.53058   -0.16509    1.81311       -7632.65861
  Nb       13   40.86694   39.56262   -0.13306    1.77852       -7632.62597
  Nb       14   40.86220   39.55788   -0.13780    1.77901       -7632.62029
  Nb       15   40.96453   39.66021   -0.03547    1.68473       -7632.57765
  Nb       16   40.94295   39.63863   -0.05705    1.70689       -7632.58762
  Mo       17   42.06406   40.75974    0.06406    1.68226       -8090.60264
  Mo       18   42.02007   40.71575    0.02007    1.72986       -8090.63581
  Mo       19   42.08204   40.77772    0.08204    1.66095       -8090.59563
  Mo       20   42.04673   40.74241    0.04673    1.69256       -8090.59821
  Mo       21   42.09399   40.78967    0.09399    1.64828       -8090.58292
  Mo       22   42.13602   40.83170    0.13602    1.61024       -8090.56656
  Mo       23   42.18570   40.88138    0.18570    1.55353       -8090.52420
  Mo       24   42.05652   40.75219    0.05652    1.68913       -8090.61342
  Ta       25   72.78721   71.48289   -0.21279    1.76696      -31232.93768
  Ta       26   72.72446   71.42014   -0.27554    1.83764      -31232.99677
  Ta       27   72.83146   71.52714   -0.16854    1.72555      -31232.91732
  Ta       28   72.73899   71.43467   -0.26101    1.81445      -31232.95935
  Ta       29   72.82466   71.52034   -0.17534    1.73255      -31232.91360
  Ta       30   72.77303   71.46871   -0.22697    1.78412      -31232.94805
  Ta       31   72.79005   71.48573   -0.20995    1.76438      -31232.93462
  Ta       32   72.83835   71.53403   -0.16165    1.71621      -31232.89570
  Ti       33   22.33389   21.02957    0.33389    1.54431       -1704.39749
  Ti       34   22.34135   21.03703    0.34135    1.50982       -1704.31502
  Ti       35   22.23989   20.93557    0.23989    1.62002       -1704.39211
  Ti       36   22.43854   21.13422    0.43854    1.44053       -1704.33136
  Ti       37   22.25358   20.94926    0.25358    1.62341       -1704.43942
  Ti       38   22.27448   20.97016    0.27448    1.60717       -1704.43184
  Ti       39   22.39074   21.08641    0.39074    1.47863       -1704.32867
  Ti       40   22.35497   21.05065    0.35497    1.51524       -1704.37128
