System Description            : WNbMoTa, BCC structure                          
Number of Atoms in Unit Cell  : 512                                             
Number of Atomic Species      : 4                                               
Number of Atoms in Each Type  : 128(W), 128(Nb), 128(Mo), 128(Ta)               
Energy Offset                 : -19816                                          
=======================================================================================
    Iter     Energy      3PV     Efermi   Rms_rho    Rms_pot   Mix  Alg  Alpha 
---------------------------------------------------------------------------------------
**       1  -0.255155  2293.590  0.59427  0.140E+01  0.280E+00  pot  B   0.1000
         2   0.409066  2266.397  0.62261  0.809E-02  0.220E+01  pot  B   0.1000
         3  -0.641505  2263.186  0.61168  0.235E-02  0.327E+00  pot  B   0.1000
         4  -0.674259  2252.934  0.61791  0.280E-02  0.722E+00  pot  B   0.1000
         5  -0.862641  2226.731  0.63059  0.715E-02  0.695E+00  pot  B   0.1000
         6  -1.112956  2192.357  0.64563  0.930E-02  0.496E+00  pot  B   0.1000
         7  -1.163016  2178.694  0.65720  0.379E-02  0.344E+00  pot  B   0.1000
         8  -1.187643  2173.435  0.66242  0.157E-02  0.261E+00  pot  B   0.1000
         9  -1.223274  2160.925  0.66934  0.401E-02  0.111E+00  pot  B   0.1000
        10  -1.235905  2155.932  0.67250  0.180E-02  0.871E-01  pot  B   0.1000
        11  -1.251902  2148.534  0.67606  0.288E-02  0.912E-01  pot  B   0.1000
        12  -1.266334  2139.162  0.68028  0.388E-02  0.119E+00  pot  B   0.1000
        13  -1.271167  2136.050  0.68181  0.135E-02  0.814E-01  pot  B   0.1000
        14  -1.271803  2134.917  0.68258  0.640E-03  0.100E+00  pot  B   0.1000
        15  -1.275352  2129.334  0.68551  0.208E-02  0.293E-01  pot  B   0.1000
        16  -1.276171  2128.451  0.68618  0.732E-03  0.964E-02  pot  B   0.1000
        17  -1.276272  2128.260  0.68669  0.218E-03  0.157E-01  pot  B   0.1000
        18  -1.276362  2128.259  0.68690  0.853E-04  0.138E-01  pot  B   0.1000
        19  -1.276517  2128.713  0.68725  0.164E-03  0.123E-01  pot  B   0.1000
        20  -1.276571  2128.492  0.68776  0.207E-03  0.893E-02  pot  B   0.1000
        21  -1.276605  2128.682  0.68806  0.780E-04  0.125E-01  pot  B   0.1000
        22  -1.276653  2128.925  0.68838  0.893E-04  0.632E-02  pot  B   0.1000
        23  -1.276671  2128.900  0.68867  0.741E-04  0.508E-02  pot  B   0.1000
        24  -1.276699  2128.947  0.68919  0.894E-04  0.341E-02  pot  B   0.1000
        25  -1.276719  2129.065  0.68974  0.983E-04  0.290E-02  pot  B   0.1000
        26  -1.276721  2129.030  0.68993  0.320E-04  0.397E-02  pot  B   0.1000
        27  -1.276725  2128.963  0.69008  0.349E-04  0.318E-02  pot  B   0.1000
        28  -1.276727  2128.926  0.69017  0.199E-04  0.180E-02  pot  B   0.1000
        29  -1.276731  2128.818  0.69036  0.408E-04  0.139E-02  pot  B   0.1000
        30  -1.276733  2128.701  0.69050  0.450E-04  0.254E-02  pot  B   0.1000
        31  -1.276735  2128.581  0.69059  0.379E-04  0.162E-02  pot  B   0.1000
        32  -1.276735  2128.474  0.69069  0.394E-04  0.226E-02  pot  B   0.1000
        33  -1.276736  2128.464  0.69071  0.804E-05  0.833E-03  pot  B   0.1000
        34  -1.276737  2128.379  0.69076  0.323E-04  0.754E-03  pot  B   0.1000
        35  -1.276737  2128.347  0.69080  0.160E-04  0.773E-03  pot  B   0.1000
        36  -1.276737  2128.324  0.69082  0.144E-04  0.638E-03  pot  B   0.1000
        37  -1.276737  2128.295  0.69085  0.184E-04  0.348E-03  pot  B   0.1000
        38  -1.276737  2128.291  0.69087  0.626E-05  0.392E-03  pot  B   0.1000
        39  -1.276737  2128.292  0.69088  0.430E-05  0.530E-03  pot  B   0.1000
        40  -1.276737  2128.293  0.69089  0.238E-05  0.481E-03  pot  B   0.1000
        41  -1.276737  2128.302  0.69091  0.580E-05  0.277E-03  pot  B   0.1000
        42  -1.276737  2128.309  0.69092  0.251E-05  0.319E-03  pot  B   0.1000
        43  -1.276738  2128.312  0.69094  0.361E-05  0.240E-03  pot  B   0.1000
        44  -1.276738  2128.312  0.69096  0.278E-05  0.326E-03  pot  B   0.1000
        45  -1.276738  2128.314  0.69096  0.877E-06  0.274E-03  pot  B   0.1000
        46  -1.276738  2128.313  0.69098  0.216E-05  0.180E-03  pot  B   0.1000
        47  -1.276738  2128.314  0.69099  0.236E-05  0.130E-03  pot  B   0.1000
        48  -1.276738  2128.311  0.69100  0.185E-05  0.831E-04  pot  B   0.1000
        49  -1.276738  2128.307  0.69102  0.193E-05  0.100E-03  pot  B   0.1000
        50  -1.276738  2128.305  0.69102  0.142E-05  0.815E-04  pot  B   0.1000
        51  -1.276738  2128.301  0.69103  0.169E-05  0.919E-04  pot  B   0.1000
        52  -1.276738  2128.296  0.69104  0.170E-05  0.130E-03  pot  B   0.1000
        53  -1.276738  2128.293  0.69104  0.187E-05  0.116E-03  pot  B   0.1000
        54  -1.276738  2128.287  0.69105  0.224E-05  0.630E-04  pot  B   0.1000
        55  -1.276738  2128.285  0.69105  0.101E-05  0.107E-03  pot  B   0.1000
        56  -1.276738  2128.283  0.69106  0.904E-06  0.864E-04  pot  B   0.1000
        57  -1.276738  2128.282  0.69106  0.670E-06  0.656E-04  pot  B   0.1000
        58  -1.276738  2128.281  0.69106  0.681E-06  0.537E-04  pot  B   0.1000
        59  -1.276738  2128.280  0.69106  0.445E-06  0.488E-04  pot  B   0.1000
        60  -1.276738  2128.278  0.69106  0.111E-05  0.513E-04  pot  B   0.1000
        61  -1.276738  2128.277  0.69106  0.673E-06  0.401E-04  pot  B   0.1000
        62  -1.276738  2128.277  0.69107  0.455E-06  0.450E-04  pot  B   0.1000
        63  -1.276738  2128.276  0.69107  0.596E-06  0.288E-04  pot  B   0.1000
        64  -1.276738  2128.275  0.69107  0.285E-06  0.304E-04  pot  B   0.1000
        65  -1.276738  2128.275  0.69107  0.198E-06  0.263E-04  pot  B   0.1000
        66  -1.276738  2128.275  0.69107  0.208E-06  0.119E-04  pot  B   0.1000
        67  -1.276738  2128.275  0.69107  0.240E-06  0.209E-04  pot  B   0.1000
        68  -1.276738  2128.274  0.69107  0.791E-07  0.230E-04  pot  B   0.1000
        69  -1.276738  2128.274  0.69107  0.129E-06  0.133E-04  pot  B   0.1000
        70  -1.276738  2128.274  0.69107  0.638E-07  0.134E-04  pot  B   0.1000
        71  -1.276738  2128.274  0.69107  0.725E-07  0.115E-04  pot  B   0.1000
        72  -1.276738  2128.274  0.69107  0.594E-07  0.768E-05  pot  B   0.1000
        73  -1.276738  2128.274  0.69108  0.278E-07  0.615E-05  pot  B   0.1000
        74  -1.276738  2128.275  0.69108  0.314E-07  0.432E-05  pot  B   0.1000
        75  -1.276738  2128.275  0.69108  0.292E-07  0.602E-05  pot  B   0.1000
        76  -1.276738  2128.275  0.69108  0.205E-07  0.539E-05  pot  B   0.1000
        77  -1.276738  2128.275  0.69108  0.361E-07  0.617E-05  pot  B   0.1000
        78  -1.276738  2128.275  0.69108  0.210E-07  0.377E-05  pot  B   0.1000
        79  -1.276738  2128.275  0.69108  0.804E-07  0.362E-05  pot  B   0.1000
        80  -1.276738  2128.275  0.69108  0.252E-07  0.572E-05  pot  B   0.1000
        81  -1.276738  2128.275  0.69108  0.257E-07  0.414E-05  pot  B   0.1000
        82  -1.276738  2128.275  0.69108  0.415E-07  0.290E-05  pot  B   0.1000
        83  -1.276738  2128.275  0.69108  0.416E-07  0.271E-05  pot  B   0.1000
        84  -1.276738  2128.276  0.69108  0.467E-07  0.176E-05  pot  B   0.1000
        85  -1.276738  2128.276  0.69108  0.522E-07  0.249E-05  pot  B   0.1000
        86  -1.276738  2128.276  0.69108  0.523E-07  0.210E-05  pot  B   0.1000
        87  -1.276738  2128.276  0.69108  0.267E-07  0.293E-05  pot  B   0.1000
        88  -1.276738  2128.276  0.69108  0.360E-07  0.213E-05  pot  B   0.1000
        89  -1.276738  2128.276  0.69108  0.313E-07  0.261E-05  pot  B   0.1000
        90  -1.276738  2128.276  0.69108  0.137E-07  0.122E-05  pot  B   0.1000
        91  -1.276738  2128.276  0.69107  0.353E-07  0.101E-05  pot  B   0.1000
        92  -1.276738  2128.276  0.69107  0.983E-08  0.177E-05  pot  B   0.1000
        93  -1.276738  2128.276  0.69107  0.505E-08  0.105E-05  pot  B   0.1000
        94  -1.276738  2128.276  0.69107  0.108E-07  0.112E-05  pot  B   0.1000
        95  -1.276738  2128.276  0.69107  0.136E-07  0.925E-06  pot  B   0.1000
        96  -1.276738  2128.276  0.69107  0.890E-08  0.566E-06  pot  B   0.1000
        97  -1.276738  2128.276  0.69107  0.657E-08  0.630E-06  pot  B   0.1000
        98  -1.276738  2128.276  0.69107  0.556E-08  0.520E-06  pot  B   0.1000
        99  -1.276738  2128.276  0.69107  0.159E-08  0.669E-06  pot  B   0.1000
       100  -1.276738  2128.276  0.69107  0.267E-08  0.433E-06  pot  B   0.1000
**     101  -1.276738  2128.276  0.69107  0.941E-12  0.433E-06  pot  B   0.1000
