 Atom   Index      Q          Qmt        dQ        Vmad        Local Energy
  W         1   73.96005   72.57269   -0.03995    1.81114      -32312.62747
  W         2   73.93034   72.54297   -0.06966    1.83625      -32312.63547
  W         3   73.97872   72.59135   -0.02128    1.79197      -32312.61393
  W         4   74.04397   72.65660    0.04397    1.73138      -32312.57937
  W         5   73.97132   72.58396   -0.02868    1.79482      -32312.61445
  W         6   74.00340   72.61604    0.00340    1.76908      -32312.59567
  W         7   73.97769   72.59032   -0.02231    1.78120      -32312.60121
  W         8   73.90495   72.51758   -0.09505    1.85801      -32312.65234
  W         9   73.97956   72.59219   -0.02044    1.79358      -32312.62013
  W        10   73.93674   72.54937   -0.06326    1.83266      -32312.63679
  W        11   73.97152   72.58415   -0.02848    1.79459      -32312.61354
  W        12   73.91938   72.53201   -0.08062    1.85048      -32312.64606
  W        13   74.02026   72.63289    0.02026    1.75421      -32312.59172
  W        14   73.92392   72.53655   -0.07608    1.84440      -32312.64065
  W        15   73.90211   72.51474   -0.09789    1.86286      -32312.66074
  W        16   73.92971   72.54234   -0.07029    1.83229      -32312.63786
  W        17   74.02083   72.63346    0.02083    1.76105      -32312.60423
  W        18   73.95105   72.56368   -0.04895    1.81848      -32312.62663
  W        19   73.97885   72.59148   -0.02115    1.79210      -32312.61380
  W        20   73.83795   72.45058   -0.16205    1.92277      -32312.68966
  W        21   73.97768   72.59031   -0.02232    1.79371      -32312.61395
  W        22   73.90433   72.51696   -0.09567    1.85814      -32312.65098
  W        23   74.08205   72.69468    0.08205    1.70498      -32312.56831
  W        24   73.85166   72.46429   -0.14834    1.90762      -32312.67921
  W        25   73.90925   72.52188   -0.09075    1.85167      -32312.64608
  W        26   73.93887   72.55150   -0.06113    1.82389      -32312.62760
  W        27   73.96732   72.57995   -0.03268    1.80597      -32312.62618
  W        28   73.97772   72.59035   -0.02228    1.78639      -32312.60132
  W        29   73.93581   72.54844   -0.06419    1.83343      -32312.64070
  W        30   73.87234   72.48497   -0.12766    1.89169      -32312.66992
  W        31   73.96894   72.58157   -0.03106    1.79331      -32312.61120
  W        32   73.93829   72.55092   -0.06171    1.82091      -32312.62087
  W        33   73.97990   72.59253   -0.02010    1.78704      -32312.61107
  W        34   73.93654   72.54917   -0.06346    1.83327      -32312.63929
  W        35   73.95437   72.56701   -0.04563    1.81044      -32312.62006
  W        36   73.94321   72.55584   -0.05679    1.82532      -32312.63146
  W        37   73.90256   72.51519   -0.09744    1.86209      -32312.65274
  W        38   73.88927   72.50190   -0.11073    1.87267      -32312.65328
  W        39   73.98291   72.59554   -0.01709    1.79017      -32312.60621
  W        40   73.91361   72.52624   -0.08639    1.85244      -32312.64852
  W        41   73.96427   72.57690   -0.03573    1.80668      -32312.62406
  W        42   73.96220   72.57483   -0.03780    1.80752      -32312.62111
  W        43   73.95937   72.57200   -0.04063    1.81235      -32312.62400
  W        44   74.00769   72.62032    0.00769    1.76726      -32312.60218
  W        45   73.97936   72.59200   -0.02064    1.78577      -32312.61186
  W        46   73.90399   72.51662   -0.09601    1.85965      -32312.65242
  W        47   73.97809   72.59072   -0.02191    1.79069      -32312.60921
  W        48   73.96162   72.57425   -0.03838    1.80505      -32312.61770
  W        49   73.97748   72.59011   -0.02252    1.79212      -32312.61443
  W        50   74.01339   72.62602    0.01339    1.76961      -32312.60480
  W        51   73.90682   72.51945   -0.09318    1.85933      -32312.65456
  W        52   73.91736   72.52999   -0.08264    1.84512      -32312.64076
  W        53   74.01219   72.62482    0.01219    1.76135      -32312.59130
  W        54   73.85722   72.46985   -0.14278    1.90085      -32312.66417
  W        55   73.95545   72.56809   -0.04455    1.81237      -32312.62141
  W        56   73.97699   72.58962   -0.02301    1.78786      -32312.60838
  W        57   74.02401   72.63664    0.02401    1.75220      -32312.58983
  W        58   73.93180   72.54443   -0.06820    1.83395      -32312.63657
  W        59   73.87838   72.49101   -0.12162    1.88170      -32312.65809
  W        60   74.03937   72.65200    0.03937    1.74200      -32312.58388
  W        61   73.93709   72.54972   -0.06291    1.83681      -32312.64775
  W        62   73.96342   72.57605   -0.03658    1.80246      -32312.61404
  W        63   73.92817   72.54080   -0.07183    1.83375      -32312.63453
  W        64   73.93653   72.54916   -0.06347    1.82908      -32312.62997
  W        65   73.90199   72.51462   -0.09801    1.86496      -32312.66065
  W        66   74.00078   72.61341    0.00078    1.77636      -32312.60859
  W        67   74.02279   72.63543    0.02279    1.74818      -32312.58777
  W        68   74.01102   72.62365    0.01102    1.76534      -32312.59246
  W        69   73.86344   72.47607   -0.13656    1.89570      -32312.66752
  W        70   74.04216   72.65479    0.04216    1.73733      -32312.58275
  W        71   73.95614   72.56877   -0.04386    1.81110      -32312.62212
  W        72   73.95247   72.56510   -0.04753    1.82346      -32312.63529
  W        73   73.90239   72.51502   -0.09761    1.86367      -32312.65318
  W        74   73.96212   72.57475   -0.03788    1.81135      -32312.62466
  W        75   73.95864   72.57127   -0.04136    1.80825      -32312.62517
  W        76   73.96801   72.58064   -0.03199    1.80200      -32312.61801
  W        77   73.93998   72.55261   -0.06002    1.83078      -32312.64344
  W        78   73.87919   72.49182   -0.12081    1.87576      -32312.65616
  W        79   73.99048   72.60311   -0.00952    1.77382      -32312.60547
  W        80   73.98209   72.59472   -0.01791    1.78454      -32312.60966
  W        81   73.88427   72.49690   -0.11573    1.87213      -32312.65121
  W        82   73.98903   72.60166   -0.01097    1.78227      -32312.60207
  W        83   73.94868   72.56131   -0.05132    1.81030      -32312.61843
  W        84   73.97063   72.58326   -0.02937    1.79839      -32312.61765
  W        85   73.93402   72.54665   -0.06598    1.82969      -32312.63743
  W        86   73.98037   72.59300   -0.01963    1.78499      -32312.60656
  W        87   73.97532   72.58796   -0.02468    1.79769      -32312.62178
  W        88   73.93304   72.54567   -0.06696    1.82908      -32312.62950
  W        89   73.95874   72.57137   -0.04126    1.81208      -32312.62547
  W        90   73.86503   72.47766   -0.13497    1.89614      -32312.67649
  W        91   73.93069   72.54332   -0.06931    1.83773      -32312.63505
  W        92   73.94051   72.55314   -0.05949    1.82282      -32312.62482
  W        93   73.88085   72.49348   -0.11915    1.89027      -32312.67012
  W        94   74.05613   72.66876    0.05613    1.71596      -32312.56844
  W        95   73.91347   72.52611   -0.08653    1.85263      -32312.64493
  W        96   73.92330   72.53593   -0.07670    1.83995      -32312.63515
  W        97   73.90367   72.51630   -0.09633    1.85891      -32312.65192
  W        98   73.96235   72.57498   -0.03765    1.80293      -32312.62675
  W        99   73.94416   72.55679   -0.05584    1.82417      -32312.63254
  W       100   73.96118   72.57382   -0.03882    1.80748      -32312.62025
  W       101   73.82958   72.44221   -0.17042    1.93109      -32312.69188
  W       102   74.00700   72.61963    0.00700    1.76498      -32312.59392
  W       103   73.98528   72.59791   -0.01472    1.78539      -32312.61665
  W       104   73.89165   72.50428   -0.10835    1.87040      -32312.66033
  W       105   73.94470   72.55733   -0.05530    1.82821      -32312.63599
  W       106   73.93618   72.54882   -0.06382    1.82101      -32312.62119
  W       107   74.06416   72.67679    0.06416    1.71429      -32312.56929
  W       108   73.95177   72.56440   -0.04823    1.81377      -32312.62573
  W       109   73.96379   72.57642   -0.03621    1.80508      -32312.62076
  W       110   74.04408   72.65671    0.04408    1.73049      -32312.57805
  W       111   74.01672   72.62935    0.01672    1.75229      -32312.59198
  W       112   73.88065   72.49328   -0.11935    1.88375      -32312.65867
  W       113   73.88976   72.50239   -0.11024    1.88160      -32312.66575
  W       114   74.00281   72.61544    0.00281    1.77334      -32312.60716
  W       115   74.00186   72.61449    0.00186    1.76558      -32312.58811
  W       116   73.98487   72.59750   -0.01513    1.78919      -32312.60722
  W       117   74.00394   72.61657    0.00394    1.76901      -32312.59857
  W       118   73.96824   72.58087   -0.03176    1.80607      -32312.62255
  W       119   73.87195   72.48459   -0.12805    1.88762      -32312.66762
  W       120   74.00109   72.61372    0.00109    1.76298      -32312.59242
  W       121   73.92161   72.53424   -0.07839    1.84527      -32312.64858
  W       122   73.98966   72.60229   -0.01034    1.78096      -32312.60832
  W       123   73.99130   72.60393   -0.00870    1.77254      -32312.59562
  W       124   74.04425   72.65688    0.04425    1.73135      -32312.58101
  W       125   73.93377   72.54641   -0.06623    1.82893      -32312.63385
  W       126   73.96207   72.57470   -0.03793    1.80850      -32312.62177
  W       127   74.00658   72.61921    0.00658    1.76449      -32312.60115
  W       128   74.05558   72.66821    0.05558    1.72512      -32312.57913
  Nb      129   40.99488   39.60751   -0.00512    1.80814       -7632.72561
  Nb      130   41.00198   39.61461    0.00198    1.80505       -7632.72493
  Nb      131   40.96493   39.57756   -0.03507    1.84359       -7632.75593
  Nb      132   41.06751   39.68014    0.06751    1.74002       -7632.69597
  Nb      133   41.02213   39.63477    0.02213    1.78113       -7632.70653
  Nb      134   41.07827   39.69090    0.07827    1.72987       -7632.68770
  Nb      135   41.10091   39.71354    0.10091    1.71321       -7632.67295
  Nb      136   40.95119   39.56382   -0.04881    1.84732       -7632.75494
  Nb      137   40.98769   39.60032   -0.01231    1.81014       -7632.72957
  Nb      138   40.95426   39.56689   -0.04574    1.84721       -7632.74717
  Nb      139   40.98693   39.59956   -0.01307    1.81360       -7632.73174
  Nb      140   41.03275   39.64538    0.03275    1.77633       -7632.70890
  Nb      141   41.06197   39.67460    0.06197    1.74498       -7632.69568
  Nb      142   41.04790   39.66053    0.04790    1.76376       -7632.70082
  Nb      143   40.95898   39.57161   -0.04102    1.84509       -7632.74772
  Nb      144   41.00635   39.61898    0.00635    1.79302       -7632.71611
  Nb      145   41.03608   39.64871    0.03608    1.77513       -7632.71285
  Nb      146   40.92292   39.53555   -0.07708    1.86944       -7632.76345
  Nb      147   41.01198   39.62461    0.01198    1.78861       -7632.72164
  Nb      148   41.06806   39.68069    0.06806    1.74298       -7632.68880
  Nb      149   40.98172   39.59435   -0.01828    1.82440       -7632.74137
  Nb      150   41.06724   39.67987    0.06724    1.73924       -7632.69179
  Nb      151   41.04519   39.65783    0.04519    1.75938       -7632.70224
  Nb      152   41.04324   39.65587    0.04324    1.76640       -7632.70015
  Nb      153   41.07820   39.69083    0.07820    1.73165       -7632.68336
  Nb      154   41.05980   39.67243    0.05980    1.74923       -7632.69287
  Nb      155   40.97904   39.59167   -0.02096    1.82079       -7632.73779
  Nb      156   41.00747   39.62010    0.00747    1.79773       -7632.71631
  Nb      157   41.06501   39.67764    0.06501    1.74613       -7632.69789
  Nb      158   41.04698   39.65961    0.04698    1.76275       -7632.70524
  Nb      159   41.07302   39.68565    0.07302    1.73823       -7632.69025
  Nb      160   41.10179   39.71442    0.10179    1.71080       -7632.66793
  Nb      161   41.03188   39.64451    0.03188    1.77871       -7632.71245
  Nb      162   41.01037   39.62300    0.01037    1.78980       -7632.71677
  Nb      163   41.01883   39.63146    0.01883    1.78500       -7632.71548
  Nb      164   40.97772   39.59035   -0.02228    1.82345       -7632.74183
  Nb      165   41.00083   39.61346    0.00083    1.80589       -7632.73307
  Nb      166   40.98946   39.60209   -0.01054    1.81009       -7632.72336
  Nb      167   40.98564   39.59828   -0.01436    1.81914       -7632.73082
  Nb      168   41.03585   39.64849    0.03585    1.76938       -7632.70367
  Nb      169   41.01457   39.62720    0.01457    1.78907       -7632.71960
  Nb      170   41.06424   39.67688    0.06424    1.74840       -7632.68994
  Nb      171   41.03153   39.64416    0.03153    1.77909       -7632.71322
  Nb      172   40.97642   39.58905   -0.02358    1.83115       -7632.74423
  Nb      173   41.02989   39.64252    0.02989    1.77910       -7632.72022
  Nb      174   41.03484   39.64747    0.03484    1.77090       -7632.71188
  Nb      175   41.04826   39.66090    0.04826    1.76398       -7632.70061
  Nb      176   41.00180   39.61444    0.00180    1.80924       -7632.73172
  Nb      177   41.03169   39.64432    0.03169    1.77633       -7632.71428
  Nb      178   40.99870   39.61133   -0.00130    1.80636       -7632.72676
  Nb      179   41.04283   39.65546    0.04283    1.76896       -7632.70054
  Nb      180   40.98441   39.59704   -0.01559    1.82308       -7632.73747
  Nb      181   41.07745   39.69008    0.07745    1.73186       -7632.68374
  Nb      182   40.99260   39.60523   -0.00740    1.81099       -7632.72954
  Nb      183   41.07285   39.68548    0.07285    1.74002       -7632.69295
  Nb      184   41.01749   39.63012    0.01749    1.79368       -7632.72570
  Nb      185   40.97401   39.58664   -0.02599    1.82750       -7632.73898
  Nb      186   40.98832   39.60095   -0.01168    1.81539       -7632.73399
  Nb      187   41.07222   39.68485    0.07222    1.74053       -7632.69049
  Nb      188   41.04887   39.66150    0.04887    1.75776       -7632.70447
  Nb      189   41.09499   39.70762    0.09499    1.71712       -7632.68199
  Nb      190   40.99252   39.60515   -0.00748    1.81459       -7632.73653
  Nb      191   41.06552   39.67815    0.06552    1.74550       -7632.69526
  Nb      192   41.06675   39.67938    0.06675    1.74555       -7632.69928
  Nb      193   41.05152   39.66415    0.05152    1.76080       -7632.70751
  Nb      194   40.98405   39.59668   -0.01595    1.81651       -7632.73290
  Nb      195   41.03078   39.64341    0.03078    1.76940       -7632.70156
  Nb      196   41.03978   39.65241    0.03978    1.76794       -7632.70837
  Nb      197   40.94983   39.56246   -0.05017    1.85435       -7632.75509
  Nb      198   40.95205   39.56468   -0.04795    1.85302       -7632.75155
  Nb      199   40.98925   39.60188   -0.01075    1.81346       -7632.73138
  Nb      200   40.99678   39.60942   -0.00322    1.80871       -7632.72974
  Nb      201   41.01767   39.63030    0.01767    1.78881       -7632.71890
  Nb      202   40.98750   39.60013   -0.01250    1.82053       -7632.73875
  Nb      203   40.97455   39.58718   -0.02545    1.82591       -7632.73478
  Nb      204   40.93315   39.54578   -0.06685    1.86817       -7632.76375
  Nb      205   41.05027   39.66290    0.05027    1.75519       -7632.69419
  Nb      206   41.05541   39.66804    0.05541    1.75822       -7632.70379
  Nb      207   41.00007   39.61270    0.00007    1.80434       -7632.72990
  Nb      208   40.99684   39.60947   -0.00316    1.80594       -7632.73378
  Nb      209   41.00295   39.61558    0.00295    1.80305       -7632.72776
  Nb      210   41.04111   39.65375    0.04111    1.76756       -7632.69964
  Nb      211   41.06458   39.67721    0.06458    1.74358       -7632.69742
  Nb      212   40.96623   39.57886   -0.03377    1.84253       -7632.75144
  Nb      213   41.00172   39.61435    0.00172    1.79570       -7632.72047
  Nb      214   41.06591   39.67854    0.06591    1.73991       -7632.68852
  Nb      215   40.96919   39.58182   -0.03081    1.82784       -7632.73988
  Nb      216   41.01449   39.62712    0.01449    1.78854       -7632.72021
  Nb      217   41.00654   39.61917    0.00654    1.79602       -7632.72189
  Nb      218   40.97248   39.58511   -0.02752    1.83378       -7632.74422
  Nb      219   40.99381   39.60644   -0.00619    1.81074       -7632.72917
  Nb      220   41.00965   39.62228    0.00965    1.79583       -7632.73125
  Nb      221   40.87033   39.48296   -0.12967    1.92325       -7632.80019
  Nb      222   41.01572   39.62835    0.01572    1.78821       -7632.71750
  Nb      223   41.02324   39.63587    0.02324    1.78226       -7632.71936
  Nb      224   41.01653   39.62916    0.01653    1.78597       -7632.71994
  Nb      225   41.00936   39.62199    0.00936    1.79315       -7632.71938
  Nb      226   40.94669   39.55932   -0.05331    1.85536       -7632.75095
  Nb      227   40.98633   39.59896   -0.01367    1.82059       -7632.74137
  Nb      228   41.07097   39.68360    0.07097    1.73861       -7632.69008
  Nb      229   40.88583   39.49846   -0.11417    1.91140       -7632.78933
  Nb      230   41.04056   39.65319    0.04056    1.76493       -7632.70662
  Nb      231   41.01716   39.62979    0.01716    1.78586       -7632.72244
  Nb      232   41.02861   39.64124    0.02861    1.77723       -7632.71034
  Nb      233   40.94154   39.55417   -0.05846    1.86577       -7632.76650
  Nb      234   41.01250   39.62513    0.01250    1.79278       -7632.71875
  Nb      235   41.02102   39.63365    0.02102    1.78437       -7632.71626
  Nb      236   41.02249   39.63512    0.02249    1.78393       -7632.71693
  Nb      237   40.97846   39.59109   -0.02154    1.83360       -7632.74708
  Nb      238   41.05032   39.66295    0.05032    1.75110       -7632.70014
  Nb      239   41.06947   39.68210    0.06947    1.73882       -7632.69047
  Nb      240   41.13817   39.75080    0.13817    1.67806       -7632.65013
  Nb      241   41.02834   39.64097    0.02834    1.77857       -7632.71120
  Nb      242   41.06514   39.67777    0.06514    1.74378       -7632.69738
  Nb      243   41.04779   39.66042    0.04779    1.76267       -7632.70038
  Nb      244   41.02471   39.63735    0.02471    1.78529       -7632.71651
  Nb      245   41.08581   39.69844    0.08581    1.72411       -7632.68007
  Nb      246   41.01279   39.62543    0.01279    1.79364       -7632.72695
  Nb      247   41.04862   39.66125    0.04862    1.75943       -7632.69820
  Nb      248   41.07885   39.69148    0.07885    1.72338       -7632.68064
  Nb      249   40.96822   39.58085   -0.03178    1.83087       -7632.74566
  Nb      250   41.03116   39.64379    0.03116    1.77213       -7632.70776
  Nb      251   40.99894   39.61157   -0.00106    1.80220       -7632.72834
  Nb      252   40.98701   39.59964   -0.01299    1.81723       -7632.73563
  Nb      253   40.95363   39.56627   -0.04637    1.84788       -7632.75094
  Nb      254   41.04014   39.65277    0.04014    1.76380       -7632.70347
  Nb      255   41.09064   39.70327    0.09064    1.71344       -7632.67051
  Nb      256   41.02731   39.63994    0.02731    1.77880       -7632.71586
  Mo      257   42.16775   40.78038    0.16775    1.72179       -8090.68812
  Mo      258   42.07713   40.68976    0.07713    1.80899       -8090.73624
  Mo      259   42.09040   40.70303    0.09040    1.80608       -8090.74432
  Mo      260   42.17138   40.78401    0.17138    1.72587       -8090.69629
  Mo      261   42.17339   40.78602    0.17339    1.71672       -8090.69370
  Mo      262   42.17048   40.78311    0.17048    1.72744       -8090.69703
  Mo      263   42.19270   40.80533    0.19270    1.70111       -8090.67825
  Mo      264   42.19612   40.80875    0.19612    1.70949       -8090.69131
  Mo      265   42.15687   40.76950    0.15687    1.72940       -8090.69353
  Mo      266   42.15239   40.76502    0.15239    1.73914       -8090.70427
  Mo      267   42.15270   40.76533    0.15270    1.73648       -8090.69763
  Mo      268   42.19100   40.80364    0.19100    1.70470       -8090.68723
  Mo      269   42.11648   40.72911    0.11648    1.77012       -8090.70957
  Mo      270   42.16925   40.78188    0.16925    1.73192       -8090.70373
  Mo      271   42.13266   40.74529    0.13266    1.75847       -8090.71307
  Mo      272   42.17611   40.78874    0.17611    1.71895       -8090.69076
  Mo      273   42.17879   40.79142    0.17879    1.71832       -8090.69427
  Mo      274   42.18932   40.80195    0.18932    1.70093       -8090.68560
  Mo      275   42.12168   40.73431    0.12168    1.77204       -8090.72479
  Mo      276   42.18369   40.79632    0.18369    1.70633       -8090.68917
  Mo      277   42.15748   40.77011    0.15748    1.73368       -8090.70613
  Mo      278   42.16115   40.77378    0.16115    1.73396       -8090.69987
  Mo      279   42.09980   40.71243    0.09980    1.78708       -8090.72372
  Mo      280   42.11805   40.73068    0.11805    1.76730       -8090.71589
  Mo      281   42.18115   40.79378    0.18115    1.71359       -8090.68635
  Mo      282   42.15984   40.77248    0.15984    1.73573       -8090.70241
  Mo      283   42.13645   40.74908    0.13645    1.74940       -8090.70193
  Mo      284   42.17388   40.78651    0.17388    1.72399       -8090.70029
  Mo      285   42.23534   40.84797    0.23534    1.66234       -8090.65970
  Mo      286   42.12183   40.73446    0.12183    1.76384       -8090.70881
  Mo      287   42.13032   40.74295    0.13032    1.75547       -8090.70567
  Mo      288   42.14151   40.75414    0.14151    1.74547       -8090.70306
  Mo      289   42.10734   40.71997    0.10734    1.78267       -8090.72477
  Mo      290   42.12970   40.74233    0.12970    1.76575       -8090.71470
  Mo      291   42.22954   40.84217    0.22954    1.66978       -8090.66820
  Mo      292   42.24804   40.86067    0.24804    1.64729       -8090.65239
  Mo      293   42.17396   40.78659    0.17396    1.71532       -8090.68619
  Mo      294   42.17931   40.79194    0.17931    1.71418       -8090.68432
  Mo      295   42.13933   40.75196    0.13933    1.75650       -8090.71049
  Mo      296   42.20815   40.82078    0.20815    1.68360       -8090.67995
  Mo      297   42.17878   40.79141    0.17878    1.70979       -8090.68631
  Mo      298   42.06442   40.67705    0.06442    1.82204       -8090.74680
  Mo      299   42.17022   40.78285    0.17022    1.72078       -8090.68725
  Mo      300   42.08479   40.69742    0.08479    1.79782       -8090.72647
  Mo      301   42.14695   40.75958    0.14695    1.74543       -8090.70404
  Mo      302   42.18057   40.79321    0.18057    1.71684       -8090.68889
  Mo      303   42.17118   40.78381    0.17118    1.72962       -8090.70184
  Mo      304   42.17382   40.78645    0.17382    1.72145       -8090.69737
  Mo      305   42.17639   40.78902    0.17639    1.72054       -8090.69741
  Mo      306   42.19043   40.80306    0.19043    1.70516       -8090.67983
  Mo      307   42.21403   40.82666    0.21403    1.68602       -8090.67849
  Mo      308   42.11510   40.72773    0.11510    1.77087       -8090.72323
  Mo      309   42.06938   40.68201    0.06938    1.81595       -8090.73619
  Mo      310   42.12721   40.73984    0.12721    1.76359       -8090.72257
  Mo      311   42.17456   40.78719    0.17456    1.71212       -8090.68370
  Mo      312   42.15311   40.76575    0.15311    1.73630       -8090.70320
  Mo      313   42.14860   40.76123    0.14860    1.74355       -8090.70156
  Mo      314   42.11667   40.72930    0.11667    1.76897       -8090.71676
  Mo      315   42.16846   40.78109    0.16846    1.72891       -8090.70324
  Mo      316   42.11980   40.73243    0.11980    1.76470       -8090.71751
  Mo      317   42.10356   40.71619    0.10356    1.78391       -8090.72391
  Mo      318   42.15050   40.76313    0.15050    1.73938       -8090.70474
  Mo      319   42.12810   40.74073    0.12810    1.75575       -8090.70931
  Mo      320   42.10615   40.71878    0.10615    1.78188       -8090.72009
  Mo      321   42.15284   40.76547    0.15284    1.74327       -8090.71419
  Mo      322   42.15163   40.76426    0.15163    1.73298       -8090.68970
  Mo      323   42.16951   40.78214    0.16951    1.72431       -8090.69297
  Mo      324   42.16922   40.78185    0.16922    1.72655       -8090.69676
  Mo      325   42.16656   40.77919    0.16656    1.72536       -8090.69663
  Mo      326   42.13040   40.74303    0.13040    1.76018       -8090.71342
  Mo      327   42.05145   40.66408    0.05145    1.83183       -8090.74770
  Mo      328   42.19353   40.80616    0.19353    1.70934       -8090.69391
  Mo      329   42.14632   40.75895    0.14632    1.74349       -8090.70521
  Mo      330   42.10982   40.72245    0.10982    1.78146       -8090.72747
  Mo      331   42.18697   40.79960    0.18697    1.71398       -8090.70363
  Mo      332   42.22376   40.83639    0.22376    1.67400       -8090.66903
  Mo      333   42.13534   40.74797    0.13534    1.75627       -8090.71397
  Mo      334   42.13588   40.74851    0.13588    1.76472       -8090.72221
  Mo      335   42.15908   40.77171    0.15908    1.73845       -8090.70291
  Mo      336   42.22674   40.83937    0.22674    1.66381       -8090.66095
  Mo      337   42.21637   40.82900    0.21637    1.68157       -8090.67184
  Mo      338   42.16782   40.78045    0.16782    1.72280       -8090.69669
  Mo      339   42.16165   40.77428    0.16165    1.73123       -8090.69656
  Mo      340   42.19534   40.80797    0.19534    1.70438       -8090.68978
  Mo      341   42.14712   40.75975    0.14712    1.74740       -8090.71468
  Mo      342   42.12851   40.74114    0.12851    1.75966       -8090.71225
  Mo      343   42.13153   40.74416    0.13153    1.75801       -8090.71599
  Mo      344   42.13271   40.74534    0.13271    1.75590       -8090.71076
  Mo      345   42.16162   40.77425    0.16162    1.72975       -8090.70302
  Mo      346   42.14060   40.75323    0.14060    1.74775       -8090.70416
  Mo      347   42.15281   40.76544    0.15281    1.74136       -8090.70301
  Mo      348   42.19117   40.80380    0.19117    1.70672       -8090.68225
  Mo      349   42.20276   40.81539    0.20276    1.68510       -8090.67774
  Mo      350   42.13547   40.74810    0.13547    1.75363       -8090.70554
  Mo      351   42.20139   40.81402    0.20139    1.69381       -8090.67781
  Mo      352   42.13239   40.74502    0.13239    1.75768       -8090.71721
  Mo      353   42.18044   40.79307    0.18044    1.70834       -8090.68841
  Mo      354   42.13564   40.74827    0.13564    1.75867       -8090.72090
  Mo      355   42.23132   40.84395    0.23132    1.66115       -8090.66441
  Mo      356   42.19147   40.80410    0.19147    1.71019       -8090.69309
  Mo      357   42.18891   40.80154    0.18891    1.71099       -8090.69318
  Mo      358   42.09031   40.70294    0.09031    1.79922       -8090.73156
  Mo      359   42.16502   40.77765    0.16502    1.73238       -8090.69988
  Mo      360   42.12570   40.73833    0.12570    1.76603       -8090.71798
  Mo      361   42.20899   40.82162    0.20899    1.68855       -8090.68149
  Mo      362   42.18921   40.80184    0.18921    1.70732       -8090.68877
  Mo      363   42.15188   40.76451    0.15188    1.74332       -8090.70423
  Mo      364   42.14969   40.76232    0.14969    1.74288       -8090.69915
  Mo      365   42.15193   40.76457    0.15193    1.73456       -8090.69628
  Mo      366   42.21396   40.82659    0.21396    1.68188       -8090.66822
  Mo      367   42.22097   40.83360    0.22097    1.67911       -8090.67056
  Mo      368   42.26873   40.88136    0.26873    1.63286       -8090.65077
  Mo      369   42.16761   40.78024    0.16761    1.72638       -8090.69854
  Mo      370   42.16262   40.77525    0.16262    1.73738       -8090.70348
  Mo      371   42.18664   40.79927    0.18664    1.71181       -8090.68468
  Mo      372   42.18656   40.79920    0.18656    1.70086       -8090.67922
  Mo      373   42.17376   40.78639    0.17376    1.71629       -8090.68358
  Mo      374   42.21033   40.82296    0.21033    1.68266       -8090.67425
  Mo      375   42.19435   40.80698    0.19435    1.69950       -8090.67791
  Mo      376   42.15819   40.77082    0.15819    1.73399       -8090.69965
  Mo      377   42.08296   40.69559    0.08296    1.80081       -8090.72854
  Mo      378   42.16227   40.77490    0.16227    1.73573       -8090.70822
  Mo      379   42.15182   40.76445    0.15182    1.73999       -8090.70393
  Mo      380   42.18901   40.80164    0.18901    1.71065       -8090.68988
  Mo      381   42.21600   40.82864    0.21600    1.67448       -8090.66841
  Mo      382   42.24969   40.86232    0.24969    1.64585       -8090.65718
  Mo      383   42.11992   40.73255    0.11992    1.77179       -8090.72267
  Mo      384   42.13660   40.74924    0.13660    1.75704       -8090.71356
  Ta      385   72.88457   71.49720   -0.11543    1.83355      -31233.05808
  Ta      386   72.80765   71.42028   -0.19235    1.90201      -31233.09527
  Ta      387   72.86147   71.47410   -0.13853    1.85669      -31233.06622
  Ta      388   72.88033   71.49297   -0.11967    1.83951      -31233.05885
  Ta      389   72.90310   71.51573   -0.09690    1.81299      -31233.04119
  Ta      390   72.92854   71.54117   -0.07146    1.79183      -31233.03321
  Ta      391   72.92805   71.54068   -0.07195    1.78693      -31233.02197
  Ta      392   72.86442   71.47705   -0.13558    1.85195      -31233.07039
  Ta      393   72.76150   71.37413   -0.23850    1.94956      -31233.13386
  Ta      394   72.82248   71.43511   -0.17752    1.88764      -31233.08213
  Ta      395   72.89598   71.50861   -0.10402    1.82474      -31233.04933
  Ta      396   72.85249   71.46512   -0.14751    1.85957      -31233.07076
  Ta      397   72.89793   71.51056   -0.10207    1.81458      -31233.04602
  Ta      398   72.87504   71.48767   -0.12496    1.84051      -31233.06103
  Ta      399   72.88586   71.49850   -0.11414    1.83270      -31233.05861
  Ta      400   72.84347   71.45610   -0.15653    1.86705      -31233.08194
  Ta      401   72.83299   71.44562   -0.16701    1.87345      -31233.07574
  Ta      402   72.81582   71.42845   -0.18418    1.89157      -31233.09437
  Ta      403   72.86648   71.47911   -0.13352    1.85147      -31233.06637
  Ta      404   72.89401   71.50664   -0.10599    1.82350      -31233.05711
  Ta      405   72.85420   71.46683   -0.14580    1.86336      -31233.07612
  Ta      406   72.85569   71.46832   -0.14431    1.85629      -31233.06785
  Ta      407   72.82266   71.43529   -0.17734    1.88562      -31233.09067
  Ta      408   72.86343   71.47606   -0.13657    1.85833      -31233.07013
  Ta      409   72.92461   71.53724   -0.07539    1.79269      -31233.03448
  Ta      410   72.84854   71.46117   -0.15146    1.85896      -31233.07376
  Ta      411   72.86222   71.47486   -0.13778    1.85078      -31233.06581
  Ta      412   72.76641   71.37905   -0.23359    1.93790      -31233.12569
  Ta      413   72.76859   71.38122   -0.23141    1.93960      -31233.11953
  Ta      414   72.90009   71.51272   -0.09991    1.82101      -31233.05379
  Ta      415   72.82248   71.43511   -0.17752    1.88786      -31233.08871
  Ta      416   72.93579   71.54842   -0.06421    1.78885      -31233.03047
  Ta      417   72.94061   71.55324   -0.05939    1.78219      -31233.02735
  Ta      418   72.91566   71.52829   -0.08434    1.80597      -31233.04339
  Ta      419   72.90353   71.51616   -0.09647    1.81135      -31233.03731
  Ta      420   72.92495   71.53758   -0.07505    1.79314      -31233.02836
  Ta      421   72.92842   71.54105   -0.07158    1.79228      -31233.03103
  Ta      422   72.80394   71.41657   -0.19606    1.91265      -31233.10817
  Ta      423   72.83245   71.44508   -0.16755    1.88060      -31233.08828
  Ta      424   72.93396   71.54659   -0.06604    1.78676      -31233.02951
  Ta      425   72.86383   71.47646   -0.13617    1.84913      -31233.06831
  Ta      426   72.87678   71.48941   -0.12322    1.84443      -31233.05875
  Ta      427   72.96695   71.57958   -0.03305    1.75697      -31233.00504
  Ta      428   72.83859   71.45123   -0.16141    1.87546      -31233.07820
  Ta      429   72.87515   71.48779   -0.12485    1.84078      -31233.05614
  Ta      430   72.86109   71.47372   -0.13891    1.84910      -31233.06897
  Ta      431   72.81244   71.42507   -0.18756    1.89426      -31233.08875
  Ta      432   72.85061   71.46324   -0.14939    1.86953      -31233.07113
  Ta      433   72.89463   71.50726   -0.10537    1.82008      -31233.04845
  Ta      434   72.86937   71.48200   -0.13063    1.84019      -31233.05978
  Ta      435   72.90961   71.52224   -0.09039    1.81030      -31233.03875
  Ta      436   72.84550   71.45813   -0.15450    1.86183      -31233.07448
  Ta      437   72.79727   71.40990   -0.20273    1.91180      -31233.09804
  Ta      438   72.89589   71.50852   -0.10411    1.82500      -31233.04747
  Ta      439   72.87218   71.48482   -0.12782    1.84223      -31233.05783
  Ta      440   72.85367   71.46630   -0.14633    1.86029      -31233.07718
  Ta      441   72.87787   71.49051   -0.12213    1.83795      -31233.05407
  Ta      442   72.80716   71.41979   -0.19284    1.90292      -31233.09882
  Ta      443   72.80576   71.41840   -0.19424    1.90557      -31233.10821
  Ta      444   72.86562   71.47825   -0.13438    1.84836      -31233.06230
  Ta      445   72.91960   71.53223   -0.08040    1.79582      -31233.03172
  Ta      446   72.83778   71.45041   -0.16222    1.87621      -31233.08250
  Ta      447   72.89641   71.50904   -0.10359    1.82003      -31233.04814
  Ta      448   72.86247   71.47510   -0.13753    1.85327      -31233.06931
  Ta      449   72.86640   71.47904   -0.13360    1.84969      -31233.05999
  Ta      450   72.84573   71.45837   -0.15427    1.86909      -31233.07765
  Ta      451   72.81421   71.42684   -0.18579    1.89565      -31233.09875
  Ta      452   72.88812   71.50075   -0.11188    1.83115      -31233.04568
  Ta      453   72.86050   71.47313   -0.13950    1.85496      -31233.07099
  Ta      454   72.94351   71.55614   -0.05649    1.78329      -31233.02721
  Ta      455   72.85281   71.46544   -0.14719    1.86125      -31233.06959
  Ta      456   72.89322   71.50585   -0.10678    1.82338      -31233.04533
  Ta      457   72.81170   71.42433   -0.18830    1.89412      -31233.09313
  Ta      458   72.90952   71.52215   -0.09048    1.80447      -31233.04038
  Ta      459   72.88272   71.49535   -0.11728    1.83013      -31233.05803
  Ta      460   72.84558   71.45822   -0.15442    1.86976      -31233.07509
  Ta      461   72.81283   71.42546   -0.18717    1.90158      -31233.10257
  Ta      462   72.83446   71.44709   -0.16554    1.87940      -31233.08624
  Ta      463   72.87661   71.48924   -0.12339    1.83944      -31233.05907
  Ta      464   72.81171   71.42435   -0.18829    1.89213      -31233.08842
  Ta      465   72.86828   71.48091   -0.13172    1.84389      -31233.06695
  Ta      466   72.90802   71.52065   -0.09198    1.80914      -31233.03933
  Ta      467   72.84650   71.45913   -0.15350    1.86599      -31233.07061
  Ta      468   72.87872   71.49135   -0.12128    1.84021      -31233.05420
  Ta      469   73.00998   71.62261    0.00998    1.71757      -31232.97786
  Ta      470   72.85856   71.47119   -0.14144    1.85609      -31233.07171
  Ta      471   72.85585   71.46849   -0.14415    1.85963      -31233.07656
  Ta      472   72.88254   71.49517   -0.11746    1.83081      -31233.05268
  Ta      473   72.92601   71.53864   -0.07399    1.79038      -31233.02796
  Ta      474   72.85714   71.46977   -0.14286    1.85459      -31233.07649
  Ta      475   72.85041   71.46304   -0.14959    1.86143      -31233.07400
  Ta      476   72.92865   71.54128   -0.07135    1.79394      -31233.03258
  Ta      477   72.94650   71.55913   -0.05350    1.77437      -31233.02068
  Ta      478   72.82349   71.43612   -0.17651    1.88362      -31233.08417
  Ta      479   72.86761   71.48024   -0.13239    1.85043      -31233.06658
  Ta      480   72.83700   71.44963   -0.16300    1.87855      -31233.07710
  Ta      481   72.83056   71.44319   -0.16944    1.88224      -31233.08655
  Ta      482   72.93380   71.54643   -0.06620    1.79116      -31233.03444
  Ta      483   72.92480   71.53743   -0.07520    1.79070      -31233.03139
  Ta      484   72.88865   71.50129   -0.11135    1.83031      -31233.05299
  Ta      485   72.85836   71.47099   -0.14164    1.85213      -31233.06611
  Ta      486   72.88944   71.50207   -0.11056    1.82763      -31233.05061
  Ta      487   72.86091   71.47354   -0.13909    1.85351      -31233.06490
  Ta      488   72.93012   71.54275   -0.06988    1.79167      -31233.02717
  Ta      489   72.90957   71.52220   -0.09043    1.80318      -31233.03547
  Ta      490   72.90127   71.51390   -0.09873    1.81405      -31233.05184
  Ta      491   72.77938   71.39201   -0.22062    1.92909      -31233.12334
  Ta      492   72.75120   71.36383   -0.24880    1.94767      -31233.12542
  Ta      493   72.84465   71.45728   -0.15535    1.87100      -31233.07675
  Ta      494   72.88279   71.49542   -0.11721    1.83350      -31233.05372
  Ta      495   72.81875   71.43138   -0.18125    1.89149      -31233.09269
  Ta      496   72.93631   71.54894   -0.06369    1.78451      -31233.02640
  Ta      497   72.96127   71.57390   -0.03873    1.76384      -31233.01019
  Ta      498   72.81472   71.42735   -0.18528    1.89178      -31233.08844
  Ta      499   72.87413   71.48676   -0.12587    1.84543      -31233.06450
  Ta      500   72.74553   71.35816   -0.25447    1.95836      -31233.13389
  Ta      501   72.82115   71.43378   -0.17885    1.89224      -31233.08609
  Ta      502   72.79998   71.41261   -0.20002    1.90859      -31233.09450
  Ta      503   72.76911   71.38174   -0.23089    1.94214      -31233.12817
  Ta      504   72.93724   71.54987   -0.06276    1.78001      -31233.02157
  Ta      505   72.75394   71.36658   -0.24606    1.94959      -31233.12410
  Ta      506   72.86499   71.47762   -0.13501    1.85417      -31233.06401
  Ta      507   72.88033   71.49296   -0.11967    1.83384      -31233.06095
  Ta      508   72.80910   71.42173   -0.19090    1.90245      -31233.09647
  Ta      509   72.85949   71.47212   -0.14051    1.85901      -31233.07242
  Ta      510   72.89306   71.50569   -0.10694    1.82096      -31233.05210
  Ta      511   72.87333   71.48596   -0.12667    1.84155      -31233.06322
  Ta      512   72.88701   71.49964   -0.11299    1.83010      -31233.05421
