 Atom   Index      Q          Qmt        dQ        Vmad        Local Energy
  W         1   73.88760   72.50032   -0.11240    1.87016      -32312.65263
  W         2   73.98427   72.59699   -0.01573    1.78694      -32312.61240
  W         3   73.94975   72.56247   -0.05025    1.81279      -32312.62782
  W         4   73.89697   72.50969   -0.10303    1.86242      -32312.65156
  W         5   74.02547   72.63819    0.02547    1.74728      -32312.58827
  W         6   74.01170   72.62442    0.01170    1.76272      -32312.60449
  W         7   73.95146   72.56418   -0.04854    1.81585      -32312.63162
  W         8   74.03694   72.64966    0.03694    1.72780      -32312.57589
  W         9   73.94443   72.55715   -0.05557    1.82429      -32312.62720
  W        10   74.00425   72.61697    0.00425    1.76981      -32312.59985
  W        11   73.92740   72.54012   -0.07260    1.83217      -32312.62888
  W        12   73.94613   72.55885   -0.05387    1.81116      -32312.61345
  W        13   73.93815   72.55086   -0.06185    1.83393      -32312.63609
  W        14   73.89820   72.51092   -0.10180    1.85820      -32312.64679
  W        15   74.03185   72.64457    0.03185    1.73823      -32312.58408
  W        16   73.97368   72.58640   -0.02632    1.80029      -32312.62607
  W        17   73.91844   72.53116   -0.08156    1.84088      -32312.63516
  W        18   73.94055   72.55327   -0.05945    1.82477      -32312.63798
  W        19   73.93634   72.54906   -0.06366    1.82815      -32312.62733
  W        20   74.04394   72.65666    0.04394    1.73273      -32312.57738
  W        21   74.02245   72.63517    0.02245    1.75273      -32312.58627
  W        22   73.96250   72.57522   -0.03750    1.79891      -32312.61685
  W        23   73.94803   72.56075   -0.05197    1.81432      -32312.62590
  W        24   73.93797   72.55069   -0.06203    1.81907      -32312.62330
  W        25   73.86227   72.47499   -0.13773    1.89956      -32312.67401
  W        26   73.94419   72.55691   -0.05581    1.83039      -32312.63684
  W        27   74.01313   72.62585    0.01313    1.75666      -32312.59447
  W        28   73.97013   72.58285   -0.02987    1.80291      -32312.61828
  W        29   73.94705   72.55977   -0.05295    1.82074      -32312.62922
  W        30   73.96671   72.57943   -0.03329    1.80338      -32312.62115
  W        31   73.87377   72.48649   -0.12623    1.88758      -32312.67189
  W        32   73.92077   72.53349   -0.07923    1.84216      -32312.64100
  W        33   73.97131   72.58403   -0.02869    1.80639      -32312.62750
  W        34   74.05916   72.67187    0.05916    1.72130      -32312.57826
  W        35   73.85202   72.46474   -0.14798    1.90764      -32312.66862
  W        36   74.01010   72.62282    0.01010    1.75180      -32312.58542
  W        37   73.92100   72.53372   -0.07900    1.84554      -32312.64700
  W        38   74.05955   72.67227    0.05955    1.72500      -32312.58155
  W        39   73.84028   72.45300   -0.15972    1.92128      -32312.68663
  W        40   73.97515   72.58787   -0.02485    1.79218      -32312.61222
  W        41   74.00226   72.61498    0.00226    1.77597      -32312.61165
  W        42   73.89082   72.50354   -0.10918    1.86908      -32312.66171
  W        43   73.95255   72.56527   -0.04745    1.81778      -32312.62310
  W        44   73.92908   72.54180   -0.07092    1.83403      -32312.63481
  W        45   73.96759   72.58031   -0.03241    1.79816      -32312.61439
  W        46   73.89988   72.51260   -0.10012    1.86235      -32312.64359
  W        47   73.88747   72.50018   -0.11253    1.87321      -32312.65776
  W        48   73.90687   72.51959   -0.09313    1.86581      -32312.66427
  W        49   73.89547   72.50819   -0.10453    1.86555      -32312.65809
  W        50   73.97079   72.58351   -0.02921    1.79623      -32312.61212
  W        51   73.99329   72.60601   -0.00671    1.77948      -32312.60942
  W        52   73.90583   72.51855   -0.09417    1.85235      -32312.64449
  W        53   73.98111   72.59383   -0.01889    1.78297      -32312.60268
  W        54   74.00788   72.62060    0.00788    1.76634      -32312.60053
  W        55   74.00297   72.61569    0.00297    1.77105      -32312.60164
  W        56   73.93860   72.55132   -0.06140    1.82921      -32312.63368
  W        57   73.92602   72.53874   -0.07398    1.83980      -32312.64802
  W        58   73.88481   72.49753   -0.11519    1.87692      -32312.65433
  W        59   73.91965   72.53237   -0.08035    1.85152      -32312.65228
  W        60   73.90116   72.51388   -0.09884    1.86234      -32312.65312
  W        61   73.97019   72.58291   -0.02981    1.80022      -32312.61763
  W        62   73.95932   72.57204   -0.04068    1.81274      -32312.62409
  W        63   73.93863   72.55135   -0.06137    1.82009      -32312.62508
  W        64   73.91333   72.52605   -0.08667    1.85039      -32312.64229
  Nb       65   41.02642   39.63914    0.02642    1.77726       -7632.71475
  Nb       66   40.95465   39.56737   -0.04535    1.85181       -7632.75508
  Nb       67   41.06603   39.67875    0.06603    1.74518       -7632.69392
  Nb       68   41.06755   39.68027    0.06755    1.74677       -7632.69230
  Nb       69   41.06897   39.68169    0.06897    1.74242       -7632.69266
  Nb       70   41.04073   39.65344    0.04073    1.77049       -7632.70634
  Nb       71   41.03307   39.64579    0.03307    1.77067       -7632.70697
  Nb       72   41.06791   39.68063    0.06791    1.74184       -7632.69431
  Nb       73   40.96307   39.57579   -0.03693    1.83997       -7632.75113
  Nb       74   41.00090   39.61362    0.00090    1.80184       -7632.72007
  Nb       75   40.91206   39.52477   -0.08794    1.88413       -7632.77121
  Nb       76   40.98181   39.59453   -0.01819    1.81519       -7632.73353
  Nb       77   41.04510   39.65782    0.04510    1.76472       -7632.70002
  Nb       78   40.99201   39.60473   -0.00799    1.80775       -7632.72180
  Nb       79   41.09371   39.70643    0.09371    1.71726       -7632.67308
  Nb       80   40.94611   39.55883   -0.05389    1.85607       -7632.75251
  Nb       81   41.00581   39.61852    0.00581    1.79906       -7632.72168
  Nb       82   40.98397   39.59669   -0.01603    1.82295       -7632.73663
  Nb       83   40.93279   39.54551   -0.06721    1.86189       -7632.75695
  Nb       84   41.03307   39.64579    0.03307    1.76953       -7632.70355
  Nb       85   40.92048   39.53320   -0.07952    1.87747       -7632.76757
  Nb       86   41.00674   39.61946    0.00674    1.80156       -7632.72257
  Nb       87   40.96410   39.57682   -0.03590    1.83932       -7632.74112
  Nb       88   40.92893   39.54165   -0.07107    1.86460       -7632.76382
  Nb       89   41.03855   39.65127    0.03855    1.76882       -7632.70069
  Nb       90   41.03111   39.64383    0.03111    1.77331       -7632.70694
  Nb       91   40.94438   39.55710   -0.05562    1.85336       -7632.75627
  Nb       92   41.01116   39.62388    0.01116    1.79150       -7632.72161
  Nb       93   40.99467   39.60739   -0.00533    1.80808       -7632.73294
  Nb       94   41.04303   39.65575    0.04303    1.76925       -7632.70725
  Nb       95   41.05481   39.66753    0.05481    1.75661       -7632.70116
  Nb       96   41.08294   39.69566    0.08294    1.72074       -7632.67536
  Nb       97   41.01393   39.62665    0.01393    1.80026       -7632.72686
  Nb       98   41.00433   39.61705    0.00433    1.80381       -7632.73088
  Nb       99   40.95031   39.56303   -0.04969    1.85064       -7632.75801
  Nb      100   41.00665   39.61937    0.00665    1.79597       -7632.71966
  Nb      101   40.96448   39.57720   -0.03552    1.83683       -7632.74743
  Nb      102   41.03194   39.64466    0.03194    1.77493       -7632.70879
  Nb      103   41.02475   39.63747    0.02475    1.78305       -7632.71532
  Nb      104   41.00517   39.61789    0.00517    1.79527       -7632.71717
  Nb      105   41.05680   39.66952    0.05680    1.75199       -7632.69154
  Nb      106   40.98438   39.59710   -0.01562    1.82412       -7632.74178
  Nb      107   41.01888   39.63160    0.01888    1.78581       -7632.71943
  Nb      108   40.98727   39.59999   -0.01273    1.81476       -7632.73256
  Nb      109   41.03747   39.65019    0.03747    1.76884       -7632.70218
  Nb      110   41.05560   39.66832    0.05560    1.75458       -7632.69763
  Nb      111   41.04689   39.65961    0.04689    1.76421       -7632.70795
  Nb      112   41.01185   39.62457    0.01185    1.79347       -7632.71390
  Nb      113   40.98771   39.60043   -0.01229    1.81566       -7632.72778
  Nb      114   41.04813   39.66085    0.04813    1.75950       -7632.69496
  Nb      115   41.06315   39.67587    0.06315    1.74551       -7632.69208
  Nb      116   40.92668   39.53940   -0.07332    1.87397       -7632.76680
  Nb      117   41.00818   39.62090    0.00818    1.79878       -7632.71685
  Nb      118   41.04550   39.65822    0.04550    1.75872       -7632.70663
  Nb      119   41.08431   39.69703    0.08431    1.72318       -7632.67673
  Nb      120   41.05405   39.66677    0.05405    1.75153       -7632.69585
  Nb      121   41.01420   39.62692    0.01420    1.79237       -7632.72313
  Nb      122   41.06418   39.67690    0.06418    1.74521       -7632.69353
  Nb      123   40.99740   39.61012   -0.00260    1.80650       -7632.72937
  Nb      124   40.98723   39.59995   -0.01277    1.81852       -7632.73795
  Nb      125   41.04211   39.65483    0.04211    1.76902       -7632.71150
  Nb      126   40.93963   39.55235   -0.06037    1.86027       -7632.76731
  Nb      127   40.98058   39.59330   -0.01942    1.82355       -7632.73970
  Nb      128   41.01933   39.63205    0.01933    1.77754       -7632.71034
  Mo      129   42.20999   40.82271    0.20999    1.68335       -8090.67187
  Mo      130   42.17247   40.78519    0.17247    1.71788       -8090.69573
  Mo      131   42.21388   40.82660    0.21388    1.68367       -8090.67412
  Mo      132   42.17228   40.78500    0.17228    1.71891       -8090.68729
  Mo      133   42.15034   40.76306    0.15034    1.73928       -8090.69879
  Mo      134   42.21381   40.82652    0.21381    1.68985       -8090.68437
  Mo      135   42.11465   40.72737    0.11465    1.77491       -8090.71916
  Mo      136   42.13702   40.74974    0.13702    1.75340       -8090.70906
  Mo      137   42.13916   40.75188    0.13916    1.75891       -8090.72101
  Mo      138   42.09901   40.71172    0.09901    1.78254       -8090.72239
  Mo      139   42.13448   40.74720    0.13448    1.76194       -8090.72271
  Mo      140   42.11611   40.72883    0.11611    1.77572       -8090.72465
  Mo      141   42.17884   40.79156    0.17884    1.71464       -8090.69133
  Mo      142   42.20989   40.82261    0.20989    1.68297       -8090.66687
  Mo      143   42.15499   40.76771    0.15499    1.73349       -8090.69498
  Mo      144   42.07233   40.68505    0.07233    1.81431       -8090.73941
  Mo      145   42.20962   40.82234    0.20962    1.69102       -8090.68430
  Mo      146   42.13490   40.74762    0.13490    1.75135       -8090.71006
  Mo      147   42.07633   40.68905    0.07633    1.80589       -8090.73303
  Mo      148   42.19164   40.80436    0.19164    1.71094       -8090.69682
  Mo      149   42.22265   40.83537    0.22265    1.67366       -8090.67477
  Mo      150   42.15299   40.76571    0.15299    1.74058       -8090.70608
  Mo      151   42.10234   40.71506    0.10234    1.78575       -8090.72870
  Mo      152   42.19044   40.80316    0.19044    1.71292       -8090.69947
  Mo      153   42.20063   40.81335    0.20063    1.69251       -8090.67720
  Mo      154   42.04379   40.65651    0.04379    1.83932       -8090.74945
  Mo      155   42.17742   40.79014    0.17742    1.71046       -8090.69137
  Mo      156   42.09521   40.70793    0.09521    1.79657       -8090.73142
  Mo      157   42.20741   40.82013    0.20741    1.68644       -8090.67234
  Mo      158   42.19967   40.81239    0.19967    1.70005       -8090.68569
  Mo      159   42.21237   40.82509    0.21237    1.68871       -8090.67896
  Mo      160   42.18323   40.79594    0.18323    1.71199       -8090.68931
  Mo      161   42.12848   40.74120    0.12848    1.76471       -8090.71414
  Mo      162   42.12934   40.74206    0.12934    1.75736       -8090.71341
  Mo      163   42.15886   40.77158    0.15886    1.72914       -8090.69132
  Mo      164   42.21042   40.82314    0.21042    1.68870       -8090.67825
  Mo      165   42.10204   40.71476    0.10204    1.79134       -8090.73740
  Mo      166   42.13442   40.74714    0.13442    1.75787       -8090.71233
  Mo      167   42.15600   40.76872    0.15600    1.72620       -8090.69149
  Mo      168   42.18754   40.80025    0.18754    1.70969       -8090.69070
  Mo      169   42.20250   40.81522    0.20250    1.68668       -8090.67148
  Mo      170   42.18457   40.79729    0.18457    1.70913       -8090.68770
  Mo      171   42.11090   40.72362    0.11090    1.77861       -8090.72177
  Mo      172   42.15900   40.77172    0.15900    1.73422       -8090.70577
  Mo      173   42.13294   40.74566    0.13294    1.75625       -8090.71015
  Mo      174   42.24450   40.85721    0.24450    1.64324       -8090.64679
  Mo      175   42.14664   40.75936    0.14664    1.74297       -8090.70822
  Mo      176   42.17283   40.78554    0.17283    1.72205       -8090.69257
  Mo      177   42.17983   40.79255    0.17983    1.71051       -8090.69083
  Mo      178   42.20046   40.81318    0.20046    1.69351       -8090.67425
  Mo      179   42.12501   40.73773    0.12501    1.76811       -8090.71963
  Mo      180   42.28518   40.89790    0.28518    1.61927       -8090.64526
  Mo      181   42.14625   40.75897    0.14625    1.75096       -8090.70863
  Mo      182   42.14999   40.76271    0.14999    1.73859       -8090.70241
  Mo      183   42.11308   40.72580    0.11308    1.77322       -8090.72351
  Mo      184   42.18156   40.79428    0.18156    1.70872       -8090.68170
  Mo      185   42.11518   40.72790    0.11518    1.77559       -8090.72332
  Mo      186   42.13445   40.74717    0.13445    1.75604       -8090.71117
  Mo      187   42.07871   40.69143    0.07871    1.80495       -8090.73153
  Mo      188   42.18272   40.79544    0.18272    1.70606       -8090.68071
  Mo      189   42.23299   40.84571    0.23299    1.67309       -8090.67036
  Mo      190   42.15567   40.76839    0.15567    1.73889       -8090.70635
  Mo      191   42.17537   40.78809    0.17537    1.72352       -8090.70316
  Mo      192   42.20168   40.81440    0.20168    1.68668       -8090.67534
  Ta      193   72.91004   71.52276   -0.08996    1.80851      -31233.04093
  Ta      194   72.83897   71.45169   -0.16103    1.87714      -31233.08780
  Ta      195   72.90184   71.51456   -0.09816    1.81883      -31233.04267
  Ta      196   72.88766   71.50038   -0.11234    1.83610      -31233.05976
  Ta      197   72.92486   71.53758   -0.07514    1.79575      -31233.02399
  Ta      198   72.89585   71.50857   -0.10415    1.81781      -31233.04827
  Ta      199   72.87213   71.48485   -0.12787    1.84396      -31233.05602
  Ta      200   72.87680   71.48952   -0.12320    1.82900      -31233.05418
  Ta      201   72.86468   71.47740   -0.13532    1.84892      -31233.06512
  Ta      202   72.86568   71.47840   -0.13432    1.84183      -31233.05485
  Ta      203   72.86265   71.47537   -0.13735    1.85227      -31233.07207
  Ta      204   72.92206   71.53478   -0.07794    1.79958      -31233.03749
  Ta      205   72.82211   71.43483   -0.17789    1.88992      -31233.09694
  Ta      206   72.93155   71.54427   -0.06845    1.79065      -31233.03131
  Ta      207   72.82526   71.43798   -0.17474    1.87745      -31233.08365
  Ta      208   72.83881   71.45153   -0.16119    1.87505      -31233.08131
  Ta      209   72.89648   71.50920   -0.10352    1.82244      -31233.05659
  Ta      210   72.78712   71.39984   -0.21288    1.92677      -31233.11079
  Ta      211   72.79203   71.40475   -0.20797    1.91394      -31233.10894
  Ta      212   72.75483   71.36755   -0.24517    1.95490      -31233.13504
  Ta      213   72.86597   71.47869   -0.13403    1.85228      -31233.07027
  Ta      214   72.87288   71.48559   -0.12712    1.84279      -31233.05899
  Ta      215   72.89707   71.50979   -0.10293    1.82136      -31233.04543
  Ta      216   72.90472   71.51744   -0.09528    1.81881      -31233.04956
  Ta      217   72.95966   71.57238   -0.04034    1.76534      -31233.01401
  Ta      218   72.85742   71.47014   -0.14258    1.85496      -31233.07379
  Ta      219   72.83590   71.44862   -0.16410    1.87764      -31233.08719
  Ta      220   72.81358   71.42630   -0.18642    1.89485      -31233.09615
  Ta      221   72.93669   71.54941   -0.06331    1.78179      -31233.02301
  Ta      222   72.87986   71.49258   -0.12014    1.83814      -31233.06552
  Ta      223   72.98037   71.59309   -0.01963    1.74678      -31233.00128
  Ta      224   72.84215   71.45487   -0.15785    1.87119      -31233.07474
  Ta      225   72.88201   71.49472   -0.11799    1.83990      -31233.06293
  Ta      226   72.93274   71.54546   -0.06726    1.78533      -31233.03300
  Ta      227   72.94668   71.55940   -0.05332    1.77550      -31233.02409
  Ta      228   72.84548   71.45820   -0.15452    1.86890      -31233.08022
  Ta      229   72.87658   71.48930   -0.12342    1.84188      -31233.06511
  Ta      230   72.91738   71.53010   -0.08262    1.80141      -31233.03297
  Ta      231   72.88250   71.49522   -0.11750    1.83220      -31233.05552
  Ta      232   72.88192   71.49464   -0.11808    1.83484      -31233.06344
  Ta      233   72.93119   71.54391   -0.06881    1.79592      -31233.03268
  Ta      234   72.80648   71.41920   -0.19352    1.90528      -31233.09798
  Ta      235   72.85045   71.46317   -0.14955    1.86487      -31233.06942
  Ta      236   72.87340   71.48612   -0.12660    1.84147      -31233.06007
  Ta      237   72.89710   71.50982   -0.10290    1.82533      -31233.05068
  Ta      238   72.92903   71.54175   -0.07097    1.79443      -31233.02762
  Ta      239   72.93776   71.55048   -0.06224    1.78133      -31233.02433
  Ta      240   72.94158   71.55430   -0.05842    1.78279      -31233.02200
  Ta      241   72.86012   71.47284   -0.13988    1.85764      -31233.06820
  Ta      242   72.88187   71.49459   -0.11813    1.83548      -31233.05942
  Ta      243   72.88800   71.50072   -0.11200    1.83184      -31233.04798
  Ta      244   72.80421   71.41693   -0.19579    1.90690      -31233.09651
  Ta      245   72.84256   71.45527   -0.15744    1.87012      -31233.07586
  Ta      246   72.88547   71.49818   -0.11453    1.83306      -31233.05994
  Ta      247   72.83706   71.44978   -0.16294    1.87099      -31233.07676
  Ta      248   72.82885   71.44157   -0.17115    1.87852      -31233.08391
  Ta      249   72.78731   71.40003   -0.21269    1.91691      -31233.10762
  Ta      250   72.84344   71.45616   -0.15656    1.87616      -31233.08505
  Ta      251   72.86856   71.48128   -0.13144    1.84851      -31233.06712
  Ta      252   72.87380   71.48652   -0.12620    1.84169      -31233.05750
  Ta      253   72.92067   71.53339   -0.07933    1.80236      -31233.04257
  Ta      254   72.97208   71.58480   -0.02792    1.75262      -31233.00548
  Ta      255   72.84624   71.45896   -0.15376    1.86211      -31233.07202
  Ta      256   72.95044   71.56316   -0.04956    1.77281      -31233.01729
