System Description            : WNbMoTaV, BCC structure                         
Number of Atoms in Unit Cell  : 40                                              
Number of Atomic Species      : 5                                               
Number of Atoms in Each Type  : 8(W), 8(Nb), 8(Mo), 8(Ta), 8(V)                 
Energy Offset                 : -16231                                          
=======================================================================================
    Iter     Energy      3PV     Efermi   Rms_rho    Rms_pot   Mix  Alg  Alpha 
---------------------------------------------------------------------------------------
**       1  -0.831764  1839.185  0.58109  0.140E+01  0.179E+00  pot  B   0.1000
         2  -0.910380  1816.815  0.59791  0.799E-02  0.602E+00  pot  B   0.1000
         3  -1.242414  1812.503  0.59827  0.311E-02  0.259E+00  pot  B   0.1000
         4  -1.408864  1797.539  0.60976  0.484E-02  0.109E+00  pot  B   0.1000
         5  -1.541846  1763.162  0.62086  0.114E-01  0.425E+00  pot  B   0.1000
         6  -1.641540  1750.338  0.62448  0.438E-02  0.213E+00  pot  B   0.1000
         7  -1.699267  1738.650  0.62943  0.406E-02  0.103E+00  pot  B   0.1000
         8  -1.725737  1728.690  0.63415  0.404E-02  0.280E-01  pot  B   0.1000
         9  -1.738931  1721.542  0.63605  0.353E-02  0.723E-01  pot  B   0.1000
        10  -1.754236  1712.693  0.63808  0.463E-02  0.160E-01  pot  B   0.1000
        11  -1.757042  1708.658  0.63976  0.224E-02  0.137E-01  pot  B   0.1000
        12  -1.757641  1707.581  0.64079  0.680E-03  0.857E-02  pot  B   0.1000
        13  -1.757872  1707.239  0.64204  0.356E-03  0.593E-02  pot  B   0.1000
        14  -1.758101  1706.978  0.64401  0.399E-03  0.457E-02  pot  B   0.1000
        15  -1.758182  1706.827  0.64556  0.282E-03  0.271E-02  pot  B   0.1000
        16  -1.758198  1706.758  0.64625  0.125E-03  0.181E-02  pot  B   0.1000
        17  -1.758204  1706.763  0.64653  0.581E-04  0.123E-02  pot  B   0.1000
        18  -1.758206  1706.766  0.64663  0.404E-04  0.836E-03  pot  B   0.1000
        19  -1.758209  1706.793  0.64670  0.298E-04  0.298E-03  pot  B   0.1000
        20  -1.758207  1706.766  0.64675  0.389E-04  0.250E-03  pot  B   0.1000
        21  -1.758208  1706.804  0.64679  0.206E-04  0.240E-03  pot  B   0.1000
        22  -1.758208  1706.798  0.64679  0.449E-05  0.238E-03  pot  B   0.1000
        23  -1.758208  1706.809  0.64682  0.783E-05  0.130E-03  pot  B   0.1000
        24  -1.758208  1706.814  0.64683  0.634E-05  0.122E-03  pot  B   0.1000
        25  -1.758208  1706.813  0.64684  0.317E-05  0.102E-03  pot  B   0.1000
        26  -1.758209  1706.812  0.64686  0.168E-05  0.328E-04  pot  B   0.1000
        27  -1.758209  1706.807  0.64687  0.182E-05  0.292E-04  pot  B   0.1000
        28  -1.758209  1706.804  0.64687  0.149E-05  0.299E-04  pot  B   0.1000
        29  -1.758209  1706.801  0.64688  0.164E-05  0.127E-04  pot  B   0.1000
        30  -1.758209  1706.799  0.64688  0.733E-06  0.535E-05  pot  B   0.1000
        31  -1.758209  1706.799  0.64688  0.311E-06  0.136E-04  pot  B   0.1000
        32  -1.758209  1706.799  0.64688  0.487E-06  0.107E-04  pot  B   0.1000
        33  -1.758209  1706.801  0.64688  0.154E-05  0.702E-05  pot  B   0.1000
        34  -1.758208  1706.802  0.64688  0.453E-06  0.129E-04  pot  B   0.1000
        35  -1.758209  1706.802  0.64688  0.198E-06  0.275E-05  pot  B   0.1000
        36  -1.758209  1706.802  0.64688  0.801E-07  0.183E-05  pot  B   0.1000
        37  -1.758209  1706.802  0.64688  0.594E-07  0.121E-05  pot  B   0.1000
        38  -1.758209  1706.802  0.64688  0.526E-07  0.127E-05  pot  B   0.1000
        39  -1.758209  1706.802  0.64688  0.629E-07  0.940E-06  pot  B   0.1000
        40  -1.758209  1706.802  0.64688  0.271E-07  0.593E-06  pot  B   0.1000
        41  -1.758209  1706.802  0.64688  0.434E-07  0.525E-06  pot  B   0.1000
        42  -1.758209  1706.802  0.64688  0.273E-07  0.498E-06  pot  B   0.1000
        43  -1.758209  1706.802  0.64688  0.918E-08  0.173E-06  pot  B   0.1000
        44  -1.758209  1706.802  0.64688  0.108E-07  0.128E-06  pot  B   0.1000
        45  -1.758209  1706.802  0.64688  0.326E-08  0.448E-07  pot  B   0.1000
        46  -1.758209  1706.802  0.64688  0.139E-08  0.735E-07  pot  B   0.1000
        47  -1.758209  1706.802  0.64688  0.178E-08  0.359E-07  pot  B   0.1000
        48  -1.758209  1706.802  0.64688  0.154E-08  0.381E-07  pot  B   0.1000
        49  -1.758209  1706.802  0.64688  0.126E-08  0.230E-07  pot  B   0.1000
        50  -1.758209  1706.802  0.64688  0.866E-09  0.117E-07  pot  B   0.1000
        51  -1.758209  1706.802  0.64688  0.291E-09  0.672E-08  pot  B   0.1000
**      52  -1.758209  1706.802  0.64688  0.414E-12  0.672E-08  pot  B   0.1000
