 Atom   Index      Q          Qmt        dQ        Vmad        Local Energy
  W         1   73.95015   72.56270   -0.04985    1.81715      -32312.61905
  W         2   73.93266   72.54522   -0.06734    1.84164      -32312.64750
  W         3   74.01598   72.62854    0.01598    1.75801      -32312.59169
  W         4   73.98772   72.60028   -0.01228    1.78036      -32312.60534
  W         5   73.98485   72.59741   -0.01515    1.78388      -32312.60213
  W         6   73.91053   72.52309   -0.08947    1.85550      -32312.64920
  W         7   73.99259   72.60515   -0.00741    1.77480      -32312.60194
  W         8   73.98472   72.59728   -0.01528    1.78089      -32312.60629
  W         9   73.94576   72.55832   -0.05424    1.82229      -32312.63181
  W        10   73.95555   72.56811   -0.04445    1.81127      -32312.62024
  W        11   73.98188   72.59444   -0.01812    1.79253      -32312.62164
  W        12   73.94709   72.55964   -0.05291    1.82062      -32312.63435
  W        13   73.98155   72.59411   -0.01845    1.78537      -32312.61031
  W        14   74.02258   72.63514    0.02258    1.75144      -32312.58793
  W        15   73.99193   72.60449   -0.00807    1.77742      -32312.60620
  W        16   73.94783   72.56038   -0.05217    1.82240      -32312.62835
  W        17   73.98436   72.59691   -0.01564    1.78453      -32312.61522
  W        18   73.99588   72.60843   -0.00412    1.78183      -32312.60944
  W        19   73.93799   72.55055   -0.06201    1.82474      -32312.62765
  W        20   73.91994   72.53249   -0.08006    1.85002      -32312.64106
  W        21   73.99521   72.60777   -0.00479    1.77103      -32312.59891
  W        22   73.94046   72.55301   -0.05954    1.82926      -32312.63128
  W        23   73.95061   72.56316   -0.04939    1.81745      -32312.63267
  W        24   74.07115   72.68371    0.07115    1.70425      -32312.56358
  W        25   73.98245   72.59501   -0.01755    1.79218      -32312.61916
  W        26   73.89869   72.51125   -0.10131    1.85862      -32312.64364
  W        27   73.97818   72.59074   -0.02182    1.78900      -32312.61409
  W        28   73.94049   72.55304   -0.05951    1.82915      -32312.63503
  W        29   73.95541   72.56796   -0.04459    1.80759      -32312.62201
  W        30   73.94055   72.55310   -0.05945    1.83001      -32312.63703
  W        31   73.93595   72.54851   -0.06405    1.82733      -32312.62701
  W        32   73.98806   72.60062   -0.01194    1.78155      -32312.60418
  Nb       33   41.01218   39.62474    0.01218    1.79152       -7632.72024
  Nb       34   40.97533   39.58789   -0.02467    1.82474       -7632.74224
  Nb       35   40.99332   39.60587   -0.00668    1.80780       -7632.72771
  Nb       36   41.06510   39.67766    0.06510    1.74448       -7632.69219
  Nb       37   41.03060   39.64316    0.03060    1.77896       -7632.70760
  Nb       38   40.97376   39.58631   -0.02624    1.83156       -7632.74381
  Nb       39   40.94206   39.55462   -0.05794    1.85917       -7632.75960
  Nb       40   40.92792   39.54047   -0.07208    1.86965       -7632.76405
  Nb       41   41.06421   39.67677    0.06421    1.74179       -7632.68690
  Nb       42   40.98309   39.59564   -0.01691    1.81983       -7632.73617
  Nb       43   41.03345   39.64601    0.03345    1.76987       -7632.70203
  Nb       44   40.98580   39.59836   -0.01420    1.81678       -7632.73516
  Nb       45   41.00055   39.61311    0.00055    1.80724       -7632.72830
  Nb       46   41.02162   39.63418    0.02162    1.78775       -7632.71520
  Nb       47   41.05206   39.66462    0.05206    1.75356       -7632.69113
  Nb       48   41.02385   39.63640    0.02385    1.78527       -7632.71398
  Nb       49   40.93583   39.54839   -0.06417    1.86374       -7632.76180
  Nb       50   41.06864   39.68120    0.06864    1.73982       -7632.69398
  Nb       51   41.08587   39.69842    0.08587    1.72949       -7632.68165
  Nb       52   40.94565   39.55821   -0.05435    1.86080       -7632.76048
  Nb       53   41.02585   39.63841    0.02585    1.78358       -7632.71892
  Nb       54   41.04482   39.65738    0.04482    1.76534       -7632.70217
  Nb       55   40.89078   39.50334   -0.10922    1.90882       -7632.78455
  Nb       56   41.04798   39.66054    0.04798    1.76084       -7632.70644
  Nb       57   40.98715   39.59970   -0.01285    1.81683       -7632.73067
  Nb       58   41.08604   39.69860    0.08604    1.72319       -7632.67230
  Nb       59   41.04640   39.65896    0.04640    1.75690       -7632.70325
  Nb       60   40.98818   39.60074   -0.01182    1.81459       -7632.73236
  Nb       61   41.09717   39.70973    0.09717    1.71118       -7632.67540
  Nb       62   41.12204   39.73459    0.12204    1.68867       -7632.65445
  Nb       63   41.02943   39.64199    0.02943    1.77051       -7632.70295
  Nb       64   40.99062   39.60317   -0.00938    1.81160       -7632.72990
  Mo       65   42.15732   40.76988    0.15732    1.73841       -8090.70756
  Mo       66   42.20104   40.81360    0.20104    1.68892       -8090.67497
  Mo       67   42.07417   40.68672    0.07417    1.81829       -8090.75112
  Mo       68   42.13596   40.74852    0.13596    1.75740       -8090.71786
  Mo       69   42.10772   40.72027    0.10772    1.78919       -8090.73638
  Mo       70   42.12467   40.73723    0.12467    1.76890       -8090.71521
  Mo       71   42.14741   40.75997    0.14741    1.74297       -8090.70005
  Mo       72   42.17253   40.78509    0.17253    1.72741       -8090.70219
  Mo       73   42.15787   40.77043    0.15787    1.72886       -8090.69910
  Mo       74   42.16306   40.77561    0.16306    1.73058       -8090.70573
  Mo       75   42.16925   40.78181    0.16925    1.72655       -8090.69173
  Mo       76   42.11227   40.72482    0.11227    1.77620       -8090.72275
  Mo       77   42.25712   40.86968    0.25712    1.64317       -8090.64987
  Mo       78   42.16942   40.78198    0.16942    1.72071       -8090.68673
  Mo       79   42.16863   40.78119    0.16863    1.72723       -8090.69294
  Mo       80   42.12751   40.74006    0.12751    1.76171       -8090.71891
  Mo       81   42.17582   40.78837    0.17582    1.72128       -8090.69530
  Mo       82   42.22659   40.83915    0.22659    1.67377       -8090.67335
  Mo       83   42.23749   40.85004    0.23749    1.66056       -8090.66655
  Mo       84   42.08623   40.69878    0.08623    1.80424       -8090.73742
  Mo       85   42.12379   40.73635    0.12379    1.77076       -8090.71955
  Mo       86   42.14738   40.75993    0.14738    1.74736       -8090.70724
  Mo       87   42.18409   40.79665    0.18409    1.70342       -8090.67951
  Mo       88   42.08777   40.70033    0.08777    1.80155       -8090.73768
  Mo       89   42.13131   40.74386    0.13131    1.76929       -8090.72298
  Mo       90   42.23961   40.85217    0.23961    1.65946       -8090.66434
  Mo       91   42.08859   40.70115    0.08859    1.80003       -8090.73574
  Mo       92   42.16559   40.77815    0.16559    1.72418       -8090.69730
  Mo       93   42.13542   40.74798    0.13542    1.76000       -8090.70922
  Mo       94   42.13883   40.75139    0.13883    1.74822       -8090.70910
  Mo       95   42.19622   40.80878    0.19622    1.69979       -8090.68229
  Mo       96   42.16948   40.78203    0.16948    1.72343       -8090.69699
  Ta       97   72.90922   71.52178   -0.09078    1.80953      -31233.03760
  Ta       98   72.77989   71.39244   -0.22011    1.92057      -31233.11149
  Ta       99   72.84532   71.45788   -0.15468    1.86251      -31233.07475
  Ta      100   72.92335   71.53591   -0.07665    1.79291      -31233.03055
  Ta      101   72.86436   71.47691   -0.13564    1.84981      -31233.06396
  Ta      102   72.78602   71.39858   -0.21398    1.92630      -31233.11058
  Ta      103   72.86240   71.47496   -0.13760    1.85484      -31233.06583
  Ta      104   72.85283   71.46539   -0.14717    1.86536      -31233.08104
  Ta      105   72.80965   71.42220   -0.19035    1.90007      -31233.10031
  Ta      106   72.87399   71.48655   -0.12601    1.83871      -31233.06129
  Ta      107   72.86062   71.47318   -0.13938    1.86170      -31233.07601
  Ta      108   72.91811   71.53066   -0.08189    1.79884      -31233.03662
  Ta      109   72.93071   71.54326   -0.06929    1.78801      -31233.02529
  Ta      110   72.82290   71.43546   -0.17710    1.88646      -31233.08414
  Ta      111   72.89505   71.50761   -0.10495    1.82077      -31233.04952
  Ta      112   72.81785   71.43040   -0.18215    1.89537      -31233.09434
  Ta      113   72.87969   71.49224   -0.12031    1.83398      -31233.05461
  Ta      114   72.91127   71.52383   -0.08873    1.80566      -31233.04813
  Ta      115   72.83686   71.44942   -0.16314    1.87147      -31233.07702
  Ta      116   72.87312   71.48568   -0.12688    1.84342      -31233.06523
  Ta      117   72.84174   71.45429   -0.15826    1.87182      -31233.08309
  Ta      118   72.88871   71.50127   -0.11129    1.82825      -31233.04933
  Ta      119   72.80599   71.41855   -0.19401    1.90572      -31233.09647
  Ta      120   72.84352   71.45607   -0.15648    1.87146      -31233.08158
  Ta      121   72.84320   71.45576   -0.15680    1.87027      -31233.07210
  Ta      122   72.90076   71.51332   -0.09924    1.81851      -31233.04661
  Ta      123   72.89534   71.50790   -0.10466    1.81842      -31233.05403
  Ta      124   72.87142   71.48398   -0.12858    1.84462      -31233.06325
  Ta      125   72.93742   71.54997   -0.06258    1.78404      -31233.01895
  Ta      126   72.82463   71.43718   -0.17537    1.88438      -31233.08813
  Ta      127   72.88490   71.49746   -0.11510    1.82864      -31233.06252
  Ta      128   72.80287   71.41543   -0.19713    1.90527      -31233.10149
