System Description            : WNbMoTaTi, BCC structure                        
Number of Atoms in Unit Cell  : 80                                              
Number of Atomic Species      : 5                                               
Number of Atoms in Each Type  : 16(W), 16(Nb), 16(Mo), 16(Ta), 16(Ti)           
Energy Offset                 : -16193                                          
=======================================================================================
    Iter     Energy      3PV     Efermi   Rms_rho    Rms_pot   Mix  Alg  Alpha 
---------------------------------------------------------------------------------------
**       1  -0.767208  1839.720  0.54108  0.140E+01  0.127E+00  pot  B   0.1000
         2  -1.019503  1816.659  0.57626  0.752E-02  0.351E+00  pot  B   0.1000
         3  -1.081285  1812.432  0.57775  0.180E-02  0.319E+00  pot  B   0.1000
         4  -1.332671  1778.228  0.59939  0.111E-01  0.412E+00  pot  B   0.1000
         5  -1.340294  1764.676  0.60994  0.460E-02  0.475E+00  pot  B   0.1000
         6  -1.444917  1758.000  0.61616  0.239E-02  0.306E+00  pot  B   0.1000
         7  -1.547655  1737.106  0.63208  0.727E-02  0.149E+00  pot  B   0.1000
         8  -1.563101  1730.738  0.63843  0.244E-02  0.938E-01  pot  B   0.1000
         9  -1.580150  1724.133  0.64378  0.296E-02  0.356E-01  pot  B   0.1000
        10  -1.589609  1718.746  0.64909  0.283E-02  0.662E-01  pot  B   0.1000
        11  -1.599728  1711.856  0.65420  0.372E-02  0.477E-01  pot  B   0.1000
        12  -1.602878  1708.265  0.65626  0.200E-02  0.413E-01  pot  B   0.1000
        13  -1.603795  1707.226  0.65772  0.644E-03  0.191E-01  pot  B   0.1000
        14  -1.604229  1706.650  0.65834  0.502E-03  0.917E-02  pot  B   0.1000
        15  -1.604317  1706.254  0.65923  0.251E-03  0.444E-02  pot  B   0.1000
        16  -1.604377  1706.149  0.65982  0.129E-03  0.294E-02  pot  B   0.1000
        17  -1.604485  1705.900  0.66125  0.312E-03  0.451E-02  pot  B   0.1000
        18  -1.604544  1705.999  0.66237  0.195E-03  0.194E-02  pot  B   0.1000
        19  -1.604539  1705.965  0.66263  0.641E-04  0.202E-02  pot  B   0.1000
        20  -1.604547  1706.031  0.66284  0.393E-04  0.699E-03  pot  B   0.1000
        21  -1.604552  1706.181  0.66292  0.574E-04  0.577E-03  pot  B   0.1000
        22  -1.604554  1706.192  0.66304  0.360E-04  0.392E-03  pot  B   0.1000
        23  -1.604554  1706.207  0.66310  0.131E-04  0.282E-03  pot  B   0.1000
        24  -1.604555  1706.237  0.66313  0.174E-04  0.227E-03  pot  B   0.1000
        25  -1.604555  1706.218  0.66317  0.108E-04  0.182E-03  pot  B   0.1000
        26  -1.604556  1706.214  0.66321  0.963E-05  0.669E-04  pot  B   0.1000
        27  -1.604556  1706.211  0.66323  0.522E-05  0.453E-04  pot  B   0.1000
        28  -1.604556  1706.209  0.66324  0.108E-05  0.407E-04  pot  B   0.1000
        29  -1.604556  1706.208  0.66324  0.467E-06  0.323E-04  pot  B   0.1000
        30  -1.604556  1706.207  0.66325  0.637E-06  0.294E-04  pot  B   0.1000
        31  -1.604556  1706.204  0.66325  0.136E-05  0.168E-04  pot  B   0.1000
        32  -1.604556  1706.204  0.66325  0.309E-06  0.331E-04  pot  B   0.1000
        33  -1.604556  1706.204  0.66326  0.297E-06  0.908E-05  pot  B   0.1000
        34  -1.604556  1706.204  0.66326  0.178E-06  0.658E-05  pot  B   0.1000
        35  -1.604556  1706.204  0.66326  0.334E-06  0.768E-05  pot  B   0.1000
        36  -1.604556  1706.205  0.66326  0.403E-06  0.470E-05  pot  B   0.1000
        37  -1.604556  1706.205  0.66326  0.105E-06  0.447E-05  pot  B   0.1000
        38  -1.604556  1706.206  0.66326  0.232E-06  0.209E-05  pot  B   0.1000
        39  -1.604556  1706.206  0.66326  0.116E-06  0.152E-05  pot  B   0.1000
        40  -1.604556  1706.206  0.66326  0.891E-07  0.103E-05  pot  B   0.1000
        41  -1.604556  1706.206  0.66326  0.960E-07  0.128E-05  pot  B   0.1000
        42  -1.604556  1706.206  0.66326  0.644E-07  0.918E-06  pot  B   0.1000
        43  -1.604556  1706.206  0.66326  0.499E-07  0.669E-06  pot  B   0.1000
        44  -1.604556  1706.206  0.66326  0.144E-07  0.861E-06  pot  B   0.1000
        45  -1.604556  1706.206  0.66326  0.102E-07  0.519E-06  pot  B   0.1000
        46  -1.604556  1706.206  0.66326  0.188E-07  0.326E-06  pot  B   0.1000
        47  -1.604556  1706.206  0.66326  0.114E-07  0.349E-06  pot  B   0.1000
        48  -1.604556  1706.206  0.66326  0.565E-08  0.204E-06  pot  B   0.1000
        49  -1.604556  1706.206  0.66326  0.407E-08  0.186E-06  pot  B   0.1000
        50  -1.604556  1706.206  0.66326  0.300E-08  0.117E-06  pot  B   0.1000
        51  -1.604556  1706.206  0.66326  0.356E-08  0.892E-07  pot  B   0.1000
        52  -1.604556  1706.206  0.66326  0.595E-08  0.680E-07  pot  B   0.1000
        53  -1.604556  1706.206  0.66326  0.319E-08  0.841E-07  pot  B   0.1000
        54  -1.604556  1706.206  0.66326  0.965E-09  0.451E-07  pot  B   0.1000
        55  -1.604556  1706.206  0.66326  0.750E-09  0.257E-07  pot  B   0.1000
        56  -1.604556  1706.206  0.66326  0.147E-08  0.321E-07  pot  B   0.1000
        57  -1.604556  1706.206  0.66326  0.106E-08  0.454E-07  pot  B   0.1000
        58  -1.604556  1706.206  0.66326  0.147E-08  0.234E-07  pot  B   0.1000
        59  -1.604556  1706.206  0.66326  0.821E-09  0.852E-08  pot  B   0.1000
**      60  -1.604556  1706.206  0.66326  0.465E-12  0.852E-08  pot  B   0.1000
