 Atom   Index      Q          Qmt        dQ        Vmad        Local Energy
  W         1   73.83756   72.53652   -0.16244    1.76322      -32312.52699
  W         2   73.88283   72.58179   -0.11717    1.71274      -32312.48164
  W         3   73.90062   72.59957   -0.09938    1.69348      -32312.47202
  W         4   73.95307   72.65202   -0.04693    1.64295      -32312.45067
  W         5   73.75480   72.45376   -0.24520    1.83318      -32312.53431
  W         6   73.86092   72.55987   -0.13908    1.72192      -32312.48286
  W         7   74.00744   72.70639    0.00744    1.57915      -32312.39140
  W         8   73.94054   72.63950   -0.05946    1.64961      -32312.43531
  W         9   73.94412   72.64307   -0.05588    1.64358      -32312.43166
  W        10   73.86564   72.56460   -0.13436    1.73620      -32312.50156
  W        11   73.78583   72.48479   -0.21417    1.81387      -32312.54342
  W        12   74.04665   72.74560    0.04665    1.55429      -32312.39007
  W        13   73.96559   72.66455   -0.03441    1.62465      -32312.42771
  W        14   73.80454   72.50350   -0.19546    1.79083      -32312.51848
  W        15   73.69721   72.39616   -0.30279    1.90375      -32312.60144
  W        16   73.96650   72.66545   -0.03350    1.62916      -32312.42748
  Nb       17   40.83701   39.53597   -0.16299    1.77911       -7632.61623
  Nb       18   40.81023   39.50918   -0.18977    1.81343       -7632.63195
  Nb       19   40.96893   39.66788   -0.03107    1.65988       -7632.55899
  Nb       20   40.84756   39.54652   -0.15244    1.78216       -7632.61279
  Nb       21   40.96230   39.66125   -0.03770    1.66665       -7632.54312
  Nb       22   40.92514   39.62410   -0.07486    1.70125       -7632.56276
  Nb       23   40.93547   39.63443   -0.06453    1.68896       -7632.56846
  Nb       24   40.90945   39.60840   -0.09055    1.72207       -7632.57754
  Nb       25   40.99065   39.68961   -0.00935    1.63478       -7632.53790
  Nb       26   40.89747   39.59643   -0.10253    1.72591       -7632.58421
  Nb       27   40.85637   39.55533   -0.14363    1.77418       -7632.61366
  Nb       28   40.82215   39.52110   -0.17785    1.80166       -7632.63142
  Nb       29   40.77975   39.47871   -0.22025    1.84759       -7632.65955
  Nb       30   40.89762   39.59658   -0.10238    1.73487       -7632.59418
  Nb       31   40.78816   39.48712   -0.21184    1.84091       -7632.65101
  Nb       32   40.63335   39.33231   -0.36665    1.99185       -7632.75068
  Mo       33   42.04567   40.74463    0.04567    1.67655       -8090.57649
  Mo       34   41.94967   40.64863   -0.05033    1.77158       -8090.63500
  Mo       35   41.95735   40.65631   -0.04265    1.76024       -8090.62574
  Mo       36   42.07328   40.77223    0.07328    1.64513       -8090.57012
  Mo       37   42.03608   40.73504    0.03608    1.67718       -8090.56980
  Mo       38   42.01679   40.71575    0.01679    1.69395       -8090.56855
  Mo       39   41.97317   40.67212   -0.02683    1.74898       -8090.61504
  Mo       40   42.07151   40.77047    0.07151    1.64441       -8090.57381
  Mo       41   42.16505   40.86400    0.16505    1.56019       -8090.52066
  Mo       42   41.88802   40.58697   -0.11198    1.83028       -8090.66258
  Mo       43   41.90745   40.60640   -0.09255    1.80778       -8090.64526
  Mo       44   42.12417   40.82312    0.12417    1.59343       -8090.53864
  Mo       45   41.93831   40.63726   -0.06169    1.77507       -8090.62457
  Mo       46   42.18387   40.88283    0.18387    1.52389       -8090.47639
  Mo       47   42.05646   40.75541    0.05646    1.67148       -8090.58329
  Mo       48   42.09497   40.79393    0.09497    1.62561       -8090.56145
  Ta       49   72.86629   71.56524   -0.13371    1.67671      -31232.87382
  Ta       50   72.72363   71.42259   -0.27637    1.81098      -31232.95073
  Ta       51   72.87824   71.57719   -0.12176    1.65665      -31232.86562
  Ta       52   72.84259   71.54155   -0.15741    1.68737      -31232.87890
  Ta       53   72.66881   71.36776   -0.33119    1.86456      -31232.98105
  Ta       54   72.75874   71.45770   -0.24126    1.77472      -31232.92890
  Ta       55   72.60199   71.30095   -0.39801    1.93182      -31233.02373
  Ta       56   72.81482   71.51378   -0.18518    1.71126      -31232.89061
  Ta       57   72.64080   71.33976   -0.35920    1.89747      -31233.01079
  Ta       58   72.83789   71.53685   -0.16211    1.70010      -31232.88780
  Ta       59   72.82103   71.51998   -0.17897    1.71343      -31232.89951
  Ta       60   72.76788   71.46684   -0.23212    1.77032      -31232.92366
  Ta       61   72.85952   71.55847   -0.14048    1.66973      -31232.86618
  Ta       62   72.74363   71.44259   -0.25637    1.78645      -31232.93644
  Ta       63   72.79010   71.48905   -0.20990    1.74576      -31232.90742
  Ta       64   72.83371   71.53266   -0.16629    1.69336      -31232.88222
  V        65   23.30669   22.00564    0.30669    1.64796       -1895.29367
  V        66   23.40255   22.10150    0.40255    1.54308       -1895.21605
  V        67   23.60515   22.30410    0.60515    1.33340       -1895.11766
  V        68   23.39537   22.09433    0.39537    1.54463       -1895.22398
  V        69   23.55944   22.25839    0.55944    1.38500       -1895.14406
  V        70   23.38143   22.08039    0.38143    1.57135       -1895.24417
  V        71   23.35326   22.05222    0.35326    1.59768       -1895.25322
  V        72   23.53801   22.23697    0.53801    1.40616       -1895.15021
  V        73   23.36024   22.05920    0.36024    1.58237       -1895.22966
  V        74   23.41203   22.11099    0.41203    1.53255       -1895.20767
  V        75   23.44176   22.14072    0.44176    1.50595       -1895.20542
  V        76   23.42698   22.12594    0.42698    1.51905       -1895.19604
  V        77   23.37284   22.07180    0.37284    1.57608       -1895.24313
  V        78   23.32977   22.02873    0.32977    1.61976       -1895.25730
  V        79   23.55900   22.25796    0.55900    1.38335       -1895.14585
  V        80   23.54854   22.24750    0.54854    1.39107       -1895.15072
