 Atom   Index      Q          Qmt        dQ        Vmad        Local Energy
  W         1   73.99331   72.60607   -0.00669    1.77640      -32312.61147
  W         2   74.01953   72.63230    0.01953    1.74966      -32312.58639
  W         3   73.95444   72.56720   -0.04556    1.80918      -32312.62213
  W         4   73.96636   72.57913   -0.03364    1.80803      -32312.62989
  W         5   74.03409   72.64686    0.03409    1.73122      -32312.57637
  W         6   73.98450   72.59727   -0.01550    1.78604      -32312.60910
  W         7   73.92390   72.53667   -0.07610    1.84060      -32312.63603
  W         8   73.97397   72.58674   -0.02603    1.79718      -32312.61527
  W         9   74.02580   72.63857    0.02580    1.75662      -32312.60040
  W        10   73.96986   72.58263   -0.03014    1.79209      -32312.61512
  W        11   74.00279   72.61556    0.00279    1.76959      -32312.60119
  W        12   73.93946   72.55223   -0.06054    1.82710      -32312.63150
  W        13   73.92490   72.53767   -0.07510    1.84360      -32312.63707
  W        14   73.93715   72.54992   -0.06285    1.82760      -32312.63040
  W        15   73.90489   72.51766   -0.09511    1.86092      -32312.64640
  W        16   74.00644   72.61921    0.00644    1.77136      -32312.60283
  W        17   73.93635   72.54911   -0.06365    1.82740      -32312.62894
  W        18   73.96580   72.57857   -0.03420    1.80017      -32312.61872
  W        19   74.01019   72.62296    0.01019    1.76080      -32312.59959
  W        20   73.91399   72.52675   -0.08601    1.85429      -32312.64819
  W        21   73.97744   72.59020   -0.02256    1.79014      -32312.60888
  W        22   73.94832   72.56108   -0.05168    1.82058      -32312.62616
  W        23   73.97001   72.58278   -0.02999    1.80501      -32312.62373
  W        24   73.89795   72.51072   -0.10205    1.86077      -32312.65263
  W        25   73.98560   72.59837   -0.01440    1.78281      -32312.61226
  W        26   73.99996   72.61273   -0.00004    1.77483      -32312.60593
  W        27   73.96279   72.57556   -0.03721    1.81317      -32312.62733
  W        28   73.87770   72.49047   -0.12230    1.88714      -32312.66279
  W        29   73.91289   72.52565   -0.08711    1.84693      -32312.64051
  W        30   73.95158   72.56435   -0.04842    1.80750      -32312.61661
  W        31   74.04321   72.65597    0.04321    1.72587      -32312.57230
  W        32   73.92960   72.54237   -0.07040    1.82767      -32312.62993
  Nb       33   41.07134   39.68411    0.07134    1.73360       -7632.67990
  Nb       34   40.94244   39.55521   -0.05756    1.85946       -7632.75696
  Nb       35   41.04180   39.65457    0.04180    1.76561       -7632.70759
  Nb       36   41.02634   39.63910    0.02634    1.77299       -7632.70935
  Nb       37   41.02463   39.63740    0.02463    1.78150       -7632.71887
  Nb       38   41.04309   39.65586    0.04309    1.76485       -7632.70381
  Nb       39   40.99603   39.60880   -0.00397    1.80803       -7632.73743
  Nb       40   40.98730   39.60007   -0.01270    1.81460       -7632.73952
  Nb       41   40.97805   39.59082   -0.02195    1.82763       -7632.74433
  Nb       42   40.93767   39.55044   -0.06233    1.86120       -7632.76320
  Nb       43   40.99101   39.60378   -0.00899    1.80921       -7632.73581
  Nb       44   41.05512   39.66789    0.05512    1.75295       -7632.70296
  Nb       45   41.09363   39.70639    0.09363    1.71981       -7632.67532
  Nb       46   41.03039   39.64316    0.03039    1.76899       -7632.70801
  Nb       47   41.02034   39.63311    0.02034    1.78157       -7632.71197
  Nb       48   40.95934   39.57210   -0.04066    1.84356       -7632.75781
  Nb       49   41.09168   39.70444    0.09168    1.71348       -7632.67018
  Nb       50   40.97448   39.58724   -0.02552    1.82934       -7632.74451
  Nb       51   41.11269   39.72546    0.11269    1.69961       -7632.65901
  Nb       52   41.03177   39.64454    0.03177    1.77669       -7632.71130
  Nb       53   40.95245   39.56522   -0.04755    1.85018       -7632.75535
  Nb       54   40.94783   39.56060   -0.05217    1.85467       -7632.75681
  Nb       55   41.00897   39.62173    0.00897    1.79633       -7632.71598
  Nb       56   41.05499   39.66776    0.05499    1.75397       -7632.70040
  Nb       57   41.06658   39.67935    0.06658    1.74427       -7632.69548
  Nb       58   41.01368   39.62645    0.01368    1.78697       -7632.71831
  Nb       59   41.01038   39.62315    0.01038    1.79905       -7632.72335
  Nb       60   41.00722   39.61999    0.00722    1.79988       -7632.72496
  Nb       61   41.03164   39.64440    0.03164    1.77778       -7632.70894
  Nb       62   41.06420   39.67697    0.06420    1.74342       -7632.68911
  Nb       63   41.06506   39.67783    0.06506    1.74507       -7632.68976
  Nb       64   40.97163   39.58440   -0.02837    1.83319       -7632.74567
  Mo       65   42.17533   40.78810    0.17533    1.72056       -8090.68935
  Mo       66   42.14452   40.75729    0.14452    1.75365       -8090.71440
  Mo       67   42.16695   40.77971    0.16695    1.71534       -8090.68440
  Mo       68   42.16756   40.78033    0.16756    1.73038       -8090.70518
  Mo       69   42.25466   40.86743    0.25466    1.64682       -8090.65506
  Mo       70   42.18459   40.79736    0.18459    1.70780       -8090.68248
  Mo       71   42.13204   40.74481    0.13204    1.75585       -8090.70886
  Mo       72   42.11051   40.72327    0.11051    1.78257       -8090.72673
  Mo       73   42.02096   40.63373    0.02096    1.86063       -8090.76203
  Mo       74   42.15018   40.76294    0.15018    1.74028       -8090.70403
  Mo       75   42.20182   40.81459    0.20182    1.69495       -8090.68057
  Mo       76   42.16884   40.78160    0.16884    1.72558       -8090.69408
  Mo       77   42.09207   40.70484    0.09207    1.80099       -8090.73258
  Mo       78   42.26183   40.87460    0.26183    1.62995       -8090.64517
  Mo       79   42.12565   40.73842    0.12565    1.76489       -8090.71348
  Mo       80   42.18229   40.79506    0.18229    1.70662       -8090.68525
  Mo       81   42.18302   40.79579    0.18302    1.71607       -8090.69429
  Mo       82   42.22670   40.83946    0.22670    1.67204       -8090.66706
  Mo       83   42.15468   40.76745    0.15468    1.73738       -8090.70195
  Mo       84   42.13044   40.74320    0.13044    1.76165       -8090.71403
  Mo       85   42.19301   40.80578    0.19301    1.70656       -8090.69463
  Mo       86   42.08723   40.70000    0.08723    1.80274       -8090.73935
  Mo       87   42.09843   40.71120    0.09843    1.79057       -8090.73206
  Mo       88   42.22887   40.84163    0.22887    1.66867       -8090.66501
  Mo       89   42.17355   40.78632    0.17355    1.71602       -8090.68881
  Mo       90   42.12904   40.74180    0.12904    1.76535       -8090.72032
  Mo       91   42.17926   40.79203    0.17926    1.71737       -8090.69493
  Mo       92   42.23367   40.84644    0.23367    1.65779       -8090.65840
  Mo       93   42.12207   40.73484    0.12207    1.76483       -8090.71431
  Mo       94   42.09554   40.70830    0.09554    1.79744       -8090.73605
  Mo       95   42.20360   40.81637    0.20360    1.69878       -8090.68429
  Mo       96   42.12684   40.73961    0.12684    1.76597       -8090.71876
  Ta       97   72.79567   71.40843   -0.20433    1.91031      -31233.10827
  Ta       98   72.85429   71.46706   -0.14571    1.86279      -31233.07351
  Ta       99   72.88479   71.49756   -0.11521    1.83798      -31233.06164
  Ta      100   72.87412   71.48689   -0.12588    1.84157      -31233.05481
  Ta      101   72.78779   71.40056   -0.21221    1.91646      -31233.10765
  Ta      102   72.80599   71.41875   -0.19401    1.90623      -31233.09801
  Ta      103   72.90513   71.51790   -0.09487    1.81243      -31233.04663
  Ta      104   72.90968   71.52245   -0.09032    1.80746      -31233.03524
  Ta      105   72.90728   71.52005   -0.09272    1.80728      -31233.03965
  Ta      106   72.84370   71.45647   -0.15630    1.86642      -31233.08035
  Ta      107   72.80666   71.41942   -0.19334    1.90189      -31233.09467
  Ta      108   72.92267   71.53544   -0.07733    1.80255      -31233.03752
  Ta      109   72.86895   71.48171   -0.13105    1.84572      -31233.06865
  Ta      110   72.86934   71.48211   -0.13066    1.84195      -31233.05196
  Ta      111   72.83194   71.44471   -0.16806    1.87083      -31233.08650
  Ta      112   72.88482   71.49759   -0.11518    1.83077      -31233.04703
  Ta      113   72.76141   71.37418   -0.23859    1.94410      -31233.12957
  Ta      114   72.87882   71.49159   -0.12118    1.83451      -31233.05430
  Ta      115   72.84320   71.45596   -0.15680    1.87105      -31233.07772
  Ta      116   72.82446   71.43723   -0.17554    1.88709      -31233.08946
  Ta      117   72.86615   71.47892   -0.13385    1.85072      -31233.06791
  Ta      118   72.93508   71.54785   -0.06492    1.78939      -31233.02869
  Ta      119   72.88035   71.49312   -0.11965    1.83579      -31233.05701
  Ta      120   72.90354   71.51631   -0.09646    1.81604      -31233.03843
  Ta      121   72.87870   71.49147   -0.12130    1.83380      -31233.06221
  Ta      122   72.85634   71.46911   -0.14366    1.85865      -31233.07030
  Ta      123   72.79506   71.40783   -0.20494    1.91822      -31233.11588
  Ta      124   72.90963   71.52240   -0.09037    1.81204      -31233.03763
  Ta      125   72.85823   71.47100   -0.14177    1.86063      -31233.07488
  Ta      126   72.87188   71.48465   -0.12812    1.83949      -31233.06211
  Ta      127   72.79249   71.40526   -0.20751    1.91722      -31233.10752
  Ta      128   72.83750   71.45027   -0.16250    1.87731      -31233.08172
