System Description            : WNbMoTaTi, BCC structure                        
Number of Atoms in Unit Cell  : 160                                             
Number of Atomic Species      : 5                                               
Number of Atoms in Each Type  : 32(W), 32(Nb), 32(Mo), 32(Ta), 32(Ti)           
Energy Offset                 : -16193                                          
=======================================================================================
    Iter     Energy      3PV     Efermi   Rms_rho    Rms_pot   Mix  Alg  Alpha 
---------------------------------------------------------------------------------------
**       1  -0.755676  1839.795  0.54131  0.140E+01  0.134E+00  pot  B   0.1000
         2  -1.050830  1816.534  0.57577  0.769E-02  0.267E+00  pot  B   0.1000
         3  -1.066123  1806.795  0.58133  0.339E-02  0.556E+00  pot  B   0.1000
         4  -1.248353  1780.336  0.59818  0.878E-02  0.473E+00  pot  B   0.1000
         5  -1.405945  1769.919  0.60622  0.358E-02  0.278E+00  pot  B   0.1000
         6  -1.462887  1760.023  0.61581  0.349E-02  0.270E+00  pot  B   0.1000
         7  -1.506332  1745.908  0.62556  0.490E-02  0.303E+00  pot  B   0.1000
         8  -1.562318  1732.873  0.63632  0.486E-02  0.692E-01  pot  B   0.1000
         9  -1.570784  1727.115  0.64083  0.231E-02  0.968E-01  pot  B   0.1000
        10  -1.580647  1723.431  0.64441  0.179E-02  0.435E-01  pot  B   0.1000
        11  -1.593256  1716.865  0.64921  0.347E-02  0.590E-01  pot  B   0.1000
        12  -1.600535  1711.494  0.65308  0.292E-02  0.371E-01  pot  B   0.1000
        13  -1.603142  1708.046  0.65591  0.193E-02  0.274E-01  pot  B   0.1000
        14  -1.603659  1707.669  0.65643  0.643E-03  0.136E-01  pot  B   0.1000
        15  -1.603826  1706.597  0.65762  0.473E-03  0.853E-02  pot  B   0.1000
        16  -1.603875  1706.430  0.65805  0.107E-03  0.692E-02  pot  B   0.1000
        17  -1.603921  1706.264  0.65880  0.168E-03  0.954E-02  pot  B   0.1000
        18  -1.604010  1706.127  0.65948  0.146E-03  0.554E-02  pot  B   0.1000
        19  -1.604099  1706.072  0.66067  0.219E-03  0.449E-02  pot  B   0.1000
        20  -1.604119  1705.840  0.66141  0.199E-03  0.291E-02  pot  B   0.1000
        21  -1.604134  1705.972  0.66172  0.636E-04  0.240E-02  pot  B   0.1000
        22  -1.604140  1706.082  0.66181  0.392E-04  0.164E-02  pot  B   0.1000
        23  -1.604146  1706.183  0.66196  0.453E-04  0.110E-02  pot  B   0.1000
        24  -1.604148  1706.225  0.66202  0.212E-04  0.137E-02  pot  B   0.1000
        25  -1.604149  1706.292  0.66205  0.259E-04  0.118E-02  pot  B   0.1000
        26  -1.604150  1706.320  0.66210  0.157E-04  0.435E-03  pot  B   0.1000
        27  -1.604151  1706.312  0.66214  0.902E-05  0.473E-03  pot  B   0.1000
        28  -1.604151  1706.304  0.66220  0.138E-04  0.351E-03  pot  B   0.1000
        29  -1.604152  1706.283  0.66224  0.910E-05  0.744E-03  pot  B   0.1000
        30  -1.604152  1706.272  0.66225  0.323E-05  0.468E-03  pot  B   0.1000
        31  -1.604152  1706.244  0.66229  0.113E-04  0.235E-03  pot  B   0.1000
        32  -1.604152  1706.234  0.66231  0.425E-05  0.137E-03  pot  B   0.1000
        33  -1.604153  1706.222  0.66233  0.509E-05  0.148E-03  pot  B   0.1000
        34  -1.604153  1706.213  0.66234  0.342E-05  0.168E-03  pot  B   0.1000
        35  -1.604153  1706.206  0.66236  0.394E-05  0.122E-03  pot  B   0.1000
        36  -1.604153  1706.200  0.66239  0.424E-05  0.119E-03  pot  B   0.1000
        37  -1.604153  1706.195  0.66240  0.266E-05  0.874E-04  pot  B   0.1000
        38  -1.604153  1706.195  0.66241  0.202E-05  0.900E-04  pot  B   0.1000
        39  -1.604153  1706.196  0.66242  0.866E-06  0.395E-04  pot  B   0.1000
        40  -1.604153  1706.197  0.66242  0.145E-05  0.352E-04  pot  B   0.1000
        41  -1.604154  1706.200  0.66243  0.104E-05  0.618E-04  pot  B   0.1000
        42  -1.604154  1706.201  0.66243  0.527E-06  0.502E-04  pot  B   0.1000
        43  -1.604154  1706.203  0.66244  0.891E-06  0.373E-04  pot  B   0.1000
        44  -1.604154  1706.204  0.66244  0.521E-06  0.205E-04  pot  B   0.1000
        45  -1.604154  1706.205  0.66244  0.434E-06  0.261E-04  pot  B   0.1000
        46  -1.604154  1706.206  0.66244  0.405E-06  0.211E-04  pot  B   0.1000
        47  -1.604154  1706.206  0.66244  0.205E-06  0.157E-04  pot  B   0.1000
        48  -1.604154  1706.206  0.66244  0.140E-06  0.110E-04  pot  B   0.1000
        49  -1.604154  1706.206  0.66244  0.154E-06  0.135E-04  pot  B   0.1000
        50  -1.604154  1706.205  0.66244  0.145E-06  0.917E-05  pot  B   0.1000
        51  -1.604154  1706.205  0.66245  0.119E-06  0.920E-05  pot  B   0.1000
        52  -1.604154  1706.204  0.66245  0.193E-06  0.631E-05  pot  B   0.1000
        53  -1.604154  1706.204  0.66245  0.149E-06  0.798E-05  pot  B   0.1000
        54  -1.604154  1706.204  0.66245  0.680E-07  0.661E-05  pot  B   0.1000
        55  -1.604154  1706.204  0.66245  0.160E-06  0.558E-05  pot  B   0.1000
        56  -1.604154  1706.203  0.66245  0.140E-06  0.459E-05  pot  B   0.1000
        57  -1.604154  1706.203  0.66245  0.142E-06  0.450E-05  pot  B   0.1000
        58  -1.604154  1706.203  0.66245  0.134E-06  0.349E-05  pot  B   0.1000
        59  -1.604154  1706.203  0.66245  0.689E-07  0.271E-05  pot  B   0.1000
        60  -1.604154  1706.203  0.66245  0.724E-07  0.218E-05  pot  B   0.1000
        61  -1.604154  1706.203  0.66245  0.238E-07  0.186E-05  pot  B   0.1000
        62  -1.604154  1706.203  0.66245  0.410E-07  0.196E-05  pot  B   0.1000
        63  -1.604154  1706.203  0.66245  0.202E-07  0.177E-05  pot  B   0.1000
        64  -1.604154  1706.203  0.66245  0.363E-07  0.965E-06  pot  B   0.1000
        65  -1.604154  1706.204  0.66245  0.197E-07  0.107E-05  pot  B   0.1000
        66  -1.604154  1706.204  0.66245  0.212E-07  0.137E-05  pot  B   0.1000
        67  -1.604154  1706.204  0.66245  0.106E-07  0.679E-06  pot  B   0.1000
        68  -1.604154  1706.204  0.66245  0.113E-07  0.839E-06  pot  B   0.1000
        69  -1.604154  1706.204  0.66245  0.586E-08  0.483E-06  pot  B   0.1000
        70  -1.604154  1706.204  0.66245  0.579E-08  0.434E-06  pot  B   0.1000
        71  -1.604154  1706.204  0.66245  0.486E-08  0.416E-06  pot  B   0.1000
        72  -1.604154  1706.203  0.66245  0.892E-08  0.364E-06  pot  B   0.1000
        73  -1.604154  1706.203  0.66245  0.544E-08  0.411E-06  pot  B   0.1000
        74  -1.604154  1706.203  0.66245  0.853E-08  0.266E-06  pot  B   0.1000
        75  -1.604154  1706.203  0.66245  0.431E-08  0.322E-06  pot  B   0.1000
        76  -1.604154  1706.203  0.66245  0.617E-08  0.153E-06  pot  B   0.1000
        77  -1.604154  1706.203  0.66245  0.410E-08  0.179E-06  pot  B   0.1000
        78  -1.604154  1706.203  0.66245  0.512E-08  0.178E-06  pot  B   0.1000
        79  -1.604154  1706.203  0.66245  0.829E-09  0.157E-06  pot  B   0.1000
        80  -1.604154  1706.203  0.66245  0.357E-08  0.161E-06  pot  B   0.1000
        81  -1.604154  1706.203  0.66245  0.157E-08  0.142E-06  pot  B   0.1000
        82  -1.604154  1706.203  0.66245  0.140E-08  0.936E-07  pot  B   0.1000
        83  -1.604154  1706.203  0.66245  0.586E-09  0.521E-07  pot  B   0.1000
        84  -1.604154  1706.203  0.66245  0.592E-09  0.674E-07  pot  B   0.1000
        85  -1.604154  1706.203  0.66245  0.516E-09  0.597E-07  pot  B   0.1000
        86  -1.604154  1706.203  0.66245  0.480E-09  0.511E-07  pot  B   0.1000
        87  -1.604154  1706.203  0.66245  0.386E-09  0.451E-07  pot  B   0.1000
        88  -1.604154  1706.203  0.66245  0.369E-09  0.324E-07  pot  B   0.1000
        89  -1.604154  1706.203  0.66245  0.442E-09  0.294E-07  pot  B   0.1000
        90  -1.604154  1706.203  0.66245  0.510E-09  0.219E-07  pot  B   0.1000
        91  -1.604154  1706.203  0.66245  0.164E-09  0.249E-07  pot  B   0.1000
        92  -1.604154  1706.203  0.66245  0.414E-09  0.192E-07  pot  B   0.1000
        93  -1.604154  1706.203  0.66245  0.195E-09  0.208E-07  pot  B   0.1000
        94  -1.604154  1706.203  0.66245  0.281E-09  0.143E-07  pot  B   0.1000
        95  -1.604154  1706.203  0.66245  0.158E-09  0.117E-07  pot  B   0.1000
        96  -1.604154  1706.203  0.66245  0.177E-09  0.866E-08  pot  B   0.1000
**      97  -1.604154  1706.203  0.66245  0.845E-12  0.866E-08  pot  B   0.1000
**      98  -1.604154  1706.203  0.66245  0.845E-12  0.866E-08  pot  B   0.1000
