System Description            : WNbMoTaTi, BCC structure                        
Number of Atoms in Unit Cell  : 80                                              
Number of Atomic Species      : 5                                               
Number of Atoms in Each Type  : 16(W), 16(Nb), 16(Mo), 16(Ta), 16(Ti)           
Energy Offset                 : -16193                                          
=======================================================================================
    Iter     Energy      3PV     Efermi   Rms_rho    Rms_pot   Mix  Alg  Alpha 
---------------------------------------------------------------------------------------
**       1  -0.750002  1839.854  0.54244  0.140E+01  0.157E+00  pot  B   0.1000
         2  -0.946117  1816.633  0.57770  0.759E-02  0.448E+00  pot  B   0.1000
         3  -1.096225  1813.259  0.57773  0.189E-02  0.215E+00  pot  B   0.1000
         4  -1.342443  1782.509  0.59741  0.100E-01  0.251E+00  pot  B   0.1000
         5  -1.427880  1765.963  0.60959  0.552E-02  0.270E+00  pot  B   0.1000
         6  -1.494875  1748.205  0.62323  0.613E-02  0.249E+00  pot  B   0.1000
         7  -1.531854  1739.275  0.63070  0.316E-02  0.157E+00  pot  B   0.1000
         8  -1.566922  1730.203  0.63799  0.345E-02  0.587E-01  pot  B   0.1000
         9  -1.580006  1724.264  0.64335  0.273E-02  0.465E-01  pot  B   0.1000
        10  -1.590444  1718.597  0.64739  0.288E-02  0.585E-01  pot  B   0.1000
        11  -1.599821  1712.573  0.65175  0.325E-02  0.396E-01  pot  B   0.1000
        12  -1.603678  1708.074  0.65504  0.253E-02  0.169E-01  pot  B   0.1000
        13  -1.604133  1706.757  0.65660  0.830E-03  0.784E-02  pot  B   0.1000
        14  -1.604258  1706.336  0.65732  0.302E-03  0.492E-02  pot  B   0.1000
        15  -1.604375  1706.274  0.65817  0.214E-03  0.373E-02  pot  B   0.1000
        16  -1.604510  1706.140  0.65960  0.284E-03  0.437E-02  pot  B   0.1000
        17  -1.604555  1706.108  0.66055  0.187E-03  0.308E-02  pot  B   0.1000
        18  -1.604575  1706.097  0.66124  0.139E-03  0.785E-03  pot  B   0.1000
        19  -1.604576  1706.118  0.66143  0.322E-04  0.603E-03  pot  B   0.1000
        20  -1.604580  1706.162  0.66155  0.273E-04  0.101E-02  pot  B   0.1000
        21  -1.604582  1706.151  0.66169  0.291E-04  0.721E-03  pot  B   0.1000
        22  -1.604584  1706.186  0.66175  0.187E-04  0.760E-03  pot  B   0.1000
        23  -1.604585  1706.189  0.66185  0.206E-04  0.293E-03  pot  B   0.1000
        24  -1.604586  1706.188  0.66189  0.632E-05  0.179E-03  pot  B   0.1000
        25  -1.604586  1706.187  0.66191  0.481E-05  0.993E-04  pot  B   0.1000
        26  -1.604586  1706.185  0.66194  0.433E-05  0.135E-03  pot  B   0.1000
        27  -1.604587  1706.182  0.66195  0.513E-05  0.564E-04  pot  B   0.1000
        28  -1.604587  1706.183  0.66196  0.447E-05  0.436E-04  pot  B   0.1000
        29  -1.604587  1706.186  0.66196  0.219E-05  0.336E-04  pot  B   0.1000
        30  -1.604587  1706.189  0.66196  0.125E-05  0.298E-04  pot  B   0.1000
        31  -1.604587  1706.194  0.66196  0.240E-05  0.229E-04  pot  B   0.1000
        32  -1.604587  1706.199  0.66196  0.224E-05  0.223E-04  pot  B   0.1000
        33  -1.604587  1706.201  0.66196  0.842E-06  0.234E-04  pot  B   0.1000
        34  -1.604587  1706.202  0.66196  0.599E-06  0.177E-04  pot  B   0.1000
        35  -1.604587  1706.203  0.66196  0.263E-06  0.124E-04  pot  B   0.1000
        36  -1.604587  1706.203  0.66196  0.382E-06  0.582E-05  pot  B   0.1000
        37  -1.604587  1706.203  0.66196  0.430E-06  0.853E-05  pot  B   0.1000
        38  -1.604587  1706.203  0.66196  0.407E-06  0.607E-05  pot  B   0.1000
        39  -1.604587  1706.203  0.66196  0.400E-06  0.427E-05  pot  B   0.1000
        40  -1.604587  1706.203  0.66196  0.138E-06  0.344E-05  pot  B   0.1000
        41  -1.604587  1706.203  0.66196  0.992E-07  0.228E-05  pot  B   0.1000
        42  -1.604587  1706.203  0.66196  0.820E-07  0.196E-05  pot  B   0.1000
        43  -1.604587  1706.203  0.66196  0.129E-06  0.119E-05  pot  B   0.1000
        44  -1.604587  1706.203  0.66196  0.579E-07  0.817E-06  pot  B   0.1000
        45  -1.604587  1706.203  0.66196  0.275E-07  0.667E-06  pot  B   0.1000
        46  -1.604587  1706.203  0.66196  0.165E-07  0.430E-06  pot  B   0.1000
        47  -1.604587  1706.203  0.66196  0.138E-07  0.683E-06  pot  B   0.1000
        48  -1.604587  1706.203  0.66196  0.135E-07  0.439E-06  pot  B   0.1000
        49  -1.604587  1706.203  0.66196  0.159E-07  0.435E-06  pot  B   0.1000
        50  -1.604587  1706.203  0.66196  0.680E-08  0.242E-06  pot  B   0.1000
        51  -1.604587  1706.203  0.66196  0.614E-08  0.134E-06  pot  B   0.1000
        52  -1.604587  1706.203  0.66196  0.602E-08  0.127E-06  pot  B   0.1000
        53  -1.604587  1706.203  0.66196  0.689E-08  0.139E-06  pot  B   0.1000
        54  -1.604587  1706.203  0.66196  0.923E-08  0.644E-07  pot  B   0.1000
        55  -1.604587  1706.203  0.66196  0.570E-08  0.577E-07  pot  B   0.1000
        56  -1.604587  1706.203  0.66196  0.275E-08  0.313E-07  pot  B   0.1000
        57  -1.604587  1706.203  0.66196  0.276E-08  0.314E-07  pot  B   0.1000
        58  -1.604587  1706.203  0.66196  0.363E-08  0.373E-07  pot  B   0.1000
        59  -1.604587  1706.203  0.66196  0.106E-08  0.320E-07  pot  B   0.1000
        60  -1.604587  1706.203  0.66196  0.168E-08  0.243E-07  pot  B   0.1000
        61  -1.604587  1706.203  0.66196  0.826E-09  0.203E-07  pot  B   0.1000
        62  -1.604587  1706.203  0.66196  0.723E-09  0.129E-07  pot  B   0.1000
        63  -1.604587  1706.203  0.66196  0.416E-09  0.128E-07  pot  B   0.1000
        64  -1.604587  1706.203  0.66196  0.574E-09  0.105E-07  pot  B   0.1000
        65  -1.604587  1706.203  0.66196  0.301E-09  0.746E-08  pot  B   0.1000
**      66  -1.604587  1706.203  0.66196  0.495E-12  0.746E-08  pot  B   0.1000
