 Atom   Index      Q          Qmt        dQ        Vmad        Local Energy
  W         1   73.92322   72.62227   -0.07678    1.66503      -32312.44992
  W         2   73.87796   72.57700   -0.12204    1.71498      -32312.47961
  W         3   73.95383   72.65287   -0.04617    1.62798      -32312.42189
  W         4   73.79252   72.49157   -0.20748    1.79189      -32312.51854
  W         5   73.70936   72.40840   -0.29064    1.88409      -32312.58502
  W         6   73.72172   72.42077   -0.27828    1.87175      -32312.58516
  W         7   73.77835   72.47739   -0.22165    1.81409      -32312.53907
  W         8   73.86323   72.56228   -0.13677    1.72762      -32312.48303
  W         9   73.98360   72.68265   -0.01640    1.60645      -32312.40610
  W        10   73.94539   72.64443   -0.05461    1.63742      -32312.42254
  W        11   73.72116   72.42021   -0.27884    1.87226      -32312.59065
  W        12   73.84782   72.54687   -0.15218    1.74721      -32312.50117
  W        13   73.95967   72.65871   -0.04033    1.63062      -32312.42843
  W        14   73.92363   72.62267   -0.07637    1.66003      -32312.43646
  W        15   73.96326   72.66230   -0.03674    1.62680      -32312.41541
  W        16   73.77292   72.47197   -0.22708    1.82080      -32312.54195
  W        17   73.94367   72.64272   -0.05633    1.64419      -32312.42995
  W        18   73.91847   72.61751   -0.08153    1.67185      -32312.45660
  W        19   73.90284   72.60188   -0.09716    1.69340      -32312.47215
  W        20   73.76313   72.46218   -0.23687    1.83474      -32312.56107
  W        21   73.77667   72.47571   -0.22333    1.81775      -32312.54758
  W        22   73.92504   72.62408   -0.07496    1.66007      -32312.44878
  W        23   73.78977   72.48881   -0.21023    1.81411      -32312.55460
  W        24   73.83861   72.53766   -0.16139    1.74773      -32312.49735
  W        25   73.89660   72.59565   -0.10340    1.69642      -32312.46433
  W        26   73.74611   72.44516   -0.25389    1.85358      -32312.57863
  W        27   73.77093   72.46998   -0.22907    1.82578      -32312.55272
  W        28   73.86727   72.56632   -0.13273    1.72141      -32312.49514
  W        29   73.87681   72.57585   -0.12319    1.72464      -32312.48758
  W        30   73.77923   72.47828   -0.22077    1.81693      -32312.54852
  W        31   73.81350   72.51254   -0.18650    1.77893      -32312.52340
  W        32   73.80117   72.50021   -0.19883    1.79772      -32312.53684
  W        33   73.82230   72.52134   -0.17770    1.77012      -32312.51215
  W        34   73.81303   72.51207   -0.18697    1.77937      -32312.51900
  W        35   73.86743   72.56647   -0.13257    1.72544      -32312.48451
  W        36   73.86793   72.56697   -0.13207    1.71692      -32312.47918
  W        37   73.81936   72.51840   -0.18064    1.76592      -32312.50475
  W        38   73.74789   72.44694   -0.25211    1.83884      -32312.56165
  W        39   73.87008   72.56912   -0.12992    1.72234      -32312.49662
  W        40   73.89709   72.59613   -0.10291    1.69223      -32312.46516
  W        41   73.90525   72.60429   -0.09475    1.68097      -32312.45666
  W        42   73.85303   72.55208   -0.14697    1.74187      -32312.50052
  W        43   73.71516   72.41421   -0.28484    1.88104      -32312.59373
  W        44   73.94221   72.64125   -0.05779    1.65172      -32312.43509
  W        45   73.97778   72.67683   -0.02222    1.61120      -32312.41010
  W        46   73.86888   72.56793   -0.13112    1.71540      -32312.47769
  W        47   73.88232   72.58136   -0.11768    1.69894      -32312.45594
  W        48   73.74768   72.44672   -0.25232    1.84827      -32312.56243
  W        49   73.75694   72.45598   -0.24306    1.83931      -32312.57144
  W        50   73.86493   72.56398   -0.13507    1.73148      -32312.49380
  W        51   73.74242   72.44147   -0.25758    1.85024      -32312.57705
  W        52   73.87024   72.56929   -0.12976    1.72391      -32312.48412
  W        53   73.88770   72.58674   -0.11230    1.70227      -32312.46134
  W        54   73.82238   72.52142   -0.17762    1.76539      -32312.50878
  W        55   73.73913   72.43818   -0.26087    1.85923      -32312.56608
  W        56   73.89972   72.59876   -0.10028    1.69641      -32312.47296
  W        57   73.79570   72.49475   -0.20430    1.80562      -32312.54527
  W        58   73.89061   72.58965   -0.10939    1.71037      -32312.48063
  W        59   73.94931   72.64835   -0.05069    1.63215      -32312.42043
  W        60   73.91124   72.61028   -0.08876    1.67564      -32312.44776
  W        61   73.80975   72.50880   -0.19025    1.78850      -32312.53169
  W        62   73.87704   72.57609   -0.12296    1.71219      -32312.47261
  W        63   73.83685   72.53589   -0.16315    1.76623      -32312.52813
  W        64   73.83095   72.52999   -0.16905    1.76951      -32312.52607
  W        65   73.89209   72.59113   -0.10791    1.70244      -32312.47485
  W        66   73.97306   72.67211   -0.02694    1.62691      -32312.43055
  W        67   73.84040   72.53945   -0.15960    1.74909      -32312.50908
  W        68   73.82309   72.52214   -0.17691    1.76843      -32312.50887
  W        69   73.79109   72.49014   -0.20891    1.79448      -32312.51670
  W        70   73.82994   72.52899   -0.17006    1.77534      -32312.52343
  W        71   74.01872   72.71777    0.01872    1.57126      -32312.38613
  W        72   73.70778   72.40683   -0.29222    1.89653      -32312.60128
  W        73   73.87135   72.57039   -0.12865    1.72823      -32312.50145
  W        74   73.82547   72.52451   -0.17453    1.75936      -32312.49737
  W        75   73.90568   72.60473   -0.09432    1.67453      -32312.44347
  W        76   73.82347   72.52251   -0.17653    1.76945      -32312.51745
  W        77   73.82310   72.52215   -0.17690    1.76942      -32312.51369
  W        78   73.91771   72.61676   -0.08229    1.66979      -32312.45262
  W        79   73.87011   72.56916   -0.12989    1.72102      -32312.48023
  W        80   73.82441   72.52346   -0.17559    1.76992      -32312.52064
  W        81   73.77513   72.47417   -0.22487    1.82717      -32312.55726
  W        82   73.80745   72.50649   -0.19255    1.78392      -32312.52156
  W        83   73.91909   72.61813   -0.08091    1.68284      -32312.46594
  W        84   73.80784   72.50688   -0.19216    1.78163      -32312.52529
  W        85   73.94061   72.63966   -0.05939    1.65324      -32312.43992
  W        86   73.93141   72.63046   -0.06859    1.65776      -32312.44423
  W        87   73.83247   72.53151   -0.16753    1.75920      -32312.51184
  W        88   73.97604   72.67509   -0.02396    1.61601      -32312.41457
  W        89   73.76061   72.45966   -0.23939    1.83147      -32312.54453
  W        90   73.82914   72.52818   -0.17086    1.76129      -32312.50335
  W        91   73.71832   72.41736   -0.28168    1.87398      -32312.58006
  W        92   73.82978   72.52882   -0.17022    1.76829      -32312.52092
  W        93   73.95785   72.65689   -0.04215    1.62332      -32312.41587
  W        94   73.90793   72.60698   -0.09207    1.68266      -32312.45830
  W        95   73.94592   72.64496   -0.05408    1.63962      -32312.43159
  W        96   73.75514   72.45419   -0.24486    1.84258      -32312.56865
  W        97   73.68812   72.38717   -0.31188    1.90654      -32312.60879
  W        98   73.82568   72.52473   -0.17432    1.75260      -32312.49591
  W        99   73.66951   72.36856   -0.33049    1.93471      -32312.62843
  W       100   73.72870   72.42774   -0.27130    1.85986      -32312.56232
  W       101   74.01714   72.71618    0.01714    1.57034      -32312.37864
  W       102   73.90774   72.60679   -0.09226    1.68888      -32312.46671
  W       103   73.84336   72.54241   -0.15664    1.75157      -32312.49954
  W       104   73.98834   72.68739   -0.01166    1.59575      -32312.40244
  W       105   73.83389   72.53293   -0.16611    1.74953      -32312.49673
  W       106   73.93035   72.62939   -0.06965    1.66001      -32312.43768
  W       107   73.87389   72.57293   -0.12611    1.71755      -32312.48997
  W       108   73.89043   72.58948   -0.10957    1.68134      -32312.43911
  W       109   73.87942   72.57846   -0.12058    1.71587      -32312.48569
  W       110   73.87247   72.57152   -0.12753    1.71998      -32312.47754
  W       111   73.83225   72.53130   -0.16775    1.76275      -32312.50313
  W       112   73.81811   72.51716   -0.18189    1.76195      -32312.50222
  W       113   73.75785   72.45689   -0.24215    1.83395      -32312.56747
  W       114   73.78538   72.48442   -0.21462    1.81033      -32312.54349
  W       115   73.95520   72.65424   -0.04480    1.63729      -32312.43812
  W       116   73.90474   72.60379   -0.09526    1.69254      -32312.46839
  W       117   73.87215   72.57119   -0.12785    1.72981      -32312.49129
  W       118   73.94230   72.64135   -0.05770    1.63935      -32312.41365
  W       119   73.78156   72.48060   -0.21844    1.80758      -32312.53172
  W       120   73.86047   72.55951   -0.13953    1.73667      -32312.49632
  W       121   73.78238   72.48142   -0.21762    1.80720      -32312.52590
  W       122   73.80567   72.50471   -0.19433    1.79551      -32312.54181
  W       123   73.80192   72.50097   -0.19808    1.78885      -32312.52428
  W       124   73.74411   72.44315   -0.25589    1.85300      -32312.57970
  W       125   73.90168   72.60073   -0.09832    1.68050      -32312.44182
  W       126   73.84446   72.54351   -0.15554    1.75390      -32312.50683
  W       127   73.65867   72.35771   -0.34133    1.93958      -32312.62603
  W       128   73.86509   72.56414   -0.13491    1.73077      -32312.48961
  Nb      129   40.83779   39.53684   -0.16221    1.78464       -7632.61408
  Nb      130   40.85305   39.55209   -0.14695    1.76957       -7632.61055
  Nb      131   40.85480   39.55385   -0.14520    1.77384       -7632.61557
  Nb      132   40.92585   39.62490   -0.07415    1.69722       -7632.55977
  Nb      133   40.95142   39.65047   -0.04858    1.66996       -7632.54745
  Nb      134   40.93388   39.63293   -0.06612    1.69304       -7632.55787
  Nb      135   40.95926   39.65830   -0.04074    1.66900       -7632.54583
  Nb      136   40.95150   39.65054   -0.04850    1.66827       -7632.55718
  Nb      137   40.95625   39.65530   -0.04375    1.66374       -7632.54416
  Nb      138   40.84191   39.54096   -0.15809    1.78282       -7632.61344
  Nb      139   40.98394   39.68299   -0.01606    1.63891       -7632.53527
  Nb      140   40.93156   39.63060   -0.06844    1.70077       -7632.57610
  Nb      141   40.98882   39.68787   -0.01118    1.63270       -7632.52222
  Nb      142   41.03895   39.73800    0.03895    1.59149       -7632.49403
  Nb      143   40.83205   39.53110   -0.16795    1.79283       -7632.62434
  Nb      144   40.89451   39.59356   -0.10549    1.73137       -7632.58762
  Nb      145   40.96338   39.66243   -0.03662    1.66210       -7632.54491
  Nb      146   40.98506   39.68411   -0.01494    1.63466       -7632.52340
  Nb      147   40.86996   39.56900   -0.13004    1.75707       -7632.59376
  Nb      148   40.81276   39.51180   -0.18724    1.81457       -7632.63385
  Nb      149   40.87872   39.57777   -0.12128    1.73943       -7632.58286
  Nb      150   40.77098   39.47003   -0.22902    1.85982       -7632.66246
  Nb      151   40.87405   39.57310   -0.12595    1.75005       -7632.60300
  Nb      152   40.72159   39.42063   -0.27841    1.90554       -7632.69096
  Nb      153   40.83943   39.53847   -0.16057    1.78868       -7632.62694
  Nb      154   40.97176   39.67081   -0.02824    1.65053       -7632.54724
  Nb      155   40.93635   39.63540   -0.06365    1.68239       -7632.54921
  Nb      156   41.02268   39.72172    0.02268    1.60255       -7632.49102
  Nb      157   40.95876   39.65781   -0.04124    1.65725       -7632.53617
  Nb      158   40.92157   39.62062   -0.07843    1.70709       -7632.56515
  Nb      159   41.00674   39.70579    0.00674    1.62361       -7632.52222
  Nb      160   40.93695   39.63600   -0.06305    1.69006       -7632.57283
  Nb      161   40.99217   39.69122   -0.00783    1.63604       -7632.52440
  Nb      162   41.01570   39.71474    0.01570    1.60707       -7632.51375
  Nb      163   40.93549   39.63454   -0.06451    1.68165       -7632.56027
  Nb      164   41.02170   39.72075    0.02170    1.59994       -7632.50162
  Nb      165   40.94443   39.64347   -0.05557    1.68499       -7632.55544
  Nb      166   40.94644   39.64549   -0.05356    1.68769       -7632.56072
  Nb      167   40.83608   39.53513   -0.16392    1.78777       -7632.61766
  Nb      168   41.08601   39.78505    0.08601    1.54390       -7632.46832
  Nb      169   40.73828   39.43733   -0.26172    1.88920       -7632.67457
  Nb      170   40.95682   39.65587   -0.04318    1.66970       -7632.55750
  Nb      171   40.85178   39.55083   -0.14822    1.77479       -7632.60706
  Nb      172   40.98995   39.68900   -0.01005    1.63630       -7632.52415
  Nb      173   40.80835   39.50740   -0.19165    1.81479       -7632.64342
  Nb      174   41.06334   39.76239    0.06334    1.56088       -7632.48383
  Nb      175   40.80200   39.50104   -0.19800    1.82042       -7632.63775
  Nb      176   41.02825   39.72730    0.02825    1.60082       -7632.51087
  Nb      177   41.01793   39.71697    0.01793    1.61125       -7632.51092
  Nb      178   40.78959   39.48863   -0.21041    1.83556       -7632.66005
  Nb      179   40.99923   39.69828   -0.00077    1.63026       -7632.53414
  Nb      180   40.87186   39.57091   -0.12814    1.75467       -7632.60470
  Nb      181   40.74946   39.44851   -0.25054    1.87676       -7632.68860
  Nb      182   40.93118   39.63023   -0.06882    1.69435       -7632.57148
  Nb      183   40.96260   39.66165   -0.03740    1.65145       -7632.53845
  Nb      184   40.93716   39.63621   -0.06284    1.69082       -7632.57324
  Nb      185   40.92350   39.62254   -0.07650    1.70790       -7632.57168
  Nb      186   40.96897   39.66802   -0.03103    1.65743       -7632.53667
  Nb      187   41.05366   39.75271    0.05366    1.57744       -7632.49126
  Nb      188   40.97738   39.67642   -0.02262    1.64801       -7632.53495
  Nb      189   40.91970   39.61874   -0.08030    1.70916       -7632.57969
  Nb      190   40.99124   39.69029   -0.00876    1.63336       -7632.52600
  Nb      191   40.87651   39.57556   -0.12349    1.75402       -7632.60289
  Nb      192   40.79476   39.49380   -0.20524    1.83811       -7632.66375
  Nb      193   40.86725   39.56629   -0.13275    1.76551       -7632.61265
  Nb      194   40.81366   39.51271   -0.18634    1.81689       -7632.64080
  Nb      195   41.04464   39.74369    0.04464    1.57575       -7632.48767
  Nb      196   40.96302   39.66206   -0.03698    1.67023       -7632.55494
  Nb      197   40.96277   39.66181   -0.03723    1.66077       -7632.54620
  Nb      198   40.91294   39.61198   -0.08706    1.71697       -7632.57943
  Nb      199   40.94784   39.64688   -0.05216    1.67931       -7632.55053
  Nb      200   40.85191   39.55095   -0.14809    1.77602       -7632.61343
  Nb      201   40.80212   39.50117   -0.19788    1.82940       -7632.65091
  Nb      202   41.04627   39.74532    0.04627    1.57759       -7632.48754
  Nb      203   40.83901   39.53806   -0.16099    1.78461       -7632.62058
  Nb      204   40.88812   39.58716   -0.11188    1.74274       -7632.59823
  Nb      205   41.09294   39.79198    0.09294    1.53937       -7632.47269
  Nb      206   40.95916   39.65820   -0.04084    1.65940       -7632.53673
  Nb      207   40.90642   39.60547   -0.09358    1.71742       -7632.58193
  Nb      208   40.92980   39.62885   -0.07020    1.69896       -7632.57765
  Nb      209   40.77140   39.47044   -0.22860    1.85797       -7632.67083
  Nb      210   40.80065   39.49970   -0.19935    1.82634       -7632.64888
  Nb      211   41.01188   39.71093    0.01188    1.60561       -7632.50195
  Nb      212   40.89381   39.59285   -0.10619    1.73149       -7632.58489
  Nb      213   40.96913   39.66817   -0.03087    1.65962       -7632.54851
  Nb      214   40.75817   39.45722   -0.24183    1.86839       -7632.68243
  Nb      215   40.91771   39.61676   -0.08229    1.70370       -7632.57013
  Nb      216   40.87045   39.56950   -0.12955    1.75301       -7632.60398
  Nb      217   40.91807   39.61712   -0.08193    1.70674       -7632.57351
  Nb      218   40.92793   39.62698   -0.07207    1.69464       -7632.55357
  Nb      219   40.88712   39.58616   -0.11288    1.73114       -7632.59101
  Nb      220   40.94740   39.64644   -0.05260    1.67127       -7632.55278
  Nb      221   40.82257   39.52162   -0.17743    1.80660       -7632.62936
  Nb      222   41.02042   39.71946    0.02042    1.60573       -7632.49919
  Nb      223   41.03288   39.73193    0.03288    1.59285       -7632.50938
  Nb      224   40.93608   39.63512   -0.06392    1.69026       -7632.56468
  Nb      225   41.11707   39.81612    0.11707    1.50897       -7632.45594
  Nb      226   40.99825   39.69730   -0.00175    1.62760       -7632.51741
  Nb      227   40.78842   39.48746   -0.21158    1.83935       -7632.65420
  Nb      228   40.97307   39.67212   -0.02693    1.65752       -7632.54246
  Nb      229   40.92345   39.62249   -0.07655    1.70911       -7632.57941
  Nb      230   40.72334   39.42238   -0.27666    1.90382       -7632.68525
  Nb      231   40.75932   39.45836   -0.24068    1.87135       -7632.67790
  Nb      232   40.81924   39.51829   -0.18076    1.81095       -7632.64309
  Nb      233   40.82828   39.52733   -0.17172    1.78933       -7632.62393
  Nb      234   40.94298   39.64203   -0.05702    1.68321       -7632.56085
  Nb      235   40.99491   39.69396   -0.00509    1.63055       -7632.52903
  Nb      236   40.94604   39.64508   -0.05396    1.68022       -7632.56659
  Nb      237   40.86045   39.55949   -0.13955    1.76748       -7632.60801
  Nb      238   40.81621   39.51526   -0.18379    1.80527       -7632.62934
  Nb      239   40.96847   39.66752   -0.03153    1.65817       -7632.54429
  Nb      240   40.92857   39.62762   -0.07143    1.69535       -7632.56885
  Nb      241   40.73684   39.43588   -0.26316    1.88867       -7632.68618
  Nb      242   40.79110   39.49015   -0.20890    1.83291       -7632.64007
  Nb      243   40.90888   39.60792   -0.09112    1.71983       -7632.58206
  Nb      244   40.91280   39.61184   -0.08720    1.70645       -7632.56015
  Nb      245   40.86765   39.56669   -0.13235    1.75586       -7632.60933
  Nb      246   40.94671   39.64575   -0.05329    1.68073       -7632.55400
  Nb      247   41.09091   39.78996    0.09091    1.53202       -7632.46250
  Nb      248   40.89386   39.59290   -0.10614    1.72515       -7632.58092
  Nb      249   40.82652   39.52557   -0.17348    1.79602       -7632.62137
  Nb      250   40.89696   39.59600   -0.10304    1.72718       -7632.58548
  Nb      251   40.93696   39.63601   -0.06304    1.68884       -7632.56093
  Nb      252   40.95826   39.65730   -0.04174    1.67079       -7632.55727
  Nb      253   40.75544   39.45448   -0.24456    1.87161       -7632.67680
  Nb      254   40.86662   39.56567   -0.13338    1.76502       -7632.62130
  Nb      255   40.91215   39.61119   -0.08785    1.71205       -7632.57641
  Nb      256   40.91117   39.61021   -0.08883    1.71903       -7632.58505
  Mo      257   41.95913   40.65817   -0.04087    1.76486       -8090.63503
  Mo      258   42.09219   40.79124    0.09219    1.62330       -8090.54625
  Mo      259   42.07105   40.77009    0.07105    1.64634       -8090.56214
  Mo      260   42.17723   40.87627    0.17723    1.54404       -8090.49849
  Mo      261   42.08551   40.78456    0.08551    1.62808       -8090.53770
  Mo      262   42.08485   40.78389    0.08485    1.63593       -8090.55504
  Mo      263   42.09508   40.79413    0.09508    1.61734       -8090.53321
  Mo      264   42.25560   40.95464    0.25560    1.46013       -8090.45260
  Mo      265   42.08433   40.78337    0.08433    1.63402       -8090.55610
  Mo      266   41.98155   40.68060   -0.01845    1.74070       -8090.62090
  Mo      267   42.10291   40.80196    0.10291    1.61269       -8090.53541
  Mo      268   42.02450   40.72354    0.02450    1.69860       -8090.59720
  Mo      269   41.96321   40.66225   -0.03679    1.76434       -8090.63369
  Mo      270   42.11951   40.81856    0.11951    1.60046       -8090.53410
  Mo      271   42.07808   40.77713    0.07808    1.64119       -8090.56423
  Mo      272   42.05654   40.75559    0.05654    1.66135       -8090.57601
  Mo      273   42.18928   40.88833    0.18928    1.51633       -8090.47555
  Mo      274   42.07306   40.77211    0.07306    1.64520       -8090.56194
  Mo      275   42.11809   40.81714    0.11809    1.59715       -8090.52706
  Mo      276   42.12226   40.82130    0.12226    1.59480       -8090.53736
  Mo      277   41.97820   40.67725   -0.02180    1.74387       -8090.61819
  Mo      278   42.03097   40.73001    0.03097    1.69733       -8090.59463
  Mo      279   42.05731   40.75636    0.05731    1.65844       -8090.56674
  Mo      280   42.06353   40.76258    0.06353    1.64480       -8090.54726
  Mo      281   42.06647   40.76551    0.06647    1.64919       -8090.56778
  Mo      282   42.01639   40.71543    0.01639    1.71120       -8090.60590
  Mo      283   42.03950   40.73855    0.03950    1.68507       -8090.58788
  Mo      284   42.10706   40.80610    0.10706    1.60419       -8090.54038
  Mo      285   41.86797   40.56701   -0.13203    1.86199       -8090.70284
  Mo      286   42.10347   40.80251    0.10347    1.62618       -8090.55887
  Mo      287   42.11116   40.81021    0.11116    1.59909       -8090.52327
  Mo      288   42.02975   40.72880    0.02975    1.69282       -8090.58897
  Mo      289   42.22057   40.91962    0.22057    1.49646       -8090.46941
  Mo      290   42.09717   40.79621    0.09717    1.61280       -8090.53290
  Mo      291   42.03857   40.73762    0.03857    1.68543       -8090.58401
  Mo      292   42.12482   40.82386    0.12482    1.59119       -8090.52240
  Mo      293   42.10315   40.80219    0.10315    1.60374       -8090.52473
  Mo      294   42.17657   40.87562    0.17657    1.54043       -8090.49726
  Mo      295   42.10822   40.80726    0.10822    1.60825       -8090.53928
  Mo      296   42.13116   40.83020    0.13116    1.57615       -8090.51453
  Mo      297   41.96811   40.66716   -0.03189    1.75349       -8090.62361
  Mo      298   42.06191   40.76096    0.06191    1.65936       -8090.56695
  Mo      299   41.95364   40.65268   -0.04636    1.76863       -8090.63801
  Mo      300   42.05988   40.75893    0.05988    1.66357       -8090.57856
  Mo      301   42.24235   40.94140    0.24235    1.46487       -8090.44954
  Mo      302   42.22459   40.92363    0.22459    1.48884       -8090.46860
  Mo      303   42.13263   40.83168    0.13263    1.58732       -8090.52901
  Mo      304   42.03971   40.73875    0.03971    1.67401       -8090.57815
  Mo      305   41.87090   40.56994   -0.12910    1.85629       -8090.68978
  Mo      306   42.21217   40.91122    0.21217    1.51359       -8090.48769
  Mo      307   42.10238   40.80143    0.10238    1.61514       -8090.53397
  Mo      308   42.16061   40.85966    0.16061    1.56121       -8090.51083
  Mo      309   42.09046   40.78951    0.09046    1.62185       -8090.53840
  Mo      310   42.16729   40.86633    0.16729    1.55277       -8090.50666
  Mo      311   42.20621   40.90525    0.20621    1.51352       -8090.48619
  Mo      312   42.13557   40.83462    0.13557    1.57993       -8090.52058
  Mo      313   42.13481   40.83386    0.13481    1.57517       -8090.50790
  Mo      314   42.02510   40.72414    0.02510    1.68218       -8090.57856
  Mo      315   42.04944   40.74848    0.04944    1.68032       -8090.58952
  Mo      316   42.02081   40.71985    0.02081    1.69959       -8090.58763
  Mo      317   42.14400   40.84305    0.14400    1.56433       -8090.51157
  Mo      318   41.93644   40.63549   -0.06356    1.79564       -8090.66292
  Mo      319   41.80077   40.49982   -0.19923    1.92637       -8090.73178
  Mo      320   42.03612   40.73516    0.03612    1.67344       -8090.57979
  Mo      321   41.90120   40.60025   -0.09880    1.81956       -8090.66558
  Mo      322   42.11694   40.81598    0.11694    1.59733       -8090.52923
  Mo      323   41.92841   40.62745   -0.07159    1.79032       -8090.64273
  Mo      324   41.95840   40.65745   -0.04160    1.76832       -8090.64017
  Mo      325   42.02753   40.72658    0.02753    1.69073       -8090.59602
  Mo      326   41.90601   40.60505   -0.09399    1.81410       -8090.65257
  Mo      327   42.00472   40.70377    0.00472    1.71679       -8090.59741
  Mo      328   42.12514   40.82419    0.12514    1.58298       -8090.51459
  Mo      329   42.18174   40.88078    0.18174    1.53207       -8090.48865
  Mo      330   42.03121   40.73025    0.03121    1.69172       -8090.59183
  Mo      331   42.02564   40.72469    0.02564    1.68772       -8090.57574
  Mo      332   41.98814   40.68718   -0.01186    1.72882       -8090.59860
  Mo      333   42.13205   40.83109    0.13205    1.59018       -8090.53670
  Mo      334   42.13455   40.83360    0.13455    1.58063       -8090.52988
  Mo      335   42.09834   40.79739    0.09834    1.60816       -8090.52909
  Mo      336   41.98807   40.68711   -0.01193    1.73002       -8090.60351
  Mo      337   42.07111   40.77015    0.07111    1.65161       -8090.56713
  Mo      338   42.09309   40.79213    0.09309    1.61792       -8090.53817
  Mo      339   41.97240   40.67144   -0.02760    1.74558       -8090.61792
  Mo      340   42.15585   40.85490    0.15585    1.55871       -8090.50279
  Mo      341   42.13158   40.83063    0.13158    1.58435       -8090.52182
  Mo      342   42.01166   40.71070    0.01166    1.71133       -8090.59720
  Mo      343   41.93749   40.63654   -0.06251    1.78683       -8090.64309
  Mo      344   42.06844   40.76749    0.06844    1.65160       -8090.56265
  Mo      345   42.13513   40.83417    0.13513    1.58542       -8090.52418
  Mo      346   41.83333   40.53238   -0.16667    1.88677       -8090.70345
  Mo      347   42.05761   40.75665    0.05761    1.66860       -8090.58087
  Mo      348   42.05213   40.75118    0.05213    1.66083       -8090.56660
  Mo      349   42.07220   40.77124    0.07220    1.64450       -8090.56384
  Mo      350   41.93664   40.63568   -0.06336    1.78437       -8090.64652
  Mo      351   42.18746   40.88651    0.18746    1.53658       -8090.49982
  Mo      352   42.09358   40.79263    0.09358    1.62300       -8090.54188
  Mo      353   41.94115   40.64020   -0.05885    1.78447       -8090.64363
  Mo      354   42.10107   40.80011    0.10107    1.60955       -8090.53238
  Mo      355   41.95506   40.65411   -0.04494    1.77132       -8090.64991
  Mo      356   41.99836   40.69740   -0.00164    1.72766       -8090.61638
  Mo      357   42.18057   40.87962    0.18057    1.53858       -8090.50297
  Mo      358   42.16128   40.86033    0.16128    1.54630       -8090.48990
  Mo      359   42.08190   40.78094    0.08190    1.63574       -8090.55312
  Mo      360   41.96444   40.66348   -0.03556    1.75688       -8090.62865
  Mo      361   42.09151   40.79055    0.09151    1.62114       -8090.53204
  Mo      362   42.08307   40.78211    0.08307    1.63002       -8090.55896
  Mo      363   41.97584   40.67489   -0.02416    1.74065       -8090.61792
  Mo      364   42.09370   40.79274    0.09370    1.62336       -8090.54898
  Mo      365   41.89527   40.59432   -0.10473    1.83065       -8090.68227
  Mo      366   42.11339   40.81243    0.11339    1.60421       -8090.53172
  Mo      367   42.11312   40.81216    0.11312    1.59691       -8090.52687
  Mo      368   41.97713   40.67617   -0.02287    1.73347       -8090.60116
  Mo      369   41.93806   40.63710   -0.06194    1.78721       -8090.64002
  Mo      370   42.15347   40.85252    0.15347    1.56854       -8090.52040
  Mo      371   41.89581   40.59485   -0.10419    1.82390       -8090.66516
  Mo      372   42.06055   40.75959    0.06055    1.65565       -8090.56515
  Mo      373   42.10866   40.80771    0.10866    1.59845       -8090.52595
  Mo      374   42.18051   40.87956    0.18051    1.53033       -8090.48192
  Mo      375   42.22845   40.92750    0.22845    1.48624       -8090.46646
  Mo      376   42.11712   40.81617    0.11712    1.60272       -8090.53585
  Mo      377   42.11122   40.81027    0.11122    1.60084       -8090.53306
  Mo      378   42.03644   40.73549    0.03644    1.67747       -8090.57556
  Mo      379   41.89067   40.58972   -0.10933    1.83304       -8090.66794
  Mo      380   42.02389   40.72293    0.02389    1.70006       -8090.58966
  Mo      381   42.13664   40.83569    0.13664    1.58079       -8090.52232
  Mo      382   42.08402   40.78306    0.08402    1.62983       -8090.53606
  Mo      383   41.90288   40.60193   -0.09712    1.82014       -8090.66582
  Mo      384   42.06403   40.76308    0.06403    1.65229       -8090.56133
  Ta      385   72.79423   71.49327   -0.20577    1.74183      -31232.90354
  Ta      386   72.57112   71.27016   -0.42888    1.96413      -31233.04274
  Ta      387   72.74656   71.44560   -0.25344    1.78231      -31232.92791
  Ta      388   72.58125   71.28030   -0.41875    1.94772      -31233.04480
  Ta      389   72.63489   71.33393   -0.36511    1.89419      -31232.97908
  Ta      390   72.72431   71.42335   -0.27569    1.81638      -31232.95826
  Ta      391   72.79316   71.49221   -0.20684    1.74228      -31232.90023
  Ta      392   72.62652   71.32557   -0.37348    1.90261      -31232.99958
  Ta      393   72.69122   71.39026   -0.30878    1.83389      -31232.96594
  Ta      394   72.85057   71.54962   -0.14943    1.68118      -31232.87252
  Ta      395   72.75067   71.44972   -0.24933    1.78604      -31232.93144
  Ta      396   72.67948   71.37853   -0.32052    1.85355      -31232.98316
  Ta      397   72.84814   71.54719   -0.15186    1.69288      -31232.87655
  Ta      398   72.83199   71.53104   -0.16801    1.70902      -31232.89725
  Ta      399   72.67597   71.37501   -0.32403    1.85535      -31232.97547
  Ta      400   72.79178   71.49082   -0.20822    1.73917      -31232.90898
  Ta      401   72.82114   71.52019   -0.17886    1.71693      -31232.89036
  Ta      402   72.83582   71.53487   -0.16418    1.70310      -31232.87740
  Ta      403   72.72801   71.42705   -0.27199    1.81123      -31232.96186
  Ta      404   72.83040   71.52944   -0.16960    1.69901      -31232.88071
  Ta      405   72.86471   71.56376   -0.13529    1.66322      -31232.84201
  Ta      406   72.79244   71.49148   -0.20756    1.74833      -31232.90999
  Ta      407   72.82547   71.52452   -0.17453    1.70457      -31232.88174
  Ta      408   72.73649   71.43553   -0.26351    1.79438      -31232.92241
  Ta      409   72.59206   71.29111   -0.40794    1.94135      -31233.02910
  Ta      410   72.67730   71.37635   -0.32270    1.85788      -31232.98396
  Ta      411   72.64447   71.34352   -0.35553    1.88807      -31233.00318
  Ta      412   72.89266   71.59171   -0.10734    1.64270      -31232.83735
  Ta      413   72.73315   71.43220   -0.26685    1.79602      -31232.93892
  Ta      414   72.56718   71.26623   -0.43282    1.96321      -31233.05090
  Ta      415   72.72493   71.42398   -0.27507    1.80666      -31232.93881
  Ta      416   72.86667   71.56572   -0.13333    1.67248      -31232.85915
  Ta      417   72.69174   71.39079   -0.30826    1.83877      -31232.96283
  Ta      418   72.77911   71.47816   -0.22089    1.76099      -31232.91190
  Ta      419   72.60937   71.30842   -0.39063    1.92132      -31233.02772
  Ta      420   72.82175   71.52080   -0.17825    1.70667      -31232.88921
  Ta      421   72.70734   71.40638   -0.29266    1.82345      -31232.94811
  Ta      422   72.80367   71.50271   -0.19633    1.73627      -31232.91306
  Ta      423   72.77743   71.47647   -0.22257    1.75775      -31232.91175
  Ta      424   72.77688   71.47593   -0.22312    1.75480      -31232.92313
  Ta      425   72.75517   71.45422   -0.24483    1.77515      -31232.92461
  Ta      426   72.67500   71.37404   -0.32500    1.85814      -31232.96917
  Ta      427   72.80740   71.50644   -0.19260    1.72188      -31232.89156
  Ta      428   72.57631   71.27536   -0.42369    1.95877      -31233.05668
  Ta      429   72.66122   71.36027   -0.33878    1.87130      -31232.98357
  Ta      430   72.84220   71.54124   -0.15780    1.69114      -31232.86568
  Ta      431   72.66456   71.36360   -0.33544    1.86382      -31232.98368
  Ta      432   72.72032   71.41937   -0.27968    1.81592      -31232.95903
  Ta      433   72.85766   71.55670   -0.14234    1.68148      -31232.86318
  Ta      434   72.67109   71.37014   -0.32891    1.86715      -31232.98904
  Ta      435   72.80554   71.50458   -0.19446    1.72781      -31232.89010
  Ta      436   72.85412   71.55316   -0.14588    1.68180      -31232.87234
  Ta      437   72.84960   71.54864   -0.15040    1.69665      -31232.87811
  Ta      438   72.82243   71.52148   -0.17757    1.71072      -31232.88008
  Ta      439   72.85933   71.55838   -0.14067    1.67089      -31232.86634
  Ta      440   72.72406   71.42311   -0.27594    1.81113      -31232.95191
  Ta      441   72.64867   71.34771   -0.35133    1.88413      -31233.00758
  Ta      442   72.75797   71.45702   -0.24203    1.77054      -31232.91923
  Ta      443   72.49521   71.19426   -0.50479    2.04030      -31233.09719
  Ta      444   72.69620   71.39524   -0.30380    1.83040      -31232.96492
  Ta      445   72.80624   71.50528   -0.19376    1.72738      -31232.88830
  Ta      446   72.62557   71.32462   -0.37443    1.90595      -31232.99752
  Ta      447   72.82751   71.52655   -0.17249    1.70143      -31232.87813
  Ta      448   72.74519   71.44423   -0.25481    1.78704      -31232.92414
  Ta      449   72.68269   71.38174   -0.31731    1.85499      -31232.98435
  Ta      450   72.64192   71.34097   -0.35808    1.88414      -31232.99814
  Ta      451   72.70015   71.39920   -0.29985    1.82205      -31232.95797
  Ta      452   72.63761   71.33665   -0.36239    1.89939      -31233.01490
  Ta      453   72.59323   71.29228   -0.40677    1.94402      -31233.04723
  Ta      454   72.80220   71.50125   -0.19780    1.73100      -31232.90378
  Ta      455   72.75247   71.45151   -0.24753    1.78621      -31232.93304
  Ta      456   72.73567   71.43472   -0.26433    1.79774      -31232.94059
  Ta      457   72.88862   71.58766   -0.11138    1.64605      -31232.82383
  Ta      458   72.92638   71.62543   -0.07362    1.61533      -31232.82067
  Ta      459   72.77050   71.46955   -0.22950    1.76481      -31232.91503
  Ta      460   72.79233   71.49138   -0.20767    1.73923      -31232.89678
  Ta      461   72.67555   71.37460   -0.32445    1.85640      -31232.98411
  Ta      462   72.81302   71.51207   -0.18698    1.72261      -31232.89246
  Ta      463   72.88354   71.58259   -0.11646    1.64387      -31232.84471
  Ta      464   72.75837   71.45741   -0.24163    1.77754      -31232.92478
  Ta      465   72.77103   71.47007   -0.22897    1.76838      -31232.92871
  Ta      466   72.83919   71.53824   -0.16081    1.69180      -31232.87439
  Ta      467   72.74019   71.43924   -0.25981    1.78471      -31232.92898
  Ta      468   72.74559   71.44463   -0.25441    1.79011      -31232.94113
  Ta      469   72.61619   71.31524   -0.38381    1.91771      -31233.01327
  Ta      470   72.70471   71.40376   -0.29529    1.82809      -31232.96144
  Ta      471   72.62950   71.32854   -0.37050    1.90552      -31233.02226
  Ta      472   72.67657   71.37562   -0.32343    1.85700      -31232.97894
  Ta      473   72.69964   71.39869   -0.30036    1.82936      -31232.95761
  Ta      474   72.60813   71.30717   -0.39187    1.92490      -31233.02642
  Ta      475   72.77941   71.47845   -0.22059    1.75372      -31232.91332
  Ta      476   72.86220   71.56125   -0.13780    1.66721      -31232.85205
  Ta      477   72.83868   71.53772   -0.16132    1.69088      -31232.87814
  Ta      478   72.64401   71.34306   -0.35599    1.88433      -31232.99205
  Ta      479   72.77606   71.47511   -0.22394    1.75255      -31232.91826
  Ta      480   72.80547   71.50451   -0.19453    1.72780      -31232.89857
  Ta      481   72.48815   71.18719   -0.51185    2.04284      -31233.09930
  Ta      482   72.80133   71.50038   -0.19867    1.73517      -31232.90003
  Ta      483   72.74409   71.44313   -0.25591    1.79868      -31232.94159
  Ta      484   72.96025   71.65930   -0.03975    1.57233      -31232.79757
  Ta      485   72.79679   71.49584   -0.20321    1.74139      -31232.89593
  Ta      486   72.73331   71.43236   -0.26669    1.79970      -31232.93967
  Ta      487   72.66238   71.36142   -0.33762    1.86948      -31232.99721
  Ta      488   72.76762   71.46667   -0.23238    1.76155      -31232.91637
  Ta      489   72.81455   71.51360   -0.18545    1.72230      -31232.89229
  Ta      490   72.70738   71.40643   -0.29262    1.83325      -31232.95888
  Ta      491   72.72656   71.42561   -0.27344    1.80571      -31232.94599
  Ta      492   72.74250   71.44154   -0.25750    1.79850      -31232.94244
  Ta      493   72.79869   71.49774   -0.20131    1.73690      -31232.89495
  Ta      494   72.80080   71.49985   -0.19920    1.72741      -31232.89999
  Ta      495   72.63186   71.33090   -0.36814    1.89825      -31232.99216
  Ta      496   72.71190   71.41094   -0.28810    1.83044      -31232.97529
  Ta      497   72.80423   71.50328   -0.19577    1.73663      -31232.90817
  Ta      498   72.79546   71.49450   -0.20454    1.73994      -31232.90620
  Ta      499   72.77582   71.47486   -0.22418    1.75917      -31232.92518
  Ta      500   72.81850   71.51754   -0.18150    1.71913      -31232.89895
  Ta      501   72.77088   71.46992   -0.22912    1.76548      -31232.92156
  Ta      502   72.82117   71.52022   -0.17883    1.71073      -31232.90183
  Ta      503   72.86532   71.56437   -0.13468    1.67228      -31232.85837
  Ta      504   72.84741   71.54645   -0.15259    1.68578      -31232.87251
  Ta      505   72.65030   71.34935   -0.34970    1.88614      -31232.98848
  Ta      506   72.76036   71.45940   -0.23964    1.77091      -31232.91798
  Ta      507   72.79605   71.49509   -0.20395    1.73190      -31232.89305
  Ta      508   72.60732   71.30636   -0.39268    1.92659      -31233.03599
  Ta      509   72.77025   71.46929   -0.22975    1.76614      -31232.91461
  Ta      510   72.66689   71.36594   -0.33311    1.87005      -31232.98117
  Ta      511   72.69276   71.39180   -0.30724    1.83616      -31232.96836
  Ta      512   72.79333   71.49238   -0.20667    1.74133      -31232.90335
  V       513   23.37266   22.07170    0.37266    1.58111       -1895.25516
  V       514   23.41035   22.10940    0.41035    1.53620       -1895.23029
  V       515   23.37135   22.07039    0.37135    1.58156       -1895.24346
  V       516   23.52385   22.22289    0.52385    1.42037       -1895.16005
  V       517   23.51040   22.20945    0.51040    1.43024       -1895.16469
  V       518   23.35009   22.04914    0.35009    1.59829       -1895.26097
  V       519   23.39049   22.08954    0.39049    1.55812       -1895.22539
  V       520   23.39705   22.09610    0.39705    1.55001       -1895.22576
  V       521   23.41946   22.11850    0.41946    1.52675       -1895.21315
  V       522   23.45968   22.15872    0.45968    1.48858       -1895.21132
  V       523   23.42753   22.12658    0.42753    1.52176       -1895.21058
  V       524   23.51197   22.21102    0.51197    1.42595       -1895.15458
  V       525   23.48847   22.18751    0.48847    1.45979       -1895.18893
  V       526   23.36871   22.06776    0.36871    1.58031       -1895.24595
  V       527   23.48683   22.18588    0.48683    1.45371       -1895.17231
  V       528   23.41124   22.11028    0.41124    1.53605       -1895.22743
  V       529   23.42555   22.12459    0.42555    1.52113       -1895.20761
  V       530   23.42594   22.12498    0.42594    1.51815       -1895.20810
  V       531   23.44687   22.14592    0.44687    1.50272       -1895.20041
  V       532   23.52060   22.21965    0.52060    1.42379       -1895.18241
  V       533   23.60403   22.30308    0.60403    1.33403       -1895.10886
  V       534   23.49606   22.19510    0.49606    1.45264       -1895.17919
  V       535   23.45819   22.15723    0.45819    1.48856       -1895.18865
  V       536   23.36094   22.05998    0.36094    1.58866       -1895.23399
  V       537   23.47741   22.17646    0.47741    1.46523       -1895.17991
  V       538   23.30005   21.99910    0.30005    1.65116       -1895.28767
  V       539   23.45846   22.15750    0.45846    1.48247       -1895.19281
  V       540   23.39259   22.09164    0.39259    1.55693       -1895.24557
  V       541   23.21146   21.91051    0.21146    1.74440       -1895.33019
  V       542   23.47871   22.17776    0.47871    1.47270       -1895.19907
  V       543   23.47107   22.17012    0.47107    1.47457       -1895.20827
  V       544   23.55497   22.25402    0.55497    1.38797       -1895.15566
  V       545   23.39108   22.09013    0.39108    1.56113       -1895.24471
  V       546   23.31059   22.00964    0.31059    1.64388       -1895.27646
  V       547   23.43236   22.13141    0.43236    1.51969       -1895.23488
  V       548   23.48740   22.18645    0.48740    1.45964       -1895.17837
  V       549   23.39303   22.09207    0.39303    1.55729       -1895.24505
  V       550   23.40160   22.10065    0.40160    1.54611       -1895.21785
  V       551   23.40617   22.10521    0.40617    1.54915       -1895.24201
  V       552   23.51969   22.21874    0.51969    1.42467       -1895.15985
  V       553   23.48983   22.18888    0.48983    1.45879       -1895.18089
  V       554   23.40738   22.10643    0.40738    1.54204       -1895.23647
  V       555   23.35439   22.05343    0.35439    1.59975       -1895.27004
  V       556   23.37129   22.07034    0.37129    1.58102       -1895.24270
  V       557   23.49011   22.18916    0.49011    1.45703       -1895.19058
  V       558   23.47404   22.17308    0.47404    1.46743       -1895.20004
  V       559   23.42400   22.12305    0.42400    1.51804       -1895.21600
  V       560   23.44155   22.14060    0.44155    1.50990       -1895.22318
  V       561   23.50700   22.20604    0.50700    1.43590       -1895.17981
  V       562   23.42590   22.12495    0.42590    1.52543       -1895.22668
  V       563   23.31871   22.01775    0.31871    1.63611       -1895.29501
  V       564   23.46301   22.16206    0.46301    1.48170       -1895.17324
  V       565   23.28707   21.98612    0.28707    1.66468       -1895.30012
  V       566   23.35075   22.04979    0.35075    1.60090       -1895.26315
  V       567   23.43728   22.13633    0.43728    1.51111       -1895.21726
  V       568   23.45112   22.15017    0.45112    1.49502       -1895.18414
  V       569   23.39113   22.09018    0.39113    1.55929       -1895.23099
  V       570   23.45125   22.15029    0.45125    1.49593       -1895.21485
  V       571   23.53327   22.23232    0.53327    1.41353       -1895.15544
  V       572   23.32246   22.02150    0.32246    1.63299       -1895.28603
  V       573   23.43945   22.13849    0.43945    1.51025       -1895.19620
  V       574   23.43872   22.13777    0.43872    1.50719       -1895.19884
  V       575   23.54355   22.24259    0.54355    1.40092       -1895.15497
  V       576   23.60610   22.30515    0.60610    1.33321       -1895.12701
  V       577   23.49523   22.19427    0.49523    1.44942       -1895.18160
  V       578   23.39112   22.09016    0.39112    1.56740       -1895.25033
  V       579   23.53538   22.23442    0.53538    1.40499       -1895.16078
  V       580   23.49932   22.19837    0.49932    1.44612       -1895.18710
  V       581   23.35103   22.05008    0.35103    1.60709       -1895.27494
  V       582   23.48305   22.18209    0.48305    1.45890       -1895.17802
  V       583   23.44324   22.14229    0.44324    1.50244       -1895.20792
  V       584   23.52188   22.22093    0.52188    1.42204       -1895.16656
  V       585   23.47652   22.17556    0.47652    1.47198       -1895.19447
  V       586   23.41031   22.10936    0.41031    1.54290       -1895.22978
  V       587   23.50375   22.20280    0.50375    1.43473       -1895.17702
  V       588   23.47888   22.17792    0.47888    1.46700       -1895.18833
  V       589   23.37492   22.07396    0.37492    1.57601       -1895.24489
  V       590   23.52613   22.22518    0.52613    1.42209       -1895.15665
  V       591   23.48291   22.18195    0.48291    1.45907       -1895.18120
  V       592   23.53099   22.23004    0.53099    1.41821       -1895.16638
  V       593   23.41217   22.11122    0.41217    1.53715       -1895.23732
  V       594   23.38821   22.08726    0.38821    1.55740       -1895.24453
  V       595   23.23204   21.93109    0.23204    1.72283       -1895.33908
  V       596   23.56458   22.26363    0.56458    1.36875       -1895.13798
  V       597   23.38756   22.08660    0.38756    1.56455       -1895.24658
  V       598   23.47589   22.17494    0.47589    1.47043       -1895.19325
  V       599   23.49126   22.19031    0.49126    1.45675       -1895.19642
  V       600   23.49565   22.19470    0.49565    1.45229       -1895.19270
  V       601   23.25993   21.95897    0.25993    1.70061       -1895.32048
  V       602   23.30799   22.00704    0.30799    1.64658       -1895.28463
  V       603   23.37800   22.07704    0.37800    1.57155       -1895.24458
  V       604   23.53098   22.23002    0.53098    1.41196       -1895.15023
  V       605   23.35642   22.05547    0.35642    1.59252       -1895.26624
  V       606   23.32614   22.02518    0.32614    1.62446       -1895.26665
  V       607   23.29011   21.98916    0.29011    1.66332       -1895.29332
  V       608   23.26522   21.96427    0.26522    1.68930       -1895.31414
  V       609   23.19716   21.89620    0.19716    1.76557       -1895.35540
  V       610   23.46621   22.16525    0.46621    1.47995       -1895.18307
  V       611   23.47136   22.17041    0.47136    1.47698       -1895.17609
  V       612   23.42908   22.12812    0.42908    1.51848       -1895.21418
  V       613   23.35204   22.05108    0.35204    1.59911       -1895.26028
  V       614   23.48439   22.18344    0.48439    1.46893       -1895.19697
  V       615   23.42994   22.12899    0.42994    1.51903       -1895.20952
  V       616   23.37861   22.07766    0.37861    1.57423       -1895.24493
  V       617   23.34839   22.04743    0.34839    1.60482       -1895.26223
  V       618   23.43980   22.13885    0.43980    1.50691       -1895.22263
  V       619   23.35624   22.05529    0.35624    1.60127       -1895.26258
  V       620   23.56181   22.26086    0.56181    1.38234       -1895.14490
  V       621   23.54654   22.24559    0.54654    1.39825       -1895.15749
  V       622   23.47007   22.16912    0.47007    1.48086       -1895.19775
  V       623   23.53520   22.23425    0.53520    1.40995       -1895.14729
  V       624   23.41421   22.11326    0.41421    1.53159       -1895.23184
  V       625   23.52212   22.22117    0.52212    1.41575       -1895.15802
  V       626   23.38406   22.08311    0.38406    1.56307       -1895.23149
  V       627   23.40464   22.10369    0.40464    1.54422       -1895.23220
  V       628   23.39025   22.08929    0.39025    1.55768       -1895.23899
  V       629   23.39830   22.09735    0.39830    1.55396       -1895.23893
  V       630   23.28563   21.98468    0.28563    1.66949       -1895.29588
  V       631   23.50633   22.20537    0.50633    1.44671       -1895.19532
  V       632   23.21660   21.91565    0.21660    1.74327       -1895.35462
  V       633   23.43646   22.13551    0.43646    1.50931       -1895.20608
  V       634   23.45605   22.15510    0.45605    1.48761       -1895.19281
  V       635   23.47746   22.17651    0.47746    1.46324       -1895.18084
  V       636   23.52123   22.22028    0.52123    1.41887       -1895.17408
  V       637   23.42389   22.12293    0.42389    1.52585       -1895.22847
  V       638   23.47715   22.17620    0.47715    1.47262       -1895.19852
  V       639   23.58924   22.28828    0.58924    1.35097       -1895.11427
  V       640   23.43669   22.13574    0.43669    1.50972       -1895.20518
