System Description            : WNbMoTaTi, BCC structure                        
Number of Atoms in Unit Cell  : 80                                              
Number of Atomic Species      : 5                                               
Number of Atoms in Each Type  : 16(W), 16(Nb), 16(Mo), 16(Ta), 16(Ti)           
Energy Offset                 : -16193                                          
=======================================================================================
    Iter     Energy      3PV     Efermi   Rms_rho    Rms_pot   Mix  Alg  Alpha 
---------------------------------------------------------------------------------------
**       1  -0.741648  1839.912  0.53532  0.140E+01  0.206E+00  pot  B   0.1000
         2  -0.804764  1816.753  0.57567  0.803E-02  0.629E+00  pot  B   0.1000
         3  -1.084016  1813.876  0.57577  0.201E-02  0.263E+00  pot  B   0.1000
         4  -1.233000  1791.374  0.59181  0.736E-02  0.409E+00  pot  B   0.1000
         5  -1.357768  1776.353  0.60205  0.502E-02  0.314E+00  pot  B   0.1000
         6  -1.476709  1760.012  0.61366  0.545E-02  0.237E+00  pot  B   0.1000
         7  -1.521320  1743.697  0.62605  0.558E-02  0.207E+00  pot  B   0.1000
         8  -1.561484  1731.890  0.63505  0.423E-02  0.790E-01  pot  B   0.1000
         9  -1.575345  1725.975  0.64065  0.268E-02  0.487E-01  pot  B   0.1000
        10  -1.584192  1722.401  0.64351  0.180E-02  0.373E-01  pot  B   0.1000
        11  -1.597842  1714.381  0.64934  0.429E-02  0.515E-01  pot  B   0.1000
        12  -1.603118  1709.009  0.65337  0.290E-02  0.275E-01  pot  B   0.1000
        13  -1.603980  1706.913  0.65533  0.123E-02  0.148E-01  pot  B   0.1000
        14  -1.604099  1707.024  0.65580  0.250E-03  0.150E-01  pot  B   0.1000
        15  -1.604236  1706.283  0.65666  0.328E-03  0.399E-02  pot  B   0.1000
        16  -1.604333  1706.115  0.65761  0.205E-03  0.474E-02  pot  B   0.1000
        17  -1.604468  1705.939  0.65924  0.333E-03  0.337E-02  pot  B   0.1000
        18  -1.604493  1705.961  0.66002  0.148E-03  0.198E-02  pot  B   0.1000
        19  -1.604496  1705.959  0.66033  0.611E-04  0.185E-02  pot  B   0.1000
        20  -1.604502  1706.046  0.66043  0.331E-04  0.137E-02  pot  B   0.1000
        21  -1.604506  1706.098  0.66049  0.221E-04  0.110E-02  pot  B   0.1000
        22  -1.604508  1706.154  0.66059  0.288E-04  0.139E-02  pot  B   0.1000
        23  -1.604511  1706.199  0.66068  0.273E-04  0.385E-03  pot  B   0.1000
        24  -1.604513  1706.222  0.66077  0.203E-04  0.239E-03  pot  B   0.1000
        25  -1.604513  1706.213  0.66082  0.974E-05  0.236E-03  pot  B   0.1000
        26  -1.604514  1706.205  0.66087  0.686E-05  0.162E-03  pot  B   0.1000
        27  -1.604515  1706.190  0.66092  0.788E-05  0.134E-03  pot  B   0.1000
        28  -1.604515  1706.181  0.66095  0.505E-05  0.116E-03  pot  B   0.1000
        29  -1.604515  1706.181  0.66096  0.213E-05  0.268E-04  pot  B   0.1000
        30  -1.604515  1706.183  0.66096  0.155E-05  0.271E-04  pot  B   0.1000
        31  -1.604515  1706.188  0.66096  0.278E-05  0.418E-04  pot  B   0.1000
        32  -1.604515  1706.196  0.66096  0.422E-05  0.508E-04  pot  B   0.1000
        33  -1.604515  1706.198  0.66096  0.788E-06  0.346E-04  pot  B   0.1000
        34  -1.604515  1706.200  0.66096  0.191E-05  0.302E-04  pot  B   0.1000
        35  -1.604515  1706.201  0.66096  0.622E-06  0.166E-04  pot  B   0.1000
        36  -1.604515  1706.201  0.66095  0.530E-06  0.184E-04  pot  B   0.1000
        37  -1.604515  1706.201  0.66095  0.468E-06  0.959E-05  pot  B   0.1000
        38  -1.604515  1706.200  0.66095  0.601E-06  0.777E-05  pot  B   0.1000
        39  -1.604515  1706.200  0.66095  0.416E-06  0.700E-05  pot  B   0.1000
        40  -1.604515  1706.200  0.66095  0.188E-06  0.461E-05  pot  B   0.1000
        41  -1.604515  1706.200  0.66095  0.649E-07  0.359E-05  pot  B   0.1000
        42  -1.604515  1706.200  0.66095  0.785E-07  0.207E-05  pot  B   0.1000
        43  -1.604515  1706.200  0.66095  0.630E-07  0.167E-05  pot  B   0.1000
        44  -1.604515  1706.200  0.66095  0.881E-07  0.218E-05  pot  B   0.1000
        45  -1.604515  1706.200  0.66095  0.832E-07  0.228E-05  pot  B   0.1000
        46  -1.604515  1706.200  0.66095  0.175E-07  0.161E-05  pot  B   0.1000
        47  -1.604515  1706.200  0.66095  0.261E-07  0.965E-06  pot  B   0.1000
        48  -1.604515  1706.200  0.66095  0.274E-07  0.587E-06  pot  B   0.1000
        49  -1.604515  1706.200  0.66095  0.772E-08  0.612E-06  pot  B   0.1000
        50  -1.604515  1706.200  0.66095  0.116E-07  0.215E-06  pot  B   0.1000
        51  -1.604515  1706.200  0.66095  0.127E-07  0.285E-06  pot  B   0.1000
        52  -1.604515  1706.200  0.66095  0.184E-07  0.259E-06  pot  B   0.1000
        53  -1.604515  1706.200  0.66095  0.712E-08  0.297E-06  pot  B   0.1000
        54  -1.604515  1706.200  0.66095  0.126E-07  0.144E-06  pot  B   0.1000
        55  -1.604515  1706.200  0.66095  0.495E-08  0.105E-06  pot  B   0.1000
        56  -1.604515  1706.200  0.66095  0.410E-08  0.968E-07  pot  B   0.1000
        57  -1.604515  1706.200  0.66095  0.393E-08  0.741E-07  pot  B   0.1000
        58  -1.604515  1706.200  0.66095  0.268E-08  0.847E-07  pot  B   0.1000
        59  -1.604515  1706.200  0.66095  0.868E-09  0.609E-07  pot  B   0.1000
        60  -1.604515  1706.200  0.66095  0.150E-08  0.385E-07  pot  B   0.1000
        61  -1.604515  1706.200  0.66095  0.138E-08  0.466E-07  pot  B   0.1000
        62  -1.604515  1706.200  0.66095  0.346E-09  0.302E-07  pot  B   0.1000
        63  -1.604515  1706.200  0.66095  0.444E-09  0.283E-07  pot  B   0.1000
        64  -1.604515  1706.200  0.66095  0.307E-09  0.144E-07  pot  B   0.1000
        65  -1.604515  1706.200  0.66095  0.220E-09  0.225E-07  pot  B   0.1000
        66  -1.604515  1706.200  0.66095  0.169E-09  0.845E-08  pot  B   0.1000
**      67  -1.604515  1706.200  0.66095  0.475E-12  0.845E-08  pot  B   0.1000
