System Description            : WNbMoTaV, BCC structure                         
Number of Atoms in Unit Cell  : 160                                             
Number of Atomic Species      : 5                                               
Number of Atoms in Each Type  : 32(W), 32(Nb), 32(Mo), 32(Ta), 32(V)            
Energy Offset                 : -16231                                          
=======================================================================================
    Iter     Energy      3PV     Efermi   Rms_rho    Rms_pot   Mix  Alg  Alpha 
---------------------------------------------------------------------------------------
**       1  -0.859818  1839.076  0.58672  0.140E+01  0.138E+00  pot  B   0.1000
         2  -1.137908  1816.570  0.59736  0.789E-02  0.443E+00  pot  B   0.1000
         3  -1.274744  1808.960  0.60264  0.461E-02  0.425E+00  pot  B   0.1000
         4  -1.411764  1793.416  0.61332  0.517E-02  0.264E+00  pot  B   0.1000
         5  -1.511717  1779.291  0.61891  0.478E-02  0.292E+00  pot  B   0.1000
         6  -1.638930  1751.833  0.62511  0.922E-02  0.276E+00  pot  B   0.1000
         7  -1.681606  1740.620  0.63003  0.390E-02  0.268E+00  pot  B   0.1000
         8  -1.709444  1734.442  0.63325  0.256E-02  0.150E+00  pot  B   0.1000
         9  -1.725524  1728.176  0.63603  0.264E-02  0.605E-01  pot  B   0.1000
        10  -1.735296  1723.900  0.63715  0.207E-02  0.724E-01  pot  B   0.1000
        11  -1.747134  1717.496  0.63873  0.330E-02  0.674E-01  pot  B   0.1000
        12  -1.755836  1711.170  0.64026  0.335E-02  0.549E-01  pot  B   0.1000
        13  -1.757436  1708.855  0.64125  0.131E-02  0.278E-01  pot  B   0.1000
        14  -1.758144  1707.779  0.64212  0.640E-03  0.152E-01  pot  B   0.1000
        15  -1.758368  1707.495  0.64267  0.245E-03  0.813E-02  pot  B   0.1000
        16  -1.758520  1707.361  0.64347  0.232E-03  0.718E-02  pot  B   0.1000
        17  -1.758622  1707.479  0.64429  0.181E-03  0.852E-02  pot  B   0.1000
        18  -1.758705  1707.479  0.64521  0.169E-03  0.654E-02  pot  B   0.1000
        19  -1.758772  1707.559  0.64624  0.159E-03  0.460E-02  pot  B   0.1000
        20  -1.758780  1707.399  0.64674  0.133E-03  0.584E-02  pot  B   0.1000
        21  -1.758804  1707.399  0.64711  0.573E-04  0.405E-02  pot  B   0.1000
        22  -1.758816  1707.424  0.64739  0.500E-04  0.377E-02  pot  B   0.1000
        23  -1.758831  1707.324  0.64767  0.677E-04  0.259E-02  pot  B   0.1000
        24  -1.758838  1707.247  0.64784  0.468E-04  0.199E-02  pot  B   0.1000
        25  -1.758841  1707.199  0.64790  0.251E-04  0.122E-02  pot  B   0.1000
        26  -1.758842  1707.150  0.64793  0.235E-04  0.116E-02  pot  B   0.1000
        27  -1.758842  1707.091  0.64797  0.299E-04  0.107E-02  pot  B   0.1000
        28  -1.758843  1707.014  0.64802  0.360E-04  0.865E-03  pot  B   0.1000
        29  -1.758842  1706.935  0.64803  0.353E-04  0.856E-03  pot  B   0.1000
        30  -1.758843  1706.898  0.64805  0.212E-04  0.755E-03  pot  B   0.1000
        31  -1.758842  1706.869  0.64806  0.142E-04  0.566E-03  pot  B   0.1000
        32  -1.758842  1706.856  0.64809  0.898E-05  0.368E-03  pot  B   0.1000
        33  -1.758842  1706.849  0.64810  0.580E-05  0.257E-03  pot  B   0.1000
        34  -1.758843  1706.837  0.64812  0.871E-05  0.298E-03  pot  B   0.1000
        35  -1.758843  1706.827  0.64816  0.876E-05  0.272E-03  pot  B   0.1000
        36  -1.758844  1706.826  0.64819  0.552E-05  0.257E-03  pot  B   0.1000
        37  -1.758844  1706.825  0.64821  0.407E-05  0.227E-03  pot  B   0.1000
        38  -1.758844  1706.821  0.64823  0.340E-05  0.177E-03  pot  B   0.1000
        39  -1.758845  1706.821  0.64825  0.302E-05  0.132E-03  pot  B   0.1000
        40  -1.758845  1706.821  0.64826  0.174E-05  0.951E-04  pot  B   0.1000
        41  -1.758845  1706.819  0.64827  0.201E-05  0.877E-04  pot  B   0.1000
        42  -1.758845  1706.818  0.64828  0.139E-05  0.951E-04  pot  B   0.1000
        43  -1.758845  1706.816  0.64828  0.157E-05  0.138E-03  pot  B   0.1000
        44  -1.758845  1706.816  0.64828  0.710E-06  0.735E-04  pot  B   0.1000
        45  -1.758845  1706.815  0.64828  0.988E-06  0.799E-04  pot  B   0.1000
        46  -1.758845  1706.814  0.64829  0.115E-05  0.408E-04  pot  B   0.1000
        47  -1.758845  1706.812  0.64829  0.103E-05  0.392E-04  pot  B   0.1000
        48  -1.758845  1706.810  0.64829  0.128E-05  0.309E-04  pot  B   0.1000
        49  -1.758845  1706.809  0.64829  0.822E-06  0.395E-04  pot  B   0.1000
        50  -1.758845  1706.807  0.64829  0.743E-06  0.286E-04  pot  B   0.1000
        51  -1.758845  1706.807  0.64829  0.555E-06  0.243E-04  pot  B   0.1000
        52  -1.758845  1706.806  0.64830  0.604E-06  0.165E-04  pot  B   0.1000
        53  -1.758845  1706.805  0.64830  0.514E-06  0.114E-04  pot  B   0.1000
        54  -1.758845  1706.804  0.64830  0.407E-06  0.104E-04  pot  B   0.1000
        55  -1.758845  1706.804  0.64830  0.295E-06  0.152E-04  pot  B   0.1000
        56  -1.758845  1706.804  0.64830  0.173E-06  0.131E-04  pot  B   0.1000
        57  -1.758845  1706.803  0.64831  0.264E-06  0.124E-04  pot  B   0.1000
        58  -1.758845  1706.803  0.64830  0.104E-06  0.814E-05  pot  B   0.1000
        59  -1.758845  1706.803  0.64831  0.877E-07  0.618E-05  pot  B   0.1000
        60  -1.758845  1706.803  0.64831  0.102E-06  0.584E-05  pot  B   0.1000
        61  -1.758845  1706.803  0.64831  0.771E-07  0.459E-05  pot  B   0.1000
        62  -1.758845  1706.803  0.64831  0.616E-07  0.441E-05  pot  B   0.1000
        63  -1.758845  1706.803  0.64831  0.554E-07  0.466E-05  pot  B   0.1000
        64  -1.758845  1706.803  0.64831  0.601E-07  0.385E-05  pot  B   0.1000
        65  -1.758845  1706.803  0.64831  0.319E-07  0.209E-05  pot  B   0.1000
        66  -1.758845  1706.803  0.64831  0.480E-07  0.178E-05  pot  B   0.1000
        67  -1.758845  1706.803  0.64831  0.319E-07  0.230E-05  pot  B   0.1000
        68  -1.758845  1706.803  0.64831  0.538E-07  0.172E-05  pot  B   0.1000
        69  -1.758845  1706.803  0.64831  0.458E-07  0.200E-05  pot  B   0.1000
        70  -1.758845  1706.803  0.64831  0.222E-07  0.241E-05  pot  B   0.1000
        71  -1.758845  1706.803  0.64831  0.459E-07  0.122E-05  pot  B   0.1000
        72  -1.758845  1706.803  0.64831  0.284E-07  0.674E-06  pot  B   0.1000
        73  -1.758845  1706.803  0.64831  0.152E-07  0.664E-06  pot  B   0.1000
        74  -1.758845  1706.803  0.64831  0.107E-07  0.498E-06  pot  B   0.1000
        75  -1.758845  1706.803  0.64831  0.814E-08  0.652E-06  pot  B   0.1000
        76  -1.758845  1706.803  0.64831  0.823E-08  0.364E-06  pot  B   0.1000
        77  -1.758845  1706.803  0.64831  0.565E-08  0.384E-06  pot  B   0.1000
        78  -1.758845  1706.803  0.64831  0.601E-08  0.292E-06  pot  B   0.1000
        79  -1.758845  1706.803  0.64831  0.400E-08  0.213E-06  pot  B   0.1000
        80  -1.758845  1706.803  0.64831  0.472E-08  0.153E-06  pot  B   0.1000
        81  -1.758845  1706.803  0.64831  0.182E-08  0.142E-06  pot  B   0.1000
        82  -1.758845  1706.803  0.64831  0.204E-08  0.220E-06  pot  B   0.1000
        83  -1.758845  1706.803  0.64831  0.171E-08  0.138E-06  pot  B   0.1000
        84  -1.758845  1706.803  0.64831  0.175E-08  0.954E-07  pot  B   0.1000
        85  -1.758845  1706.803  0.64831  0.115E-08  0.783E-07  pot  B   0.1000
        86  -1.758845  1706.803  0.64831  0.168E-08  0.665E-07  pot  B   0.1000
        87  -1.758845  1706.803  0.64831  0.746E-09  0.513E-07  pot  B   0.1000
        88  -1.758845  1706.803  0.64831  0.796E-09  0.391E-07  pot  B   0.1000
        89  -1.758845  1706.803  0.64831  0.117E-08  0.294E-07  pot  B   0.1000
        90  -1.758845  1706.803  0.64831  0.533E-09  0.312E-07  pot  B   0.1000
        91  -1.758845  1706.803  0.64831  0.584E-09  0.217E-07  pot  B   0.1000
        92  -1.758845  1706.803  0.64831  0.423E-09  0.166E-07  pot  B   0.1000
        93  -1.758845  1706.803  0.64831  0.299E-09  0.238E-07  pot  B   0.1000
        94  -1.758845  1706.803  0.64831  0.373E-09  0.213E-07  pot  B   0.1000
        95  -1.758845  1706.803  0.64831  0.243E-09  0.175E-07  pot  B   0.1000
        96  -1.758845  1706.803  0.64831  0.180E-09  0.109E-07  pot  B   0.1000
        97  -1.758845  1706.803  0.64831  0.140E-09  0.700E-08  pot  B   0.1000
**      98  -1.758845  1706.803  0.64831  0.117E-11  0.700E-08  pot  B   0.1000
