 Atom   Index      Q          Qmt        dQ        Vmad        Local Energy
  W         1   73.95710   72.65585   -0.04290    1.62884      -32312.42329
  W         2   73.90842   72.60718   -0.09158    1.67442      -32312.44504
  W         3   73.90791   72.60666   -0.09209    1.67650      -32312.45666
  W         4   73.80433   72.50308   -0.19567    1.79856      -32312.54266
  W         5   73.84605   72.54480   -0.15395    1.75193      -32312.50938
  W         6   73.90133   72.60009   -0.09867    1.67606      -32312.44286
  W         7   73.67347   72.37223   -0.32653    1.92890      -32312.62910
  W         8   73.89989   72.59865   -0.10011    1.68309      -32312.45003
  Nb        9   40.98549   39.68425   -0.01451    1.63050       -7632.52733
  Nb       10   40.85093   39.54968   -0.14907    1.77476       -7632.63281
  Nb       11   40.96771   39.66646   -0.03229    1.66439       -7632.54294
  Nb       12   40.90159   39.60035   -0.09841    1.72245       -7632.59008
  Nb       13   40.80781   39.50656   -0.19219    1.82073       -7632.63703
  Nb       14   40.83825   39.53701   -0.16175    1.79172       -7632.61722
  Nb       15   40.86181   39.56057   -0.13819    1.76982       -7632.60914
  Nb       16   40.79229   39.49105   -0.20771    1.83510       -7632.65961
  Mo       17   42.08229   40.78104    0.08229    1.63516       -8090.55982
  Mo       18   41.99785   40.69661   -0.00215    1.73243       -8090.61853
  Mo       19   42.10512   40.80387    0.10512    1.60627       -8090.53548
  Mo       20   42.01188   40.71064    0.01188    1.71823       -8090.60645
  Mo       21   42.07482   40.77358    0.07482    1.64297       -8090.56130
  Mo       22   42.02648   40.72524    0.02648    1.69909       -8090.60037
  Mo       23   42.03918   40.73794    0.03918    1.67610       -8090.58804
  Mo       24   42.15446   40.85322    0.15446    1.55927       -8090.50274
  Ta       25   72.83503   71.53379   -0.16497    1.70381      -31232.87008
  Ta       26   72.69215   71.39091   -0.30785    1.83985      -31232.97078
  Ta       27   72.61859   71.31735   -0.38141    1.91099      -31232.99526
  Ta       28   72.71689   71.41565   -0.28311    1.82106      -31232.96231
  Ta       29   72.75648   71.45524   -0.24352    1.77512      -31232.93678
  Ta       30   72.71428   71.41304   -0.28572    1.82377      -31232.94358
  Ta       31   72.80499   71.50375   -0.19501    1.72416      -31232.90079
  Ta       32   72.77423   71.47299   -0.22577    1.76516      -31232.91424
  V        33   23.48679   22.18555    0.48679    1.45964       -1895.18792
  V        34   23.53021   22.22897    0.53021    1.41777       -1895.17748
  V        35   23.38342   22.08218    0.38342    1.57155       -1895.24503
  V        36   23.44931   22.14807    0.44931    1.49828       -1895.20220
  V        37   23.46826   22.16702    0.46826    1.48162       -1895.19063
  V        38   23.53703   22.23579    0.53703    1.40526       -1895.14994
  V        39   23.41097   22.10973    0.41097    1.53552       -1895.20652
  V        40   23.42489   22.12364    0.42489    1.52629       -1895.21783
