 Atom   Index      Q          Qmt        dQ        Vmad        Local Energy
  W         1   73.93114   72.63011   -0.06886    1.65575      -32312.44541
  W         2   73.88720   72.58617   -0.11280    1.70689      -32312.47106
  W         3   73.91143   72.61040   -0.08857    1.67589      -32312.44071
  W         4   73.82238   72.52135   -0.17762    1.77430      -32312.51781
  W         5   73.75180   72.45077   -0.24820    1.85284      -32312.57218
  W         6   74.05025   72.74922    0.05025    1.53719      -32312.37490
  W         7   73.88488   72.58385   -0.11512    1.70946      -32312.47825
  W         8   73.92694   72.62591   -0.07306    1.66584      -32312.44534
  W         9   73.77129   72.47026   -0.22871    1.82417      -32312.55324
  W        10   73.87779   72.57676   -0.12221    1.71625      -32312.48058
  W        11   73.85202   72.55099   -0.14798    1.74600      -32312.49730
  W        12   73.84913   72.54810   -0.15087    1.74715      -32312.50553
  W        13   73.91750   72.61647   -0.08250    1.68259      -32312.47056
  W        14   73.76519   72.46416   -0.23481    1.82812      -32312.55099
  W        15   73.93599   72.63496   -0.06401    1.65427      -32312.43706
  W        16   74.08989   72.78886    0.08989    1.50264      -32312.35533
  W        17   73.90063   72.59961   -0.09937    1.69658      -32312.47262
  W        18   74.07293   72.77190    0.07293    1.52415      -32312.35845
  W        19   73.64795   72.34692   -0.35205    1.94361      -32312.61501
  W        20   73.63430   72.33327   -0.36570    1.96742      -32312.64199
  W        21   73.76793   72.46690   -0.23207    1.81497      -32312.53262
  W        22   73.76110   72.46007   -0.23890    1.83231      -32312.55585
  W        23   73.86517   72.56414   -0.13483    1.73175      -32312.49825
  W        24   73.92895   72.62792   -0.07105    1.65322      -32312.43618
  W        25   73.71297   72.41194   -0.28703    1.88061      -32312.59020
  W        26   73.92089   72.61986   -0.07911    1.67884      -32312.46097
  W        27   73.85284   72.55181   -0.14716    1.74471      -32312.49942
  W        28   73.83180   72.53077   -0.16820    1.76081      -32312.50999
  W        29   73.72681   72.42578   -0.27319    1.86810      -32312.58420
  W        30   73.88184   72.58081   -0.11816    1.70524      -32312.47001
  W        31   73.82563   72.52460   -0.17437    1.76591      -32312.51197
  W        32   73.91749   72.61646   -0.08251    1.67793      -32312.46358
  Nb       33   41.05742   39.75639    0.05742    1.57149       -7632.49601
  Nb       34   40.92528   39.62426   -0.07472    1.70552       -7632.58511
  Nb       35   40.91322   39.61219   -0.08678    1.72055       -7632.58320
  Nb       36   40.81322   39.51219   -0.18678    1.80402       -7632.62602
  Nb       37   40.94101   39.63998   -0.05899    1.68069       -7632.55279
  Nb       38   41.05529   39.75426    0.05529    1.56865       -7632.48877
  Nb       39   40.90093   39.59990   -0.09907    1.72229       -7632.58150
  Nb       40   40.80383   39.50281   -0.19617    1.82405       -7632.64865
  Nb       41   40.85638   39.55536   -0.14362    1.76449       -7632.60296
  Nb       42   40.78136   39.48033   -0.21864    1.84198       -7632.65748
  Nb       43   40.91448   39.61345   -0.08552    1.71602       -7632.58397
  Nb       44   40.88178   39.58075   -0.11822    1.74596       -7632.59835
  Nb       45   40.87731   39.57628   -0.12269    1.74025       -7632.58747
  Nb       46   40.98428   39.68325   -0.01572    1.64683       -7632.53827
  Nb       47   40.72271   39.42168   -0.27729    1.89889       -7632.68020
  Nb       48   40.99809   39.69706   -0.00191    1.63522       -7632.53423
  Nb       49   40.85957   39.55854   -0.14043    1.76183       -7632.60757
  Nb       50   40.83066   39.52963   -0.16934    1.79758       -7632.63517
  Nb       51   40.86965   39.56862   -0.13035    1.76054       -7632.61494
  Nb       52   40.86834   39.56732   -0.13166    1.76639       -7632.61728
  Nb       53   40.83361   39.53258   -0.16639    1.79032       -7632.62304
  Nb       54   40.99132   39.69029   -0.00868    1.63825       -7632.53312
  Nb       55   40.88013   39.57910   -0.11987    1.74483       -7632.59878
  Nb       56   40.88781   39.58678   -0.11219    1.73263       -7632.57936
  Nb       57   40.85861   39.55758   -0.14139    1.77224       -7632.62220
  Nb       58   40.90255   39.60152   -0.09745    1.72042       -7632.57670
  Nb       59   40.84797   39.54695   -0.15203    1.77683       -7632.61186
  Nb       60   40.94192   39.64089   -0.05808    1.68043       -7632.56303
  Nb       61   40.72468   39.42365   -0.27532    1.90290       -7632.69148
  Nb       62   40.92301   39.62198   -0.07699    1.70272       -7632.57298
  Nb       63   40.96662   39.66559   -0.03338    1.65259       -7632.54042
  Nb       64   40.90426   39.60323   -0.09574    1.72033       -7632.58049
  Mo       65   42.08092   40.77989    0.08092    1.63021       -8090.53820
  Mo       66   42.10861   40.80758    0.10861    1.61298       -8090.54134
  Mo       67   41.83612   40.53509   -0.16388    1.89086       -8090.70481
  Mo       68   41.80284   40.50181   -0.19716    1.92131       -8090.72302
  Mo       69   42.07092   40.76989    0.07092    1.64948       -8090.56260
  Mo       70   42.15730   40.85627    0.15730    1.56442       -8090.52202
  Mo       71   42.16920   40.86817    0.16920    1.54714       -8090.50617
  Mo       72   42.26983   40.96880    0.26983    1.44423       -8090.44763
  Mo       73   41.97674   40.67571   -0.02326    1.74336       -8090.61163
  Mo       74   42.18428   40.88325    0.18428    1.53065       -8090.49760
  Mo       75   42.00129   40.70026    0.00129    1.72146       -8090.60266
  Mo       76   42.16436   40.86333    0.16436    1.55213       -8090.50915
  Mo       77   42.08641   40.78538    0.08641    1.63121       -8090.54829
  Mo       78   42.18771   40.88668    0.18771    1.53930       -8090.51445
  Mo       79   42.11127   40.81025    0.11127    1.60903       -8090.53979
  Mo       80   42.19979   40.89876    0.19979    1.51276       -8090.47622
  Mo       81   42.02740   40.72637    0.02740    1.69769       -8090.59597
  Mo       82   42.10828   40.80725    0.10828    1.61158       -8090.53994
  Mo       83   42.03818   40.73715    0.03818    1.67720       -8090.57052
  Mo       84   41.91574   40.61471   -0.08426    1.79979       -8090.64435
  Mo       85   42.14257   40.84155    0.14257    1.57520       -8090.51829
  Mo       86   41.96497   40.66394   -0.03503    1.75993       -8090.62564
  Mo       87   42.24138   40.94036    0.24138    1.47558       -8090.46274
  Mo       88   42.15080   40.84977    0.15080    1.56875       -8090.51984
  Mo       89   41.92806   40.62703   -0.07194    1.79307       -8090.65004
  Mo       90   42.00108   40.70005    0.00108    1.71875       -8090.60067
  Mo       91   41.86885   40.56782   -0.13115    1.85810       -8090.68335
  Mo       92   41.87304   40.57201   -0.12696    1.84609       -8090.67632
  Mo       93   42.01554   40.71451    0.01554    1.69603       -8090.58308
  Mo       94   41.93007   40.62904   -0.06993    1.79165       -8090.65080
  Mo       95   42.12395   40.82292    0.12395    1.59489       -8090.52315
  Mo       96   42.03608   40.73505    0.03608    1.68679       -8090.59135
  Ta       97   72.86404   71.56301   -0.13596    1.66976      -31232.86333
  Ta       98   72.68579   71.38476   -0.31421    1.83967      -31232.95880
  Ta       99   72.78438   71.48335   -0.21562    1.74834      -31232.90912
  Ta      100   72.76348   71.46245   -0.23652    1.76871      -31232.92427
  Ta      101   72.67654   71.37551   -0.32346    1.85806      -31232.97802
  Ta      102   72.72309   71.42207   -0.27691    1.81046      -31232.94767
  Ta      103   72.89880   71.59777   -0.10120    1.63381      -31232.84320
  Ta      104   72.82728   71.52625   -0.17272    1.70891      -31232.88901
  Ta      105   72.60644   71.30541   -0.39356    1.92349      -31233.02773
  Ta      106   72.73734   71.43631   -0.26266    1.79990      -31232.95469
  Ta      107   72.78566   71.48463   -0.21434    1.73618      -31232.89334
  Ta      108   72.87829   71.57726   -0.12171    1.65781      -31232.86509
  Ta      109   72.65888   71.35785   -0.34112    1.87212      -31232.99422
  Ta      110   72.75157   71.45054   -0.24843    1.78668      -31232.94144
  Ta      111   72.78603   71.48500   -0.21397    1.74801      -31232.90215
  Ta      112   72.65691   71.35588   -0.34309    1.88443      -31233.00345
  Ta      113   72.59112   71.29009   -0.40888    1.93951      -31233.03494
  Ta      114   72.69905   71.39802   -0.30095    1.82812      -31232.94867
  Ta      115   72.66594   71.36491   -0.33406    1.86646      -31232.98977
  Ta      116   72.89911   71.59808   -0.10089    1.63285      -31232.84632
  Ta      117   72.71889   71.41787   -0.28111    1.81651      -31232.95750
  Ta      118   72.86780   71.56677   -0.13220    1.66969      -31232.86360
  Ta      119   72.76188   71.46086   -0.23812    1.76619      -31232.91918
  Ta      120   72.67992   71.37889   -0.32008    1.85035      -31232.96272
  Ta      121   72.84434   71.54332   -0.15566    1.68929      -31232.87031
  Ta      122   72.66436   71.36333   -0.33564    1.86993      -31232.99260
  Ta      123   72.79779   71.49676   -0.20221    1.73969      -31232.90804
  Ta      124   72.79411   71.49308   -0.20589    1.73320      -31232.89155
  Ta      125   72.87933   71.57830   -0.12067    1.65248      -31232.84958
  Ta      126   72.64405   71.34302   -0.35595    1.88414      -31232.98375
  Ta      127   72.73901   71.43798   -0.26099    1.79415      -31232.93654
  Ta      128   72.85125   71.55022   -0.14875    1.68575      -31232.87985
  V       129   23.42217   22.12114    0.42217    1.52292       -1895.21325
  V       130   23.41909   22.11807    0.41909    1.52477       -1895.21575
  V       131   23.46057   22.15954    0.46057    1.48843       -1895.20438
  V       132   23.31452   22.01349    0.31452    1.63851       -1895.27684
  V       133   23.47320   22.17218    0.47320    1.47079       -1895.18946
  V       134   23.29938   21.99835    0.29938    1.65062       -1895.28905
  V       135   23.34203   22.04100    0.34203    1.60517       -1895.26372
  V       136   23.41425   22.11322    0.41425    1.52933       -1895.21066
  V       137   23.36235   22.06132    0.36235    1.59145       -1895.26101
  V       138   23.45206   22.15103    0.45206    1.49147       -1895.19850
  V       139   23.26468   21.96365    0.26468    1.69033       -1895.30668
  V       140   23.49554   22.19451    0.49554    1.44704       -1895.16365
  V       141   23.42080   22.11977    0.42080    1.52502       -1895.22079
  V       142   23.41592   22.11489    0.41592    1.53132       -1895.22487
  V       143   23.37233   22.07130    0.37233    1.57670       -1895.25829
  V       144   23.64564   22.34461    0.64564    1.29119       -1895.09181
  V       145   23.45513   22.15410    0.45513    1.48998       -1895.21055
  V       146   23.46058   22.15955    0.46058    1.48179       -1895.19990
  V       147   23.54868   22.24765    0.54868    1.39494       -1895.14501
  V       148   23.50214   22.20111    0.50214    1.44327       -1895.17430
  V       149   23.39244   22.09141    0.39244    1.55305       -1895.23621
  V       150   23.53553   22.23450    0.53553    1.40914       -1895.13871
  V       151   23.33401   22.03298    0.33401    1.61841       -1895.28456
  V       152   23.37690   22.07587    0.37690    1.56640       -1895.22724
  V       153   23.30762   22.00659    0.30762    1.64677       -1895.29845
  V       154   23.53667   22.23565    0.53667    1.41005       -1895.15548
  V       155   23.52213   22.22110    0.52213    1.42282       -1895.15221
  V       156   23.49212   22.19109    0.49212    1.45507       -1895.17566
  V       157   23.43294   22.13191    0.43294    1.51792       -1895.22140
  V       158   23.52468   22.22365    0.52468    1.41778       -1895.15949
  V       159   23.52651   22.22548    0.52651    1.41325       -1895.14812
  V       160   23.53006   22.22903    0.53006    1.41914       -1895.16383
