 Atom   Index      Q          Qmt        dQ        Vmad        Local Energy
  W         1   73.89726   72.59247   -0.10274    1.70815      -32312.49041
  W         2   73.87817   72.57338   -0.12183    1.73617      -32312.51386
  W         3   73.85180   72.54701   -0.14820    1.76820      -32312.53766
  W         4   73.88267   72.57788   -0.11733    1.72102      -32312.49597
  W         5   73.89674   72.59195   -0.10326    1.71087      -32312.48635
  W         6   73.95922   72.65443   -0.04078    1.66482      -32312.47570
  W         7   73.82392   72.51913   -0.17608    1.80476      -32312.56954
  W         8   73.85086   72.54607   -0.14914    1.77514      -32312.54952
  W         9   73.80279   72.49800   -0.19721    1.81183      -32312.56542
  W        10   73.92019   72.61540   -0.07981    1.70458      -32312.50141
  W        11   73.90922   72.60443   -0.09078    1.68994      -32312.47196
  W        12   73.81229   72.50750   -0.18771    1.81147      -32312.56337
  W        13   73.76811   72.46332   -0.23189    1.85595      -32312.59383
  W        14   73.87707   72.57228   -0.12293    1.73936      -32312.50252
  W        15   73.88932   72.58454   -0.11068    1.72335      -32312.50926
  W        16   73.87541   72.57062   -0.12459    1.75301      -32312.52976
  W        17   73.82309   72.51830   -0.17691    1.80295      -32312.56489
  W        18   73.88580   72.58101   -0.11420    1.74095      -32312.52398
  W        19   73.85008   72.54529   -0.14992    1.75639      -32312.51713
  W        20   73.94178   72.63699   -0.05822    1.68041      -32312.48081
  W        21   73.86243   72.55764   -0.13757    1.74989      -32312.51568
  W        22   73.91298   72.60819   -0.08702    1.70296      -32312.48925
  W        23   73.99481   72.69002   -0.00519    1.61281      -32312.43230
  W        24   73.89363   72.58884   -0.10637    1.73134      -32312.51290
  W        25   73.82049   72.51570   -0.17951    1.80247      -32312.56270
  W        26   73.82358   72.51879   -0.17642    1.78813      -32312.53350
  W        27   73.85985   72.55506   -0.14015    1.76183      -32312.52821
  W        28   73.75433   72.44954   -0.24567    1.87212      -32312.60721
  W        29   73.92828   72.62349   -0.07172    1.69358      -32312.48612
  W        30   73.87355   72.56876   -0.12645    1.73829      -32312.51648
  W        31   73.75375   72.44896   -0.24625    1.87211      -32312.60390
  W        32   73.97746   72.67267   -0.02254    1.62304      -32312.42842
  Nb       33   40.91509   39.61030   -0.08491    1.73593       -7632.60549
  Nb       34   41.00690   39.70211    0.00690    1.64071       -7632.55383
  Nb       35   40.89466   39.58987   -0.10534    1.75841       -7632.62617
  Nb       36   40.83578   39.53099   -0.16422    1.80697       -7632.63154
  Nb       37   40.93412   39.62933   -0.06588    1.70972       -7632.58548
  Nb       38   40.95620   39.65141   -0.04380    1.69181       -7632.58273
  Nb       39   40.98991   39.68512   -0.01009    1.66318       -7632.56618
  Nb       40   40.94934   39.64455   -0.05066    1.69693       -7632.58391
  Nb       41   40.95390   39.64911   -0.04610    1.69331       -7632.57746
  Nb       42   40.94428   39.63949   -0.05572    1.70478       -7632.58271
  Nb       43   40.93895   39.63416   -0.06105    1.71339       -7632.59915
  Nb       44   40.95231   39.64752   -0.04769    1.69363       -7632.58810
  Nb       45   40.91335   39.60856   -0.08665    1.72959       -7632.58809
  Nb       46   40.91367   39.60888   -0.08633    1.73717       -7632.60491
  Nb       47   41.03581   39.73102    0.03581    1.61866       -7632.53932
  Nb       48   40.98197   39.67718   -0.01803    1.67261       -7632.57335
  Nb       49   40.88295   39.57816   -0.11705    1.76217       -7632.62474
  Nb       50   40.97690   39.67211   -0.02310    1.66780       -7632.56115
  Nb       51   40.86743   39.56264   -0.13257    1.78728       -7632.64083
  Nb       52   40.88191   39.57712   -0.11809    1.77008       -7632.62755
  Nb       53   41.00605   39.70126    0.00605    1.65033       -7632.55128
  Nb       54   40.91248   39.60769   -0.08752    1.74052       -7632.61258
  Nb       55   40.93100   39.62621   -0.06900    1.70956       -7632.59394
  Nb       56   40.86252   39.55773   -0.13748    1.78107       -7632.63275
  Nb       57   40.93161   39.62682   -0.06839    1.71673       -7632.58893
  Nb       58   40.99786   39.69307   -0.00214    1.64632       -7632.55026
  Nb       59   40.94855   39.64376   -0.05145    1.70823       -7632.59803
  Nb       60   41.00262   39.69783    0.00262    1.64756       -7632.55849
  Nb       61   40.92383   39.61904   -0.07617    1.72615       -7632.59731
  Nb       62   40.86389   39.55910   -0.13611    1.78919       -7632.63994
  Nb       63   40.96901   39.66422   -0.03099    1.67999       -7632.57037
  Nb       64   40.90677   39.60198   -0.09323    1.74160       -7632.60085
  Mo       65   42.12545   40.82066    0.12545    1.60841       -8090.54025
  Mo       66   42.08011   40.77532    0.08011    1.65177       -8090.57359
  Mo       67   42.00834   40.70355    0.00834    1.74793       -8090.65558
  Mo       68   42.09622   40.79143    0.09622    1.64633       -8090.57637
  Mo       69   42.12021   40.81542    0.12021    1.62150       -8090.56348
  Mo       70   42.05763   40.75285    0.05763    1.69134       -8090.61266
  Mo       71   42.09616   40.79137    0.09616    1.65305       -8090.59291
  Mo       72   42.01165   40.70686    0.01165    1.73730       -8090.63829
  Mo       73   42.03391   40.72912    0.03391    1.71220       -8090.61964
  Mo       74   42.11168   40.80689    0.11168    1.63299       -8090.57533
  Mo       75   42.05568   40.75089    0.05568    1.68024       -8090.59133
  Mo       76   42.14173   40.83694    0.14173    1.60105       -8090.55216
  Mo       77   42.09835   40.79356    0.09835    1.63281       -8090.56755
  Mo       78   42.12602   40.82123    0.12602    1.62666       -8090.58061
  Mo       79   42.05093   40.74614    0.05093    1.69343       -8090.61641
  Mo       80   42.11176   40.80697    0.11176    1.62776       -8090.56254
  Mo       81   42.12848   40.82369    0.12848    1.61960       -8090.56827
  Mo       82   41.98273   40.67794   -0.01727    1.75745       -8090.64570
  Mo       83   42.10284   40.79805    0.10284    1.62731       -8090.55709
  Mo       84   42.05489   40.75010    0.05489    1.69409       -8090.60741
  Mo       85   42.00782   40.70303    0.00782    1.74243       -8090.63695
  Mo       86   42.14665   40.84186    0.14665    1.59232       -8090.53819
  Mo       87   42.02695   40.72216    0.02695    1.71794       -8090.62627
  Mo       88   42.09837   40.79358    0.09837    1.64526       -8090.57636
  Mo       89   42.00152   40.69673    0.00152    1.74598       -8090.65038
  Mo       90   42.06358   40.75879    0.06358    1.68043       -8090.61268
  Mo       91   42.06232   40.75753    0.06232    1.68037       -8090.60326
  Mo       92   42.07815   40.77336    0.07815    1.66060       -8090.58208
  Mo       93   42.17192   40.86713    0.17192    1.57828       -8090.54645
  Mo       94   42.08890   40.78411    0.08890    1.65216       -8090.57497
  Mo       95   42.07186   40.76707    0.07186    1.67031       -8090.59450
  Mo       96   42.20920   40.90441    0.20920    1.53844       -8090.51493
  Ta       97   72.77154   71.46675   -0.22846    1.79700      -31232.96925
  Ta       98   72.85026   71.54547   -0.14974    1.71391      -31232.91037
  Ta       99   72.81428   71.50949   -0.18572    1.74691      -31232.92054
  Ta      100   72.70739   71.40260   -0.29261    1.85356      -31232.99402
  Ta      101   72.81940   71.51461   -0.18060    1.74476      -31232.93107
  Ta      102   72.77269   71.46790   -0.22731    1.78558      -31232.94951
  Ta      103   72.86453   71.55974   -0.13547    1.69746      -31232.89733
  Ta      104   72.87121   71.56642   -0.12879    1.69366      -31232.90002
  Ta      105   72.73300   71.42821   -0.26700    1.82945      -31232.97566
  Ta      106   72.72862   71.42383   -0.27138    1.83455      -31232.98940
  Ta      107   72.69834   71.39355   -0.30166    1.85304      -31232.97980
  Ta      108   72.70726   71.40247   -0.29274    1.84366      -31232.98155
  Ta      109   72.81793   71.51314   -0.18207    1.74518      -31232.92321
  Ta      110   72.76589   71.46110   -0.23411    1.78291      -31232.94245
  Ta      111   72.78765   71.48286   -0.21235    1.77801      -31232.95510
  Ta      112   72.82191   71.51712   -0.17809    1.73694      -31232.90933
  Ta      113   72.80601   71.50122   -0.19399    1.74970      -31232.92130
  Ta      114   72.69426   71.38947   -0.30574    1.85877      -31232.98838
  Ta      115   72.73678   71.43199   -0.26322    1.82405      -31232.97382
  Ta      116   72.76798   71.46319   -0.23202    1.79183      -31232.95933
  Ta      117   72.86052   71.55573   -0.13948    1.69928      -31232.89382
  Ta      118   72.72449   71.41970   -0.27551    1.83061      -31232.97862
  Ta      119   72.65520   71.35041   -0.34480    1.90270      -31233.01892
  Ta      120   72.77602   71.47123   -0.22398    1.78574      -31232.95959
  Ta      121   72.77409   71.46930   -0.22591    1.78596      -31232.94405
  Ta      122   72.73114   71.42635   -0.26886    1.82654      -31232.96303
  Ta      123   72.83429   71.52950   -0.16571    1.73667      -31232.92875
  Ta      124   72.74540   71.44061   -0.25460    1.81186      -31232.96518
  Ta      125   72.74971   71.44492   -0.25029    1.80968      -31232.96361
  Ta      126   72.73260   71.42781   -0.26740    1.82669      -31232.97476
  Ta      127   72.75881   71.45402   -0.24119    1.80486      -31232.96345
  Ta      128   72.77037   71.46558   -0.22963    1.78223      -31232.93972
  Ti      129   22.29671   20.99192    0.29671    1.57873       -1704.39061
  Ti      130   22.34323   21.03844    0.34323    1.53692       -1704.40684
  Ti      131   22.37840   21.07361    0.37840    1.48738       -1704.33480
  Ti      132   22.43839   21.13360    0.43839    1.43220       -1704.31007
  Ti      133   22.27598   20.97119    0.27598    1.59064       -1704.39619
  Ti      134   22.27799   20.97320    0.27799    1.61347       -1704.44692
  Ti      135   22.29461   20.98982    0.29461    1.56742       -1704.35936
  Ti      136   22.30015   20.99536    0.30015    1.57326       -1704.38160
  Ti      137   22.33760   21.03281    0.33760    1.53309       -1704.39159
  Ti      138   22.40368   21.09889    0.40368    1.47106       -1704.35164
  Ti      139   22.34513   21.04034    0.34513    1.52831       -1704.37506
  Ti      140   22.31592   21.01113    0.31592    1.55397       -1704.37833
  Ti      141   22.41955   21.11476    0.41955    1.45964       -1704.33633
  Ti      142   22.23123   20.92644    0.23123    1.63398       -1704.40330
  Ti      143   22.42055   21.11576    0.42055    1.44896       -1704.30181
  Ti      144   22.34463   21.03984    0.34463    1.52795       -1704.36428
  Ti      145   22.26135   20.95656    0.26135    1.61152       -1704.41789
  Ti      146   22.42551   21.12072    0.42551    1.44882       -1704.32763
  Ti      147   22.22221   20.91742    0.22221    1.65594       -1704.45652
  Ti      148   22.43219   21.12740    0.43219    1.44740       -1704.34177
  Ti      149   22.36429   21.05950    0.36429    1.50829       -1704.35589
  Ti      150   22.23000   20.92521    0.23000    1.64484       -1704.44630
  Ti      151   22.41135   21.10656    0.41135    1.46113       -1704.33655
  Ti      152   22.32143   21.01664    0.32143    1.55133       -1704.39453
  Ti      153   22.31345   21.00866    0.31345    1.55901       -1704.38642
  Ti      154   22.37932   21.07453    0.37932    1.49790       -1704.38730
  Ti      155   22.38207   21.07728    0.38207    1.48990       -1704.34298
  Ti      156   22.33934   21.03455    0.33934    1.52929       -1704.35647
  Ti      157   22.35831   21.05352    0.35831    1.50292       -1704.34510
  Ti      158   22.42533   21.12054    0.42533    1.44920       -1704.32529
  Ti      159   22.28168   20.97689    0.28168    1.58638       -1704.37906
  Ti      160   22.32432   21.01953    0.32432    1.55142       -1704.37542
