System Description            : WNbMoTaTi, BCC structure                        
Number of Atoms in Unit Cell  : 160                                             
Number of Atomic Species      : 5                                               
Number of Atoms in Each Type  : 32(W), 32(Nb), 32(Mo), 32(Ta), 32(Ti)           
Energy Offset                 : -16193                                          
=======================================================================================
    Iter     Energy      3PV     Efermi   Rms_rho    Rms_pot   Mix  Alg  Alpha 
---------------------------------------------------------------------------------------
**       1  -0.757844  1839.753  0.54522  0.140E+01  0.169E+00  pot  B   0.1000
         2  -1.028470  1816.569  0.57752  0.756E-02  0.381E+00  pot  B   0.1000
         3  -1.081042  1810.430  0.57938  0.241E-02  0.425E+00  pot  B   0.1000
         4  -1.226530  1789.766  0.59364  0.691E-02  0.611E+00  pot  B   0.1000
         5  -1.394528  1772.754  0.60631  0.575E-02  0.243E+00  pot  B   0.1000
         6  -1.457821  1760.279  0.61625  0.435E-02  0.273E+00  pot  B   0.1000
         7  -1.498538  1746.855  0.62562  0.465E-02  0.289E+00  pot  B   0.1000
         8  -1.559762  1733.200  0.63627  0.487E-02  0.847E-01  pot  B   0.1000
         9  -1.571548  1727.151  0.64185  0.253E-02  0.882E-01  pot  B   0.1000
        10  -1.580366  1723.931  0.64477  0.157E-02  0.421E-01  pot  B   0.1000
        11  -1.594782  1716.148  0.65080  0.414E-02  0.564E-01  pot  B   0.1000
        12  -1.601005  1711.382  0.65416  0.256E-02  0.443E-01  pot  B   0.1000
        13  -1.603183  1708.593  0.65635  0.154E-02  0.319E-01  pot  B   0.1000
        14  -1.604129  1707.168  0.65750  0.959E-03  0.167E-01  pot  B   0.1000
        15  -1.604311  1706.563  0.65847  0.413E-03  0.742E-02  pot  B   0.1000
        16  -1.604358  1706.318  0.65906  0.145E-03  0.732E-02  pot  B   0.1000
        17  -1.604404  1706.261  0.65946  0.965E-04  0.663E-02  pot  B   0.1000
        18  -1.604448  1706.282  0.66006  0.126E-03  0.104E-01  pot  B   0.1000
        19  -1.604564  1706.284  0.66126  0.231E-03  0.737E-02  pot  B   0.1000
        20  -1.604596  1706.112  0.66199  0.177E-03  0.414E-02  pot  B   0.1000
        21  -1.604612  1706.134  0.66248  0.887E-04  0.200E-02  pot  B   0.1000
        22  -1.604617  1706.214  0.66262  0.375E-04  0.113E-02  pot  B   0.1000
        23  -1.604619  1706.213  0.66272  0.208E-04  0.122E-02  pot  B   0.1000
        24  -1.604622  1706.221  0.66285  0.276E-04  0.882E-03  pot  B   0.1000
        25  -1.604624  1706.265  0.66293  0.239E-04  0.603E-03  pot  B   0.1000
        26  -1.604626  1706.268  0.66307  0.252E-04  0.395E-03  pot  B   0.1000
        27  -1.604626  1706.265  0.66310  0.800E-05  0.432E-03  pot  B   0.1000
        28  -1.604626  1706.260  0.66314  0.630E-05  0.339E-03  pot  B   0.1000
        29  -1.604627  1706.249  0.66316  0.365E-05  0.243E-03  pot  B   0.1000
        30  -1.604627  1706.245  0.66317  0.190E-05  0.253E-03  pot  B   0.1000
        31  -1.604627  1706.239  0.66317  0.195E-05  0.154E-03  pot  B   0.1000
        32  -1.604627  1706.232  0.66318  0.256E-05  0.163E-03  pot  B   0.1000
        33  -1.604627  1706.220  0.66319  0.410E-05  0.108E-03  pot  B   0.1000
        34  -1.604627  1706.214  0.66320  0.205E-05  0.857E-04  pot  B   0.1000
        35  -1.604627  1706.210  0.66321  0.157E-05  0.516E-04  pot  B   0.1000
        36  -1.604627  1706.207  0.66321  0.128E-05  0.571E-04  pot  B   0.1000
        37  -1.604627  1706.205  0.66322  0.842E-06  0.374E-04  pot  B   0.1000
        38  -1.604627  1706.204  0.66322  0.122E-05  0.451E-04  pot  B   0.1000
        39  -1.604627  1706.205  0.66323  0.675E-06  0.266E-04  pot  B   0.1000
        40  -1.604627  1706.205  0.66323  0.620E-06  0.265E-04  pot  B   0.1000
        41  -1.604627  1706.205  0.66324  0.468E-06  0.214E-04  pot  B   0.1000
        42  -1.604627  1706.205  0.66324  0.456E-06  0.318E-04  pot  B   0.1000
        43  -1.604627  1706.206  0.66324  0.280E-06  0.237E-04  pot  B   0.1000
        44  -1.604627  1706.207  0.66324  0.373E-06  0.270E-04  pot  B   0.1000
        45  -1.604627  1706.207  0.66325  0.392E-06  0.174E-04  pot  B   0.1000
        46  -1.604627  1706.208  0.66325  0.255E-06  0.123E-04  pot  B   0.1000
        47  -1.604627  1706.208  0.66325  0.182E-06  0.119E-04  pot  B   0.1000
        48  -1.604627  1706.208  0.66325  0.122E-06  0.687E-05  pot  B   0.1000
        49  -1.604627  1706.207  0.66325  0.101E-06  0.633E-05  pot  B   0.1000
        50  -1.604627  1706.207  0.66325  0.105E-06  0.504E-05  pot  B   0.1000
        51  -1.604627  1706.207  0.66325  0.771E-07  0.607E-05  pot  B   0.1000
        52  -1.604627  1706.207  0.66325  0.840E-07  0.382E-05  pot  B   0.1000
        53  -1.604627  1706.206  0.66325  0.570E-07  0.302E-05  pot  B   0.1000
        54  -1.604627  1706.206  0.66325  0.665E-07  0.315E-05  pot  B   0.1000
        55  -1.604627  1706.206  0.66325  0.426E-07  0.342E-05  pot  B   0.1000
        56  -1.604627  1706.206  0.66325  0.630E-07  0.326E-05  pot  B   0.1000
        57  -1.604627  1706.206  0.66325  0.556E-07  0.291E-05  pot  B   0.1000
        58  -1.604627  1706.206  0.66325  0.487E-07  0.249E-05  pot  B   0.1000
        59  -1.604627  1706.206  0.66325  0.447E-07  0.190E-05  pot  B   0.1000
        60  -1.604627  1706.206  0.66325  0.201E-07  0.148E-05  pot  B   0.1000
        61  -1.604627  1706.206  0.66325  0.217E-07  0.995E-06  pot  B   0.1000
        62  -1.604627  1706.206  0.66325  0.214E-07  0.110E-05  pot  B   0.1000
        63  -1.604627  1706.206  0.66325  0.122E-07  0.939E-06  pot  B   0.1000
        64  -1.604627  1706.206  0.66325  0.141E-07  0.707E-06  pot  B   0.1000
        65  -1.604627  1706.206  0.66325  0.855E-08  0.755E-06  pot  B   0.1000
        66  -1.604627  1706.206  0.66325  0.636E-08  0.636E-06  pot  B   0.1000
        67  -1.604627  1706.206  0.66325  0.433E-08  0.728E-06  pot  B   0.1000
        68  -1.604627  1706.206  0.66326  0.412E-08  0.444E-06  pot  B   0.1000
        69  -1.604627  1706.206  0.66326  0.406E-08  0.301E-06  pot  B   0.1000
        70  -1.604627  1706.206  0.66326  0.363E-08  0.300E-06  pot  B   0.1000
        71  -1.604627  1706.206  0.66326  0.534E-08  0.299E-06  pot  B   0.1000
        72  -1.604627  1706.206  0.66326  0.333E-08  0.236E-06  pot  B   0.1000
        73  -1.604627  1706.206  0.66326  0.416E-08  0.215E-06  pot  B   0.1000
        74  -1.604627  1706.206  0.66326  0.403E-08  0.147E-06  pot  B   0.1000
        75  -1.604627  1706.206  0.66326  0.297E-08  0.184E-06  pot  B   0.1000
        76  -1.604627  1706.206  0.66326  0.257E-08  0.112E-06  pot  B   0.1000
        77  -1.604627  1706.206  0.66326  0.262E-08  0.146E-06  pot  B   0.1000
        78  -1.604627  1706.206  0.66326  0.183E-08  0.122E-06  pot  B   0.1000
        79  -1.604627  1706.206  0.66326  0.260E-08  0.123E-06  pot  B   0.1000
        80  -1.604627  1706.206  0.66326  0.876E-09  0.117E-06  pot  B   0.1000
        81  -1.604627  1706.206  0.66326  0.104E-08  0.102E-06  pot  B   0.1000
        82  -1.604627  1706.206  0.66326  0.730E-09  0.908E-07  pot  B   0.1000
        83  -1.604627  1706.206  0.66326  0.760E-09  0.503E-07  pot  B   0.1000
        84  -1.604627  1706.206  0.66326  0.728E-09  0.689E-07  pot  B   0.1000
        85  -1.604627  1706.206  0.66326  0.461E-09  0.447E-07  pot  B   0.1000
        86  -1.604627  1706.206  0.66326  0.565E-09  0.314E-07  pot  B   0.1000
        87  -1.604627  1706.206  0.66326  0.461E-09  0.239E-07  pot  B   0.1000
        88  -1.604627  1706.206  0.66326  0.280E-09  0.263E-07  pot  B   0.1000
        89  -1.604627  1706.206  0.66326  0.302E-09  0.195E-07  pot  B   0.1000
        90  -1.604627  1706.206  0.66326  0.216E-09  0.201E-07  pot  B   0.1000
        91  -1.604627  1706.206  0.66326  0.315E-09  0.182E-07  pot  B   0.1000
        92  -1.604627  1706.206  0.66326  0.114E-09  0.217E-07  pot  B   0.1000
        93  -1.604627  1706.206  0.66326  0.136E-09  0.162E-07  pot  B   0.1000
        94  -1.604627  1706.206  0.66326  0.262E-09  0.136E-07  pot  B   0.1000
        95  -1.604627  1706.206  0.66326  0.770E-10  0.113E-07  pot  B   0.1000
        96  -1.604627  1706.206  0.66326  0.202E-09  0.753E-08  pot  B   0.1000
**      97  -1.604627  1706.206  0.66326  0.586E-12  0.753E-08  pot  B   0.1000
**      98  -1.604627  1706.206  0.66326  0.586E-12  0.753E-08  pot  B   0.1000
