System Description            : WNbMoTa, BCC structure                          
Number of Atoms in Unit Cell  : 512                                             
Number of Atomic Species      : 4                                               
Number of Atoms in Each Type  : 128(W), 128(Nb), 128(Mo), 128(Ta)               
Energy Offset                 : -19816                                          
=======================================================================================
    Iter     Energy      3PV     Efermi   Rms_rho    Rms_pot   Mix  Alg  Alpha 
---------------------------------------------------------------------------------------
**       1  -0.261438  2293.583  0.59407  0.140E+01  0.242E+00  pot  B   0.1000
         2  -0.125459  2265.827  0.61524  0.783E-02  0.194E+01  pot  B   0.1000
         3  -0.635410  2263.187  0.61215  0.236E-02  0.429E+00  pot  B   0.1000
         4  -0.685868  2253.703  0.61714  0.257E-02  0.739E+00  pot  B   0.1000
         5  -0.877858  2224.872  0.63097  0.767E-02  0.780E+00  pot  B   0.1000
         6  -1.125848  2189.802  0.64650  0.932E-02  0.465E+00  pot  B   0.1000
         7  -1.165884  2177.957  0.65777  0.330E-02  0.350E+00  pot  B   0.1000
         8  -1.193123  2172.343  0.66313  0.168E-02  0.218E+00  pot  B   0.1000
         9  -1.217728  2162.994  0.66866  0.309E-02  0.185E+00  pot  B   0.1000
        10  -1.236006  2155.913  0.67240  0.250E-02  0.124E+00  pot  B   0.1000
        11  -1.242847  2152.079  0.67436  0.146E-02  0.140E+00  pot  B   0.1000
        12  -1.256403  2146.505  0.67697  0.219E-02  0.761E-01  pot  B   0.1000
        13  -1.271849  2136.186  0.68154  0.433E-02  0.638E-01  pot  B   0.1000
        14  -1.274178  2133.503  0.68315  0.140E-02  0.641E-01  pot  B   0.1000
        15  -1.274823  2129.610  0.68549  0.121E-02  0.500E-01  pot  B   0.1000
        16  -1.276326  2128.265  0.68627  0.947E-03  0.123E-01  pot  B   0.1000
        17  -1.276471  2127.982  0.68671  0.236E-03  0.133E-01  pot  B   0.1000
        18  -1.276571  2128.092  0.68698  0.128E-03  0.185E-01  pot  B   0.1000
        19  -1.276747  2128.398  0.68738  0.162E-03  0.133E-01  pot  B   0.1000
        20  -1.276810  2128.066  0.68798  0.262E-03  0.890E-02  pot  B   0.1000
        21  -1.276787  2128.453  0.68787  0.184E-03  0.192E-01  pot  B   0.1000
        22  -1.276902  2128.570  0.68847  0.193E-03  0.790E-02  pot  B   0.1000
        23  -1.276911  2128.693  0.68860  0.440E-04  0.112E-01  pot  B   0.1000
        24  -1.276931  2128.647  0.68883  0.631E-04  0.784E-02  pot  B   0.1000
        25  -1.276955  2128.614  0.68930  0.111E-03  0.291E-02  pot  B   0.1000
        26  -1.276976  2128.765  0.68975  0.864E-04  0.409E-02  pot  B   0.1000
        27  -1.276980  2128.708  0.68995  0.334E-04  0.576E-02  pot  B   0.1000
        28  -1.276987  2128.708  0.69014  0.483E-04  0.246E-02  pot  B   0.1000
        29  -1.276990  2128.674  0.69038  0.405E-04  0.454E-02  pot  B   0.1000
        30  -1.276993  2128.645  0.69052  0.247E-04  0.281E-02  pot  B   0.1000
        31  -1.276994  2128.637  0.69060  0.137E-04  0.243E-02  pot  B   0.1000
        32  -1.276996  2128.620  0.69068  0.137E-04  0.142E-02  pot  B   0.1000
        33  -1.276997  2128.578  0.69077  0.184E-04  0.199E-02  pot  B   0.1000
        34  -1.276998  2128.560  0.69083  0.121E-04  0.124E-02  pot  B   0.1000
        35  -1.276999  2128.509  0.69090  0.192E-04  0.166E-02  pot  B   0.1000
        36  -1.276999  2128.489  0.69093  0.820E-05  0.175E-02  pot  B   0.1000
        37  -1.276999  2128.469  0.69099  0.122E-04  0.622E-03  pot  B   0.1000
        38  -1.277000  2128.411  0.69108  0.211E-04  0.555E-03  pot  B   0.1000
        39  -1.277000  2128.367  0.69112  0.145E-04  0.865E-03  pot  B   0.1000
        40  -1.277000  2128.369  0.69112  0.195E-05  0.761E-03  pot  B   0.1000
        41  -1.277000  2128.343  0.69115  0.862E-05  0.758E-03  pot  B   0.1000
        42  -1.277000  2128.324  0.69117  0.647E-05  0.623E-03  pot  B   0.1000
        43  -1.277000  2128.318  0.69117  0.220E-05  0.497E-03  pot  B   0.1000
        44  -1.277000  2128.307  0.69118  0.320E-05  0.403E-03  pot  B   0.1000
        45  -1.277000  2128.290  0.69118  0.509E-05  0.384E-03  pot  B   0.1000
        46  -1.277000  2128.285  0.69119  0.176E-05  0.352E-03  pot  B   0.1000
        47  -1.277000  2128.273  0.69119  0.379E-05  0.363E-03  pot  B   0.1000
        48  -1.277000  2128.270  0.69119  0.110E-05  0.357E-03  pot  B   0.1000
        49  -1.277000  2128.269  0.69118  0.930E-06  0.153E-03  pot  B   0.1000
        50  -1.276999  2128.262  0.69118  0.231E-05  0.113E-03  pot  B   0.1000
        51  -1.276999  2128.260  0.69117  0.167E-05  0.151E-03  pot  B   0.1000
        52  -1.276999  2128.261  0.69117  0.527E-06  0.225E-03  pot  B   0.1000
        53  -1.276999  2128.259  0.69117  0.119E-05  0.170E-03  pot  B   0.1000
        54  -1.276999  2128.259  0.69116  0.722E-06  0.146E-03  pot  B   0.1000
        55  -1.276999  2128.258  0.69116  0.287E-06  0.125E-03  pot  B   0.1000
        56  -1.276999  2128.258  0.69116  0.862E-06  0.106E-03  pot  B   0.1000
        57  -1.276999  2128.259  0.69115  0.136E-05  0.779E-04  pot  B   0.1000
        58  -1.276999  2128.259  0.69115  0.376E-06  0.881E-04  pot  B   0.1000
        59  -1.276999  2128.260  0.69114  0.129E-05  0.704E-04  pot  B   0.1000
        60  -1.276999  2128.262  0.69114  0.955E-06  0.925E-04  pot  B   0.1000
        61  -1.276999  2128.262  0.69114  0.804E-06  0.521E-04  pot  B   0.1000
        62  -1.276999  2128.264  0.69113  0.116E-05  0.384E-04  pot  B   0.1000
        63  -1.276999  2128.266  0.69113  0.151E-05  0.443E-04  pot  B   0.1000
        64  -1.276999  2128.267  0.69113  0.382E-06  0.958E-04  pot  B   0.1000
        65  -1.276999  2128.269  0.69112  0.994E-06  0.383E-04  pot  B   0.1000
        66  -1.276999  2128.269  0.69112  0.366E-06  0.550E-04  pot  B   0.1000
        67  -1.276999  2128.270  0.69112  0.210E-06  0.440E-04  pot  B   0.1000
        68  -1.276999  2128.271  0.69112  0.495E-06  0.360E-04  pot  B   0.1000
        69  -1.276999  2128.272  0.69112  0.520E-06  0.198E-04  pot  B   0.1000
        70  -1.276999  2128.273  0.69112  0.241E-06  0.304E-04  pot  B   0.1000
        71  -1.276999  2128.274  0.69112  0.471E-06  0.228E-04  pot  B   0.1000
        72  -1.276999  2128.275  0.69112  0.261E-06  0.290E-04  pot  B   0.1000
        73  -1.276999  2128.275  0.69112  0.232E-06  0.131E-04  pot  B   0.1000
        74  -1.276999  2128.276  0.69112  0.226E-06  0.122E-04  pot  B   0.1000
        75  -1.276999  2128.277  0.69112  0.292E-06  0.112E-04  pot  B   0.1000
        76  -1.276999  2128.277  0.69112  0.140E-06  0.221E-04  pot  B   0.1000
        77  -1.276999  2128.277  0.69112  0.113E-06  0.982E-05  pot  B   0.1000
        78  -1.276999  2128.277  0.69112  0.673E-07  0.154E-04  pot  B   0.1000
        79  -1.276999  2128.277  0.69112  0.443E-07  0.148E-04  pot  B   0.1000
        80  -1.276999  2128.278  0.69112  0.130E-06  0.141E-04  pot  B   0.1000
        81  -1.276999  2128.278  0.69112  0.112E-06  0.620E-05  pot  B   0.1000
        82  -1.276999  2128.278  0.69112  0.561E-07  0.936E-05  pot  B   0.1000
        83  -1.276999  2128.278  0.69112  0.807E-07  0.690E-05  pot  B   0.1000
        84  -1.276999  2128.278  0.69112  0.726E-07  0.914E-05  pot  B   0.1000
        85  -1.276999  2128.278  0.69112  0.760E-07  0.561E-05  pot  B   0.1000
        86  -1.276999  2128.278  0.69112  0.543E-07  0.370E-05  pot  B   0.1000
        87  -1.276999  2128.278  0.69112  0.102E-06  0.412E-05  pot  B   0.1000
        88  -1.276999  2128.278  0.69112  0.124E-06  0.684E-05  pot  B   0.1000
        89  -1.276999  2128.278  0.69112  0.207E-07  0.415E-05  pot  B   0.1000
        90  -1.276999  2128.278  0.69112  0.550E-07  0.610E-05  pot  B   0.1000
        91  -1.276999  2128.278  0.69112  0.223E-07  0.560E-05  pot  B   0.1000
        92  -1.276999  2128.278  0.69112  0.674E-07  0.517E-05  pot  B   0.1000
        93  -1.276999  2128.277  0.69112  0.535E-07  0.257E-05  pot  B   0.1000
        94  -1.276999  2128.277  0.69112  0.445E-07  0.382E-05  pot  B   0.1000
        95  -1.276999  2128.277  0.69112  0.482E-07  0.343E-05  pot  B   0.1000
        96  -1.276999  2128.277  0.69112  0.487E-07  0.313E-05  pot  B   0.1000
        97  -1.276999  2128.277  0.69112  0.388E-07  0.187E-05  pot  B   0.1000
        98  -1.276999  2128.277  0.69112  0.353E-07  0.172E-05  pot  B   0.1000
        99  -1.276999  2128.277  0.69112  0.493E-07  0.137E-05  pot  B   0.1000
       100  -1.276999  2128.277  0.69112  0.463E-07  0.208E-05  pot  B   0.1000
**     101  -1.276999  2128.277  0.69112  0.566E-12  0.208E-05  pot  B   0.1000
