System Description            : WNbMoTa, BCC structure                          
Number of Atoms in Unit Cell  : 128                                             
Number of Atomic Species      : 4                                               
Number of Atoms in Each Type  : 32(W), 32(Nb), 32(Mo), 32(Ta)                   
Energy Offset                 : -19816                                          
=======================================================================================
    Iter     Energy      3PV     Efermi   Rms_rho    Rms_pot   Mix  Alg  Alpha 
---------------------------------------------------------------------------------------
**       1  -0.262670  2293.575  0.59505  0.140E+01  0.116E+00  pot  B   0.1000
         2  -0.614312  2265.278  0.60937  0.764E-02  0.229E+00  pot  B   0.1000
         3  -0.781282  2248.911  0.61739  0.432E-02  0.213E+00  pot  B   0.1000
         4  -1.169260  2184.080  0.64108  0.171E-01  0.128E+00  pot  B   0.1000
         5  -1.194125  2170.855  0.65695  0.382E-02  0.140E+00  pot  B   0.1000
         6  -1.222045  2162.695  0.66756  0.279E-02  0.504E-01  pot  B   0.1000
         7  -1.245352  2151.715  0.67471  0.400E-02  0.647E-01  pot  B   0.1000
         8  -1.264187  2142.227  0.67903  0.376E-02  0.299E-01  pot  B   0.1000
         9  -1.274328  2132.471  0.68336  0.416E-02  0.289E-01  pot  B   0.1000
        10  -1.275907  2129.811  0.68515  0.130E-02  0.123E-01  pot  B   0.1000
        11  -1.276270  2128.838  0.68621  0.596E-03  0.433E-02  pot  B   0.1000
        12  -1.276416  2128.570  0.68712  0.256E-03  0.492E-02  pot  B   0.1000
        13  -1.276516  2128.420  0.68794  0.196E-03  0.400E-02  pot  B   0.1000
        14  -1.276649  2128.329  0.68947  0.329E-03  0.153E-02  pot  B   0.1000
        15  -1.276669  2128.240  0.69035  0.173E-03  0.117E-02  pot  B   0.1000
        16  -1.276670  2128.272  0.69054  0.359E-04  0.100E-02  pot  B   0.1000
        17  -1.276672  2128.255  0.69069  0.279E-04  0.675E-03  pot  B   0.1000
        18  -1.276675  2128.261  0.69085  0.287E-04  0.412E-03  pot  B   0.1000
        19  -1.276677  2128.280  0.69103  0.320E-04  0.238E-03  pot  B   0.1000
        20  -1.276677  2128.275  0.69110  0.141E-04  0.127E-03  pot  B   0.1000
        21  -1.276677  2128.281  0.69112  0.586E-05  0.107E-03  pot  B   0.1000
        22  -1.276677  2128.279  0.69113  0.402E-05  0.936E-04  pot  B   0.1000
        23  -1.276677  2128.279  0.69114  0.360E-05  0.612E-04  pot  B   0.1000
        24  -1.276677  2128.279  0.69114  0.203E-05  0.454E-04  pot  B   0.1000
        25  -1.276677  2128.279  0.69115  0.118E-05  0.231E-04  pot  B   0.1000
        26  -1.276677  2128.279  0.69115  0.455E-06  0.231E-04  pot  B   0.1000
        27  -1.276677  2128.279  0.69115  0.553E-06  0.190E-04  pot  B   0.1000
        28  -1.276677  2128.278  0.69115  0.601E-06  0.154E-04  pot  B   0.1000
        29  -1.276677  2128.278  0.69116  0.358E-06  0.104E-04  pot  B   0.1000
        30  -1.276677  2128.278  0.69116  0.202E-06  0.732E-05  pot  B   0.1000
        31  -1.276677  2128.277  0.69116  0.171E-06  0.672E-05  pot  B   0.1000
        32  -1.276677  2128.277  0.69116  0.248E-06  0.439E-05  pot  B   0.1000
        33  -1.276677  2128.277  0.69117  0.160E-06  0.324E-05  pot  B   0.1000
        34  -1.276677  2128.277  0.69117  0.604E-07  0.203E-05  pot  B   0.1000
        35  -1.276677  2128.277  0.69117  0.215E-07  0.113E-05  pot  B   0.1000
        36  -1.276677  2128.277  0.69117  0.138E-07  0.765E-06  pot  B   0.1000
        37  -1.276677  2128.277  0.69117  0.204E-07  0.596E-06  pot  B   0.1000
        38  -1.276677  2128.277  0.69117  0.242E-07  0.460E-06  pot  B   0.1000
        39  -1.276677  2128.277  0.69117  0.190E-07  0.348E-06  pot  B   0.1000
        40  -1.276677  2128.277  0.69117  0.719E-08  0.235E-06  pot  B   0.1000
        41  -1.276677  2128.277  0.69117  0.439E-08  0.197E-06  pot  B   0.1000
        42  -1.276677  2128.277  0.69117  0.482E-08  0.215E-06  pot  B   0.1000
        43  -1.276677  2128.277  0.69117  0.451E-08  0.169E-06  pot  B   0.1000
        44  -1.276677  2128.277  0.69117  0.425E-08  0.911E-07  pot  B   0.1000
        45  -1.276677  2128.277  0.69117  0.277E-08  0.727E-07  pot  B   0.1000
        46  -1.276677  2128.277  0.69117  0.169E-08  0.608E-07  pot  B   0.1000
        47  -1.276677  2128.277  0.69117  0.201E-08  0.585E-07  pot  B   0.1000
        48  -1.276677  2128.277  0.69117  0.192E-08  0.421E-07  pot  B   0.1000
        49  -1.276677  2128.277  0.69117  0.166E-08  0.269E-07  pot  B   0.1000
        50  -1.276677  2128.277  0.69117  0.117E-08  0.189E-07  pot  B   0.1000
        51  -1.276677  2128.277  0.69117  0.464E-09  0.134E-07  pot  B   0.1000
        52  -1.276677  2128.277  0.69117  0.352E-09  0.137E-07  pot  B   0.1000
        53  -1.276677  2128.277  0.69117  0.440E-09  0.971E-08  pot  B   0.1000
**      54  -1.276677  2128.277  0.69117  0.579E-12  0.971E-08  pot  B   0.1000
