 Atom   Index      Q          Qmt        dQ        Vmad        Local Energy
  W         1   73.96584   72.66344   -0.03416    1.62180      -32312.41187
  W         2   73.77234   72.46995   -0.22766    1.81006      -32312.53436
  W         3   73.88944   72.58705   -0.11056    1.70856      -32312.47623
  W         4   73.75041   72.44802   -0.24959    1.85368      -32312.58755
  Nb        5   41.03211   39.72971    0.03211    1.60725       -7632.51676
  Nb        6   40.81659   39.51419   -0.18341    1.81945       -7632.64520
  Nb        7   40.85864   39.55625   -0.14136    1.76848       -7632.61466
  Nb        8   40.75358   39.45118   -0.24642    1.87344       -7632.67737
  Mo        9   41.97993   40.67753   -0.02007    1.75078       -8090.64161
  Mo       10   41.95209   40.64970   -0.04791    1.75894       -8090.62444
  Mo       11   42.15463   40.85224    0.15463    1.55763       -8090.50669
  Mo       12   42.09128   40.78889    0.09128    1.62486       -8090.54173
  Ta       13   72.60120   71.29881   -0.39880    1.93173      -31233.02966
  Ta       14   72.79395   71.49156   -0.20605    1.74713      -31232.90555
  Ta       15   72.74177   71.43938   -0.25823    1.79261      -31232.93805
  Ta       16   72.65978   71.35738   -0.34022    1.88280      -31232.99502
  V        17   23.54676   22.24437    0.54676    1.40070       -1895.15204
  V        18   23.56771   22.26532    0.56771    1.37851       -1895.11752
  V        19   23.54433   22.24193    0.54433    1.40344       -1895.14696
  V        20   23.52762   22.22523    0.52762    1.41652       -1895.16486
