 Atom   Index      Q          Qmt        dQ        Vmad        Local Energy
  W         1   73.95792   72.57067   -0.04208    1.80835      -32312.62346
  W         2   74.03183   72.64458    0.03183    1.74420      -32312.58695
  W         3   73.98334   72.59609   -0.01666    1.77958      -32312.60451
  W         4   74.01473   72.62748    0.01473    1.75548      -32312.58978
  W         5   73.90781   72.52056   -0.09219    1.85252      -32312.64339
  W         6   73.96957   72.58231   -0.03043    1.80061      -32312.61941
  W         7   73.93786   72.55060   -0.06214    1.82768      -32312.62783
  W         8   73.95482   72.56756   -0.04518    1.81073      -32312.61879
  W         9   73.93270   72.54545   -0.06730    1.83323      -32312.63574
  W        10   73.95052   72.56327   -0.04948    1.81524      -32312.62504
  W        11   73.87802   72.49077   -0.12198    1.88245      -32312.65814
  W        12   73.99408   72.60683   -0.00592    1.77848      -32312.60268
  W        13   74.00823   72.62098    0.00823    1.76011      -32312.59482
  W        14   73.94658   72.55932   -0.05342    1.82315      -32312.63313
  W        15   73.93674   72.54949   -0.06326    1.83128      -32312.63727
  W        16   73.96579   72.57854   -0.03421    1.80273      -32312.62101
  W        17   73.95373   72.56648   -0.04627    1.81923      -32312.63651
  W        18   73.87681   72.48956   -0.12319    1.89110      -32312.67409
  W        19   73.97708   72.58982   -0.02292    1.78995      -32312.60876
  W        20   73.97571   72.58846   -0.02429    1.78701      -32312.60565
  W        21   73.95343   72.56618   -0.04657    1.80693      -32312.61657
  W        22   74.01215   72.62489    0.01215    1.76592      -32312.60399
  W        23   73.93223   72.54497   -0.06777    1.84093      -32312.64283
  W        24   73.93268   72.54543   -0.06732    1.83414      -32312.63817
  W        25   73.93457   72.54731   -0.06543    1.83250      -32312.63626
  W        26   73.93079   72.54354   -0.06921    1.83531      -32312.63766
  W        27   74.03802   72.65077    0.03802    1.73913      -32312.57901
  W        28   73.99731   72.61006   -0.00269    1.77768      -32312.60515
  W        29   73.93246   72.54521   -0.06754    1.83822      -32312.64035
  W        30   73.92268   72.53543   -0.07732    1.84799      -32312.64696
  W        31   73.89109   72.50384   -0.10891    1.87567      -32312.66586
  W        32   73.95647   72.56921   -0.04353    1.80268      -32312.61070
  W        33   73.89123   72.50398   -0.10877    1.87599      -32312.66192
  W        34   73.95631   72.56906   -0.04369    1.81159      -32312.61760
  W        35   73.94391   72.55666   -0.05609    1.82022      -32312.62903
  W        36   74.01600   72.62875    0.01600    1.75760      -32312.58739
  W        37   74.00347   72.61621    0.00347    1.76239      -32312.59385
  W        38   73.90337   72.51612   -0.09663    1.86409      -32312.65571
  W        39   73.94327   72.55602   -0.05673    1.82933      -32312.64063
  W        40   73.93918   72.55193   -0.06082    1.82492      -32312.63519
  W        41   74.01077   72.62352    0.01077    1.76874      -32312.61018
  W        42   73.93902   72.55177   -0.06098    1.82388      -32312.62197
  W        43   73.93112   72.54386   -0.06888    1.83824      -32312.64761
  W        44   73.94352   72.55627   -0.05648    1.83033      -32312.63320
  W        45   73.95447   72.56721   -0.04553    1.81649      -32312.63245
  W        46   73.99384   72.60659   -0.00616    1.78305      -32312.60925
  W        47   74.02649   72.63924    0.02649    1.74446      -32312.58958
  W        48   73.92230   72.53505   -0.07770    1.84619      -32312.65181
  W        49   73.84931   72.46205   -0.15069    1.91160      -32312.67800
  W        50   73.97883   72.59158   -0.02117    1.78295      -32312.60441
  W        51   73.88587   72.49862   -0.11413    1.88175      -32312.66624
  W        52   74.00990   72.62264    0.00990    1.76335      -32312.60203
  W        53   73.96507   72.57781   -0.03493    1.80053      -32312.61901
  W        54   74.01808   72.63083    0.01808    1.75366      -32312.59090
  W        55   74.01467   72.62742    0.01467    1.76145      -32312.59774
  W        56   73.93748   72.55023   -0.06252    1.83481      -32312.63697
  W        57   73.88970   72.50245   -0.11030    1.86940      -32312.65798
  W        58   73.95705   72.56979   -0.04295    1.80699      -32312.61882
  W        59   73.93974   72.55249   -0.06026    1.82677      -32312.63069
  W        60   73.94602   72.55877   -0.05398    1.82361      -32312.63365
  W        61   73.94339   72.55614   -0.05661    1.82298      -32312.63293
  W        62   74.04877   72.66151    0.04877    1.72464      -32312.57673
  W        63   73.97925   72.59200   -0.02075    1.79366      -32312.61477
  W        64   73.91267   72.52542   -0.08733    1.85187      -32312.64829
  Nb       65   41.09388   39.70663    0.09388    1.71756       -7632.67601
  Nb       66   41.09607   39.70882    0.09607    1.71720       -7632.67497
  Nb       67   40.99595   39.60870   -0.00405    1.80535       -7632.72829
  Nb       68   41.03419   39.64694    0.03419    1.77227       -7632.70515
  Nb       69   40.94968   39.56243   -0.05032    1.85374       -7632.75907
  Nb       70   41.06929   39.68204    0.06929    1.73935       -7632.68823
  Nb       71   41.00108   39.61383    0.00108    1.80379       -7632.72551
  Nb       72   41.01816   39.63091    0.01816    1.78538       -7632.71062
  Nb       73   40.97805   39.59080   -0.02195    1.82804       -7632.74137
  Nb       74   41.03717   39.64992    0.03717    1.76766       -7632.70791
  Nb       75   40.99873   39.61148   -0.00127    1.80306       -7632.72634
  Nb       76   41.03758   39.65033    0.03758    1.76366       -7632.70410
  Nb       77   40.97521   39.58795   -0.02479    1.82872       -7632.74451
  Nb       78   41.00512   39.61786    0.00512    1.79973       -7632.72381
  Nb       79   40.96327   39.57602   -0.03673    1.83169       -7632.74151
  Nb       80   41.04335   39.65610    0.04335    1.76424       -7632.69696
  Nb       81   41.05000   39.66275    0.05000    1.75517       -7632.69713
  Nb       82   41.04539   39.65814    0.04539    1.76175       -7632.69999
  Nb       83   41.06771   39.68046    0.06771    1.74210       -7632.68925
  Nb       84   40.97781   39.59055   -0.02219    1.82238       -7632.74451
  Nb       85   40.96530   39.57804   -0.03470    1.83772       -7632.75376
  Nb       86   41.07914   39.69188    0.07914    1.72782       -7632.68151
  Nb       87   41.00871   39.62146    0.00871    1.79285       -7632.71607
  Nb       88   41.03843   39.65117    0.03843    1.77453       -7632.71156
  Nb       89   41.03583   39.64858    0.03583    1.76672       -7632.70602
  Nb       90   40.93586   39.54861   -0.06414    1.86400       -7632.76044
  Nb       91   40.95475   39.56750   -0.04525    1.84872       -7632.75512
  Nb       92   41.00000   39.61274   -0.00000    1.80206       -7632.73487
  Nb       93   41.00375   39.61650    0.00375    1.80363       -7632.72680
  Nb       94   41.01243   39.62518    0.01243    1.79612       -7632.72282
  Nb       95   40.98784   39.60059   -0.01216    1.81372       -7632.73506
  Nb       96   41.05784   39.67059    0.05784    1.74138       -7632.68997
  Nb       97   41.02890   39.64165    0.02890    1.78128       -7632.70886
  Nb       98   41.06094   39.67369    0.06094    1.74413       -7632.68513
  Nb       99   41.01866   39.63141    0.01866    1.78714       -7632.71860
  Nb      100   41.04828   39.66103    0.04828    1.76323       -7632.70638
  Nb      101   40.98671   39.59946   -0.01329    1.81680       -7632.73330
  Nb      102   40.97866   39.59141   -0.02134    1.82360       -7632.73982
  Nb      103   41.02511   39.63786    0.02511    1.78413       -7632.71286
  Nb      104   41.01594   39.62869    0.01594    1.78950       -7632.71530
  Nb      105   40.97217   39.58492   -0.02783    1.83072       -7632.73796
  Nb      106   41.00531   39.61806    0.00531    1.80213       -7632.72952
  Nb      107   40.98681   39.59956   -0.01319    1.81528       -7632.73289
  Nb      108   41.06615   39.67890    0.06615    1.74919       -7632.69956
  Nb      109   41.03546   39.64821    0.03546    1.77140       -7632.71554
  Nb      110   41.08026   39.69301    0.08026    1.73213       -7632.68599
  Nb      111   41.12200   39.73474    0.12200    1.68833       -7632.65876
  Nb      112   40.98221   39.59495   -0.01779    1.81466       -7632.73683
  Nb      113   41.07490   39.68765    0.07490    1.73975       -7632.69285
  Nb      114   41.06702   39.67977    0.06702    1.74300       -7632.68088
  Nb      115   41.06915   39.68189    0.06915    1.74284       -7632.68810
  Nb      116   40.99193   39.60468   -0.00807    1.81188       -7632.72918
  Nb      117   41.02114   39.63389    0.02114    1.77938       -7632.70542
  Nb      118   41.00891   39.62166    0.00891    1.79729       -7632.72926
  Nb      119   41.02586   39.63861    0.02586    1.78467       -7632.71152
  Nb      120   40.92874   39.54149   -0.07126    1.87380       -7632.77121
  Nb      121   41.03923   39.65198    0.03923    1.76973       -7632.70486
  Nb      122   41.01867   39.63142    0.01867    1.78810       -7632.71504
  Nb      123   41.12537   39.73812    0.12537    1.68882       -7632.65599
  Nb      124   41.01372   39.62647    0.01372    1.78981       -7632.71854
  Nb      125   41.00703   39.61977    0.00703    1.79178       -7632.72535
  Nb      126   41.00378   39.61653    0.00378    1.80166       -7632.72915
  Nb      127   41.03273   39.64547    0.03273    1.77012       -7632.70374
  Nb      128   41.01408   39.62683    0.01408    1.79002       -7632.71741
  Mo      129   42.25372   40.86647    0.25372    1.64567       -8090.66187
  Mo      130   42.21425   40.82700    0.21425    1.67702       -8090.66581
  Mo      131   42.14668   40.75943    0.14668    1.74022       -8090.69700
  Mo      132   42.16658   40.77933    0.16658    1.73223       -8090.70295
  Mo      133   42.13516   40.74791    0.13516    1.75674       -8090.71446
  Mo      134   42.17589   40.78864    0.17589    1.71869       -8090.69255
  Mo      135   42.16883   40.78157    0.16883    1.71796       -8090.69077
  Mo      136   42.15264   40.76539    0.15264    1.73836       -8090.70001
  Mo      137   42.14017   40.75292    0.14017    1.75372       -8090.71102
  Mo      138   42.13090   40.74365    0.13090    1.75784       -8090.71529
  Mo      139   42.12633   40.73908    0.12633    1.76351       -8090.71947
  Mo      140   42.21997   40.83272    0.21997    1.67625       -8090.66797
  Mo      141   42.14539   40.75814    0.14539    1.74587       -8090.70924
  Mo      142   42.22076   40.83350    0.22076    1.66617       -8090.66201
  Mo      143   42.16189   40.77463    0.16189    1.73445       -8090.70273
  Mo      144   42.16242   40.77517    0.16242    1.73327       -8090.70107
  Mo      145   42.17757   40.79032    0.17757    1.72064       -8090.69692
  Mo      146   42.16066   40.77341    0.16066    1.73445       -8090.69958
  Mo      147   42.16196   40.77470    0.16196    1.72966       -8090.70267
  Mo      148   42.19751   40.81026    0.19751    1.70030       -8090.69414
  Mo      149   42.21774   40.83049    0.21774    1.67811       -8090.67174
  Mo      150   42.19674   40.80949    0.19674    1.70097       -8090.68372
  Mo      151   42.17485   40.78760    0.17485    1.71411       -8090.69292
  Mo      152   42.13089   40.74364    0.13089    1.76058       -8090.71132
  Mo      153   42.15280   40.76555    0.15280    1.73586       -8090.70085
  Mo      154   42.16682   40.77956    0.16682    1.72945       -8090.69501
  Mo      155   42.15538   40.76813    0.15538    1.73585       -8090.70246
  Mo      156   42.19843   40.81118    0.19843    1.69757       -8090.68644
  Mo      157   42.13261   40.74536    0.13261    1.76052       -8090.71629
  Mo      158   42.15274   40.76549    0.15274    1.73187       -8090.69569
  Mo      159   42.12197   40.73472    0.12197    1.77067       -8090.72040
  Mo      160   42.13630   40.74905    0.13630    1.75292       -8090.71120
  Mo      161   42.15127   40.76401    0.15127    1.74557       -8090.70998
  Mo      162   42.16120   40.77395    0.16120    1.73310       -8090.70228
  Mo      163   42.24486   40.85760    0.24486    1.65771       -8090.66794
  Mo      164   42.16041   40.77315    0.16041    1.73355       -8090.70208
  Mo      165   42.22741   40.84016    0.22741    1.67704       -8090.68006
  Mo      166   42.06632   40.67906    0.06632    1.81765       -8090.74176
  Mo      167   42.14609   40.75884    0.14609    1.74689       -8090.71339
  Mo      168   42.13574   40.74849    0.13574    1.75594       -8090.71310
  Mo      169   42.17409   40.78683    0.17409    1.71997       -8090.69164
  Mo      170   42.17291   40.78565    0.17291    1.72006       -8090.69047
  Mo      171   42.11188   40.72463    0.11188    1.77171       -8090.71567
  Mo      172   42.24555   40.85830    0.24555    1.65577       -8090.65557
  Mo      173   42.16351   40.77626    0.16351    1.72787       -8090.69923
  Mo      174   42.23548   40.84822    0.23548    1.65962       -8090.65433
  Mo      175   42.10135   40.71410    0.10135    1.79030       -8090.73735
  Mo      176   42.13244   40.74519    0.13244    1.76174       -8090.71704
  Mo      177   42.24476   40.85751    0.24476    1.65636       -8090.66379
  Mo      178   42.12808   40.74083    0.12808    1.75933       -8090.70828
  Mo      179   42.20150   40.81425    0.20150    1.69610       -8090.68531
  Mo      180   42.18175   40.79450    0.18175    1.71061       -8090.68652
  Mo      181   42.14378   40.75653    0.14378    1.75298       -8090.71390
  Mo      182   42.18686   40.79961    0.18686    1.70722       -8090.68115
  Mo      183   42.19225   40.80500    0.19225    1.70311       -8090.68779
  Mo      184   42.17357   40.78632    0.17357    1.71985       -8090.69382
  Mo      185   42.22186   40.83460    0.22186    1.68047       -8090.67710
  Mo      186   42.13169   40.74443    0.13169    1.76414       -8090.72424
  Mo      187   42.16603   40.77878    0.16603    1.73270       -8090.71293
  Mo      188   42.18694   40.79969    0.18694    1.70766       -8090.68685
  Mo      189   42.19914   40.81189    0.19914    1.68931       -8090.67024
  Mo      190   42.16583   40.77858    0.16583    1.72340       -8090.69152
  Mo      191   42.14241   40.75516    0.14241    1.74939       -8090.70549
  Mo      192   42.14063   40.75338    0.14063    1.74577       -8090.70419
  Ta      193   72.82558   71.43833   -0.17442    1.88495      -31233.08326
  Ta      194   72.80894   71.42169   -0.19106    1.90069      -31233.09527
  Ta      195   72.88787   71.50061   -0.11213    1.83003      -31233.05436
  Ta      196   72.85125   71.46400   -0.14875    1.86478      -31233.07560
  Ta      197   72.86868   71.48143   -0.13132    1.84436      -31233.06393
  Ta      198   72.86417   71.47691   -0.13583    1.85170      -31233.06497
  Ta      199   72.90320   71.51595   -0.09680    1.81831      -31233.04882
  Ta      200   72.85105   71.46379   -0.14895    1.85743      -31233.07038
  Ta      201   72.84702   71.45977   -0.15298    1.86725      -31233.07416
  Ta      202   72.87324   71.48599   -0.12676    1.84746      -31233.06720
  Ta      203   72.85248   71.46523   -0.14752    1.86724      -31233.07823
  Ta      204   72.87822   71.49096   -0.12178    1.83325      -31233.05516
  Ta      205   72.78115   71.39389   -0.21885    1.92771      -31233.11097
  Ta      206   72.82998   71.44273   -0.17002    1.87656      -31233.08011
  Ta      207   72.86922   71.48197   -0.13078    1.84868      -31233.06617
  Ta      208   72.82312   71.43587   -0.17688    1.88667      -31233.08778
  Ta      209   72.85277   71.46552   -0.14723    1.85739      -31233.07262
  Ta      210   72.91362   71.52637   -0.08638    1.80590      -31233.03900
  Ta      211   72.83068   71.44343   -0.16932    1.88299      -31233.08204
  Ta      212   72.82398   71.43673   -0.17602    1.88776      -31233.08884
  Ta      213   72.86640   71.47915   -0.13360    1.84435      -31233.06102
  Ta      214   72.87128   71.48403   -0.12872    1.84656      -31233.06483
  Ta      215   72.84709   71.45983   -0.15291    1.86746      -31233.07789
  Ta      216   72.80719   71.41994   -0.19281    1.90191      -31233.10676
  Ta      217   72.92272   71.53547   -0.07728    1.79843      -31233.03023
  Ta      218   72.85886   71.47161   -0.14114    1.85076      -31233.06793
  Ta      219   72.87443   71.48718   -0.12557    1.83890      -31233.06193
  Ta      220   72.87401   71.48676   -0.12599    1.83338      -31233.05757
  Ta      221   72.78465   71.39739   -0.21535    1.92273      -31233.10675
  Ta      222   72.81708   71.42983   -0.18292    1.88895      -31233.09124
  Ta      223   72.85011   71.46285   -0.14989    1.86455      -31233.07560
  Ta      224   72.89868   71.51143   -0.10132    1.81934      -31233.04642
  Ta      225   72.80196   71.41471   -0.19804    1.90590      -31233.09898
  Ta      226   72.78785   71.40060   -0.21215    1.92292      -31233.11058
  Ta      227   72.86566   71.47841   -0.13434    1.84968      -31233.06883
  Ta      228   72.81732   71.43007   -0.18268    1.89165      -31233.09585
  Ta      229   72.93666   71.54940   -0.06334    1.78381      -31233.02299
  Ta      230   72.95666   71.56941   -0.04334    1.76147      -31233.00680
  Ta      231   72.82363   71.43638   -0.17637    1.89296      -31233.09783
  Ta      232   72.82131   71.43406   -0.17869    1.89103      -31233.09212
  Ta      233   72.86545   71.47819   -0.13455    1.85182      -31233.06842
  Ta      234   72.82968   71.44243   -0.17032    1.88090      -31233.08572
  Ta      235   72.86252   71.47527   -0.13748    1.85342      -31233.06887
  Ta      236   72.87580   71.48855   -0.12420    1.83687      -31233.05979
  Ta      237   72.85562   71.46837   -0.14438    1.85767      -31233.07248
  Ta      238   72.86965   71.48239   -0.13035    1.84647      -31233.06121
  Ta      239   72.84950   71.46225   -0.15050    1.86564      -31233.07190
  Ta      240   72.77872   71.39146   -0.22128    1.92518      -31233.11770
  Ta      241   72.88835   71.50110   -0.11165    1.82535      -31233.04593
  Ta      242   72.81807   71.43082   -0.18193    1.89640      -31233.09615
  Ta      243   72.84591   71.45866   -0.15409    1.85843      -31233.06834
  Ta      244   72.87971   71.49246   -0.12029    1.84173      -31233.05612
  Ta      245   72.88475   71.49750   -0.11525    1.82938      -31233.05456
  Ta      246   72.77689   71.38963   -0.22311    1.93312      -31233.12046
  Ta      247   72.87817   71.49092   -0.12183    1.83607      -31233.06062
  Ta      248   72.85037   71.46312   -0.14963    1.85927      -31233.06897
  Ta      249   72.87382   71.48657   -0.12618    1.83577      -31233.06293
  Ta      250   72.83783   71.45058   -0.16217    1.87505      -31233.08143
  Ta      251   72.88675   71.49950   -0.11325    1.83256      -31233.05344
  Ta      252   72.86385   71.47660   -0.13615    1.85491      -31233.06761
  Ta      253   72.87511   71.48786   -0.12489    1.83894      -31233.05870
  Ta      254   72.90666   71.51940   -0.09334    1.80920      -31233.03668
  Ta      255   72.81882   71.43157   -0.18118    1.88837      -31233.08349
  Ta      256   72.85897   71.47172   -0.14103    1.85867      -31233.06758
