 Atom   Index      Q          Qmt        dQ        Vmad        Local Energy
  W         1   73.93409   72.62986   -0.06591    1.68591      -32312.48733
  W         2   73.93872   72.63449   -0.06128    1.68606      -32312.48851
  W         3   73.86681   72.56258   -0.13319    1.73938      -32312.50019
  W         4   73.94333   72.63911   -0.05667    1.67833      -32312.48402
  W         5   73.85955   72.55533   -0.14045    1.74348      -32312.50932
  W         6   73.88570   72.58148   -0.11430    1.72036      -32312.49250
  W         7   73.78944   72.48521   -0.21056    1.84256      -32312.60002
  W         8   73.75626   72.45204   -0.24374    1.86083      -32312.59531
  Nb        9   40.88798   39.58375   -0.11202    1.76024       -7632.62396
  Nb       10   40.98678   39.68255   -0.01322    1.65653       -7632.56812
  Nb       11   40.82283   39.51860   -0.17717    1.82374       -7632.65529
  Nb       12   41.02924   39.72502    0.02924    1.61079       -7632.53300
  Nb       13   40.91727   39.61304   -0.08273    1.73317       -7632.60373
  Nb       14   40.95625   39.65203   -0.04375    1.68165       -7632.56920
  Nb       15   41.04670   39.74248    0.04670    1.60140       -7632.51924
  Nb       16   40.93920   39.63498   -0.06080    1.71628       -7632.60181
  Mo       17   41.97601   40.67179   -0.02399    1.76697       -8090.65038
  Mo       18   42.14158   40.83736    0.14158    1.60037       -8090.55803
  Mo       19   42.18936   40.88513    0.18936    1.54622       -8090.51361
  Mo       20   42.04584   40.74162    0.04584    1.70490       -8090.62420
  Mo       21   42.15321   40.84899    0.15321    1.59018       -8090.55078
  Mo       22   42.10822   40.80399    0.10822    1.63950       -8090.57919
  Mo       23   42.19104   40.88682    0.19104    1.54467       -8090.51290
  Mo       24   42.08983   40.78561    0.08983    1.65452       -8090.59685
  Ta       25   72.85389   71.54967   -0.14611    1.70644      -31232.89451
  Ta       26   72.69067   71.38644   -0.30933    1.87457      -31233.00905
  Ta       27   72.74956   71.44533   -0.25044    1.80871      -31232.95828
  Ta       28   72.76263   71.45841   -0.23737    1.79613      -31232.94618
  Ta       29   72.81550   71.51128   -0.18450    1.74266      -31232.91484
  Ta       30   72.66692   71.36269   -0.33308    1.88277      -31232.99997
  Ta       31   72.74944   71.44522   -0.25056    1.80778      -31232.96223
  Ta       32   72.79122   71.48699   -0.20878    1.76773      -31232.94689
  Ti       33   22.28768   20.98346    0.28768    1.57207       -1704.35458
  Ti       34   22.34516   21.04093    0.34516    1.54374       -1704.39247
  Ti       35   22.30632   21.00209    0.30632    1.55448       -1704.34566
  Ti       36   22.32645   21.02222    0.32645    1.54256       -1704.37092
  Ti       37   22.25215   20.94793    0.25215    1.63445       -1704.45119
  Ti       38   22.26945   20.96522    0.26945    1.61441       -1704.43369
  Ti       39   22.34538   21.04116    0.34538    1.53241       -1704.37947
  Ti       40   22.33232   21.02809    0.33232    1.54263       -1704.38474
