System Description            : WNbMoTa, BCC structure                          
Number of Atoms in Unit Cell  : 128                                             
Number of Atomic Species      : 4                                               
Number of Atoms in Each Type  : 32(W), 32(Nb), 32(Mo), 32(Ta)                   
Energy Offset                 : -19816                                          
=======================================================================================
    Iter     Energy      3PV     Efermi   Rms_rho    Rms_pot   Mix  Alg  Alpha 
---------------------------------------------------------------------------------------
**       1  -0.266822  2293.551  0.59466  0.140E+01  0.116E+00  pot  B   0.1000
         2  -0.625483  2265.269  0.60788  0.766E-02  0.173E+00  pot  B   0.1000
         3  -0.836397  2240.831  0.61975  0.642E-02  0.289E+00  pot  B   0.1000
         4  -1.173890  2182.764  0.64225  0.153E-01  0.115E+00  pot  B   0.1000
         5  -1.196773  2170.611  0.65786  0.357E-02  0.142E+00  pot  B   0.1000
         6  -1.223742  2162.383  0.66816  0.283E-02  0.391E-01  pot  B   0.1000
         7  -1.245430  2152.004  0.67454  0.368E-02  0.467E-01  pot  B   0.1000
         8  -1.262655  2143.223  0.67857  0.354E-02  0.431E-01  pot  B   0.1000
         9  -1.274626  2133.056  0.68306  0.433E-02  0.189E-01  pot  B   0.1000
        10  -1.276241  2129.493  0.68517  0.169E-02  0.904E-02  pot  B   0.1000
        11  -1.276486  2128.797  0.68611  0.456E-03  0.478E-02  pot  B   0.1000
        12  -1.276617  2128.587  0.68696  0.220E-03  0.524E-02  pot  B   0.1000
        13  -1.276761  2128.395  0.68810  0.259E-03  0.310E-02  pot  B   0.1000
        14  -1.276876  2128.290  0.68982  0.362E-03  0.154E-02  pot  B   0.1000
        15  -1.276877  2128.207  0.69035  0.958E-04  0.100E-02  pot  B   0.1000
        16  -1.276880  2128.257  0.69051  0.345E-04  0.902E-03  pot  B   0.1000
        17  -1.276882  2128.238  0.69062  0.247E-04  0.759E-03  pot  B   0.1000
        18  -1.276885  2128.268  0.69080  0.318E-04  0.535E-03  pot  B   0.1000
        19  -1.276886  2128.307  0.69093  0.298E-04  0.228E-03  pot  B   0.1000
        20  -1.276886  2128.299  0.69099  0.105E-04  0.188E-03  pot  B   0.1000
        21  -1.276887  2128.306  0.69101  0.648E-05  0.114E-03  pot  B   0.1000
        22  -1.276887  2128.299  0.69103  0.541E-05  0.904E-04  pot  B   0.1000
        23  -1.276886  2128.292  0.69105  0.348E-05  0.804E-04  pot  B   0.1000
        24  -1.276886  2128.289  0.69105  0.165E-05  0.511E-04  pot  B   0.1000
        25  -1.276886  2128.284  0.69106  0.150E-05  0.316E-04  pot  B   0.1000
        26  -1.276886  2128.282  0.69106  0.113E-05  0.265E-04  pot  B   0.1000
        27  -1.276886  2128.279  0.69107  0.157E-05  0.224E-04  pot  B   0.1000
        28  -1.276886  2128.276  0.69107  0.125E-05  0.167E-04  pot  B   0.1000
        29  -1.276886  2128.275  0.69108  0.619E-06  0.159E-04  pot  B   0.1000
        30  -1.276886  2128.275  0.69108  0.118E-06  0.810E-05  pot  B   0.1000
        31  -1.276886  2128.275  0.69108  0.124E-06  0.525E-05  pot  B   0.1000
        32  -1.276886  2128.275  0.69108  0.155E-06  0.325E-05  pot  B   0.1000
        33  -1.276886  2128.275  0.69108  0.144E-06  0.311E-05  pot  B   0.1000
        34  -1.276886  2128.275  0.69108  0.114E-06  0.228E-05  pot  B   0.1000
        35  -1.276886  2128.275  0.69108  0.580E-07  0.121E-05  pot  B   0.1000
        36  -1.276886  2128.275  0.69108  0.453E-07  0.143E-05  pot  B   0.1000
        37  -1.276886  2128.275  0.69108  0.589E-07  0.991E-06  pot  B   0.1000
        38  -1.276886  2128.275  0.69108  0.542E-07  0.996E-06  pot  B   0.1000
        39  -1.276886  2128.275  0.69108  0.441E-07  0.670E-06  pot  B   0.1000
        40  -1.276886  2128.275  0.69108  0.279E-07  0.525E-06  pot  B   0.1000
        41  -1.276886  2128.275  0.69108  0.234E-07  0.522E-06  pot  B   0.1000
        42  -1.276886  2128.275  0.69108  0.113E-07  0.582E-06  pot  B   0.1000
        43  -1.276886  2128.275  0.69108  0.134E-07  0.392E-06  pot  B   0.1000
        44  -1.276886  2128.275  0.69108  0.176E-07  0.217E-06  pot  B   0.1000
        45  -1.276886  2128.275  0.69108  0.658E-08  0.147E-06  pot  B   0.1000
        46  -1.276886  2128.275  0.69108  0.501E-08  0.118E-06  pot  B   0.1000
        47  -1.276886  2128.275  0.69108  0.530E-08  0.100E-06  pot  B   0.1000
        48  -1.276886  2128.275  0.69108  0.520E-08  0.108E-06  pot  B   0.1000
        49  -1.276886  2128.275  0.69108  0.436E-08  0.645E-07  pot  B   0.1000
        50  -1.276886  2128.275  0.69108  0.202E-08  0.512E-07  pot  B   0.1000
        51  -1.276886  2128.275  0.69108  0.112E-08  0.370E-07  pot  B   0.1000
        52  -1.276886  2128.275  0.69108  0.773E-09  0.286E-07  pot  B   0.1000
        53  -1.276886  2128.275  0.69108  0.120E-08  0.269E-07  pot  B   0.1000
        54  -1.276886  2128.275  0.69108  0.687E-09  0.242E-07  pot  B   0.1000
        55  -1.276886  2128.275  0.69108  0.414E-09  0.122E-07  pot  B   0.1000
        56  -1.276886  2128.275  0.69108  0.387E-09  0.807E-08  pot  B   0.1000
**      57  -1.276886  2128.275  0.69108  0.490E-12  0.807E-08  pot  B   0.1000
