System Description            : WNbMoTa, BCC structure                          
Number of Atoms in Unit Cell  : 64                                              
Number of Atomic Species      : 4                                               
Number of Atoms in Each Type  : 16(W), 16(Nb), 16(Mo), 16(Ta)                   
Energy Offset                 : -19816                                          
=======================================================================================
    Iter     Energy      3PV     Efermi   Rms_rho    Rms_pot   Mix  Alg  Alpha 
---------------------------------------------------------------------------------------
**       1  -0.266737  2293.597  0.59351  0.140E+01  0.953E-01  pot  B   0.1000
         2  -0.631705  2265.235  0.60648  0.746E-02  0.125E+00  pot  B   0.1000
         3  -0.905753  2230.322  0.62238  0.914E-02  0.296E+00  pot  B   0.1000
         4  -1.178668  2181.915  0.64347  0.128E-01  0.771E-01  pot  B   0.1000
         5  -1.207939  2169.117  0.65890  0.381E-02  0.479E-01  pot  B   0.1000
         6  -1.232255  2158.279  0.66957  0.366E-02  0.457E-01  pot  B   0.1000
         7  -1.247349  2151.268  0.67429  0.254E-02  0.330E-01  pot  B   0.1000
         8  -1.271547  2137.073  0.68042  0.579E-02  0.139E-01  pot  B   0.1000
         9  -1.276158  2130.254  0.68403  0.311E-02  0.157E-01  pot  B   0.1000
        10  -1.276542  2129.102  0.68501  0.599E-03  0.580E-02  pot  B   0.1000
        11  -1.276721  2128.748  0.68577  0.276E-03  0.418E-02  pot  B   0.1000
        12  -1.276926  2128.460  0.68709  0.344E-03  0.269E-02  pot  B   0.1000
        13  -1.277075  2128.273  0.68897  0.388E-03  0.331E-02  pot  B   0.1000
        14  -1.277081  2128.196  0.68954  0.108E-03  0.155E-02  pot  B   0.1000
        15  -1.277090  2128.240  0.68993  0.767E-04  0.694E-03  pot  B   0.1000
        16  -1.277094  2128.281  0.69012  0.385E-04  0.431E-03  pot  B   0.1000
        17  -1.277096  2128.343  0.69029  0.373E-04  0.333E-03  pot  B   0.1000
        18  -1.277097  2128.349  0.69042  0.232E-04  0.167E-03  pot  B   0.1000
        19  -1.277098  2128.307  0.69049  0.140E-04  0.121E-03  pot  B   0.1000
        20  -1.277098  2128.295  0.69052  0.472E-05  0.118E-03  pot  B   0.1000
        21  -1.277098  2128.270  0.69054  0.666E-05  0.567E-04  pot  B   0.1000
        22  -1.277097  2128.263  0.69055  0.231E-05  0.418E-04  pot  B   0.1000
        23  -1.277097  2128.264  0.69056  0.839E-06  0.325E-04  pot  B   0.1000
        24  -1.277097  2128.267  0.69056  0.172E-05  0.210E-04  pot  B   0.1000
        25  -1.277097  2128.269  0.69056  0.119E-05  0.127E-04  pot  B   0.1000
        26  -1.277097  2128.271  0.69056  0.632E-06  0.146E-04  pot  B   0.1000
        27  -1.277097  2128.272  0.69056  0.332E-06  0.736E-05  pot  B   0.1000
        28  -1.277097  2128.273  0.69057  0.555E-06  0.550E-05  pot  B   0.1000
        29  -1.277097  2128.274  0.69057  0.262E-06  0.320E-05  pot  B   0.1000
        30  -1.277097  2128.274  0.69057  0.107E-06  0.221E-05  pot  B   0.1000
        31  -1.277097  2128.275  0.69057  0.978E-07  0.225E-05  pot  B   0.1000
        32  -1.277097  2128.275  0.69057  0.607E-07  0.214E-05  pot  B   0.1000
        33  -1.277097  2128.275  0.69057  0.499E-07  0.989E-06  pot  B   0.1000
        34  -1.277097  2128.275  0.69057  0.263E-07  0.791E-06  pot  B   0.1000
        35  -1.277097  2128.275  0.69057  0.182E-07  0.972E-06  pot  B   0.1000
        36  -1.277097  2128.275  0.69057  0.208E-07  0.537E-06  pot  B   0.1000
        37  -1.277097  2128.275  0.69057  0.217E-07  0.384E-06  pot  B   0.1000
        38  -1.277097  2128.275  0.69057  0.151E-07  0.384E-06  pot  B   0.1000
        39  -1.277097  2128.275  0.69057  0.818E-08  0.321E-06  pot  B   0.1000
        40  -1.277097  2128.275  0.69057  0.187E-07  0.143E-06  pot  B   0.1000
        41  -1.277097  2128.275  0.69057  0.831E-08  0.931E-07  pot  B   0.1000
        42  -1.277097  2128.275  0.69057  0.348E-08  0.745E-07  pot  B   0.1000
        43  -1.277097  2128.275  0.69057  0.397E-08  0.560E-07  pot  B   0.1000
        44  -1.277097  2128.275  0.69057  0.256E-08  0.603E-07  pot  B   0.1000
        45  -1.277097  2128.275  0.69057  0.122E-08  0.423E-07  pot  B   0.1000
        46  -1.277097  2128.275  0.69057  0.143E-08  0.285E-07  pot  B   0.1000
        47  -1.277097  2128.275  0.69057  0.128E-08  0.287E-07  pot  B   0.1000
        48  -1.277097  2128.275  0.69057  0.846E-09  0.177E-07  pot  B   0.1000
        49  -1.277097  2128.275  0.69057  0.705E-09  0.119E-07  pot  B   0.1000
        50  -1.277097  2128.275  0.69057  0.277E-09  0.143E-07  pot  B   0.1000
        51  -1.277097  2128.275  0.69057  0.110E-09  0.121E-07  pot  B   0.1000
        52  -1.277097  2128.275  0.69057  0.133E-09  0.687E-08  pot  B   0.1000
**      53  -1.277097  2128.275  0.69057  0.488E-12  0.687E-08  pot  B   0.1000
