System Description            : WNbMoTaTi, BCC structure                        
Number of Atoms in Unit Cell  : 160                                             
Number of Atomic Species      : 5                                               
Number of Atoms in Each Type  : 32(W), 32(Nb), 32(Mo), 32(Ta), 32(Ti)           
Energy Offset                 : -16193                                          
=======================================================================================
    Iter     Energy      3PV     Efermi   Rms_rho    Rms_pot   Mix  Alg  Alpha 
---------------------------------------------------------------------------------------
**       1  -0.751027  1839.808  0.54638  0.140E+01  0.143E+00  pot  B   0.1000
         2  -1.060065  1816.495  0.57470  0.754E-02  0.268E+00  pot  B   0.1000
         3  -1.040950  1806.246  0.58314  0.386E-02  0.524E+00  pot  B   0.1000
         4  -1.295416  1784.926  0.59665  0.707E-02  0.404E+00  pot  B   0.1000
         5  -1.409394  1773.103  0.60656  0.401E-02  0.268E+00  pot  B   0.1000
         6  -1.482293  1757.783  0.61873  0.522E-02  0.229E+00  pot  B   0.1000
         7  -1.516848  1743.517  0.62792  0.496E-02  0.290E+00  pot  B   0.1000
         8  -1.560618  1732.302  0.63790  0.411E-02  0.105E+00  pot  B   0.1000
         9  -1.570875  1727.777  0.64162  0.185E-02  0.707E-01  pot  B   0.1000
        10  -1.582098  1723.468  0.64492  0.209E-02  0.351E-01  pot  B   0.1000
        11  -1.595588  1716.357  0.64994  0.371E-02  0.369E-01  pot  B   0.1000
        12  -1.601693  1710.565  0.65393  0.313E-02  0.455E-01  pot  B   0.1000
        13  -1.603735  1707.808  0.65639  0.156E-02  0.197E-01  pot  B   0.1000
        14  -1.604111  1706.656  0.65764  0.719E-03  0.107E-01  pot  B   0.1000
        15  -1.604223  1706.387  0.65828  0.217E-03  0.896E-02  pot  B   0.1000
        16  -1.604310  1706.406  0.65868  0.157E-03  0.569E-02  pot  B   0.1000
        17  -1.604387  1706.490  0.65924  0.132E-03  0.714E-02  pot  B   0.1000
        18  -1.604486  1706.539  0.66030  0.229E-03  0.511E-02  pot  B   0.1000
        19  -1.604505  1706.705  0.66067  0.756E-04  0.539E-02  pot  B   0.1000
        20  -1.604531  1706.619  0.66127  0.142E-03  0.555E-02  pot  B   0.1000
        21  -1.604545  1706.646  0.66166  0.570E-04  0.324E-02  pot  B   0.1000
        22  -1.604556  1706.595  0.66193  0.498E-04  0.226E-02  pot  B   0.1000
        23  -1.604567  1706.542  0.66226  0.527E-04  0.171E-02  pot  B   0.1000
        24  -1.604571  1706.470  0.66245  0.371E-04  0.133E-02  pot  B   0.1000
        25  -1.604573  1706.444  0.66253  0.183E-04  0.927E-03  pot  B   0.1000
        26  -1.604575  1706.398  0.66263  0.212E-04  0.604E-03  pot  B   0.1000
        27  -1.604575  1706.369  0.66268  0.135E-04  0.525E-03  pot  B   0.1000
        28  -1.604576  1706.326  0.66275  0.189E-04  0.805E-03  pot  B   0.1000
        29  -1.604577  1706.297  0.66279  0.149E-04  0.591E-03  pot  B   0.1000
        30  -1.604577  1706.271  0.66282  0.103E-04  0.640E-03  pot  B   0.1000
        31  -1.604577  1706.250  0.66285  0.124E-04  0.339E-03  pot  B   0.1000
        32  -1.604577  1706.242  0.66287  0.528E-05  0.214E-03  pot  B   0.1000
        33  -1.604577  1706.236  0.66288  0.457E-05  0.238E-03  pot  B   0.1000
        34  -1.604577  1706.232  0.66289  0.382E-05  0.216E-03  pot  B   0.1000
        35  -1.604577  1706.227  0.66291  0.542E-05  0.148E-03  pot  B   0.1000
        36  -1.604578  1706.225  0.66293  0.436E-05  0.196E-03  pot  B   0.1000
        37  -1.604578  1706.221  0.66295  0.433E-05  0.113E-03  pot  B   0.1000
        38  -1.604578  1706.220  0.66296  0.268E-05  0.905E-04  pot  B   0.1000
        39  -1.604578  1706.220  0.66297  0.134E-05  0.836E-04  pot  B   0.1000
        40  -1.604578  1706.218  0.66298  0.195E-05  0.518E-04  pot  B   0.1000
        41  -1.604578  1706.218  0.66299  0.900E-06  0.806E-04  pot  B   0.1000
        42  -1.604578  1706.218  0.66300  0.793E-06  0.647E-04  pot  B   0.1000
        43  -1.604578  1706.217  0.66300  0.748E-06  0.550E-04  pot  B   0.1000
        44  -1.604578  1706.216  0.66300  0.693E-06  0.499E-04  pot  B   0.1000
        45  -1.604578  1706.216  0.66301  0.435E-06  0.352E-04  pot  B   0.1000
        46  -1.604578  1706.215  0.66301  0.513E-06  0.313E-04  pot  B   0.1000
        47  -1.604579  1706.214  0.66301  0.406E-06  0.259E-04  pot  B   0.1000
        48  -1.604579  1706.213  0.66302  0.304E-06  0.207E-04  pot  B   0.1000
        49  -1.604579  1706.213  0.66302  0.445E-06  0.203E-04  pot  B   0.1000
        50  -1.604579  1706.212  0.66302  0.353E-06  0.145E-04  pot  B   0.1000
        51  -1.604579  1706.211  0.66302  0.396E-06  0.130E-04  pot  B   0.1000
        52  -1.604579  1706.211  0.66302  0.306E-06  0.109E-04  pot  B   0.1000
        53  -1.604579  1706.210  0.66302  0.306E-06  0.112E-04  pot  B   0.1000
        54  -1.604579  1706.210  0.66302  0.129E-06  0.105E-04  pot  B   0.1000
        55  -1.604579  1706.210  0.66302  0.149E-06  0.793E-05  pot  B   0.1000
        56  -1.604579  1706.210  0.66302  0.183E-06  0.558E-05  pot  B   0.1000
        57  -1.604579  1706.210  0.66302  0.150E-06  0.652E-05  pot  B   0.1000
        58  -1.604579  1706.210  0.66302  0.111E-06  0.560E-05  pot  B   0.1000
        59  -1.604579  1706.210  0.66303  0.102E-06  0.383E-05  pot  B   0.1000
        60  -1.604579  1706.209  0.66303  0.892E-07  0.446E-05  pot  B   0.1000
        61  -1.604579  1706.209  0.66303  0.364E-07  0.295E-05  pot  B   0.1000
        62  -1.604579  1706.209  0.66303  0.469E-07  0.194E-05  pot  B   0.1000
        63  -1.604579  1706.209  0.66303  0.306E-07  0.210E-05  pot  B   0.1000
        64  -1.604579  1706.209  0.66303  0.156E-07  0.215E-05  pot  B   0.1000
        65  -1.604579  1706.209  0.66303  0.295E-07  0.173E-05  pot  B   0.1000
        66  -1.604579  1706.209  0.66303  0.180E-07  0.207E-05  pot  B   0.1000
        67  -1.604579  1706.209  0.66303  0.173E-07  0.149E-05  pot  B   0.1000
        68  -1.604579  1706.209  0.66303  0.171E-07  0.135E-05  pot  B   0.1000
        69  -1.604579  1706.209  0.66303  0.194E-07  0.741E-06  pot  B   0.1000
        70  -1.604579  1706.209  0.66303  0.922E-08  0.628E-06  pot  B   0.1000
        71  -1.604579  1706.209  0.66303  0.133E-07  0.627E-06  pot  B   0.1000
        72  -1.604579  1706.209  0.66303  0.196E-07  0.531E-06  pot  B   0.1000
        73  -1.604579  1706.209  0.66303  0.652E-08  0.752E-06  pot  B   0.1000
        74  -1.604579  1706.209  0.66303  0.130E-07  0.320E-06  pot  B   0.1000
        75  -1.604579  1706.209  0.66303  0.158E-07  0.380E-06  pot  B   0.1000
        76  -1.604579  1706.209  0.66303  0.527E-08  0.282E-06  pot  B   0.1000
        77  -1.604579  1706.209  0.66303  0.111E-07  0.285E-06  pot  B   0.1000
        78  -1.604579  1706.209  0.66303  0.266E-08  0.400E-06  pot  B   0.1000
        79  -1.604579  1706.209  0.66303  0.810E-08  0.233E-06  pot  B   0.1000
        80  -1.604579  1706.209  0.66303  0.200E-08  0.182E-06  pot  B   0.1000
        81  -1.604579  1706.209  0.66303  0.366E-08  0.141E-06  pot  B   0.1000
        82  -1.604579  1706.209  0.66303  0.104E-08  0.153E-06  pot  B   0.1000
        83  -1.604579  1706.209  0.66303  0.112E-08  0.859E-07  pot  B   0.1000
        84  -1.604579  1706.209  0.66303  0.126E-08  0.881E-07  pot  B   0.1000
        85  -1.604579  1706.209  0.66303  0.947E-09  0.100E-06  pot  B   0.1000
        86  -1.604579  1706.209  0.66303  0.514E-09  0.484E-07  pot  B   0.1000
        87  -1.604579  1706.209  0.66303  0.937E-09  0.485E-07  pot  B   0.1000
        88  -1.604579  1706.209  0.66303  0.645E-09  0.473E-07  pot  B   0.1000
        89  -1.604579  1706.209  0.66303  0.868E-09  0.385E-07  pot  B   0.1000
        90  -1.604579  1706.209  0.66303  0.348E-09  0.561E-07  pot  B   0.1000
        91  -1.604579  1706.209  0.66303  0.602E-09  0.285E-07  pot  B   0.1000
        92  -1.604579  1706.209  0.66303  0.252E-09  0.248E-07  pot  B   0.1000
        93  -1.604579  1706.209  0.66303  0.781E-09  0.178E-07  pot  B   0.1000
        94  -1.604579  1706.209  0.66303  0.409E-09  0.243E-07  pot  B   0.1000
        95  -1.604579  1706.209  0.66303  0.415E-09  0.179E-07  pot  B   0.1000
        96  -1.604579  1706.209  0.66303  0.474E-09  0.110E-07  pot  B   0.1000
        97  -1.604579  1706.209  0.66303  0.301E-09  0.170E-07  pot  B   0.1000
        98  -1.604579  1706.209  0.66303  0.116E-09  0.975E-08  pot  B   0.1000
**      99  -1.604579  1706.209  0.66303  0.109E-11  0.975E-08  pot  B   0.1000
**     100  -1.604579  1706.209  0.66303  0.109E-11  0.975E-08  pot  B   0.1000
