 Atom   Index      Q          Qmt        dQ        Vmad        Local Energy
  W         1   73.92631   72.53920   -0.07369    1.84268      -32312.65057
  W         2   74.05951   72.67241    0.05951    1.71314      -32312.56391
  W         3   73.92468   72.53758   -0.07532    1.83943      -32312.63790
  W         4   73.96030   72.57319   -0.03970    1.81298      -32312.62582
  W         5   73.96699   72.57989   -0.03301    1.80151      -32312.61333
  W         6   74.02569   72.63858    0.02569    1.74544      -32312.59082
  W         7   73.92933   72.54222   -0.07067    1.83810      -32312.63966
  W         8   73.99087   72.60376   -0.00913    1.78237      -32312.61342
  W         9   73.97438   72.58727   -0.02562    1.79846      -32312.61650
  W        10   73.90380   72.51669   -0.09620    1.86831      -32312.65920
  W        11   73.98048   72.59337   -0.01952    1.78846      -32312.60818
  W        12   73.95797   72.57086   -0.04203    1.80813      -32312.61511
  W        13   73.94870   72.56160   -0.05130    1.82264      -32312.63508
  W        14   73.90595   72.51885   -0.09405    1.85459      -32312.64454
  W        15   73.92648   72.53937   -0.07352    1.84335      -32312.64413
  W        16   73.99460   72.60749   -0.00540    1.77116      -32312.59306
  W        17   73.98701   72.59990   -0.01299    1.78586      -32312.60788
  W        18   73.93527   72.54817   -0.06473    1.83141      -32312.64560
  W        19   74.00032   72.61321    0.00032    1.76695      -32312.59789
  W        20   73.92471   72.53760   -0.07529    1.84123      -32312.63968
  W        21   74.00521   72.61811    0.00521    1.76719      -32312.60145
  W        22   74.01322   72.62611    0.01322    1.76519      -32312.59897
  W        23   73.92745   72.54034   -0.07255    1.84133      -32312.63717
  W        24   74.01580   72.62869    0.01580    1.75210      -32312.59222
  W        25   73.95493   72.56782   -0.04507    1.80932      -32312.62199
  W        26   73.96262   72.57551   -0.03738    1.80320      -32312.62047
  W        27   73.96227   72.57516   -0.03773    1.80846      -32312.61776
  W        28   74.04688   72.65977    0.04688    1.72579      -32312.57503
  W        29   73.93776   72.55065   -0.06224    1.82721      -32312.62786
  W        30   73.93932   72.55221   -0.06068    1.82375      -32312.63294
  W        31   73.96542   72.57831   -0.03458    1.79995      -32312.61634
  W        32   73.95342   72.56631   -0.04658    1.81746      -32312.64247
  Nb       33   41.03454   39.64744    0.03454    1.77466       -7632.71346
  Nb       34   41.06376   39.67665    0.06376    1.74099       -7632.68720
  Nb       35   40.99986   39.61275   -0.00014    1.80748       -7632.72669
  Nb       36   41.02612   39.63902    0.02612    1.78332       -7632.70610
  Nb       37   41.06575   39.67865    0.06575    1.74075       -7632.68937
  Nb       38   40.98962   39.60252   -0.01038    1.81332       -7632.72665
  Nb       39   41.04479   39.65768    0.04479    1.75794       -7632.70284
  Nb       40   41.00828   39.62118    0.00828    1.79983       -7632.73183
  Nb       41   41.02327   39.63616    0.02327    1.77895       -7632.71538
  Nb       42   41.05550   39.66840    0.05550    1.75049       -7632.69557
  Nb       43   41.06536   39.67826    0.06536    1.74704       -7632.69791
  Nb       44   40.93487   39.54776   -0.06513    1.86501       -7632.76031
  Nb       45   41.02355   39.63645    0.02355    1.77650       -7632.71440
  Nb       46   40.98415   39.59705   -0.01585    1.82042       -7632.74212
  Nb       47   40.99503   39.60793   -0.00497    1.80527       -7632.72140
  Nb       48   41.03160   39.64449    0.03160    1.77862       -7632.71246
  Nb       49   40.93885   39.55174   -0.06115    1.85961       -7632.75781
  Nb       50   41.05302   39.66591    0.05302    1.75561       -7632.69541
  Nb       51   41.00368   39.61657    0.00368    1.80441       -7632.72416
  Nb       52   41.04137   39.65426    0.04137    1.76369       -7632.69807
  Nb       53   40.96803   39.58092   -0.03197    1.83150       -7632.74698
  Nb       54   41.00008   39.61297    0.00008    1.80436       -7632.72906
  Nb       55   40.99885   39.61174   -0.00115    1.80633       -7632.72981
  Nb       56   41.06332   39.67621    0.06332    1.74470       -7632.69014
  Nb       57   41.00400   39.61690    0.00400    1.80074       -7632.73050
  Nb       58   41.01860   39.63149    0.01860    1.79193       -7632.72724
  Nb       59   40.93241   39.54531   -0.06759    1.86805       -7632.77700
  Nb       60   41.02079   39.63368    0.02079    1.78773       -7632.71921
  Nb       61   41.02653   39.63942    0.02653    1.77964       -7632.71961
  Nb       62   41.00516   39.61805    0.00516    1.79517       -7632.71599
  Nb       63   40.99417   39.60706   -0.00583    1.81233       -7632.73032
  Nb       64   40.92653   39.53942   -0.07347    1.87246       -7632.77145
  Mo       65   42.22908   40.84198    0.22908    1.66979       -8090.66890
  Mo       66   42.19217   40.80507    0.19217    1.70957       -8090.68825
  Mo       67   42.17996   40.79286    0.17996    1.71707       -8090.69700
  Mo       68   42.15937   40.77226    0.15937    1.73167       -8090.69947
  Mo       69   42.15918   40.77208    0.15918    1.73426       -8090.69723
  Mo       70   42.20999   40.82288    0.20999    1.68168       -8090.66214
  Mo       71   42.15206   40.76496    0.15206    1.73871       -8090.71097
  Mo       72   42.14909   40.76198    0.14909    1.74908       -8090.71270
  Mo       73   42.17028   40.78318    0.17028    1.72120       -8090.69663
  Mo       74   42.16945   40.78234    0.16945    1.72184       -8090.69040
  Mo       75   42.14233   40.75522    0.14233    1.74518       -8090.70474
  Mo       76   42.16899   40.78188    0.16899    1.73010       -8090.70382
  Mo       77   42.20676   40.81966    0.20676    1.69050       -8090.67597
  Mo       78   42.17487   40.78777    0.17487    1.71323       -8090.68973
  Mo       79   42.15989   40.77279    0.15989    1.73322       -8090.70704
  Mo       80   42.13553   40.74843    0.13553    1.76185       -8090.72858
  Mo       81   42.16092   40.77381    0.16092    1.73383       -8090.71068
  Mo       82   42.08489   40.69778    0.08489    1.80813       -8090.74208
  Mo       83   42.08941   40.70230    0.08941    1.80474       -8090.73878
  Mo       84   42.14117   40.75407    0.14117    1.75158       -8090.70737
  Mo       85   42.20004   40.81294    0.20004    1.69728       -8090.67972
  Mo       86   42.09290   40.70579    0.09290    1.79787       -8090.73650
  Mo       87   42.14830   40.76119    0.14830    1.74563       -8090.70363
  Mo       88   42.16715   40.78005    0.16715    1.72469       -8090.69399
  Mo       89   42.19325   40.80614    0.19325    1.69743       -8090.67674
  Mo       90   42.14402   40.75692    0.14402    1.74924       -8090.70657
  Mo       91   42.24280   40.85570    0.24280    1.65618       -8090.66245
  Mo       92   42.15285   40.76574    0.15285    1.73800       -8090.69704
  Mo       93   42.14470   40.75759    0.14470    1.75051       -8090.71079
  Mo       94   42.16763   40.78052    0.16763    1.72621       -8090.70081
  Mo       95   42.13569   40.74858    0.13569    1.75254       -8090.71821
  Mo       96   42.14685   40.75975    0.14685    1.74033       -8090.69717
  Ta       97   72.83825   71.45115   -0.16175    1.87147      -31233.08019
  Ta       98   72.79310   71.40599   -0.20690    1.91788      -31233.11787
  Ta       99   72.85404   71.46694   -0.14596    1.85728      -31233.06679
  Ta      100   72.96795   71.58084   -0.03205    1.74885      -31233.00652
  Ta      101   72.82597   71.43886   -0.17403    1.88629      -31233.09921
  Ta      102   72.89108   71.50397   -0.10892    1.82429      -31233.05688
  Ta      103   72.84821   71.46111   -0.15179    1.86594      -31233.07864
  Ta      104   72.85000   71.46290   -0.15000    1.86416      -31233.08263
  Ta      105   72.84316   71.45605   -0.15684    1.87032      -31233.07437
  Ta      106   72.83138   71.44427   -0.16862    1.87709      -31233.08564
  Ta      107   72.86719   71.48009   -0.13281    1.85097      -31233.06269
  Ta      108   72.87584   71.48873   -0.12416    1.83558      -31233.05420
  Ta      109   72.84719   71.46009   -0.15281    1.86519      -31233.07195
  Ta      110   72.87170   71.48459   -0.12830    1.84070      -31233.05532
  Ta      111   72.86364   71.47653   -0.13636    1.84616      -31233.05863
  Ta      112   72.79402   71.40692   -0.20598    1.91686      -31233.10084
  Ta      113   72.92566   71.53855   -0.07434    1.79192      -31233.02527
  Ta      114   72.92986   71.54276   -0.07014    1.79332      -31233.02598
  Ta      115   72.89393   71.50682   -0.10607    1.82044      -31233.04261
  Ta      116   72.90087   71.51376   -0.09913    1.81394      -31233.04133
  Ta      117   72.82045   71.43334   -0.17955    1.88991      -31233.09501
  Ta      118   72.88885   71.50174   -0.11115    1.82266      -31233.05068
  Ta      119   72.84576   71.45865   -0.15424    1.86716      -31233.08167
  Ta      120   72.86784   71.48073   -0.13216    1.84187      -31233.05482
  Ta      121   72.87949   71.49238   -0.12051    1.83185      -31233.05349
  Ta      122   72.84176   71.45466   -0.15824    1.86971      -31233.08040
  Ta      123   72.87790   71.49079   -0.12210    1.83707      -31233.04999
  Ta      124   72.86096   71.47385   -0.13904    1.85161      -31233.06509
  Ta      125   72.86254   71.47543   -0.13746    1.84874      -31233.06992
  Ta      126   72.83557   71.44847   -0.16443    1.87477      -31233.07862
  Ta      127   72.89282   71.50571   -0.10718    1.81579      -31233.04524
  Ta      128   72.79238   71.40528   -0.20762    1.91664      -31233.10212
