System Description            : WNbMoTa, BCC structure                          
Number of Atoms in Unit Cell  : 512                                             
Number of Atomic Species      : 4                                               
Number of Atoms in Each Type  : 128(W), 128(Nb), 128(Mo), 128(Ta)               
Energy Offset                 : -19816                                          
=======================================================================================
    Iter     Energy      3PV     Efermi   Rms_rho    Rms_pot   Mix  Alg  Alpha 
---------------------------------------------------------------------------------------
**       1  -0.261760  2293.588  0.59441  0.140E+01  0.187E+00  pot  B   0.1000
         2  -0.302504  2265.620  0.61384  0.781E-02  0.122E+01  pot  B   0.1000
         3  -0.641790  2262.719  0.61206  0.143E-02  0.428E+00  pot  B   0.1000
         4  -0.672552  2254.743  0.61651  0.219E-02  0.627E+00  pot  B   0.1000
         5  -0.928266  2214.853  0.63335  0.107E-01  0.872E+00  pot  B   0.1000
         6  -1.136542  2186.894  0.64839  0.746E-02  0.359E+00  pot  B   0.1000
         7  -1.172381  2176.301  0.65898  0.304E-02  0.341E+00  pot  B   0.1000
         8  -1.194467  2171.776  0.66340  0.141E-02  0.228E+00  pot  B   0.1000
         9  -1.227215  2159.778  0.66997  0.394E-02  0.103E+00  pot  B   0.1000
        10  -1.237473  2154.583  0.67312  0.190E-02  0.154E+00  pot  B   0.1000
        11  -1.246340  2150.269  0.67512  0.165E-02  0.148E+00  pot  B   0.1000
        12  -1.258431  2145.273  0.67736  0.198E-02  0.956E-01  pot  B   0.1000
        13  -1.272351  2135.696  0.68159  0.403E-02  0.562E-01  pot  B   0.1000
        14  -1.275769  2131.340  0.68398  0.206E-02  0.292E-01  pot  B   0.1000
        15  -1.275988  2128.638  0.68580  0.923E-03  0.289E-01  pot  B   0.1000
        16  -1.276461  2128.633  0.68596  0.343E-03  0.149E-01  pot  B   0.1000
        17  -1.276457  2128.226  0.68640  0.177E-03  0.259E-01  pot  B   0.1000
        18  -1.276622  2128.212  0.68662  0.973E-04  0.973E-02  pot  B   0.1000
        19  -1.276748  2128.113  0.68736  0.287E-03  0.166E-01  pot  B   0.1000
        20  -1.276725  2127.852  0.68744  0.834E-04  0.144E-01  pot  B   0.1000
        21  -1.276842  2128.099  0.68800  0.133E-03  0.995E-02  pot  B   0.1000
        22  -1.276891  2128.226  0.68851  0.120E-03  0.151E-01  pot  B   0.1000
        23  -1.276895  2128.097  0.68875  0.865E-04  0.139E-01  pot  B   0.1000
        24  -1.276916  2128.265  0.68864  0.884E-04  0.115E-01  pot  B   0.1000
        25  -1.276951  2128.036  0.68939  0.234E-03  0.517E-02  pot  B   0.1000
        26  -1.276976  2128.127  0.68987  0.816E-04  0.358E-02  pot  B   0.1000
        27  -1.276981  2128.124  0.69003  0.244E-04  0.337E-02  pot  B   0.1000
        28  -1.276992  2128.143  0.69032  0.463E-04  0.221E-02  pot  B   0.1000
        29  -1.276999  2128.160  0.69050  0.312E-04  0.416E-02  pot  B   0.1000
        30  -1.276997  2128.138  0.69054  0.297E-04  0.357E-02  pot  B   0.1000
        31  -1.277003  2128.150  0.69072  0.276E-04  0.190E-02  pot  B   0.1000
        32  -1.277004  2128.164  0.69073  0.126E-04  0.272E-02  pot  B   0.1000
        33  -1.277008  2128.177  0.69084  0.169E-04  0.146E-02  pot  B   0.1000
        34  -1.277009  2128.184  0.69088  0.103E-04  0.170E-02  pot  B   0.1000
        35  -1.277009  2128.185  0.69089  0.300E-05  0.171E-02  pot  B   0.1000
        36  -1.277010  2128.186  0.69092  0.624E-05  0.150E-02  pot  B   0.1000
        37  -1.277010  2128.191  0.69092  0.327E-05  0.744E-03  pot  B   0.1000
        38  -1.277011  2128.203  0.69095  0.110E-04  0.487E-03  pot  B   0.1000
        39  -1.277012  2128.211  0.69096  0.602E-05  0.690E-03  pot  B   0.1000
        40  -1.277012  2128.221  0.69098  0.792E-05  0.404E-03  pot  B   0.1000
        41  -1.277012  2128.233  0.69099  0.931E-05  0.547E-03  pot  B   0.1000
        42  -1.277012  2128.230  0.69098  0.316E-05  0.636E-03  pot  B   0.1000
        43  -1.277012  2128.240  0.69099  0.707E-05  0.353E-03  pot  B   0.1000
        44  -1.277012  2128.246  0.69099  0.360E-05  0.493E-03  pot  B   0.1000
        45  -1.277012  2128.252  0.69099  0.355E-05  0.270E-03  pot  B   0.1000
        46  -1.277012  2128.258  0.69098  0.307E-05  0.340E-03  pot  B   0.1000
        47  -1.277012  2128.261  0.69097  0.185E-05  0.467E-03  pot  B   0.1000
        48  -1.277012  2128.266  0.69096  0.303E-05  0.323E-03  pot  B   0.1000
        49  -1.277012  2128.266  0.69097  0.113E-05  0.313E-03  pot  B   0.1000
        50  -1.277012  2128.271  0.69096  0.274E-05  0.129E-03  pot  B   0.1000
        51  -1.277012  2128.273  0.69095  0.153E-05  0.158E-03  pot  B   0.1000
        52  -1.277012  2128.275  0.69095  0.847E-06  0.923E-04  pot  B   0.1000
        53  -1.277012  2128.276  0.69094  0.138E-05  0.961E-04  pot  B   0.1000
        54  -1.277012  2128.276  0.69094  0.245E-06  0.177E-03  pot  B   0.1000
        55  -1.277012  2128.277  0.69094  0.759E-06  0.791E-04  pot  B   0.1000
        56  -1.277012  2128.277  0.69093  0.759E-06  0.995E-04  pot  B   0.1000
        57  -1.277011  2128.278  0.69093  0.526E-06  0.554E-04  pot  B   0.1000
        58  -1.277011  2128.278  0.69093  0.732E-06  0.631E-04  pot  B   0.1000
        59  -1.277011  2128.278  0.69093  0.589E-06  0.863E-04  pot  B   0.1000
        60  -1.277011  2128.279  0.69092  0.821E-06  0.517E-04  pot  B   0.1000
        61  -1.277011  2128.278  0.69092  0.197E-06  0.569E-04  pot  B   0.1000
        62  -1.277011  2128.278  0.69092  0.534E-06  0.315E-04  pot  B   0.1000
        63  -1.277011  2128.278  0.69092  0.726E-06  0.403E-04  pot  B   0.1000
        64  -1.277011  2128.278  0.69092  0.248E-06  0.304E-04  pot  B   0.1000
        65  -1.277011  2128.278  0.69092  0.599E-06  0.224E-04  pot  B   0.1000
        66  -1.277011  2128.278  0.69092  0.224E-06  0.556E-04  pot  B   0.1000
        67  -1.277011  2128.278  0.69092  0.138E-06  0.260E-04  pot  B   0.1000
        68  -1.277011  2128.278  0.69092  0.287E-06  0.296E-04  pot  B   0.1000
        69  -1.277011  2128.278  0.69092  0.812E-07  0.148E-04  pot  B   0.1000
        70  -1.277011  2128.278  0.69092  0.156E-06  0.160E-04  pot  B   0.1000
        71  -1.277011  2128.277  0.69092  0.108E-06  0.204E-04  pot  B   0.1000
        72  -1.277011  2128.277  0.69092  0.100E-06  0.120E-04  pot  B   0.1000
        73  -1.277011  2128.277  0.69092  0.949E-07  0.149E-04  pot  B   0.1000
        74  -1.277011  2128.277  0.69092  0.822E-07  0.105E-04  pot  B   0.1000
        75  -1.277011  2128.277  0.69092  0.123E-06  0.105E-04  pot  B   0.1000
        76  -1.277011  2128.277  0.69092  0.195E-07  0.761E-05  pot  B   0.1000
        77  -1.277011  2128.277  0.69092  0.888E-07  0.514E-05  pot  B   0.1000
        78  -1.277012  2128.277  0.69092  0.945E-07  0.112E-04  pot  B   0.1000
        79  -1.277012  2128.277  0.69092  0.221E-07  0.686E-05  pot  B   0.1000
        80  -1.277012  2128.277  0.69092  0.769E-07  0.684E-05  pot  B   0.1000
        81  -1.277012  2128.277  0.69092  0.883E-08  0.471E-05  pot  B   0.1000
        82  -1.277012  2128.277  0.69092  0.630E-07  0.540E-05  pot  B   0.1000
        83  -1.277012  2128.276  0.69092  0.607E-07  0.636E-05  pot  B   0.1000
        84  -1.277012  2128.276  0.69092  0.424E-07  0.337E-05  pot  B   0.1000
        85  -1.277012  2128.276  0.69092  0.633E-07  0.362E-05  pot  B   0.1000
        86  -1.277012  2128.276  0.69092  0.205E-07  0.285E-05  pot  B   0.1000
        87  -1.277012  2128.276  0.69092  0.659E-07  0.248E-05  pot  B   0.1000
        88  -1.277012  2128.276  0.69092  0.129E-07  0.284E-05  pot  B   0.1000
        89  -1.277012  2128.276  0.69092  0.549E-07  0.190E-05  pot  B   0.1000
        90  -1.277012  2128.276  0.69092  0.541E-07  0.362E-05  pot  B   0.1000
        91  -1.277012  2128.276  0.69092  0.947E-08  0.311E-05  pot  B   0.1000
        92  -1.277012  2128.276  0.69092  0.415E-07  0.255E-05  pot  B   0.1000
        93  -1.277012  2128.276  0.69092  0.422E-08  0.214E-05  pot  B   0.1000
        94  -1.277012  2128.276  0.69092  0.235E-07  0.204E-05  pot  B   0.1000
        95  -1.277012  2128.276  0.69092  0.184E-07  0.195E-05  pot  B   0.1000
        96  -1.277012  2128.276  0.69092  0.869E-08  0.107E-05  pot  B   0.1000
        97  -1.277012  2128.276  0.69092  0.180E-07  0.108E-05  pot  B   0.1000
        98  -1.277012  2128.276  0.69092  0.752E-08  0.113E-05  pot  B   0.1000
        99  -1.277012  2128.276  0.69092  0.155E-07  0.892E-06  pot  B   0.1000
       100  -1.277012  2128.276  0.69092  0.438E-08  0.108E-05  pot  B   0.1000
**     101  -1.277012  2128.276  0.69092  0.140E-11  0.108E-05  pot  B   0.1000
