System Description            : WNbMoTaV, BCC structure                         
Number of Atoms in Unit Cell  : 80                                              
Number of Atomic Species      : 5                                               
Number of Atoms in Each Type  : 16(W), 16(Nb), 16(Mo), 16(Ta), 16(V)            
Energy Offset                 : -16231                                          
=======================================================================================
    Iter     Energy      3PV     Efermi   Rms_rho    Rms_pot   Mix  Alg  Alpha 
---------------------------------------------------------------------------------------
**       1  -0.845924  1839.098  0.58222  0.140E+01  0.147E+00  pot  B   0.1000
         2  -1.048489  1816.660  0.59581  0.799E-02  0.553E+00  pot  B   0.1000
         3  -1.217828  1811.891  0.59971  0.399E-02  0.368E+00  pot  B   0.1000
         4  -1.410924  1796.789  0.61006  0.491E-02  0.197E+00  pot  B   0.1000
         5  -1.508530  1777.815  0.61840  0.640E-02  0.314E+00  pot  B   0.1000
         6  -1.630508  1750.786  0.62553  0.908E-02  0.279E+00  pot  B   0.1000
         7  -1.689699  1741.278  0.62969  0.331E-02  0.118E+00  pot  B   0.1000
         8  -1.713328  1734.088  0.63290  0.274E-02  0.702E-01  pot  B   0.1000
         9  -1.730887  1726.743  0.63621  0.325E-02  0.530E-01  pot  B   0.1000
        10  -1.739920  1722.655  0.63703  0.194E-02  0.491E-01  pot  B   0.1000
        11  -1.750255  1715.679  0.63849  0.358E-02  0.525E-01  pot  B   0.1000
        12  -1.757648  1710.104  0.64011  0.298E-02  0.176E-01  pot  B   0.1000
        13  -1.758671  1707.978  0.64137  0.129E-02  0.139E-01  pot  B   0.1000
        14  -1.759035  1707.397  0.64209  0.369E-03  0.591E-02  pot  B   0.1000
        15  -1.759185  1707.217  0.64304  0.270E-03  0.765E-02  pot  B   0.1000
        16  -1.759309  1707.291  0.64391  0.203E-03  0.511E-02  pot  B   0.1000
        17  -1.759394  1707.362  0.64503  0.206E-03  0.577E-02  pot  B   0.1000
        18  -1.759436  1707.133  0.64593  0.196E-03  0.553E-02  pot  B   0.1000
        19  -1.759474  1707.251  0.64664  0.149E-03  0.423E-02  pot  B   0.1000
        20  -1.759477  1707.247  0.64677  0.121E-03  0.411E-02  pot  B   0.1000
        21  -1.759500  1706.996  0.64727  0.149E-03  0.828E-03  pot  B   0.1000
        22  -1.759503  1706.853  0.64744  0.690E-04  0.102E-02  pot  B   0.1000
        23  -1.759504  1706.910  0.64747  0.273E-04  0.139E-02  pot  B   0.1000
        24  -1.759505  1706.833  0.64751  0.341E-04  0.752E-03  pot  B   0.1000
        25  -1.759505  1706.801  0.64754  0.171E-04  0.341E-03  pot  B   0.1000
        26  -1.759505  1706.804  0.64755  0.756E-05  0.605E-03  pot  B   0.1000
        27  -1.759505  1706.794  0.64756  0.728E-05  0.317E-03  pot  B   0.1000
        28  -1.759505  1706.788  0.64757  0.689E-05  0.326E-03  pot  B   0.1000
        29  -1.759504  1706.784  0.64757  0.693E-05  0.260E-03  pot  B   0.1000
        30  -1.759504  1706.786  0.64759  0.918E-05  0.179E-03  pot  B   0.1000
        31  -1.759504  1706.789  0.64760  0.365E-05  0.266E-03  pot  B   0.1000
        32  -1.759504  1706.794  0.64761  0.377E-05  0.164E-03  pot  B   0.1000
        33  -1.759504  1706.795  0.64762  0.315E-05  0.636E-04  pot  B   0.1000
        34  -1.759505  1706.800  0.64764  0.281E-05  0.815E-04  pot  B   0.1000
        35  -1.759505  1706.801  0.64765  0.165E-05  0.735E-04  pot  B   0.1000
        36  -1.759505  1706.804  0.64767  0.132E-05  0.757E-04  pot  B   0.1000
        37  -1.759505  1706.804  0.64768  0.116E-05  0.320E-04  pot  B   0.1000
        38  -1.759505  1706.804  0.64768  0.670E-06  0.367E-04  pot  B   0.1000
        39  -1.759505  1706.803  0.64768  0.812E-06  0.284E-04  pot  B   0.1000
        40  -1.759505  1706.803  0.64769  0.436E-06  0.332E-04  pot  B   0.1000
        41  -1.759505  1706.801  0.64769  0.125E-05  0.168E-04  pot  B   0.1000
        42  -1.759505  1706.800  0.64769  0.733E-06  0.166E-04  pot  B   0.1000
        43  -1.759505  1706.799  0.64769  0.465E-06  0.163E-04  pot  B   0.1000
        44  -1.759505  1706.798  0.64770  0.801E-06  0.117E-04  pot  B   0.1000
        45  -1.759505  1706.798  0.64770  0.159E-06  0.928E-05  pot  B   0.1000
        46  -1.759505  1706.797  0.64770  0.489E-06  0.594E-05  pot  B   0.1000
        47  -1.759505  1706.797  0.64770  0.143E-06  0.447E-05  pot  B   0.1000
        48  -1.759505  1706.797  0.64770  0.224E-06  0.269E-05  pot  B   0.1000
        49  -1.759505  1706.797  0.64770  0.795E-07  0.224E-05  pot  B   0.1000
        50  -1.759505  1706.797  0.64770  0.696E-07  0.433E-05  pot  B   0.1000
        51  -1.759505  1706.797  0.64770  0.511E-07  0.177E-05  pot  B   0.1000
        52  -1.759505  1706.797  0.64770  0.277E-07  0.157E-05  pot  B   0.1000
        53  -1.759505  1706.797  0.64770  0.163E-07  0.930E-06  pot  B   0.1000
        54  -1.759505  1706.797  0.64770  0.155E-07  0.951E-06  pot  B   0.1000
        55  -1.759505  1706.797  0.64770  0.797E-08  0.125E-05  pot  B   0.1000
        56  -1.759505  1706.797  0.64770  0.212E-07  0.939E-06  pot  B   0.1000
        57  -1.759505  1706.797  0.64770  0.140E-07  0.875E-06  pot  B   0.1000
        58  -1.759505  1706.797  0.64770  0.137E-07  0.666E-06  pot  B   0.1000
        59  -1.759505  1706.797  0.64770  0.833E-08  0.374E-06  pot  B   0.1000
        60  -1.759505  1706.797  0.64770  0.115E-07  0.248E-06  pot  B   0.1000
        61  -1.759505  1706.797  0.64770  0.923E-08  0.224E-06  pot  B   0.1000
        62  -1.759505  1706.797  0.64770  0.101E-07  0.183E-06  pot  B   0.1000
        63  -1.759505  1706.797  0.64770  0.277E-08  0.143E-06  pot  B   0.1000
        64  -1.759505  1706.797  0.64770  0.252E-08  0.112E-06  pot  B   0.1000
        65  -1.759505  1706.797  0.64770  0.258E-08  0.107E-06  pot  B   0.1000
        66  -1.759505  1706.797  0.64770  0.244E-08  0.464E-07  pot  B   0.1000
        67  -1.759505  1706.797  0.64770  0.936E-09  0.660E-07  pot  B   0.1000
        68  -1.759505  1706.797  0.64770  0.113E-08  0.327E-07  pot  B   0.1000
        69  -1.759505  1706.797  0.64770  0.143E-08  0.739E-07  pot  B   0.1000
        70  -1.759505  1706.797  0.64770  0.104E-08  0.156E-07  pot  B   0.1000
        71  -1.759505  1706.797  0.64770  0.350E-09  0.166E-07  pot  B   0.1000
        72  -1.759505  1706.797  0.64770  0.300E-09  0.133E-07  pot  B   0.1000
        73  -1.759505  1706.797  0.64770  0.219E-09  0.100E-07  pot  B   0.1000
        74  -1.759505  1706.797  0.64770  0.167E-09  0.993E-08  pot  B   0.1000
**      75  -1.759505  1706.797  0.64770  0.114E-11  0.993E-08  pot  B   0.1000
