System Description            : WNbMoTaV, BCC structure                         
Number of Atoms in Unit Cell  : 1280                                            
Number of Atomic Species      : 5                                               
Number of Atoms in Each Type  : 256(W), 256(Nb), 256(Mo), 256(Ta), 256(V)       
Energy Offset                 : -16231                                          
=======================================================================================
    Iter     Energy      3PV     Efermi   Rms_rho    Rms_pot   Mix  Alg  Alpha 
---------------------------------------------------------------------------------------
**       1  -0.858354  1839.070  0.58662  0.140E+01  0.311E+00  pot  B   0.1000
         2   5.494310  1823.285  0.61196  0.911E-02  0.985E+01  pot  B   0.1000
         3  -1.044919  1816.325  0.59792  0.545E-02  0.139E+01  pot  B   0.1000
         4  -1.060452  1812.723  0.60164  0.567E-02  0.133E+01  pot  B   0.1000
         5  -0.536685  1804.505  0.60964  0.558E-02  0.370E+01  pot  B   0.1000
         6  -1.171991  1801.266  0.61142  0.241E-02  0.141E+01  pot  B   0.1000
         7  -1.340768  1793.482  0.61482  0.385E-02  0.923E+00  pot  B   0.1000
         8  -1.436750  1786.922  0.61693  0.422E-02  0.107E+01  pot  B   0.1000
         9  -1.481731  1775.730  0.61947  0.509E-02  0.959E+00  pot  B   0.1000
        10  -1.552353  1767.289  0.62168  0.309E-02  0.822E+00  pot  B   0.1000
        11  -1.636064  1754.379  0.62527  0.468E-02  0.553E+00  pot  B   0.1000
        12  -1.666943  1744.553  0.62959  0.356E-02  0.476E+00  pot  B   0.1000
        13  -1.681031  1738.096  0.63245  0.242E-02  0.486E+00  pot  B   0.1000
        14  -1.535260  1739.888  0.63431  0.320E-02  0.142E+01  pot  B   0.1000
        15  -1.711888  1735.324  0.63529  0.215E-02  0.294E+00  pot  B   0.1000
        16  -1.669603  1731.458  0.63604  0.266E-02  0.773E+00  pot  B   0.1000
        17  -1.712292  1728.416  0.63581  0.216E-02  0.554E+00  pot  B   0.1000
        18  -1.723600  1726.655  0.63674  0.132E-02  0.372E+00  pot  B   0.1000
        19  -1.719953  1727.831  0.63582  0.143E-02  0.436E+00  pot  B   0.1000
        20  -1.722976  1728.778  0.63539  0.112E-02  0.398E+00  pot  B   0.1000
        21  -1.727551  1724.088  0.63724  0.223E-02  0.383E+00  pot  B   0.1000
        22  -1.732664  1726.939  0.63631  0.118E-02  0.248E+00  pot  B   0.1000
        23  -1.738732  1725.522  0.63693  0.110E-02  0.178E+00  pot  B   0.1000
        24  -1.741128  1724.453  0.63715  0.926E-03  0.148E+00  pot  B   0.1000
        25  -1.742322  1724.435  0.63715  0.625E-03  0.138E+00  pot  B   0.1000
        26  -1.740288  1722.752  0.63765  0.884E-03  0.317E+00  pot  B   0.1000
        27  -1.745042  1723.383  0.63744  0.467E-03  0.141E+00  pot  B   0.1000
        28  -1.745237  1722.460  0.63770  0.537E-03  0.178E+00  pot  B   0.1000
        29  -1.745280  1722.066  0.63806  0.786E-03  0.226E+00  pot  B   0.1000
        30  -1.747781  1721.610  0.63822  0.790E-03  0.124E+00  pot  B   0.1000
        31  -1.748076  1720.716  0.63870  0.604E-03  0.153E+00  pot  B   0.1000
        32  -1.746947  1720.916  0.63861  0.533E-03  0.197E+00  pot  B   0.1000
        33  -1.750914  1718.895  0.63944  0.107E-02  0.150E+00  pot  B   0.1000
        34  -1.748548  1719.580  0.63918  0.583E-03  0.155E+00  pot  B   0.1000
        35  -1.751316  1718.846  0.63949  0.724E-03  0.119E+00  pot  B   0.1000
        36  -1.751374  1718.414  0.63985  0.659E-03  0.130E+00  pot  B   0.1000
        37  -1.751774  1718.375  0.63980  0.457E-03  0.135E+00  pot  B   0.1000
        38  -1.751761  1717.350  0.64036  0.534E-03  0.209E+00  pot  B   0.1000
        39  -1.752828  1717.752  0.64015  0.337E-03  0.126E+00  pot  B   0.1000
        40  -1.753372  1717.278  0.64046  0.348E-03  0.125E+00  pot  B   0.1000
        41  -1.753592  1717.028  0.64054  0.573E-03  0.127E+00  pot  B   0.1000
        42  -1.754167  1716.881  0.64064  0.507E-03  0.864E-01  pot  B   0.1000
        43  -1.754814  1716.386  0.64091  0.378E-03  0.602E-01  pot  B   0.1000
        44  -1.754386  1716.320  0.64099  0.299E-03  0.104E+00  pot  B   0.1000
        45  -1.755528  1715.562  0.64147  0.387E-03  0.779E-01  pot  B   0.1000
        46  -1.755424  1715.163  0.64172  0.456E-03  0.872E-01  pot  B   0.1000
        47  -1.755748  1715.186  0.64172  0.294E-03  0.629E-01  pot  B   0.1000
        48  -1.755990  1714.528  0.64208  0.417E-03  0.768E-01  pot  B   0.1000
        49  -1.755721  1714.586  0.64211  0.300E-03  0.858E-01  pot  B   0.1000
        50  -1.756011  1714.000  0.64249  0.424E-03  0.136E+00  pot  B   0.1000
        51  -1.756202  1713.980  0.64251  0.342E-03  0.102E+00  pot  B   0.1000
        52  -1.756430  1713.757  0.64263  0.359E-03  0.911E-01  pot  B   0.1000
        53  -1.756472  1713.731  0.64268  0.327E-03  0.876E-01  pot  B   0.1000
        54  -1.756682  1713.702  0.64271  0.268E-03  0.653E-01  pot  B   0.1000
        55  -1.757078  1713.338  0.64296  0.196E-03  0.455E-01  pot  B   0.1000
        56  -1.756880  1713.290  0.64300  0.253E-03  0.819E-01  pot  B   0.1000
        57  -1.757422  1712.891  0.64326  0.204E-03  0.614E-01  pot  B   0.1000
        58  -1.757477  1712.548  0.64352  0.226E-03  0.545E-01  pot  B   0.1000
        59  -1.757479  1712.661  0.64343  0.185E-03  0.407E-01  pot  B   0.1000
        60  -1.757692  1712.333  0.64369  0.171E-03  0.400E-01  pot  B   0.1000
        61  -1.757637  1712.078  0.64385  0.155E-03  0.502E-01  pot  B   0.1000
        62  -1.757724  1711.918  0.64399  0.185E-03  0.711E-01  pot  B   0.1000
        63  -1.757875  1711.557  0.64426  0.185E-03  0.579E-01  pot  B   0.1000
        64  -1.757859  1711.567  0.64428  0.255E-03  0.616E-01  pot  B   0.1000
        65  -1.757777  1711.605  0.64424  0.178E-03  0.692E-01  pot  B   0.1000
        66  -1.757911  1711.500  0.64431  0.201E-03  0.594E-01  pot  B   0.1000
        67  -1.758091  1711.244  0.64451  0.140E-03  0.383E-01  pot  B   0.1000
        68  -1.757977  1711.168  0.64456  0.236E-03  0.587E-01  pot  B   0.1000
        69  -1.758216  1711.093  0.64464  0.116E-03  0.458E-01  pot  B   0.1000
        70  -1.758317  1710.747  0.64490  0.175E-03  0.408E-01  pot  B   0.1000
        71  -1.758268  1710.885  0.64480  0.154E-03  0.337E-01  pot  B   0.1000
        72  -1.758401  1710.680  0.64495  0.107E-03  0.227E-01  pot  B   0.1000
        73  -1.758399  1710.496  0.64513  0.949E-04  0.357E-01  pot  B   0.1000
        74  -1.758433  1710.439  0.64517  0.101E-03  0.419E-01  pot  B   0.1000
        75  -1.758527  1710.132  0.64541  0.155E-03  0.321E-01  pot  B   0.1000
        76  -1.758512  1710.114  0.64542  0.123E-03  0.331E-01  pot  B   0.1000
        77  -1.758415  1710.136  0.64540  0.108E-03  0.470E-01  pot  B   0.1000
        78  -1.758499  1710.039  0.64550  0.120E-03  0.449E-01  pot  B   0.1000
        79  -1.758587  1709.864  0.64565  0.909E-04  0.316E-01  pot  B   0.1000
        80  -1.758534  1709.768  0.64574  0.160E-03  0.452E-01  pot  B   0.1000
        81  -1.758618  1709.802  0.64569  0.877E-04  0.379E-01  pot  B   0.1000
        82  -1.758694  1709.522  0.64594  0.144E-03  0.223E-01  pot  B   0.1000
        83  -1.758655  1709.595  0.64587  0.102E-03  0.236E-01  pot  B   0.1000
        84  -1.758714  1709.556  0.64592  0.795E-04  0.219E-01  pot  B   0.1000
        85  -1.758742  1709.362  0.64607  0.997E-04  0.222E-01  pot  B   0.1000
        86  -1.758740  1709.382  0.64606  0.758E-04  0.269E-01  pot  B   0.1000
        87  -1.758800  1709.160  0.64626  0.113E-03  0.176E-01  pot  B   0.1000
        88  -1.758796  1709.145  0.64628  0.758E-04  0.213E-01  pot  B   0.1000
        89  -1.758740  1709.132  0.64629  0.648E-04  0.318E-01  pot  B   0.1000
        90  -1.758791  1709.053  0.64636  0.745E-04  0.346E-01  pot  B   0.1000
        91  -1.758827  1708.940  0.64646  0.598E-04  0.183E-01  pot  B   0.1000
        92  -1.758824  1708.801  0.64659  0.864E-04  0.274E-01  pot  B   0.1000
        93  -1.758819  1708.938  0.64647  0.705E-04  0.265E-01  pot  B   0.1000
        94  -1.758874  1708.715  0.64667  0.114E-03  0.160E-01  pot  B   0.1000
        95  -1.758853  1708.711  0.64668  0.710E-04  0.192E-01  pot  B   0.1000
        96  -1.758873  1708.726  0.64665  0.583E-04  0.165E-01  pot  B   0.1000
        97  -1.758894  1708.601  0.64679  0.648E-04  0.188E-01  pot  B   0.1000
        98  -1.758887  1708.624  0.64676  0.562E-04  0.221E-01  pot  B   0.1000
        99  -1.758923  1708.484  0.64689  0.726E-04  0.120E-01  pot  B   0.1000
       100  -1.758925  1708.449  0.64693  0.458E-04  0.115E-01  pot  B   0.1000
       101  -1.758903  1708.413  0.64696  0.436E-04  0.210E-01  pot  B   0.1000
       102  -1.758923  1708.392  0.64698  0.502E-04  0.219E-01  pot  B   0.1000
       103  -1.758940  1708.325  0.64705  0.484E-04  0.123E-01  pot  B   0.1000
       104  -1.758946  1708.213  0.64716  0.589E-04  0.172E-01  pot  B   0.1000
       105  -1.758929  1708.297  0.64707  0.446E-04  0.227E-01  pot  B   0.1000
       106  -1.758962  1708.167  0.64720  0.689E-04  0.121E-01  pot  B   0.1000
       107  -1.758958  1708.094  0.64728  0.434E-04  0.118E-01  pot  B   0.1000
       108  -1.758954  1708.163  0.64722  0.403E-04  0.146E-01  pot  B   0.1000
       109  -1.758971  1708.050  0.64732  0.598E-04  0.121E-01  pot  B   0.1000
       110  -1.758961  1708.078  0.64729  0.447E-04  0.182E-01  pot  B   0.1000
       111  -1.758983  1707.994  0.64738  0.448E-04  0.812E-02  pot  B   0.1000
       112  -1.758986  1707.964  0.64741  0.339E-04  0.839E-02  pot  B   0.1000
       113  -1.758978  1707.919  0.64746  0.371E-04  0.148E-01  pot  B   0.1000
       114  -1.758985  1707.921  0.64746  0.362E-04  0.168E-01  pot  B   0.1000
       115  -1.758994  1707.883  0.64750  0.363E-04  0.728E-02  pot  B   0.1000
       116  -1.759000  1707.797  0.64758  0.452E-04  0.111E-01  pot  B   0.1000
       117  -1.758984  1707.873  0.64751  0.399E-04  0.160E-01  pot  B   0.1000
       118  -1.759005  1707.787  0.64760  0.454E-04  0.696E-02  pot  B   0.1000
       119  -1.759006  1707.704  0.64768  0.439E-04  0.814E-02  pot  B   0.1000
       120  -1.759000  1707.740  0.64764  0.261E-04  0.107E-01  pot  B   0.1000
       121  -1.759009  1707.684  0.64771  0.475E-04  0.953E-02  pot  B   0.1000
       122  -1.759003  1707.687  0.64770  0.332E-04  0.147E-01  pot  B   0.1000
       123  -1.759015  1707.646  0.64775  0.339E-04  0.623E-02  pot  B   0.1000
       124  -1.759016  1707.617  0.64778  0.277E-04  0.639E-02  pot  B   0.1000
       125  -1.759014  1707.570  0.64783  0.329E-04  0.100E-01  pot  B   0.1000
       126  -1.759015  1707.594  0.64780  0.290E-04  0.113E-01  pot  B   0.1000
       127  -1.759020  1707.571  0.64783  0.269E-04  0.546E-02  pot  B   0.1000
       128  -1.759024  1707.514  0.64789  0.304E-04  0.596E-02  pot  B   0.1000
       129  -1.759015  1707.540  0.64786  0.215E-04  0.124E-01  pot  B   0.1000
       130  -1.759026  1707.508  0.64790  0.264E-04  0.448E-02  pot  B   0.1000
       131  -1.759028  1707.445  0.64797  0.339E-04  0.564E-02  pot  B   0.1000
       132  -1.759024  1707.463  0.64795  0.182E-04  0.813E-02  pot  B   0.1000
       133  -1.759029  1707.424  0.64799  0.328E-04  0.561E-02  pot  B   0.1000
       134  -1.759026  1707.414  0.64800  0.220E-04  0.102E-01  pot  B   0.1000
       135  -1.759031  1707.403  0.64802  0.255E-04  0.558E-02  pot  B   0.1000
       136  -1.759032  1707.377  0.64805  0.205E-04  0.533E-02  pot  B   0.1000
       137  -1.759032  1707.332  0.64810  0.255E-04  0.619E-02  pot  B   0.1000
       138  -1.759031  1707.358  0.64807  0.226E-04  0.932E-02  pot  B   0.1000
       139  -1.759034  1707.344  0.64809  0.201E-04  0.504E-02  pot  B   0.1000
       140  -1.759036  1707.304  0.64813  0.216E-04  0.419E-02  pot  B   0.1000
       141  -1.759031  1707.320  0.64812  0.175E-04  0.999E-02  pot  B   0.1000
       142  -1.759037  1707.308  0.64813  0.165E-04  0.358E-02  pot  B   0.1000
       143  -1.759039  1707.263  0.64818  0.243E-04  0.354E-02  pot  B   0.1000
       144  -1.759037  1707.257  0.64819  0.115E-04  0.534E-02  pot  B   0.1000
       145  -1.759039  1707.248  0.64820  0.220E-04  0.420E-02  pot  B   0.1000
       146  -1.759038  1707.228  0.64822  0.139E-04  0.675E-02  pot  B   0.1000
       147  -1.759040  1707.229  0.64822  0.179E-04  0.439E-02  pot  B   0.1000
       148  -1.759041  1707.210  0.64825  0.136E-04  0.373E-02  pot  B   0.1000
       149  -1.759041  1707.173  0.64829  0.200E-04  0.442E-02  pot  B   0.1000
       150  -1.759039  1707.194  0.64826  0.164E-04  0.613E-02  pot  B   0.1000
       151  -1.759041  1707.183  0.64828  0.155E-04  0.403E-02  pot  B   0.1000
       152  -1.759043  1707.159  0.64831  0.133E-04  0.314E-02  pot  B   0.1000
       153  -1.759040  1707.142  0.64833  0.142E-04  0.715E-02  pot  B   0.1000
       154  -1.759043  1707.160  0.64831  0.112E-04  0.262E-02  pot  B   0.1000
       155  -1.759044  1707.132  0.64834  0.156E-04  0.301E-02  pot  B   0.1000
       156  -1.759043  1707.121  0.64836  0.900E-05  0.342E-02  pot  B   0.1000
       157  -1.759044  1707.118  0.64836  0.151E-04  0.268E-02  pot  B   0.1000
       158  -1.759044  1707.100  0.64838  0.109E-04  0.407E-02  pot  B   0.1000
       159  -1.759044  1707.107  0.64837  0.124E-04  0.310E-02  pot  B   0.1000
       160  -1.759045  1707.093  0.64839  0.836E-05  0.310E-02  pot  B   0.1000
       161  -1.759045  1707.067  0.64842  0.140E-04  0.270E-02  pot  B   0.1000
       162  -1.759044  1707.074  0.64842  0.116E-04  0.460E-02  pot  B   0.1000
       163  -1.759045  1707.069  0.64842  0.117E-04  0.316E-02  pot  B   0.1000
       164  -1.759046  1707.055  0.64844  0.975E-05  0.193E-02  pot  B   0.1000
       165  -1.759045  1707.033  0.64847  0.125E-04  0.507E-02  pot  B   0.1000
       166  -1.759046  1707.053  0.64844  0.111E-04  0.266E-02  pot  B   0.1000
       167  -1.759046  1707.038  0.64846  0.102E-04  0.233E-02  pot  B   0.1000
       168  -1.759047  1707.020  0.64849  0.103E-04  0.264E-02  pot  B   0.1000
       169  -1.759047  1707.027  0.64848  0.113E-04  0.266E-02  pot  B   0.1000
       170  -1.759047  1707.011  0.64850  0.969E-05  0.295E-02  pot  B   0.1000
       171  -1.759047  1707.018  0.64849  0.901E-05  0.287E-02  pot  B   0.1000
       172  -1.759047  1707.009  0.64850  0.569E-05  0.197E-02  pot  B   0.1000
       173  -1.759047  1706.993  0.64852  0.882E-05  0.169E-02  pot  B   0.1000
       174  -1.759047  1706.993  0.64852  0.793E-05  0.276E-02  pot  B   0.1000
       175  -1.759047  1706.989  0.64853  0.795E-05  0.239E-02  pot  B   0.1000
       176  -1.759048  1706.984  0.64854  0.624E-05  0.151E-02  pot  B   0.1000
       177  -1.759048  1706.958  0.64857  0.143E-04  0.279E-02  pot  B   0.1000
       178  -1.759048  1706.975  0.64855  0.955E-05  0.191E-02  pot  B   0.1000
       179  -1.759048  1706.971  0.64855  0.828E-05  0.194E-02  pot  B   0.1000
       180  -1.759048  1706.955  0.64858  0.913E-05  0.164E-02  pot  B   0.1000
       181  -1.759048  1706.960  0.64857  0.836E-05  0.196E-02  pot  B   0.1000
       182  -1.759048  1706.947  0.64858  0.760E-05  0.186E-02  pot  B   0.1000
       183  -1.759048  1706.956  0.64857  0.700E-05  0.218E-02  pot  B   0.1000
       184  -1.759048  1706.949  0.64858  0.412E-05  0.187E-02  pot  B   0.1000
       185  -1.759049  1706.939  0.64860  0.588E-05  0.155E-02  pot  B   0.1000
       186  -1.759048  1706.934  0.64860  0.559E-05  0.199E-02  pot  B   0.1000
       187  -1.759049  1706.934  0.64860  0.544E-05  0.140E-02  pot  B   0.1000
       188  -1.759049  1706.932  0.64861  0.398E-05  0.926E-03  pot  B   0.1000
       189  -1.759049  1706.917  0.64863  0.854E-05  0.168E-02  pot  B   0.1000
       190  -1.759049  1706.921  0.64862  0.425E-05  0.137E-02  pot  B   0.1000
       191  -1.759049  1706.923  0.64862  0.568E-05  0.151E-02  pot  B   0.1000
       192  -1.759049  1706.910  0.64864  0.724E-05  0.107E-02  pot  B   0.1000
       193  -1.759049  1706.914  0.64863  0.568E-05  0.171E-02  pot  B   0.1000
       194  -1.759049  1706.904  0.64865  0.603E-05  0.126E-02  pot  B   0.1000
       195  -1.759049  1706.908  0.64864  0.587E-05  0.203E-02  pot  B   0.1000
       196  -1.759049  1706.905  0.64865  0.325E-05  0.151E-02  pot  B   0.1000
       197  -1.759049  1706.901  0.64865  0.430E-05  0.110E-02  pot  B   0.1000
       198  -1.759049  1706.895  0.64866  0.467E-05  0.121E-02  pot  B   0.1000
       199  -1.759049  1706.894  0.64866  0.399E-05  0.111E-02  pot  B   0.1000
       200  -1.759049  1706.895  0.64866  0.286E-05  0.638E-03  pot  B   0.1000
       201  -1.759049  1706.885  0.64868  0.575E-05  0.871E-03  pot  B   0.1000
       202  -1.759049  1706.885  0.64868  0.281E-05  0.102E-02  pot  B   0.1000
       203  -1.759049  1706.887  0.64867  0.390E-05  0.106E-02  pot  B   0.1000
       204  -1.759049  1706.881  0.64868  0.355E-05  0.577E-03  pot  B   0.1000
       205  -1.759049  1706.881  0.64868  0.278E-05  0.119E-02  pot  B   0.1000
       206  -1.759050  1706.874  0.64869  0.409E-05  0.839E-03  pot  B   0.1000
       207  -1.759049  1706.876  0.64869  0.456E-05  0.142E-02  pot  B   0.1000
       208  -1.759050  1706.873  0.64869  0.253E-05  0.128E-02  pot  B   0.1000
       209  -1.759050  1706.873  0.64869  0.311E-05  0.103E-02  pot  B   0.1000
       210  -1.759050  1706.867  0.64870  0.380E-05  0.974E-03  pot  B   0.1000
       211  -1.759050  1706.867  0.64870  0.283E-05  0.713E-03  pot  B   0.1000
       212  -1.759050  1706.869  0.64870  0.223E-05  0.553E-03  pot  B   0.1000
       213  -1.759050  1706.863  0.64871  0.354E-05  0.607E-03  pot  B   0.1000
       214  -1.759050  1706.861  0.64871  0.172E-05  0.588E-03  pot  B   0.1000
       215  -1.759050  1706.861  0.64871  0.281E-05  0.807E-03  pot  B   0.1000
       216  -1.759050  1706.859  0.64872  0.186E-05  0.336E-03  pot  B   0.1000
       217  -1.759050  1706.859  0.64872  0.201E-05  0.940E-03  pot  B   0.1000
       218  -1.759050  1706.854  0.64872  0.274E-05  0.510E-03  pot  B   0.1000
       219  -1.759050  1706.853  0.64873  0.289E-05  0.986E-03  pot  B   0.1000
       220  -1.759050  1706.852  0.64873  0.164E-05  0.763E-03  pot  B   0.1000
       221  -1.759050  1706.854  0.64872  0.219E-05  0.750E-03  pot  B   0.1000
       222  -1.759050  1706.849  0.64873  0.296E-05  0.566E-03  pot  B   0.1000
       223  -1.759050  1706.848  0.64873  0.193E-05  0.522E-03  pot  B   0.1000
       224  -1.759050  1706.850  0.64873  0.167E-05  0.431E-03  pot  B   0.1000
       225  -1.759050  1706.846  0.64874  0.219E-05  0.353E-03  pot  B   0.1000
       226  -1.759050  1706.845  0.64874  0.113E-05  0.424E-03  pot  B   0.1000
       227  -1.759050  1706.843  0.64874  0.197E-05  0.511E-03  pot  B   0.1000
       228  -1.759050  1706.843  0.64874  0.139E-05  0.313E-03  pot  B   0.1000
       229  -1.759050  1706.843  0.64874  0.138E-05  0.615E-03  pot  B   0.1000
       230  -1.759050  1706.840  0.64875  0.183E-05  0.347E-03  pot  B   0.1000
       231  -1.759050  1706.838  0.64875  0.176E-05  0.594E-03  pot  B   0.1000
       232  -1.759050  1706.838  0.64875  0.104E-05  0.566E-03  pot  B   0.1000
       233  -1.759050  1706.840  0.64875  0.152E-05  0.662E-03  pot  B   0.1000
       234  -1.759050  1706.836  0.64875  0.214E-05  0.357E-03  pot  B   0.1000
       235  -1.759050  1706.835  0.64876  0.106E-05  0.313E-03  pot  B   0.1000
       236  -1.759050  1706.836  0.64875  0.134E-05  0.441E-03  pot  B   0.1000
       237  -1.759050  1706.834  0.64876  0.146E-05  0.321E-03  pot  B   0.1000
       238  -1.759050  1706.833  0.64876  0.897E-06  0.284E-03  pot  B   0.1000
       239  -1.759050  1706.831  0.64876  0.130E-05  0.406E-03  pot  B   0.1000
       240  -1.759050  1706.832  0.64876  0.111E-05  0.208E-03  pot  B   0.1000
       241  -1.759050  1706.832  0.64876  0.824E-06  0.497E-03  pot  B   0.1000
       242  -1.759050  1706.830  0.64876  0.105E-05  0.197E-03  pot  B   0.1000
       243  -1.759050  1706.828  0.64877  0.117E-05  0.373E-03  pot  B   0.1000
       244  -1.759050  1706.828  0.64877  0.725E-06  0.342E-03  pot  B   0.1000
       245  -1.759050  1706.830  0.64876  0.120E-05  0.475E-03  pot  B   0.1000
       246  -1.759050  1706.827  0.64877  0.148E-05  0.232E-03  pot  B   0.1000
       247  -1.759050  1706.826  0.64877  0.706E-06  0.247E-03  pot  B   0.1000
       248  -1.759050  1706.826  0.64877  0.938E-06  0.305E-03  pot  B   0.1000
       249  -1.759050  1706.826  0.64877  0.960E-06  0.203E-03  pot  B   0.1000
       250  -1.759050  1706.825  0.64877  0.776E-06  0.218E-03  pot  B   0.1000
       251  -1.759050  1706.823  0.64878  0.112E-05  0.217E-03  pot  B   0.1000
       252  -1.759050  1706.824  0.64877  0.792E-06  0.206E-03  pot  B   0.1000
       253  -1.759050  1706.824  0.64878  0.704E-06  0.369E-03  pot  B   0.1000
       254  -1.759050  1706.823  0.64878  0.708E-06  0.186E-03  pot  B   0.1000
       255  -1.759050  1706.822  0.64878  0.713E-06  0.295E-03  pot  B   0.1000
       256  -1.759050  1706.821  0.64878  0.601E-06  0.252E-03  pot  B   0.1000
       257  -1.759050  1706.822  0.64878  0.883E-06  0.406E-03  pot  B   0.1000
       258  -1.759050  1706.821  0.64878  0.954E-06  0.175E-03  pot  B   0.1000
       259  -1.759050  1706.820  0.64878  0.459E-06  0.130E-03  pot  B   0.1000
       260  -1.759050  1706.819  0.64878  0.564E-06  0.216E-03  pot  B   0.1000
       261  -1.759050  1706.820  0.64878  0.543E-06  0.167E-03  pot  B   0.1000
       262  -1.759050  1706.819  0.64878  0.601E-06  0.155E-03  pot  B   0.1000
       263  -1.759050  1706.818  0.64879  0.868E-06  0.155E-03  pot  B   0.1000
       264  -1.759050  1706.818  0.64879  0.525E-06  0.142E-03  pot  B   0.1000
       265  -1.759050  1706.818  0.64879  0.522E-06  0.326E-03  pot  B   0.1000
       266  -1.759050  1706.818  0.64879  0.630E-06  0.150E-03  pot  B   0.1000
       267  -1.759050  1706.817  0.64879  0.610E-06  0.187E-03  pot  B   0.1000
       268  -1.759050  1706.817  0.64879  0.498E-06  0.143E-03  pot  B   0.1000
       269  -1.759050  1706.817  0.64879  0.658E-06  0.284E-03  pot  B   0.1000
       270  -1.759050  1706.816  0.64879  0.549E-06  0.111E-03  pot  B   0.1000
       271  -1.759050  1706.816  0.64879  0.311E-06  0.103E-03  pot  B   0.1000
       272  -1.759050  1706.815  0.64879  0.375E-06  0.165E-03  pot  B   0.1000
       273  -1.759050  1706.815  0.64879  0.438E-06  0.934E-04  pot  B   0.1000
       274  -1.759050  1706.815  0.64879  0.441E-06  0.114E-03  pot  B   0.1000
       275  -1.759050  1706.814  0.64879  0.525E-06  0.893E-04  pot  B   0.1000
       276  -1.759050  1706.814  0.64879  0.359E-06  0.116E-03  pot  B   0.1000
       277  -1.759050  1706.814  0.64879  0.473E-06  0.240E-03  pot  B   0.1000
       278  -1.759050  1706.814  0.64879  0.529E-06  0.121E-03  pot  B   0.1000
       279  -1.759050  1706.814  0.64879  0.308E-06  0.145E-03  pot  B   0.1000
       280  -1.759050  1706.813  0.64880  0.402E-06  0.992E-04  pot  B   0.1000
       281  -1.759050  1706.813  0.64880  0.476E-06  0.209E-03  pot  B   0.1000
       282  -1.759050  1706.813  0.64880  0.345E-06  0.103E-03  pot  B   0.1000
       283  -1.759050  1706.813  0.64880  0.224E-06  0.623E-04  pot  B   0.1000
       284  -1.759050  1706.812  0.64880  0.374E-06  0.992E-04  pot  B   0.1000
       285  -1.759050  1706.812  0.64880  0.351E-06  0.884E-04  pot  B   0.1000
       286  -1.759050  1706.812  0.64880  0.311E-06  0.822E-04  pot  B   0.1000
       287  -1.759050  1706.812  0.64880  0.313E-06  0.596E-04  pot  B   0.1000
       288  -1.759050  1706.811  0.64880  0.224E-06  0.624E-04  pot  B   0.1000
       289  -1.759050  1706.811  0.64880  0.388E-06  0.183E-03  pot  B   0.1000
       290  -1.759050  1706.812  0.64880  0.421E-06  0.111E-03  pot  B   0.1000
       291  -1.759050  1706.811  0.64880  0.280E-06  0.821E-04  pot  B   0.1000
       292  -1.759050  1706.811  0.64880  0.286E-06  0.587E-04  pot  B   0.1000
       293  -1.759050  1706.811  0.64880  0.309E-06  0.119E-03  pot  B   0.1000
       294  -1.759050  1706.811  0.64880  0.272E-06  0.694E-04  pot  B   0.1000
       295  -1.759050  1706.811  0.64880  0.171E-06  0.520E-04  pot  B   0.1000
       296  -1.759050  1706.810  0.64880  0.237E-06  0.657E-04  pot  B   0.1000
       297  -1.759050  1706.810  0.64880  0.295E-06  0.556E-04  pot  B   0.1000
       298  -1.759050  1706.810  0.64880  0.204E-06  0.520E-04  pot  B   0.1000
       299  -1.759050  1706.810  0.64880  0.165E-06  0.437E-04  pot  B   0.1000
       300  -1.759050  1706.810  0.64880  0.202E-06  0.438E-04  pot  B   0.1000
**     301  -1.759050  1706.810  0.64880  0.552E-12  0.438E-04  pot  B   0.1000
