 Atom   Index      Q          Qmt        dQ        Vmad        Local Energy
  W         1   73.97474   72.67369   -0.02526    1.61994      -32312.42621
  W         2   73.82240   72.52135   -0.17760    1.76735      -32312.50263
  W         3   73.72669   72.42564   -0.27331    1.86435      -32312.57296
  W         4   73.91589   72.61484   -0.08411    1.66572      -32312.43996
  W         5   73.91604   72.61499   -0.08396    1.66933      -32312.45482
  W         6   73.86961   72.56856   -0.13039    1.72635      -32312.48454
  W         7   73.81013   72.50908   -0.18987    1.78116      -32312.52447
  W         8   73.87257   72.57152   -0.12743    1.71855      -32312.48700
  W         9   73.88717   72.58612   -0.11283    1.70685      -32312.46568
  W        10   73.80362   72.50257   -0.19638    1.78785      -32312.51619
  W        11   73.74925   72.44820   -0.25075    1.84723      -32312.56055
  W        12   73.79343   72.49238   -0.20657    1.80343      -32312.53888
  W        13   73.82649   72.52544   -0.17351    1.76286      -32312.51921
  W        14   73.88143   72.58038   -0.11857    1.71393      -32312.47622
  W        15   73.72046   72.41941   -0.27954    1.88055      -32312.59268
  W        16   73.89702   72.59597   -0.10298    1.69887      -32312.47523
  Nb       17   40.90992   39.60887   -0.09008    1.71839       -7632.58506
  Nb       18   40.92467   39.62362   -0.07533    1.69840       -7632.56001
  Nb       19   40.93947   39.63842   -0.06053    1.68601       -7632.56353
  Nb       20   40.99766   39.69661   -0.00234    1.62570       -7632.51757
  Nb       21   40.78990   39.48885   -0.21010    1.84047       -7632.65667
  Nb       22   40.90603   39.60498   -0.09397    1.72540       -7632.59262
  Nb       23   40.85686   39.55581   -0.14314    1.77337       -7632.61932
  Nb       24   40.81364   39.51259   -0.18636    1.81233       -7632.63438
  Nb       25   40.88350   39.58245   -0.11650    1.74128       -7632.59720
  Nb       26   40.88594   39.58489   -0.11406    1.73530       -7632.59640
  Nb       27   40.64024   39.33919   -0.35976    1.98760       -7632.74267
  Nb       28   40.94882   39.64777   -0.05118    1.67919       -7632.56181
  Nb       29   40.94897   39.64792   -0.05103    1.68106       -7632.55913
  Nb       30   41.02559   39.72454    0.02559    1.60656       -7632.50269
  Nb       31   40.89189   39.59084   -0.10811    1.73125       -7632.59157
  Nb       32   40.94792   39.64687   -0.05208    1.68202       -7632.55191
  Mo       33   42.08434   40.78329    0.08434    1.63479       -8090.55394
  Mo       34   42.01953   40.71848    0.01953    1.69939       -8090.58947
  Mo       35   42.24900   40.94795    0.24900    1.46633       -8090.45471
  Mo       36   42.00400   40.70295    0.00400    1.72122       -8090.61395
  Mo       37   42.10906   40.80801    0.10906    1.60397       -8090.53942
  Mo       38   41.93924   40.63819   -0.06076    1.78601       -8090.64317
  Mo       39   42.09058   40.78953    0.09058    1.63006       -8090.55480
  Mo       40   42.01950   40.71845    0.01950    1.70345       -8090.59981
  Mo       41   42.09230   40.79125    0.09230    1.62061       -8090.54413
  Mo       42   42.20885   40.90780    0.20885    1.50137       -8090.47512
  Mo       43   42.15145   40.85040    0.15145    1.55915       -8090.51065
  Mo       44   41.97032   40.66927   -0.02968    1.75895       -8090.63547
  Mo       45   42.09116   40.79011    0.09116    1.62758       -8090.54940
  Mo       46   42.06001   40.75896    0.06001    1.66165       -8090.56508
  Mo       47   42.13148   40.83043    0.13148    1.59189       -8090.53184
  Mo       48   42.15632   40.85527    0.15632    1.54792       -8090.48880
  Ta       49   72.72719   71.42614   -0.27281    1.80817      -31232.94659
  Ta       50   72.76382   71.46277   -0.23618    1.76492      -31232.92607
  Ta       51   72.54396   71.24291   -0.45604    1.98563      -31233.05619
  Ta       52   72.79215   71.49110   -0.20785    1.74291      -31232.90705
  Ta       53   72.77780   71.47675   -0.22220    1.75529      -31232.90641
  Ta       54   72.75018   71.44913   -0.24982    1.78569      -31232.92587
  Ta       55   72.58334   71.28229   -0.41666    1.94226      -31233.03557
  Ta       56   72.71360   71.41255   -0.28640    1.82197      -31232.95404
  Ta       57   72.87211   71.57106   -0.12789    1.65403      -31232.84350
  Ta       58   72.79832   71.49727   -0.20168    1.73737      -31232.89848
  Ta       59   72.69320   71.39215   -0.30680    1.83802      -31232.95631
  Ta       60   72.83916   71.53811   -0.16084    1.69832      -31232.88743
  Ta       61   72.75270   71.45165   -0.24730    1.77397      -31232.92533
  Ta       62   72.76155   71.46050   -0.23845    1.77177      -31232.92304
  Ta       63   72.75881   71.45776   -0.24119    1.77695      -31232.93341
  Ta       64   72.85916   71.55811   -0.14084    1.67554      -31232.86696
  V        65   23.40133   22.10028    0.40133    1.54938       -1895.22175
  V        66   23.50079   22.19974    0.50079    1.44265       -1895.15879
  V        67   23.45455   22.15350    0.45455    1.49248       -1895.20730
  V        68   23.40454   22.10349    0.40454    1.54561       -1895.23941
  V        69   23.48217   22.18112    0.48217    1.46368       -1895.20208
  V        70   23.47067   22.16962    0.47067    1.47102       -1895.17390
  V        71   23.52187   22.22082    0.52187    1.42246       -1895.17741
  V        72   23.35819   22.05714    0.35819    1.59399       -1895.24901
  V        73   23.36482   22.06377    0.36482    1.58323       -1895.25329
  V        74   23.41940   22.11835    0.41940    1.53330       -1895.23417
  V        75   23.44370   22.14265    0.44370    1.50143       -1895.21051
  V        76   23.46585   22.16480    0.46585    1.47801       -1895.18028
  V        77   23.33444   22.03339    0.33444    1.62144       -1895.27109
  V        78   23.42481   22.12376    0.42481    1.52503       -1895.23427
  V        79   23.50008   22.19903    0.50008    1.44433       -1895.17044
  V        80   23.31063   22.00958    0.31063    1.64049       -1895.27726
