 Atom   Index      Q          Qmt        dQ        Vmad        Local Energy
  W         1   73.79917   72.49755   -0.20083    1.79132      -32312.53034
  W         2   73.80153   72.49991   -0.19847    1.78966      -32312.53099
  W         3   73.68359   72.38197   -0.31641    1.91360      -32312.61186
  W         4   73.79607   72.49445   -0.20393    1.79684      -32312.53358
  Nb        5   40.71330   39.41168   -0.28670    1.91291       -7632.69887
  Nb        6   41.04469   39.74307    0.04469    1.58559       -7632.49695
  Nb        7   41.07210   39.77048    0.07210    1.55496       -7632.49194
  Nb        8   41.02726   39.72564    0.02726    1.60208       -7632.51958
  Mo        9   41.88714   40.58552   -0.11286    1.83960       -8090.68359
  Mo       10   42.19148   40.88986    0.19148    1.53012       -8090.49023
  Mo       11   42.19777   40.89615    0.19777    1.52635       -8090.49643
  Mo       12   42.21420   40.91258    0.21420    1.49959       -8090.47955
  Ta       13   72.72781   71.42619   -0.27219    1.80451      -31232.94017
  Ta       14   72.57028   71.26866   -0.42972    1.96241      -31233.04286
  Ta       15   72.59495   71.29333   -0.40505    1.93766      -31233.03226
  Ta       16   72.54242   71.24080   -0.45758    1.98903      -31233.06339
  V        17   23.51586   22.21424    0.51586    1.43545       -1895.17875
  V        18   23.47079   22.16917    0.47079    1.47406       -1895.17158
  V        19   23.56945   22.26783    0.56945    1.37537       -1895.12221
  V        20   23.58013   22.27851    0.58013    1.36725       -1895.14847
