System Description            : WNbMoTa, BCC structure                          
Number of Atoms in Unit Cell  : 256                                             
Number of Atomic Species      : 4                                               
Number of Atoms in Each Type  : 64(W), 64(Nb), 64(Mo), 64(Ta)                   
Energy Offset                 : -19816                                          
=======================================================================================
    Iter     Energy      3PV     Efermi   Rms_rho    Rms_pot   Mix  Alg  Alpha 
---------------------------------------------------------------------------------------
**       1  -0.263662  2293.570  0.59501  0.140E+01  0.168E+00  pot  B   0.1000
         2  -0.484201  2265.437  0.61108  0.790E-02  0.784E+00  pot  B   0.1000
         3  -0.646071  2262.381  0.61243  0.126E-02  0.290E+00  pot  B   0.1000
         4  -0.838933  2238.138  0.62285  0.636E-02  0.440E+00  pot  B   0.1000
         5  -0.952728  2208.753  0.63832  0.782E-02  0.696E+00  pot  B   0.1000
         6  -1.174341  2178.843  0.65320  0.799E-02  0.225E+00  pot  B   0.1000
         7  -1.205767  2168.656  0.66373  0.310E-02  0.138E+00  pot  B   0.1000
         8  -1.235123  2156.900  0.67146  0.401E-02  0.590E-01  pot  B   0.1000
         9  -1.252445  2148.658  0.67577  0.309E-02  0.623E-01  pot  B   0.1000
        10  -1.271221  2136.371  0.68114  0.505E-02  0.470E-01  pot  B   0.1000
        11  -1.275476  2131.036  0.68394  0.237E-02  0.237E-01  pot  B   0.1000
        12  -1.276322  2129.035  0.68544  0.109E-02  0.877E-02  pot  B   0.1000
        13  -1.276463  2128.748  0.68610  0.232E-03  0.735E-02  pot  B   0.1000
        14  -1.276614  2128.511  0.68705  0.241E-03  0.465E-02  pot  B   0.1000
        15  -1.276727  2128.527  0.68800  0.222E-03  0.493E-02  pot  B   0.1000
        16  -1.276811  2128.497  0.68917  0.258E-03  0.396E-02  pot  B   0.1000
        17  -1.276832  2128.366  0.69009  0.159E-03  0.544E-02  pot  B   0.1000
        18  -1.276834  2128.417  0.69004  0.170E-04  0.179E-02  pot  B   0.1000
        19  -1.276840  2128.424  0.69026  0.367E-04  0.124E-02  pot  B   0.1000
        20  -1.276844  2128.286  0.69055  0.683E-04  0.621E-03  pot  B   0.1000
        21  -1.276846  2128.218  0.69073  0.384E-04  0.526E-03  pot  B   0.1000
        22  -1.276846  2128.182  0.69082  0.194E-04  0.312E-03  pot  B   0.1000
        23  -1.276847  2128.200  0.69087  0.143E-04  0.366E-03  pot  B   0.1000
        24  -1.276847  2128.195  0.69092  0.103E-04  0.283E-03  pot  B   0.1000
        25  -1.276848  2128.234  0.69096  0.179E-04  0.266E-03  pot  B   0.1000
        26  -1.276848  2128.255  0.69098  0.933E-05  0.148E-03  pot  B   0.1000
        27  -1.276848  2128.268  0.69098  0.550E-05  0.105E-03  pot  B   0.1000
        28  -1.276848  2128.272  0.69098  0.218E-05  0.380E-04  pot  B   0.1000
        29  -1.276848  2128.273  0.69099  0.117E-05  0.601E-04  pot  B   0.1000
        30  -1.276848  2128.273  0.69099  0.273E-06  0.886E-04  pot  B   0.1000
        31  -1.276848  2128.274  0.69099  0.110E-05  0.347E-04  pot  B   0.1000
        32  -1.276848  2128.273  0.69099  0.163E-05  0.178E-04  pot  B   0.1000
        33  -1.276847  2128.273  0.69099  0.880E-06  0.155E-04  pot  B   0.1000
        34  -1.276847  2128.273  0.69099  0.441E-06  0.115E-04  pot  B   0.1000
        35  -1.276847  2128.274  0.69099  0.487E-06  0.901E-05  pot  B   0.1000
        36  -1.276847  2128.274  0.69099  0.366E-06  0.663E-05  pot  B   0.1000
        37  -1.276847  2128.275  0.69099  0.340E-06  0.694E-05  pot  B   0.1000
        38  -1.276847  2128.275  0.69099  0.229E-06  0.366E-05  pot  B   0.1000
        39  -1.276847  2128.276  0.69099  0.232E-06  0.521E-05  pot  B   0.1000
        40  -1.276847  2128.276  0.69099  0.222E-06  0.460E-05  pot  B   0.1000
        41  -1.276847  2128.276  0.69099  0.300E-06  0.549E-05  pot  B   0.1000
        42  -1.276847  2128.276  0.69099  0.135E-06  0.635E-05  pot  B   0.1000
        43  -1.276847  2128.276  0.69099  0.593E-07  0.316E-05  pot  B   0.1000
        44  -1.276847  2128.276  0.69099  0.668E-07  0.143E-05  pot  B   0.1000
        45  -1.276847  2128.276  0.69099  0.433E-07  0.106E-05  pot  B   0.1000
        46  -1.276847  2128.276  0.69099  0.420E-07  0.104E-05  pot  B   0.1000
        47  -1.276847  2128.276  0.69099  0.491E-07  0.690E-06  pot  B   0.1000
        48  -1.276847  2128.276  0.69098  0.346E-07  0.583E-06  pot  B   0.1000
        49  -1.276847  2128.276  0.69098  0.186E-07  0.440E-06  pot  B   0.1000
        50  -1.276847  2128.276  0.69098  0.134E-07  0.238E-06  pot  B   0.1000
        51  -1.276847  2128.276  0.69098  0.838E-08  0.288E-06  pot  B   0.1000
        52  -1.276847  2128.276  0.69098  0.586E-08  0.227E-06  pot  B   0.1000
        53  -1.276847  2128.276  0.69098  0.384E-08  0.183E-06  pot  B   0.1000
        54  -1.276847  2128.276  0.69098  0.429E-08  0.227E-06  pot  B   0.1000
        55  -1.276847  2128.276  0.69098  0.203E-08  0.247E-06  pot  B   0.1000
        56  -1.276847  2128.276  0.69098  0.285E-08  0.855E-07  pot  B   0.1000
        57  -1.276847  2128.276  0.69098  0.466E-08  0.106E-06  pot  B   0.1000
        58  -1.276847  2128.276  0.69098  0.468E-08  0.350E-07  pot  B   0.1000
        59  -1.276847  2128.276  0.69098  0.339E-08  0.395E-07  pot  B   0.1000
        60  -1.276847  2128.276  0.69098  0.186E-08  0.313E-07  pot  B   0.1000
        61  -1.276847  2128.276  0.69098  0.163E-08  0.227E-07  pot  B   0.1000
        62  -1.276847  2128.276  0.69098  0.152E-08  0.214E-07  pot  B   0.1000
        63  -1.276847  2128.276  0.69098  0.953E-09  0.195E-07  pot  B   0.1000
        64  -1.276847  2128.276  0.69098  0.806E-09  0.111E-07  pot  B   0.1000
        65  -1.276847  2128.276  0.69098  0.417E-09  0.143E-07  pot  B   0.1000
        66  -1.276847  2128.276  0.69098  0.253E-09  0.233E-07  pot  B   0.1000
        67  -1.276847  2128.276  0.69098  0.418E-09  0.200E-07  pot  B   0.1000
        68  -1.276847  2128.276  0.69098  0.160E-09  0.130E-07  pot  B   0.1000
        69  -1.276847  2128.276  0.69098  0.303E-09  0.741E-08  pot  B   0.1000
**      70  -1.276847  2128.276  0.69098  0.489E-12  0.741E-08  pot  B   0.1000
**      71  -1.276847  2128.276  0.69098  0.489E-12  0.741E-08  pot  B   0.1000
