System Description            : WNbMoTaTi, BCC structure                        
Number of Atoms in Unit Cell  : 40                                              
Number of Atomic Species      : 5                                               
Number of Atoms in Each Type  : 8(W), 8(Nb), 8(Mo), 8(Ta), 8(Ti)                
Energy Offset                 : -16193                                          
=======================================================================================
    Iter     Energy      3PV     Efermi   Rms_rho    Rms_pot   Mix  Alg  Alpha 
---------------------------------------------------------------------------------------
**       1  -0.752720  1839.824  0.54062  0.140E+01  0.151E+00  pot  B   0.1000
         2  -0.991407  1816.579  0.58026  0.746E-02  0.367E+00  pot  B   0.1000
         3  -1.079744  1813.051  0.57678  0.203E-02  0.265E+00  pot  B   0.1000
         4  -1.364328  1779.434  0.59733  0.109E-01  0.237E+00  pot  B   0.1000
         5  -1.353074  1770.817  0.60583  0.298E-02  0.373E+00  pot  B   0.1000
         6  -1.511334  1747.547  0.62165  0.773E-02  0.195E+00  pot  B   0.1000
         7  -1.566915  1729.987  0.63591  0.632E-02  0.851E-01  pot  B   0.1000
         8  -1.582787  1723.099  0.64324  0.329E-02  0.436E-01  pot  B   0.1000
         9  -1.596269  1714.898  0.65082  0.434E-02  0.506E-01  pot  B   0.1000
        10  -1.602656  1710.529  0.65356  0.230E-02  0.264E-01  pot  B   0.1000
        11  -1.604715  1706.851  0.65694  0.225E-02  0.103E-01  pot  B   0.1000
        12  -1.604907  1706.439  0.65746  0.300E-03  0.502E-02  pot  B   0.1000
        13  -1.605011  1706.251  0.65826  0.239E-03  0.432E-02  pot  B   0.1000
        14  -1.605140  1706.123  0.65954  0.264E-03  0.312E-02  pot  B   0.1000
        15  -1.605214  1706.270  0.66073  0.251E-03  0.146E-02  pot  B   0.1000
        16  -1.605218  1706.292  0.66125  0.920E-04  0.119E-02  pot  B   0.1000
        17  -1.605226  1706.218  0.66160  0.563E-04  0.715E-03  pot  B   0.1000
        18  -1.605228  1706.186  0.66174  0.217E-04  0.428E-03  pot  B   0.1000
        19  -1.605230  1706.160  0.66187  0.207E-04  0.247E-03  pot  B   0.1000
        20  -1.605232  1706.180  0.66199  0.239E-04  0.166E-03  pot  B   0.1000
        21  -1.605232  1706.198  0.66203  0.112E-04  0.684E-04  pot  B   0.1000
        22  -1.605232  1706.200  0.66203  0.240E-05  0.395E-04  pot  B   0.1000
        23  -1.605232  1706.200  0.66204  0.179E-05  0.600E-04  pot  B   0.1000
        24  -1.605232  1706.198  0.66205  0.172E-05  0.217E-04  pot  B   0.1000
        25  -1.605232  1706.196  0.66205  0.116E-05  0.136E-04  pot  B   0.1000
        26  -1.605232  1706.196  0.66205  0.449E-06  0.117E-04  pot  B   0.1000
        27  -1.605232  1706.196  0.66205  0.325E-06  0.710E-05  pot  B   0.1000
        28  -1.605232  1706.197  0.66206  0.231E-06  0.745E-05  pot  B   0.1000
        29  -1.605232  1706.197  0.66206  0.177E-06  0.371E-05  pot  B   0.1000
        30  -1.605232  1706.197  0.66206  0.691E-07  0.370E-05  pot  B   0.1000
        31  -1.605232  1706.197  0.66206  0.622E-07  0.173E-05  pot  B   0.1000
        32  -1.605232  1706.197  0.66206  0.108E-06  0.140E-05  pot  B   0.1000
        33  -1.605232  1706.197  0.66206  0.346E-07  0.135E-05  pot  B   0.1000
        34  -1.605232  1706.197  0.66206  0.332E-07  0.698E-06  pot  B   0.1000
        35  -1.605232  1706.197  0.66206  0.259E-07  0.462E-06  pot  B   0.1000
        36  -1.605232  1706.197  0.66206  0.169E-07  0.310E-06  pot  B   0.1000
        37  -1.605232  1706.197  0.66206  0.773E-08  0.225E-06  pot  B   0.1000
        38  -1.605232  1706.197  0.66206  0.664E-08  0.124E-06  pot  B   0.1000
        39  -1.605232  1706.197  0.66206  0.636E-08  0.135E-06  pot  B   0.1000
        40  -1.605232  1706.197  0.66206  0.558E-08  0.691E-07  pot  B   0.1000
        41  -1.605232  1706.197  0.66206  0.373E-08  0.550E-07  pot  B   0.1000
        42  -1.605232  1706.197  0.66206  0.249E-08  0.457E-07  pot  B   0.1000
        43  -1.605232  1706.197  0.66206  0.125E-08  0.328E-07  pot  B   0.1000
        44  -1.605232  1706.197  0.66206  0.604E-09  0.943E-08  pot  B   0.1000
**      45  -1.605232  1706.197  0.66206  0.440E-12  0.943E-08  pot  B   0.1000
