System Description            : WNbMoTaV, BCC structure                         
Number of Atoms in Unit Cell  : 160                                             
Number of Atomic Species      : 5                                               
Number of Atoms in Each Type  : 32(W), 32(Nb), 32(Mo), 32(Ta), 32(V)            
Energy Offset                 : -16231                                          
=======================================================================================
    Iter     Energy      3PV     Efermi   Rms_rho    Rms_pot   Mix  Alg  Alpha 
---------------------------------------------------------------------------------------
**       1  -0.863559  1839.038  0.58695  0.140E+01  0.136E+00  pot  B   0.1000
         2  -1.065973  1816.681  0.59860  0.785E-02  0.554E+00  pot  B   0.1000
         3  -1.234755  1811.826  0.60137  0.423E-02  0.426E+00  pot  B   0.1000
         4  -1.370746  1797.885  0.61133  0.462E-02  0.316E+00  pot  B   0.1000
         5  -1.503265  1781.469  0.61888  0.557E-02  0.297E+00  pot  B   0.1000
         6  -1.612618  1754.213  0.62499  0.913E-02  0.437E+00  pot  B   0.1000
         7  -1.675298  1742.863  0.63020  0.398E-02  0.248E+00  pot  B   0.1000
         8  -1.707103  1735.436  0.63332  0.272E-02  0.141E+00  pot  B   0.1000
         9  -1.719596  1729.753  0.63649  0.238E-02  0.101E+00  pot  B   0.1000
        10  -1.733788  1725.152  0.63757  0.210E-02  0.554E-01  pot  B   0.1000
        11  -1.745316  1718.741  0.63941  0.328E-02  0.800E-01  pot  B   0.1000
        12  -1.753347  1713.422  0.64026  0.279E-02  0.491E-01  pot  B   0.1000
        13  -1.757316  1709.476  0.64167  0.218E-02  0.288E-01  pot  B   0.1000
        14  -1.758185  1708.178  0.64270  0.863E-03  0.152E-01  pot  B   0.1000
        15  -1.758392  1707.499  0.64330  0.342E-03  0.858E-02  pot  B   0.1000
        16  -1.758515  1707.403  0.64399  0.207E-03  0.762E-02  pot  B   0.1000
        17  -1.758677  1707.186  0.64520  0.293E-03  0.613E-02  pot  B   0.1000
        18  -1.758740  1707.187  0.64631  0.210E-03  0.128E-01  pot  B   0.1000
        19  -1.758803  1707.179  0.64705  0.144E-03  0.893E-02  pot  B   0.1000
        20  -1.758850  1707.223  0.64779  0.103E-03  0.390E-02  pot  B   0.1000
        21  -1.758866  1707.178  0.64824  0.835E-04  0.319E-02  pot  B   0.1000
        22  -1.758869  1707.154  0.64840  0.472E-04  0.266E-02  pot  B   0.1000
        23  -1.758873  1707.093  0.64856  0.501E-04  0.309E-02  pot  B   0.1000
        24  -1.758879  1707.085  0.64865  0.308E-04  0.123E-02  pot  B   0.1000
        25  -1.758881  1707.039  0.64875  0.340E-04  0.180E-02  pot  B   0.1000
        26  -1.758882  1706.991  0.64880  0.290E-04  0.822E-03  pot  B   0.1000
        27  -1.758882  1706.966  0.64880  0.143E-04  0.798E-03  pot  B   0.1000
        28  -1.758882  1706.942  0.64883  0.155E-04  0.542E-03  pot  B   0.1000
        29  -1.758882  1706.910  0.64885  0.179E-04  0.373E-03  pot  B   0.1000
        30  -1.758882  1706.881  0.64888  0.168E-04  0.643E-03  pot  B   0.1000
        31  -1.758881  1706.861  0.64888  0.103E-04  0.600E-03  pot  B   0.1000
        32  -1.758881  1706.848  0.64890  0.877E-05  0.314E-03  pot  B   0.1000
        33  -1.758881  1706.839  0.64892  0.611E-05  0.218E-03  pot  B   0.1000
        34  -1.758881  1706.839  0.64892  0.374E-05  0.279E-03  pot  B   0.1000
        35  -1.758882  1706.828  0.64895  0.737E-05  0.153E-03  pot  B   0.1000
        36  -1.758882  1706.825  0.64897  0.299E-05  0.159E-03  pot  B   0.1000
        37  -1.758882  1706.821  0.64898  0.269E-05  0.167E-03  pot  B   0.1000
        38  -1.758882  1706.818  0.64901  0.288E-05  0.880E-04  pot  B   0.1000
        39  -1.758883  1706.815  0.64902  0.210E-05  0.727E-04  pot  B   0.1000
        40  -1.758883  1706.814  0.64903  0.122E-05  0.663E-04  pot  B   0.1000
        41  -1.758883  1706.813  0.64904  0.101E-05  0.568E-04  pot  B   0.1000
        42  -1.758883  1706.812  0.64904  0.906E-06  0.595E-04  pot  B   0.1000
        43  -1.758883  1706.811  0.64904  0.113E-05  0.490E-04  pot  B   0.1000
        44  -1.758883  1706.810  0.64904  0.752E-06  0.323E-04  pot  B   0.1000
        45  -1.758883  1706.810  0.64905  0.458E-06  0.435E-04  pot  B   0.1000
        46  -1.758883  1706.809  0.64905  0.493E-06  0.238E-04  pot  B   0.1000
        47  -1.758883  1706.809  0.64905  0.331E-06  0.183E-04  pot  B   0.1000
        48  -1.758883  1706.809  0.64905  0.412E-06  0.152E-04  pot  B   0.1000
        49  -1.758883  1706.809  0.64905  0.214E-06  0.133E-04  pot  B   0.1000
        50  -1.758883  1706.808  0.64905  0.201E-06  0.801E-05  pot  B   0.1000
        51  -1.758883  1706.808  0.64905  0.222E-06  0.604E-05  pot  B   0.1000
        52  -1.758883  1706.808  0.64905  0.873E-07  0.645E-05  pot  B   0.1000
        53  -1.758883  1706.808  0.64905  0.155E-06  0.512E-05  pot  B   0.1000
        54  -1.758883  1706.808  0.64905  0.665E-07  0.365E-05  pot  B   0.1000
        55  -1.758883  1706.808  0.64905  0.608E-07  0.354E-05  pot  B   0.1000
        56  -1.758883  1706.808  0.64905  0.437E-07  0.316E-05  pot  B   0.1000
        57  -1.758883  1706.808  0.64905  0.575E-07  0.300E-05  pot  B   0.1000
        58  -1.758883  1706.807  0.64905  0.893E-07  0.286E-05  pot  B   0.1000
        59  -1.758883  1706.808  0.64905  0.570E-07  0.345E-05  pot  B   0.1000
        60  -1.758883  1706.807  0.64905  0.683E-07  0.367E-05  pot  B   0.1000
        61  -1.758883  1706.807  0.64905  0.260E-07  0.223E-05  pot  B   0.1000
        62  -1.758883  1706.807  0.64905  0.309E-07  0.210E-05  pot  B   0.1000
        63  -1.758883  1706.807  0.64905  0.320E-07  0.125E-05  pot  B   0.1000
        64  -1.758883  1706.807  0.64905  0.170E-07  0.135E-05  pot  B   0.1000
        65  -1.758883  1706.807  0.64905  0.242E-07  0.728E-06  pot  B   0.1000
        66  -1.758883  1706.807  0.64905  0.132E-07  0.738E-06  pot  B   0.1000
        67  -1.758883  1706.807  0.64905  0.661E-08  0.622E-06  pot  B   0.1000
        68  -1.758883  1706.807  0.64905  0.150E-07  0.364E-06  pot  B   0.1000
        69  -1.758883  1706.807  0.64905  0.702E-08  0.316E-06  pot  B   0.1000
        70  -1.758883  1706.807  0.64905  0.703E-08  0.169E-06  pot  B   0.1000
        71  -1.758883  1706.807  0.64905  0.595E-08  0.392E-06  pot  B   0.1000
        72  -1.758883  1706.807  0.64905  0.441E-08  0.209E-06  pot  B   0.1000
        73  -1.758883  1706.807  0.64905  0.232E-08  0.141E-06  pot  B   0.1000
        74  -1.758883  1706.807  0.64905  0.165E-08  0.137E-06  pot  B   0.1000
        75  -1.758883  1706.807  0.64905  0.203E-08  0.652E-07  pot  B   0.1000
        76  -1.758883  1706.807  0.64905  0.140E-08  0.721E-07  pot  B   0.1000
        77  -1.758883  1706.807  0.64905  0.842E-09  0.641E-07  pot  B   0.1000
        78  -1.758883  1706.807  0.64905  0.790E-09  0.731E-07  pot  B   0.1000
        79  -1.758883  1706.807  0.64905  0.570E-09  0.610E-07  pot  B   0.1000
        80  -1.758883  1706.807  0.64905  0.106E-08  0.433E-07  pot  B   0.1000
        81  -1.758883  1706.807  0.64905  0.497E-09  0.326E-07  pot  B   0.1000
        82  -1.758883  1706.807  0.64905  0.542E-09  0.301E-07  pot  B   0.1000
        83  -1.758883  1706.807  0.64905  0.433E-09  0.209E-07  pot  B   0.1000
        84  -1.758883  1706.807  0.64905  0.244E-09  0.264E-07  pot  B   0.1000
        85  -1.758883  1706.807  0.64905  0.737E-09  0.177E-07  pot  B   0.1000
        86  -1.758883  1706.807  0.64905  0.232E-09  0.251E-07  pot  B   0.1000
        87  -1.758883  1706.807  0.64905  0.318E-09  0.121E-07  pot  B   0.1000
        88  -1.758883  1706.807  0.64905  0.337E-09  0.801E-08  pot  B   0.1000
**      89  -1.758883  1706.807  0.64905  0.136E-11  0.801E-08  pot  B   0.1000
