 Atom   Index      Q          Qmt        dQ        Vmad        Local Energy
  W         1   73.80353   72.50234   -0.19647    1.79855      -32312.54385
  W         2   73.91014   72.60896   -0.08986    1.68867      -32312.47250
  W         3   73.80689   72.50570   -0.19311    1.78344      -32312.52637
  W         4   73.79944   72.49825   -0.20056    1.79147      -32312.52943
  W         5   73.77407   72.47288   -0.22593    1.81894      -32312.54825
  W         6   73.90681   72.60562   -0.09319    1.67456      -32312.44844
  W         7   73.78631   72.48512   -0.21369    1.80427      -32312.53724
  W         8   73.76557   72.46438   -0.23443    1.84004      -32312.57495
  W         9   73.86976   72.56858   -0.13024    1.71576      -32312.47270
  W        10   73.88006   72.57887   -0.11994    1.70821      -32312.47349
  W        11   73.91809   72.61691   -0.08191    1.67079      -32312.44723
  W        12   73.87423   72.57305   -0.12577    1.71458      -32312.47904
  W        13   73.97483   72.67365   -0.02517    1.61340      -32312.42156
  W        14   73.89416   72.59297   -0.10584    1.69193      -32312.46135
  W        15   74.00304   72.70186    0.00304    1.58825      -32312.39569
  W        16   73.74594   72.44475   -0.25406    1.83767      -32312.54551
  W        17   73.89741   72.59623   -0.10259    1.71010      -32312.49211
  W        18   73.91945   72.61827   -0.08055    1.67167      -32312.44545
  W        19   73.87012   72.56894   -0.12988    1.71762      -32312.47362
  W        20   73.74866   72.44748   -0.25134    1.84955      -32312.58392
  W        21   73.95975   72.65857   -0.04025    1.63857      -32312.43863
  W        22   73.77181   72.47063   -0.22819    1.83180      -32312.55829
  W        23   73.86727   72.56608   -0.13273    1.72191      -32312.49225
  W        24   73.94302   72.64183   -0.05698    1.64810      -32312.44586
  W        25   73.88179   72.58060   -0.11821    1.71367      -32312.47676
  W        26   73.87646   72.57528   -0.12354    1.71734      -32312.47836
  W        27   73.80637   72.50519   -0.19363    1.77673      -32312.51503
  W        28   73.71591   72.41472   -0.28409    1.87674      -32312.57232
  W        29   73.79613   72.49495   -0.20387    1.79629      -32312.52609
  W        30   73.91270   72.61151   -0.08730    1.68180      -32312.46288
  W        31   73.82122   72.52003   -0.17878    1.77731      -32312.51681
  W        32   73.88958   72.58839   -0.11042    1.69514      -32312.46359
  Nb       33   40.86923   39.56805   -0.13077    1.75392       -7632.59269
  Nb       34   40.70482   39.40364   -0.29518    1.92402       -7632.72007
  Nb       35   40.98319   39.68200   -0.01681    1.63972       -7632.51874
  Nb       36   40.64556   39.34437   -0.35444    1.98211       -7632.73665
  Nb       37   40.86748   39.56629   -0.13252    1.75773       -7632.61075
  Nb       38   40.88255   39.58137   -0.11745    1.74531       -7632.59802
  Nb       39   40.98827   39.68708   -0.01173    1.63829       -7632.54217
  Nb       40   40.85404   39.55285   -0.14596    1.77344       -7632.60676
  Nb       41   40.89192   39.59073   -0.10808    1.73413       -7632.58649
  Nb       42   40.79419   39.49300   -0.20581    1.83490       -7632.65447
  Nb       43   40.82076   39.51958   -0.17924    1.81493       -7632.64493
  Nb       44   40.83053   39.52935   -0.16947    1.79263       -7632.62945
  Nb       45   40.91814   39.61695   -0.08186    1.70467       -7632.57183
  Nb       46   41.00682   39.70563    0.00682    1.61611       -7632.51773
  Nb       47   40.68781   39.38662   -0.31219    1.94049       -7632.71379
  Nb       48   40.90914   39.60796   -0.09086    1.72398       -7632.58987
  Nb       49   40.85874   39.55755   -0.14126    1.76382       -7632.61060
  Nb       50   40.81708   39.51589   -0.18292    1.80429       -7632.63385
  Nb       51   41.05853   39.75734    0.05853    1.57004       -7632.49517
  Nb       52   40.95721   39.65603   -0.04279    1.66654       -7632.54606
  Nb       53   41.01073   39.70954    0.01073    1.61808       -7632.52070
  Nb       54   41.08049   39.77930    0.08049    1.54552       -7632.47875
  Nb       55   40.82073   39.51955   -0.17927    1.80745       -7632.63414
  Nb       56   40.94929   39.64810   -0.05071    1.67735       -7632.55399
  Nb       57   40.90743   39.60624   -0.09257    1.71327       -7632.58481
  Nb       58   40.90723   39.60605   -0.09277    1.71599       -7632.57906
  Nb       59   40.85184   39.55066   -0.14816    1.77505       -7632.61358
  Nb       60   40.83983   39.53864   -0.16017    1.79115       -7632.62579
  Nb       61   41.00511   39.70392    0.00511    1.61859       -7632.52081
  Nb       62   40.76879   39.46760   -0.23121    1.85783       -7632.65276
  Nb       63   40.98178   39.68059   -0.01822    1.65218       -7632.55467
  Nb       64   40.90036   39.59917   -0.09964    1.72720       -7632.58222
  Mo       65   42.07502   40.77383    0.07502    1.64238       -8090.55238
  Mo       66   42.11711   40.81592    0.11711    1.59585       -8090.52167
  Mo       67   42.04452   40.74333    0.04452    1.66781       -8090.57303
  Mo       68   41.98920   40.68801   -0.01080    1.73423       -8090.60704
  Mo       69   41.92521   40.62402   -0.07479    1.80160       -8090.65045
  Mo       70   42.09670   40.79551    0.09670    1.62614       -8090.54905
  Mo       71   41.86391   40.56272   -0.13609    1.85981       -8090.68645
  Mo       72   42.18620   40.88501    0.18620    1.52971       -8090.49124
  Mo       73   42.09406   40.79287    0.09406    1.62506       -8090.54632
  Mo       74   42.25876   40.95757    0.25876    1.45804       -8090.45922
  Mo       75   41.92608   40.62489   -0.07392    1.79426       -8090.64375
  Mo       76   42.07655   40.77536    0.07655    1.64432       -8090.56268
  Mo       77   42.21712   40.91594    0.21712    1.48758       -8090.45248
  Mo       78   42.06004   40.75885    0.06004    1.66505       -8090.57477
  Mo       79   41.96359   40.66240   -0.03641    1.75830       -8090.62755
  Mo       80   42.12721   40.82603    0.12721    1.59049       -8090.52730
  Mo       81   42.10570   40.80451    0.10570    1.61518       -8090.53700
  Mo       82   42.10218   40.80099    0.10218    1.61825       -8090.54831
  Mo       83   42.15864   40.85745    0.15864    1.55398       -8090.50016
  Mo       84   41.92437   40.62318   -0.07563    1.79674       -8090.65192
  Mo       85   42.01873   40.71755    0.01873    1.69595       -8090.59076
  Mo       86   42.02838   40.72719    0.02838    1.69602       -8090.59449
  Mo       87   42.07213   40.77095    0.07213    1.63909       -8090.55598
  Mo       88   42.17261   40.87142    0.17261    1.54558       -8090.50082
  Mo       89   42.12265   40.82147    0.12265    1.59530       -8090.53028
  Mo       90   42.12660   40.82541    0.12660    1.59736       -8090.53669
  Mo       91   42.07276   40.77157    0.07276    1.64562       -8090.56081
  Mo       92   42.05071   40.74952    0.05071    1.66509       -8090.57715
  Mo       93   42.22030   40.91911    0.22030    1.49782       -8090.48200
  Mo       94   42.00226   40.70107    0.00226    1.71329       -8090.59337
  Mo       95   42.05543   40.75424    0.05543    1.66478       -8090.57846
  Mo       96   42.05173   40.75055    0.05173    1.66716       -8090.56740
  Ta       97   72.77960   71.47841   -0.22040    1.75617      -31232.90788
  Ta       98   72.73137   71.43018   -0.26863    1.80334      -31232.95369
  Ta       99   72.76442   71.46324   -0.23558    1.77160      -31232.92114
  Ta      100   72.64215   71.34096   -0.35785    1.88719      -31232.99664
  Ta      101   72.61254   71.31136   -0.38746    1.91220      -31233.00802
  Ta      102   72.74265   71.44147   -0.25735    1.80148      -31232.95320
  Ta      103   72.63170   71.33052   -0.36830    1.90695      -31233.01068
  Ta      104   72.65178   71.35059   -0.34822    1.87759      -31232.98141
  Ta      105   72.77502   71.47383   -0.22498    1.75918      -31232.91420
  Ta      106   72.80481   71.50362   -0.19519    1.73284      -31232.89843
  Ta      107   72.62269   71.32150   -0.37731    1.91144      -31233.01900
  Ta      108   72.83054   71.52936   -0.16946    1.69780      -31232.87567
  Ta      109   72.56318   71.26199   -0.43682    1.97149      -31233.05096
  Ta      110   72.79430   71.49311   -0.20570    1.74345      -31232.90614
  Ta      111   72.74947   71.44829   -0.25053    1.79077      -31232.94296
  Ta      112   72.82828   71.52710   -0.17172    1.69705      -31232.86507
  Ta      113   72.91017   71.60899   -0.08983    1.62873      -31232.83329
  Ta      114   72.71019   71.40900   -0.28981    1.82556      -31232.95586
  Ta      115   72.73892   71.43774   -0.26108    1.79337      -31232.93330
  Ta      116   72.73645   71.43526   -0.26355    1.80211      -31232.95485
  Ta      117   72.71249   71.41130   -0.28751    1.81855      -31232.94854
  Ta      118   72.58768   71.28650   -0.41232    1.94330      -31233.04716
  Ta      119   72.87016   71.56898   -0.12984    1.65624      -31232.84297
  Ta      120   72.69291   71.39173   -0.30709    1.83465      -31232.96542
  Ta      121   72.89259   71.59141   -0.10741    1.64651      -31232.83759
  Ta      122   72.56672   71.26554   -0.43328    1.97114      -31233.05879
  Ta      123   72.82735   71.52617   -0.17265    1.70781      -31232.87640
  Ta      124   72.77394   71.47276   -0.22606    1.76022      -31232.92083
  Ta      125   72.74327   71.44208   -0.25673    1.78757      -31232.94300
  Ta      126   72.70350   71.40231   -0.29650    1.83212      -31232.96516
  Ta      127   72.78743   71.48624   -0.21257    1.74645      -31232.92274
  Ta      128   72.92024   71.61905   -0.07976    1.61114      -31232.82113
  V       129   23.52965   22.22846    0.52965    1.42340       -1895.17052
  V       130   23.35867   22.05748    0.35867    1.59696       -1895.25595
  V       131   23.45058   22.14939    0.45058    1.49372       -1895.20684
  V       132   23.35161   22.05042    0.35161    1.60953       -1895.27550
  V       133   23.44209   22.14090    0.44209    1.50254       -1895.22087
  V       134   23.49691   22.19572    0.49691    1.44507       -1895.17233
  V       135   23.33751   22.03632    0.33751    1.61218       -1895.26508
  V       136   23.30699   22.00580    0.30699    1.64761       -1895.28259
  V       137   23.47550   22.17431    0.47550    1.47301       -1895.17969
  V       138   23.45437   22.15319    0.45437    1.49608       -1895.19651
  V       139   23.46634   22.16516    0.46634    1.48183       -1895.20932
  V       140   23.44023   22.13904    0.44023    1.50060       -1895.18791
  V       141   23.37195   22.07077    0.37195    1.57612       -1895.23720
  V       142   23.49468   22.19350    0.49468    1.45405       -1895.16842
  V       143   23.30871   22.00753    0.30871    1.64536       -1895.26831
  V       144   23.53565   22.23447    0.53565    1.40984       -1895.17744
  V       145   23.47310   22.17191    0.47310    1.47199       -1895.19485
  V       146   23.45341   22.15223    0.45341    1.49541       -1895.19229
  V       147   23.41052   22.10934    0.41052    1.53222       -1895.22542
  V       148   23.39848   22.09730    0.39848    1.55523       -1895.23206
  V       149   23.45481   22.15362    0.45481    1.48953       -1895.18166
  V       150   23.33337   22.03218    0.33337    1.61826       -1895.26351
  V       151   23.55897   22.25778    0.55897    1.37930       -1895.14005
  V       152   23.43073   22.12955    0.43073    1.52172       -1895.24725
  V       153   23.42116   22.11997    0.42116    1.52823       -1895.22634
  V       154   23.53536   22.23418    0.53536    1.40841       -1895.15967
  V       155   23.49161   22.19043    0.49161    1.45328       -1895.16480
  V       156   23.51780   22.21661    0.51780    1.42824       -1895.16588
  V       157   23.43904   22.13786    0.43904    1.50347       -1895.21254
  V       158   23.60198   22.30079    0.60198    1.33941       -1895.12630
  V       159   23.40612   22.10494    0.40612    1.54536       -1895.23442
  V       160   23.48703   22.18584    0.48703    1.45945       -1895.17567
