System Description            : WNbMoTaV, BCC structure                         
Number of Atoms in Unit Cell  : 40                                              
Number of Atomic Species      : 5                                               
Number of Atoms in Each Type  : 8(W), 8(Nb), 8(Mo), 8(Ta), 8(V)                 
Energy Offset                 : -16231                                          
=======================================================================================
    Iter     Energy      3PV     Efermi   Rms_rho    Rms_pot   Mix  Alg  Alpha 
---------------------------------------------------------------------------------------
**       1  -0.846833  1839.112  0.58643  0.140E+01  0.149E+00  pot  B   0.1000
         2  -0.791926  1816.920  0.60746  0.779E-02  0.749E+00  pot  B   0.1000
         3  -1.262642  1813.191  0.59654  0.353E-02  0.129E+00  pot  B   0.1000
         4  -1.407913  1795.335  0.61112  0.582E-02  0.183E+00  pot  B   0.1000
         5  -1.473732  1766.819  0.61940  0.953E-02  0.452E+00  pot  B   0.1000
         6  -1.577720  1750.740  0.62461  0.544E-02  0.354E+00  pot  B   0.1000
         7  -1.707553  1734.861  0.63089  0.561E-02  0.777E-01  pot  B   0.1000
         8  -1.724746  1728.350  0.63559  0.290E-02  0.656E-01  pot  B   0.1000
         9  -1.744505  1719.596  0.63855  0.428E-02  0.527E-01  pot  B   0.1000
        10  -1.755082  1710.566  0.63945  0.467E-02  0.506E-01  pot  B   0.1000
        11  -1.757613  1708.347  0.64103  0.130E-02  0.165E-01  pot  B   0.1000
        12  -1.758076  1707.512  0.64202  0.553E-03  0.576E-02  pot  B   0.1000
        13  -1.758233  1707.224  0.64277  0.273E-03  0.498E-02  pot  B   0.1000
        14  -1.758396  1707.038  0.64405  0.292E-03  0.467E-02  pot  B   0.1000
        15  -1.758582  1706.838  0.64624  0.434E-03  0.358E-02  pot  B   0.1000
        16  -1.758576  1706.914  0.64693  0.112E-03  0.348E-02  pot  B   0.1000
        17  -1.758589  1706.827  0.64728  0.779E-04  0.155E-02  pot  B   0.1000
        18  -1.758593  1706.801  0.64741  0.373E-04  0.107E-02  pot  B   0.1000
        19  -1.758594  1706.773  0.64748  0.301E-04  0.657E-03  pot  B   0.1000
        20  -1.758594  1706.764  0.64753  0.256E-04  0.580E-03  pot  B   0.1000
        21  -1.758595  1706.726  0.64761  0.381E-04  0.366E-03  pot  B   0.1000
        22  -1.758595  1706.750  0.64763  0.178E-04  0.164E-03  pot  B   0.1000
        23  -1.758595  1706.751  0.64765  0.920E-05  0.230E-03  pot  B   0.1000
        24  -1.758596  1706.785  0.64768  0.176E-04  0.108E-03  pot  B   0.1000
        25  -1.758596  1706.793  0.64769  0.479E-05  0.922E-04  pot  B   0.1000
        26  -1.758596  1706.798  0.64770  0.337E-05  0.508E-04  pot  B   0.1000
        27  -1.758596  1706.799  0.64771  0.161E-05  0.388E-04  pot  B   0.1000
        28  -1.758596  1706.798  0.64771  0.680E-06  0.163E-04  pot  B   0.1000
        29  -1.758596  1706.798  0.64772  0.690E-06  0.182E-04  pot  B   0.1000
        30  -1.758596  1706.797  0.64772  0.842E-06  0.161E-04  pot  B   0.1000
        31  -1.758596  1706.797  0.64772  0.489E-06  0.121E-04  pot  B   0.1000
        32  -1.758596  1706.796  0.64773  0.303E-06  0.861E-05  pot  B   0.1000
        33  -1.758596  1706.796  0.64773  0.198E-06  0.627E-05  pot  B   0.1000
        34  -1.758596  1706.796  0.64773  0.209E-06  0.398E-05  pot  B   0.1000
        35  -1.758596  1706.796  0.64773  0.188E-06  0.262E-05  pot  B   0.1000
        36  -1.758596  1706.797  0.64773  0.182E-06  0.257E-05  pot  B   0.1000
        37  -1.758596  1706.797  0.64772  0.130E-06  0.217E-05  pot  B   0.1000
        38  -1.758596  1706.797  0.64772  0.207E-06  0.144E-05  pot  B   0.1000
        39  -1.758596  1706.797  0.64772  0.112E-06  0.117E-05  pot  B   0.1000
        40  -1.758596  1706.797  0.64772  0.109E-06  0.485E-06  pot  B   0.1000
        41  -1.758596  1706.797  0.64772  0.529E-07  0.397E-06  pot  B   0.1000
        42  -1.758596  1706.797  0.64772  0.966E-08  0.347E-06  pot  B   0.1000
        43  -1.758596  1706.797  0.64772  0.761E-08  0.194E-06  pot  B   0.1000
        44  -1.758596  1706.797  0.64772  0.140E-07  0.217E-06  pot  B   0.1000
        45  -1.758596  1706.797  0.64772  0.460E-08  0.186E-06  pot  B   0.1000
        46  -1.758596  1706.797  0.64772  0.108E-07  0.980E-07  pot  B   0.1000
        47  -1.758596  1706.797  0.64772  0.402E-08  0.106E-06  pot  B   0.1000
        48  -1.758596  1706.797  0.64772  0.308E-08  0.681E-07  pot  B   0.1000
        49  -1.758596  1706.797  0.64772  0.221E-08  0.470E-07  pot  B   0.1000
        50  -1.758596  1706.797  0.64772  0.114E-08  0.355E-07  pot  B   0.1000
        51  -1.758596  1706.797  0.64772  0.641E-09  0.253E-07  pot  B   0.1000
        52  -1.758596  1706.797  0.64772  0.539E-09  0.232E-07  pot  B   0.1000
        53  -1.758596  1706.797  0.64772  0.346E-09  0.130E-07  pot  B   0.1000
        54  -1.758596  1706.797  0.64772  0.558E-09  0.918E-08  pot  B   0.1000
**      55  -1.758596  1706.797  0.64772  0.483E-12  0.918E-08  pot  B   0.1000
