 Atom   Index      Q          Qmt        dQ        Vmad        Local Energy
  W         1   73.77829   72.47762   -0.22171    1.81594      -32312.54816
  W         2   73.88331   72.58263   -0.11669    1.71862      -32312.49205
  W         3   73.84726   72.54658   -0.15274    1.73848      -32312.48089
  W         4   73.73616   72.43549   -0.26384    1.85355      -32312.56528
  W         5   73.73572   72.43505   -0.26428    1.85587      -32312.57535
  W         6   73.72694   72.42626   -0.27306    1.86303      -32312.56385
  W         7   73.85140   72.55072   -0.14860    1.73838      -32312.48995
  W         8   73.79558   72.49490   -0.20442    1.79358      -32312.51863
  Nb        9   40.86203   39.56135   -0.13797    1.76050       -7632.60504
  Nb       10   41.05201   39.75133    0.05201    1.57770       -7632.49641
  Nb       11   40.86166   39.56099   -0.13834    1.76109       -7632.61206
  Nb       12   40.79542   39.49474   -0.20458    1.82233       -7632.63810
  Nb       13   40.84209   39.54141   -0.15791    1.77600       -7632.61089
  Nb       14   40.99605   39.69537   -0.00395    1.63460       -7632.53631
  Nb       15   40.89304   39.59237   -0.10696    1.73484       -7632.59289
  Nb       16   40.92686   39.62618   -0.07314    1.70494       -7632.58254
  Mo       17   42.03446   40.73379    0.03446    1.68781       -8090.59094
  Mo       18   41.96771   40.66703   -0.03229    1.74506       -8090.60801
  Mo       19   42.06945   40.76877    0.06945    1.64686       -8090.55694
  Mo       20   42.08443   40.78375    0.08443    1.63258       -8090.55227
  Mo       21   41.93933   40.63865   -0.06067    1.77821       -8090.63452
  Mo       22   42.27595   40.97527    0.27595    1.44485       -8090.44733
  Mo       23   42.06070   40.76002    0.06070    1.65884       -8090.57283
  Mo       24   42.06903   40.76835    0.06903    1.64846       -8090.56220
  Ta       25   72.78371   71.48303   -0.21629    1.75015      -31232.90951
  Ta       26   72.80494   71.50426   -0.19506    1.73564      -31232.90494
  Ta       27   72.79740   71.49672   -0.20260    1.74188      -31232.90623
  Ta       28   72.77305   71.47237   -0.22695    1.75710      -31232.91411
  Ta       29   72.78420   71.48352   -0.21580    1.75437      -31232.90727
  Ta       30   72.72925   71.42857   -0.27075    1.80999      -31232.96129
  Ta       31   72.71795   71.41727   -0.28205    1.81335      -31232.94974
  Ta       32   72.90345   71.60277   -0.09655    1.63577      -31232.82630
  V        33   23.47521   22.17453    0.47521    1.46997       -1895.19487
  V        34   23.37158   22.07090    0.37158    1.57161       -1895.25293
  V        35   23.55335   22.25267    0.55335    1.38642       -1895.12713
  V        36   23.40512   22.10444    0.40512    1.54361       -1895.23999
  V        37   23.40163   22.10095    0.40163    1.54910       -1895.24091
  V        38   23.65512   22.35444    0.65512    1.28386       -1895.06786
  V        39   23.39788   22.09720    0.39788    1.54600       -1895.23793
  V        40   23.36129   22.06061    0.36129    1.58700       -1895.26939
