 Atom   Index      Q          Qmt        dQ        Vmad        Local Energy
  W         1   74.01883   72.63141    0.01883    1.75658      -32312.59593
  W         2   73.86004   72.47262   -0.13996    1.89550      -32312.66844
  W         3   74.02892   72.64150    0.02892    1.74471      -32312.58409
  W         4   73.88315   72.49573   -0.11685    1.87621      -32312.65592
  W         5   73.86669   72.47927   -0.13331    1.89932      -32312.67352
  W         6   73.96711   72.57968   -0.03289    1.80396      -32312.61737
  W         7   73.90455   72.51713   -0.09545    1.86423      -32312.65246
  W         8   73.89047   72.50305   -0.10953    1.87311      -32312.65552
  W         9   74.00188   72.61446    0.00188    1.77407      -32312.60640
  W        10   73.97539   72.58796   -0.02461    1.79727      -32312.62015
  W        11   73.96515   72.57772   -0.03485    1.79690      -32312.61405
  W        12   73.89836   72.51094   -0.10164    1.87185      -32312.65984
  W        13   73.93077   72.54334   -0.06923    1.83730      -32312.64389
  W        14   73.98520   72.59778   -0.01480    1.78256      -32312.60928
  W        15   73.94878   72.56135   -0.05122    1.82096      -32312.63236
  W        16   73.98482   72.59740   -0.01518    1.78156      -32312.60670
  W        17   73.99330   72.60588   -0.00670    1.77416      -32312.60033
  W        18   73.94810   72.56067   -0.05190    1.81970      -32312.63078
  W        19   73.93888   72.55146   -0.06112    1.82243      -32312.62829
  W        20   73.97034   72.58292   -0.02966    1.79484      -32312.61177
  W        21   73.98643   72.59900   -0.01357    1.78649      -32312.61412
  W        22   73.98387   72.59645   -0.01613    1.78484      -32312.60389
  W        23   73.96477   72.57735   -0.03523    1.80122      -32312.61713
  W        24   74.01076   72.62333    0.01076    1.76524      -32312.59944
  W        25   74.00098   72.61356    0.00098    1.77267      -32312.60099
  W        26   73.94499   72.55757   -0.05501    1.82350      -32312.63389
  W        27   73.95118   72.56376   -0.04882    1.80775      -32312.61968
  W        28   73.99694   72.60951   -0.00306    1.76928      -32312.59835
  W        29   73.96455   72.57712   -0.03545    1.81420      -32312.63270
  W        30   73.91260   72.52518   -0.08740    1.84912      -32312.63975
  W        31   73.96339   72.57596   -0.03661    1.80794      -32312.62348
  W        32   73.90272   72.51529   -0.09728    1.86011      -32312.64791
  Nb       33   41.06059   39.67317    0.06059    1.74573       -7632.69212
  Nb       34   41.00384   39.61641    0.00384    1.79891       -7632.72665
  Nb       35   40.99184   39.60442   -0.00816    1.81185       -7632.73415
  Nb       36   40.98123   39.59381   -0.01877    1.81803       -7632.73366
  Nb       37   41.03684   39.64942    0.03684    1.76826       -7632.70196
  Nb       38   40.96667   39.57925   -0.03333    1.83537       -7632.74163
  Nb       39   41.10138   39.71395    0.10138    1.70780       -7632.66996
  Nb       40   40.96144   39.57402   -0.03856    1.84127       -7632.74957
  Nb       41   40.96835   39.58093   -0.03165    1.83453       -7632.74538
  Nb       42   41.00772   39.62030    0.00772    1.80073       -7632.72841
  Nb       43   40.95079   39.56337   -0.04921    1.84720       -7632.74895
  Nb       44   40.95125   39.56383   -0.04875    1.85355       -7632.75205
  Nb       45   41.04194   39.65452    0.04194    1.76731       -7632.70683
  Nb       46   40.98546   39.59803   -0.01454    1.81666       -7632.73343
  Nb       47   41.04303   39.65561    0.04303    1.76255       -7632.70151
  Nb       48   40.98859   39.60117   -0.01141    1.81200       -7632.73643
  Nb       49   40.98232   39.59490   -0.01768    1.82261       -7632.73848
  Nb       50   40.99702   39.60960   -0.00298    1.80411       -7632.72678
  Nb       51   41.01107   39.62365    0.01107    1.79884       -7632.72543
  Nb       52   40.99636   39.60894   -0.00364    1.80729       -7632.72490
  Nb       53   41.02980   39.64238    0.02980    1.77687       -7632.71229
  Nb       54   41.10179   39.71437    0.10179    1.71115       -7632.67346
  Nb       55   40.99317   39.60575   -0.00683    1.80879       -7632.72635
  Nb       56   41.02052   39.63309    0.02052    1.78438       -7632.71397
  Nb       57   40.90808   39.52066   -0.09192    1.89206       -7632.77582
  Nb       58   41.05918   39.67175    0.05918    1.75005       -7632.68909
  Nb       59   40.97436   39.58694   -0.02564    1.83073       -7632.74420
  Nb       60   41.05941   39.67199    0.05941    1.74287       -7632.68609
  Nb       61   40.99359   39.60616   -0.00641    1.80875       -7632.72938
  Nb       62   41.02142   39.63400    0.02142    1.78221       -7632.71302
  Nb       63   41.02698   39.63956    0.02698    1.77934       -7632.71491
  Nb       64   40.99387   39.60645   -0.00613    1.81126       -7632.72731
  Mo       65   42.18249   40.79507    0.18249    1.71776       -8090.69753
  Mo       66   42.22386   40.83643    0.22386    1.67212       -8090.66914
  Mo       67   42.19080   40.80338    0.19080    1.69643       -8090.68151
  Mo       68   42.12371   40.73629    0.12371    1.76809       -8090.71684
  Mo       69   42.25607   40.86864    0.25607    1.64897       -8090.65864
  Mo       70   42.14555   40.75813    0.14555    1.74964       -8090.71269
  Mo       71   42.13892   40.75150    0.13892    1.75500       -8090.71890
  Mo       72   42.20889   40.82147    0.20889    1.68417       -8090.67791
  Mo       73   42.19104   40.80362    0.19104    1.70473       -8090.68631
  Mo       74   42.16518   40.77776    0.16518    1.71812       -8090.69113
  Mo       75   42.20930   40.82188    0.20930    1.69022       -8090.67690
  Mo       76   42.13852   40.75110    0.13852    1.75648       -8090.71917
  Mo       77   42.17930   40.79188    0.17930    1.72002       -8090.69754
  Mo       78   42.19201   40.80459    0.19201    1.70500       -8090.68713
  Mo       79   42.16536   40.77794    0.16536    1.73012       -8090.69786
  Mo       80   42.20967   40.82224    0.20967    1.68576       -8090.67369
  Mo       81   42.20246   40.81503    0.20246    1.69405       -8090.67465
  Mo       82   42.18919   40.80176    0.18919    1.70979       -8090.69078
  Mo       83   42.17948   40.79206    0.17948    1.70729       -8090.68785
  Mo       84   42.15435   40.76693    0.15435    1.74132       -8090.70351
  Mo       85   42.16226   40.77484    0.16226    1.73243       -8090.70144
  Mo       86   42.16979   40.78237    0.16979    1.71877       -8090.69224
  Mo       87   42.20283   40.81541    0.20283    1.69439       -8090.67817
  Mo       88   42.15790   40.77048    0.15790    1.74044       -8090.71037
  Mo       89   42.16970   40.78227    0.16970    1.72447       -8090.69224
  Mo       90   42.18011   40.79269    0.18011    1.71684       -8090.69710
  Mo       91   42.10173   40.71431    0.10173    1.79245       -8090.73796
  Mo       92   42.22128   40.83386    0.22128    1.67442       -8090.66769
  Mo       93   42.13389   40.74646    0.13389    1.75029       -8090.70501
  Mo       94   42.16151   40.77408    0.16151    1.73097       -8090.69724
  Mo       95   42.11969   40.73226    0.11969    1.77075       -8090.72284
  Mo       96   42.16771   40.78029    0.16771    1.72911       -8090.69949
  Ta       97   72.97149   71.58406   -0.02851    1.74894      -31233.00165
  Ta       98   72.91613   71.52871   -0.08387    1.80828      -31233.03831
  Ta       99   72.87864   71.49122   -0.12136    1.84073      -31233.05881
  Ta      100   72.87902   71.49160   -0.12098    1.83840      -31233.06083
  Ta      101   72.92643   71.53900   -0.07357    1.78929      -31233.02485
  Ta      102   72.81397   71.42654   -0.18603    1.89754      -31233.09824
  Ta      103   72.93293   71.54551   -0.06707    1.79092      -31233.02900
  Ta      104   72.87709   71.48966   -0.12291    1.84100      -31233.05792
  Ta      105   72.87119   71.48376   -0.12881    1.84487      -31233.06095
  Ta      106   72.82291   71.43549   -0.17709    1.89329      -31233.09650
  Ta      107   72.87806   71.49064   -0.12194    1.83637      -31233.05524
  Ta      108   72.82419   71.43676   -0.17581    1.89203      -31233.09331
  Ta      109   72.91728   71.52986   -0.08272    1.80643      -31233.03574
  Ta      110   72.84113   71.45371   -0.15887    1.87379      -31233.08217
  Ta      111   72.80524   71.41782   -0.19476    1.90329      -31233.10622
  Ta      112   72.77469   71.38726   -0.22531    1.93287      -31233.12069
  Ta      113   72.89427   71.50685   -0.10573    1.81722      -31233.04906
  Ta      114   72.85491   71.46748   -0.14509    1.85759      -31233.06879
  Ta      115   72.75097   71.36354   -0.24903    1.95249      -31233.13598
  Ta      116   72.91806   71.53064   -0.08194    1.79913      -31233.03020
  Ta      117   72.85020   71.46277   -0.14980    1.86601      -31233.07645
  Ta      118   72.91968   71.53226   -0.08032    1.79974      -31233.03461
  Ta      119   72.91714   71.52972   -0.08286    1.79989      -31233.03486
  Ta      120   72.82407   71.43664   -0.17593    1.88134      -31233.08225
  Ta      121   72.92224   71.53482   -0.07776    1.79663      -31233.03366
  Ta      122   72.89047   71.50304   -0.10953    1.81961      -31233.04869
  Ta      123   72.76524   71.37782   -0.23476    1.94295      -31233.12087
  Ta      124   72.82731   71.43988   -0.17269    1.88471      -31233.08415
  Ta      125   72.80505   71.41762   -0.19495    1.90211      -31233.09853
  Ta      126   72.81379   71.42636   -0.18621    1.89703      -31233.09363
  Ta      127   72.90999   71.52256   -0.09001    1.81348      -31233.04874
  Ta      128   72.85787   71.47045   -0.14213    1.85715      -31233.06817
