System Description            : WNbMoTaV, BCC structure                         
Number of Atoms in Unit Cell  : 20                                              
Number of Atomic Species      : 5                                               
Number of Atoms in Each Type  : 4(W), 4(Nb), 4(Mo), 4(Ta), 4(V)                 
Energy Offset                 : -16231                                          
=======================================================================================
    Iter     Energy      3PV     Efermi   Rms_rho    Rms_pot   Mix  Alg  Alpha 
---------------------------------------------------------------------------------------
**       1  -0.857315  1839.021  0.58846  0.140E+01  0.190E+00  pot  B   0.1000
         2  -0.908264  1816.841  0.60709  0.785E-02  0.595E+00  pot  B   0.1000
         3  -1.247033  1812.909  0.59660  0.323E-02  0.254E+00  pot  B   0.1000
         4  -1.410845  1796.425  0.61143  0.530E-02  0.136E+00  pot  B   0.1000
         5  -1.560725  1762.824  0.62032  0.113E-01  0.325E+00  pot  B   0.1000
         6  -1.617058  1749.538  0.62549  0.442E-02  0.282E+00  pot  B   0.1000
         7  -1.706979  1734.949  0.63411  0.521E-02  0.105E+00  pot  B   0.1000
         8  -1.725635  1729.265  0.63689  0.230E-02  0.290E-01  pot  B   0.1000
         9  -1.739921  1721.928  0.63881  0.355E-02  0.551E-01  pot  B   0.1000
        10  -1.755642  1713.088  0.64111  0.462E-02  0.201E-01  pot  B   0.1000
        11  -1.758921  1708.205  0.64230  0.263E-02  0.166E-01  pot  B   0.1000
        12  -1.759401  1707.407  0.64376  0.587E-03  0.686E-02  pot  B   0.1000
        13  -1.759641  1707.122  0.64518  0.374E-03  0.259E-02  pot  B   0.1000
        14  -1.759893  1706.839  0.64794  0.539E-03  0.160E-02  pot  B   0.1000
        15  -1.759856  1706.786  0.64882  0.148E-03  0.155E-02  pot  B   0.1000
        16  -1.759852  1706.765  0.64893  0.407E-04  0.669E-03  pot  B   0.1000
        17  -1.759855  1706.810  0.64904  0.449E-04  0.798E-03  pot  B   0.1000
        18  -1.759857  1706.843  0.64913  0.396E-04  0.437E-03  pot  B   0.1000
        19  -1.759856  1706.837  0.64917  0.232E-04  0.222E-03  pot  B   0.1000
        20  -1.759857  1706.814  0.64922  0.109E-04  0.915E-04  pot  B   0.1000
        21  -1.759857  1706.802  0.64924  0.560E-05  0.228E-03  pot  B   0.1000
        22  -1.759857  1706.787  0.64926  0.653E-05  0.533E-04  pot  B   0.1000
        23  -1.759857  1706.789  0.64927  0.189E-05  0.716E-04  pot  B   0.1000
        24  -1.759857  1706.793  0.64928  0.223E-05  0.206E-04  pot  B   0.1000
        25  -1.759857  1706.800  0.64929  0.260E-05  0.243E-04  pot  B   0.1000
        26  -1.759857  1706.801  0.64929  0.628E-06  0.869E-05  pot  B   0.1000
        27  -1.759857  1706.801  0.64929  0.126E-06  0.716E-05  pot  B   0.1000
        28  -1.759857  1706.801  0.64929  0.171E-06  0.688E-05  pot  B   0.1000
        29  -1.759857  1706.801  0.64929  0.271E-06  0.332E-05  pot  B   0.1000
        30  -1.759857  1706.801  0.64929  0.585E-07  0.212E-05  pot  B   0.1000
        31  -1.759857  1706.801  0.64929  0.580E-07  0.198E-05  pot  B   0.1000
        32  -1.759857  1706.801  0.64929  0.908E-07  0.394E-06  pot  B   0.1000
        33  -1.759857  1706.801  0.64930  0.217E-07  0.615E-06  pot  B   0.1000
        34  -1.759857  1706.801  0.64930  0.120E-07  0.249E-06  pot  B   0.1000
        35  -1.759857  1706.801  0.64930  0.455E-08  0.295E-06  pot  B   0.1000
        36  -1.759857  1706.801  0.64930  0.107E-07  0.166E-06  pot  B   0.1000
        37  -1.759857  1706.801  0.64930  0.173E-07  0.834E-07  pot  B   0.1000
        38  -1.759857  1706.801  0.64930  0.132E-07  0.837E-07  pot  B   0.1000
        39  -1.759857  1706.801  0.64930  0.254E-08  0.614E-07  pot  B   0.1000
        40  -1.759857  1706.801  0.64930  0.233E-08  0.334E-07  pot  B   0.1000
        41  -1.759857  1706.801  0.64930  0.133E-08  0.229E-07  pot  B   0.1000
        42  -1.759857  1706.801  0.64930  0.119E-08  0.100E-07  pot  B   0.1000
        43  -1.759857  1706.801  0.64930  0.707E-09  0.117E-07  pot  B   0.1000
        44  -1.759857  1706.801  0.64930  0.522E-09  0.483E-08  pot  B   0.1000
**      45  -1.759857  1706.801  0.64930  0.426E-12  0.483E-08  pot  B   0.1000
