 Atom   Index      Q          Qmt        dQ        Vmad        Local Energy
  W         1   73.98108   72.67631   -0.01892    1.64351      -32312.46667
  W         2   73.96704   72.66228   -0.03296    1.65965      -32312.47404
  W         3   73.95565   72.65088   -0.04435    1.65464      -32312.44850
  W         4   73.79199   72.48723   -0.20801    1.82585      -32312.56882
  W         5   73.90423   72.59947   -0.09577    1.71056      -32312.49273
  W         6   73.96267   72.65791   -0.03733    1.64077      -32312.43878
  W         7   73.77477   72.47000   -0.22523    1.84804      -32312.59088
  W         8   73.94896   72.64420   -0.05104    1.66587      -32312.45875
  W         9   73.88234   72.57758   -0.11766    1.73226      -32312.51080
  W        10   73.91816   72.61339   -0.08184    1.71438      -32312.51728
  W        11   73.86549   72.56073   -0.13451    1.75145      -32312.52037
  W        12   73.86989   72.56512   -0.13011    1.75086      -32312.52826
  W        13   73.83362   72.52885   -0.16638    1.78709      -32312.54965
  W        14   73.89162   72.58686   -0.10838    1.71635      -32312.48647
  W        15   74.00431   72.69954    0.00431    1.61314      -32312.43760
  W        16   73.88905   72.58429   -0.11095    1.73897      -32312.52475
  W        17   73.93411   72.62934   -0.06589    1.69604      -32312.50160
  W        18   73.83677   72.53200   -0.16323    1.78229      -32312.54610
  W        19   73.94979   72.64502   -0.05021    1.66678      -32312.47132
  W        20   73.88075   72.57598   -0.11925    1.73348      -32312.50586
  W        21   73.90121   72.59644   -0.09879    1.71923      -32312.50294
  W        22   73.90653   72.60176   -0.09347    1.71783      -32312.51255
  W        23   73.86475   72.55998   -0.13525    1.75210      -32312.52796
  W        24   73.80511   72.50035   -0.19489    1.82467      -32312.58258
  W        25   73.82725   72.52248   -0.17275    1.78464      -32312.53998
  W        26   73.87780   72.57303   -0.12220    1.74060      -32312.51238
  W        27   73.83770   72.53293   -0.16230    1.77787      -32312.53227
  W        28   73.81923   72.51446   -0.18077    1.81542      -32312.57733
  W        29   73.99519   72.69042   -0.00481    1.61654      -32312.43545
  W        30   73.75465   72.44989   -0.24535    1.86676      -32312.60404
  W        31   73.83149   72.52672   -0.16851    1.78646      -32312.54578
  W        32   73.93007   72.62530   -0.06993    1.68585      -32312.48261
  W        33   73.83999   72.53522   -0.16001    1.78600      -32312.55255
  W        34   73.84759   72.54282   -0.15241    1.77107      -32312.53868
  W        35   73.89643   72.59167   -0.10357    1.71556      -32312.49117
  W        36   73.97908   72.67431   -0.02092    1.63675      -32312.44484
  W        37   73.85027   72.54550   -0.14973    1.76595      -32312.52981
  W        38   73.99233   72.68757   -0.00767    1.62425      -32312.43874
  W        39   73.65943   72.35466   -0.34057    1.96960      -32312.66922
  W        40   73.93660   72.63183   -0.06340    1.67999      -32312.47997
  W        41   73.83463   72.52986   -0.16537    1.79258      -32312.55529
  W        42   73.70650   72.40173   -0.29350    1.91952      -32312.63542
  W        43   73.95312   72.64835   -0.04688    1.67237      -32312.49239
  W        44   73.88323   72.57847   -0.11677    1.74067      -32312.52834
  W        45   73.90109   72.59633   -0.09891    1.70525      -32312.48337
  W        46   73.88618   72.58141   -0.11382    1.73646      -32312.52542
  W        47   73.91265   72.60788   -0.08735    1.72120      -32312.51774
  W        48   73.87407   72.56931   -0.12593    1.74484      -32312.52811
  W        49   73.96281   72.65804   -0.03719    1.65307      -32312.45760
  W        50   73.84434   72.53957   -0.15566    1.77734      -32312.53809
  W        51   73.82825   72.52348   -0.17175    1.78666      -32312.54326
  W        52   73.91220   72.60743   -0.08780    1.69270      -32312.47260
  W        53   73.96393   72.65916   -0.03607    1.66378      -32312.47754
  W        54   73.76964   72.46487   -0.23036    1.85280      -32312.59589
  W        55   73.90024   72.59547   -0.09976    1.71685      -32312.50064
  W        56   73.99211   72.68734   -0.00789    1.62096      -32312.43093
  W        57   73.88661   72.58185   -0.11339    1.73174      -32312.50430
  W        58   73.88827   72.58350   -0.11173    1.72713      -32312.50544
  W        59   73.88417   72.57941   -0.11583    1.73857      -32312.52639
  W        60   73.97844   72.67367   -0.02156    1.64398      -32312.45720
  W        61   73.89911   72.59434   -0.10089    1.71220      -32312.49132
  W        62   73.84482   72.54005   -0.15518    1.76796      -32312.53946
  W        63   73.82976   72.52499   -0.17024    1.79513      -32312.56190
  W        64   73.90836   72.60359   -0.09164    1.71393      -32312.50092
  Nb       65   41.01725   39.71249    0.01725    1.63233       -7632.54662
  Nb       66   41.03867   39.73390    0.03867    1.61262       -7632.53849
  Nb       67   40.98365   39.67889   -0.01635    1.66500       -7632.56789
  Nb       68   40.78084   39.47607   -0.21916    1.86651       -7632.67570
  Nb       69   40.96680   39.66203   -0.03320    1.68016       -7632.58142
  Nb       70   40.96582   39.66106   -0.03418    1.67651       -7632.56530
  Nb       71   41.02186   39.71709    0.02186    1.63266       -7632.55339
  Nb       72   40.85509   39.55032   -0.14491    1.79083       -7632.63481
  Nb       73   40.96914   39.66438   -0.03086    1.68080       -7632.57838
  Nb       74   40.83504   39.53027   -0.16496    1.81051       -7632.64619
  Nb       75   40.97247   39.66770   -0.02753    1.68048       -7632.57261
  Nb       76   40.94177   39.63701   -0.05823    1.70807       -7632.59821
  Nb       77   41.02969   39.72492    0.02969    1.62146       -7632.55073
  Nb       78   41.01334   39.70857    0.01334    1.63746       -7632.54411
  Nb       79   40.95897   39.65421   -0.04103    1.69289       -7632.58443
  Nb       80   40.92532   39.62055   -0.07468    1.72532       -7632.59195
  Nb       81   40.87552   39.57075   -0.12448    1.77281       -7632.61867
  Nb       82   40.90595   39.60119   -0.09405    1.72981       -7632.59047
  Nb       83   40.98529   39.68052   -0.01471    1.65366       -7632.56031
  Nb       84   40.99662   39.69186   -0.00338    1.65060       -7632.55192
  Nb       85   40.94129   39.63652   -0.05871    1.70877       -7632.59062
  Nb       86   40.85005   39.54528   -0.14995    1.79383       -7632.63829
  Nb       87   40.91602   39.61125   -0.08398    1.73447       -7632.60318
  Nb       88   40.87587   39.57110   -0.12413    1.76646       -7632.62844
  Nb       89   40.92524   39.62047   -0.07476    1.72577       -7632.60445
  Nb       90   40.79273   39.48796   -0.20727    1.86601       -7632.69143
  Nb       91   40.91257   39.60780   -0.08743    1.73660       -7632.61325
  Nb       92   40.90614   39.60138   -0.09386    1.74238       -7632.61069
  Nb       93   40.94848   39.64372   -0.05152    1.70406       -7632.60075
  Nb       94   40.90903   39.60427   -0.09097    1.73103       -7632.59762
  Nb       95   40.83520   39.53043   -0.16480    1.82078       -7632.66575
  Nb       96   40.96339   39.65863   -0.03661    1.67854       -7632.56179
  Nb       97   41.02135   39.71659    0.02135    1.62654       -7632.53665
  Nb       98   40.86870   39.56393   -0.13130    1.77819       -7632.63068
  Nb       99   40.86066   39.55589   -0.13934    1.78483       -7632.62887
  Nb      100   40.95078   39.64602   -0.04922    1.69849       -7632.58965
  Nb      101   40.95727   39.65251   -0.04273    1.68719       -7632.57512
  Nb      102   40.96902   39.66426   -0.03098    1.67752       -7632.56691
  Nb      103   40.82736   39.52260   -0.17264    1.82690       -7632.66139
  Nb      104   40.94633   39.64156   -0.05367    1.69835       -7632.59048
  Nb      105   40.97074   39.66598   -0.02926    1.68255       -7632.58066
  Nb      106   41.02446   39.71969    0.02446    1.61497       -7632.53150
  Nb      107   40.92926   39.62450   -0.07074    1.72760       -7632.62111
  Nb      108   41.08657   39.78180    0.08657    1.56739       -7632.51552
  Nb      109   41.03577   39.73101    0.03577    1.60040       -7632.51923
  Nb      110   40.89182   39.58706   -0.10818    1.75838       -7632.62582
  Nb      111   40.99603   39.69126   -0.00397    1.65134       -7632.56011
  Nb      112   40.94875   39.64398   -0.05125    1.69792       -7632.57418
  Nb      113   40.96858   39.66382   -0.03142    1.67486       -7632.56446
  Nb      114   40.90156   39.59679   -0.09844    1.74979       -7632.61927
  Nb      115   41.04681   39.74205    0.04681    1.59812       -7632.51422
  Nb      116   40.83058   39.52581   -0.16942    1.81653       -7632.64891
  Nb      117   40.92248   39.61771   -0.07752    1.72368       -7632.60248
  Nb      118   40.86776   39.56299   -0.13224    1.78179       -7632.62484
  Nb      119   40.96321   39.65844   -0.03679    1.68018       -7632.57169
  Nb      120   40.85462   39.54986   -0.14538    1.79289       -7632.63197
  Nb      121   40.94996   39.64519   -0.05004    1.70215       -7632.58567
  Nb      122   40.87570   39.57093   -0.12430    1.76358       -7632.62140
  Nb      123   40.89910   39.59433   -0.10090    1.75441       -7632.61904
  Nb      124   40.91053   39.60576   -0.08947    1.74215       -7632.61012
  Nb      125   40.80995   39.50519   -0.19005    1.83964       -7632.66097
  Nb      126   40.98805   39.68329   -0.01195    1.66696       -7632.56638
  Nb      127   40.85528   39.55051   -0.14472    1.79167       -7632.63649
  Nb      128   40.84479   39.54003   -0.15521    1.80649       -7632.64533
  Mo      129   42.07756   40.77280    0.07756    1.66321       -8090.58460
  Mo      130   42.18967   40.88490    0.18967    1.55127       -8090.52119
  Mo      131   42.12007   40.81530    0.12007    1.61243       -8090.55448
  Mo      132   42.00642   40.70165    0.00642    1.73800       -8090.63108
  Mo      133   42.10631   40.80154    0.10631    1.63078       -8090.56282
  Mo      134   42.16365   40.85888    0.16365    1.56871       -8090.52455
  Mo      135   42.16210   40.85733    0.16210    1.59248       -8090.56083
  Mo      136   41.99919   40.69442   -0.00081    1.74979       -8090.64625
  Mo      137   42.13874   40.83398    0.13874    1.60147       -8090.55310
  Mo      138   42.05147   40.74671    0.05147    1.68787       -8090.60478
  Mo      139   42.02783   40.72306    0.02783    1.71454       -8090.61937
  Mo      140   41.99643   40.69166   -0.00357    1.75709       -8090.64992
  Mo      141   42.01760   40.71283    0.01760    1.72023       -8090.61171
  Mo      142   42.17349   40.86873    0.17349    1.57155       -8090.54025
  Mo      143   41.95464   40.64988   -0.04536    1.80100       -8090.68164
  Mo      144   42.15092   40.84615    0.15092    1.59137       -8090.54686
  Mo      145   42.06552   40.76076    0.06552    1.68411       -8090.60682
  Mo      146   41.99097   40.68621   -0.00903    1.76958       -8090.66966
  Mo      147   42.17482   40.87006    0.17482    1.56310       -8090.52494
  Mo      148   42.04801   40.74325    0.04801    1.69077       -8090.60352
  Mo      149   42.08467   40.77990    0.08467    1.65422       -8090.58277
  Mo      150   42.14331   40.83854    0.14331    1.60646       -8090.56795
  Mo      151   42.09686   40.79209    0.09686    1.64216       -8090.57208
  Mo      152   42.19442   40.88966    0.19442    1.55140       -8090.52822
  Mo      153   42.05690   40.75214    0.05690    1.68711       -8090.60078
  Mo      154   42.09158   40.78681    0.09158    1.65037       -8090.57858
  Mo      155   42.16356   40.85879    0.16356    1.57215       -8090.52911
  Mo      156   42.10446   40.79969    0.10446    1.63262       -8090.56701
  Mo      157   42.08698   40.78222    0.08698    1.65065       -8090.57447
  Mo      158   42.06416   40.75939    0.06416    1.67555       -8090.59166
  Mo      159   42.08864   40.78388    0.08864    1.65481       -8090.57888
  Mo      160   42.08645   40.78168    0.08645    1.65667       -8090.58833
  Mo      161   41.97301   40.66825   -0.02699    1.77996       -8090.66943
  Mo      162   42.15496   40.85019    0.15496    1.57511       -8090.53204
  Mo      163   42.18888   40.88412    0.18888    1.54895       -8090.51686
  Mo      164   42.11115   40.80639    0.11115    1.63380       -8090.57669
  Mo      165   42.14087   40.83610    0.14087    1.59858       -8090.55423
  Mo      166   42.05185   40.74708    0.05185    1.69120       -8090.60311
  Mo      167   42.10634   40.80157    0.10634    1.64757       -8090.59238
  Mo      168   42.06897   40.76420    0.06897    1.67812       -8090.60484
  Mo      169   42.10610   40.80134    0.10610    1.63243       -8090.56564
  Mo      170   42.15597   40.85120    0.15597    1.57903       -8090.53411
  Mo      171   42.05809   40.75332    0.05809    1.68677       -8090.60635
  Mo      172   42.22622   40.92145    0.22622    1.51864       -8090.50754
  Mo      173   42.08654   40.78177    0.08654    1.65802       -8090.59319
  Mo      174   42.13218   40.82741    0.13218    1.60211       -8090.54621
  Mo      175   42.15878   40.85402    0.15878    1.58133       -8090.53686
  Mo      176   42.07725   40.77248    0.07725    1.66954       -8090.59492
  Mo      177   42.16568   40.86091    0.16568    1.56626       -8090.52257
  Mo      178   42.12830   40.82354    0.12830    1.61887       -8090.56756
  Mo      179   42.12968   40.82491    0.12968    1.61973       -8090.56314
  Mo      180   42.13773   40.83296    0.13773    1.61369       -8090.57041
  Mo      181   42.07844   40.77367    0.07844    1.66148       -8090.57936
  Mo      182   41.92372   40.61895   -0.07628    1.82538       -8090.69413
  Mo      183   42.09510   40.79033    0.09510    1.65031       -8090.59140
  Mo      184   41.97667   40.67190   -0.02333    1.77767       -8090.66279
  Mo      185   42.05933   40.75456    0.05933    1.69239       -8090.61075
  Mo      186   42.09793   40.79317    0.09793    1.63833       -8090.57340
  Mo      187   42.02245   40.71768    0.02245    1.73411       -8090.64775
  Mo      188   42.10382   40.79906    0.10382    1.63581       -8090.56862
  Mo      189   42.17422   40.86946    0.17422    1.57246       -8090.53829
  Mo      190   42.07188   40.76711    0.07188    1.67872       -8090.61008
  Mo      191   42.04879   40.74402    0.04879    1.69101       -8090.60712
  Mo      192   42.08767   40.78291    0.08767    1.66403       -8090.59446
  Ta      193   72.86370   71.55893   -0.13630    1.69565      -31232.89422
  Ta      194   72.75754   71.45277   -0.24246    1.79942      -31232.96470
  Ta      195   72.71809   71.41332   -0.28191    1.84344      -31232.98948
  Ta      196   72.79623   71.49146   -0.20377    1.76159      -31232.94299
  Ta      197   72.72093   71.41616   -0.27907    1.83164      -31232.97002
  Ta      198   72.90640   71.60163   -0.09360    1.65166      -31232.85933
  Ta      199   72.81921   71.51444   -0.18079    1.74399      -31232.92717
  Ta      200   72.76697   71.46221   -0.23303    1.78865      -31232.94972
  Ta      201   72.62982   71.32505   -0.37018    1.92915      -31233.03039
  Ta      202   72.76387   71.45910   -0.23613    1.78905      -31232.94128
  Ta      203   72.81789   71.51312   -0.18211    1.73510      -31232.91908
  Ta      204   72.84800   71.54323   -0.15200    1.70914      -31232.90784
  Ta      205   72.75455   71.44979   -0.24545    1.80591      -31232.97132
  Ta      206   72.91150   71.60673   -0.08850    1.65092      -31232.86393
  Ta      207   72.80309   71.49832   -0.19691    1.75056      -31232.92083
  Ta      208   72.85223   71.54746   -0.14777    1.70482      -31232.90586
  Ta      209   72.83931   71.53455   -0.16069    1.72302      -31232.90680
  Ta      210   72.87118   71.56641   -0.12882    1.68888      -31232.89030
  Ta      211   72.65059   71.34582   -0.34941    1.90424      -31233.01509
  Ta      212   72.67586   71.37109   -0.32414    1.88097      -31233.00313
  Ta      213   72.79235   71.48759   -0.20765    1.77449      -31232.95438
  Ta      214   72.74141   71.43665   -0.25859    1.81183      -31232.96108
  Ta      215   72.76641   71.46165   -0.23359    1.78213      -31232.94527
  Ta      216   72.69030   71.38553   -0.30970    1.86668      -31232.99985
  Ta      217   72.76771   71.46295   -0.23229    1.79834      -31232.96570
  Ta      218   72.75032   71.44556   -0.24968    1.80987      -31232.96622
  Ta      219   72.78859   71.48382   -0.21141    1.76565      -31232.94559
  Ta      220   72.77584   71.47108   -0.22416    1.77442      -31232.94032
  Ta      221   72.81645   71.51169   -0.18355    1.74870      -31232.92638
  Ta      222   72.81586   71.51109   -0.18414    1.74747      -31232.93457
  Ta      223   72.80725   71.50248   -0.19275    1.75459      -31232.93086
  Ta      224   72.71889   71.41412   -0.28111    1.83817      -31232.97881
  Ta      225   72.65069   71.34593   -0.34931    1.90623      -31233.01991
  Ta      226   72.78808   71.48331   -0.21192    1.76656      -31232.93022
  Ta      227   72.91192   71.60716   -0.08808    1.65164      -31232.87125
  Ta      228   72.80948   71.50472   -0.19052    1.74638      -31232.92133
  Ta      229   72.86812   71.56335   -0.13188    1.69225      -31232.89538
  Ta      230   72.77533   71.47056   -0.22467    1.78537      -31232.95737
  Ta      231   72.74588   71.44112   -0.25412    1.81453      -31232.97273
  Ta      232   72.72312   71.41835   -0.27688    1.82390      -31232.96853
  Ta      233   72.80947   71.50471   -0.19053    1.75756      -31232.93679
  Ta      234   72.75629   71.45153   -0.24371    1.79614      -31232.94373
  Ta      235   72.62426   71.31950   -0.37574    1.93367      -31233.04057
  Ta      236   72.82072   71.51595   -0.17928    1.74730      -31232.93784
  Ta      237   72.81543   71.51067   -0.18457    1.74663      -31232.92123
  Ta      238   72.78567   71.48091   -0.21433    1.77298      -31232.93589
  Ta      239   72.79291   71.48814   -0.20709    1.76958      -31232.94736
  Ta      240   72.62316   71.31839   -0.37684    1.93241      -31233.03714
  Ta      241   72.86873   71.56396   -0.13127    1.69145      -31232.90010
  Ta      242   72.69490   71.39013   -0.30510    1.85512      -31232.98822
  Ta      243   72.83915   71.53438   -0.16085    1.71764      -31232.91110
  Ta      244   72.60628   71.30151   -0.39372    1.94897      -31233.03715
  Ta      245   72.82308   71.51831   -0.17692    1.73154      -31232.91140
  Ta      246   72.81785   71.51309   -0.18215    1.73470      -31232.91505
  Ta      247   72.63694   71.33217   -0.36306    1.91186      -31233.02109
  Ta      248   72.74740   71.44263   -0.25260    1.79832      -31232.96069
  Ta      249   72.69041   71.38564   -0.30959    1.86919      -31232.99942
  Ta      250   72.75527   71.45051   -0.24473    1.81003      -31232.97622
  Ta      251   72.84570   71.54093   -0.15430    1.71097      -31232.90012
  Ta      252   72.77795   71.47319   -0.22205    1.78200      -31232.95167
  Ta      253   72.78293   71.47817   -0.21707    1.77901      -31232.95440
  Ta      254   72.75847   71.45371   -0.24153    1.80990      -31232.97997
  Ta      255   72.94390   71.63913   -0.05610    1.61244      -31232.82858
  Ta      256   72.81383   71.50907   -0.18617    1.74603      -31232.92163
  Ti      257   22.40069   21.09592    0.40069    1.46690       -1704.32253
  Ti      258   22.34529   21.04052    0.34529    1.52908       -1704.37500
  Ti      259   22.41758   21.11282    0.41758    1.44893       -1704.31553
  Ti      260   22.30477   21.00000    0.30477    1.56290       -1704.37766
  Ti      261   22.27053   20.96576    0.27053    1.60282       -1704.42291
  Ti      262   22.26952   20.96476    0.26952    1.59963       -1704.39684
  Ti      263   22.23494   20.93017    0.23494    1.63798       -1704.42282
  Ti      264   22.34546   21.04069    0.34546    1.51822       -1704.32926
  Ti      265   22.29490   20.99013    0.29490    1.57891       -1704.39393
  Ti      266   22.20815   20.90338    0.20815    1.65906       -1704.41532
  Ti      267   22.38057   21.07580    0.38057    1.49827       -1704.36765
  Ti      268   22.28999   20.98523    0.28999    1.58274       -1704.41353
  Ti      269   22.35982   21.05505    0.35982    1.51531       -1704.37410
  Ti      270   22.36539   21.06063    0.36539    1.51052       -1704.35890
  Ti      271   22.28128   20.97651    0.28128    1.59408       -1704.38726
  Ti      272   22.35909   21.05432    0.35909    1.51860       -1704.38399
  Ti      273   22.31056   21.00579    0.31056    1.55666       -1704.38081
  Ti      274   22.29973   20.99497    0.29973    1.57076       -1704.38626
  Ti      275   22.35658   21.05181    0.35658    1.53308       -1704.39868
  Ti      276   22.31247   21.00771    0.31247    1.56182       -1704.37448
  Ti      277   22.20894   20.90417    0.20894    1.66081       -1704.43257
  Ti      278   22.42384   21.11907    0.42384    1.45292       -1704.34699
  Ti      279   22.38851   21.08375    0.38851    1.48416       -1704.34863
  Ti      280   22.29804   20.99327    0.29804    1.58505       -1704.41970
  Ti      281   22.31712   21.01235    0.31712    1.55359       -1704.36464
  Ti      282   22.30572   21.00095    0.30572    1.55951       -1704.37176
  Ti      283   22.31224   21.00747    0.31224    1.56172       -1704.38826
  Ti      284   22.32375   21.01898    0.32375    1.55976       -1704.40213
  Ti      285   22.38930   21.08454    0.38930    1.49984       -1704.38159
  Ti      286   22.43414   21.12937    0.43414    1.44207       -1704.34016
  Ti      287   22.17147   20.86670    0.17147    1.69252       -1704.42638
  Ti      288   22.30755   21.00278    0.30755    1.57226       -1704.42127
  Ti      289   22.25245   20.94768    0.25245    1.60878       -1704.38621
  Ti      290   22.28717   20.98240    0.28717    1.58483       -1704.39298
  Ti      291   22.42664   21.12188    0.42664    1.44412       -1704.30664
  Ti      292   22.35968   21.05492    0.35968    1.50775       -1704.33555
  Ti      293   22.33710   21.03234    0.33710    1.54873       -1704.41245
  Ti      294   22.37427   21.06951    0.37427    1.49701       -1704.34328
  Ti      295   22.30301   20.99825    0.30301    1.57053       -1704.39449
  Ti      296   22.17150   20.86673    0.17150    1.70296       -1704.46225
  Ti      297   22.38217   21.07740    0.38217    1.49322       -1704.36107
  Ti      298   22.25669   20.95193    0.25669    1.61371       -1704.39808
  Ti      299   22.34404   21.03928    0.34404    1.53452       -1704.39401
  Ti      300   22.20490   20.90014    0.20490    1.66186       -1704.44537
  Ti      301   22.28907   20.98430    0.28907    1.58358       -1704.40027
  Ti      302   22.21229   20.90752    0.21229    1.66069       -1704.43706
  Ti      303   22.35642   21.05165    0.35642    1.52100       -1704.36804
  Ti      304   22.24662   20.94186    0.24662    1.61041       -1704.36749
  Ti      305   22.27877   20.97400    0.27877    1.61151       -1704.44940
  Ti      306   22.44053   21.13577    0.44053    1.43672       -1704.33509
  Ti      307   22.24112   20.93636    0.24112    1.62083       -1704.38714
  Ti      308   22.27339   20.96863    0.27339    1.59540       -1704.39049
  Ti      309   22.40028   21.09551    0.40028    1.46227       -1704.31325
  Ti      310   22.24726   20.94249    0.24726    1.62151       -1704.40371
  Ti      311   22.36681   21.06205    0.36681    1.51960       -1704.40033
  Ti      312   22.28487   20.98010    0.28487    1.58700       -1704.38908
  Ti      313   22.26451   20.95974    0.26451    1.60960       -1704.41481
  Ti      314   22.32784   21.02307    0.32784    1.55567       -1704.40748
  Ti      315   22.30717   21.00240    0.30717    1.56281       -1704.35887
  Ti      316   22.25469   20.94993    0.25469    1.61591       -1704.41669
  Ti      317   22.31875   21.01399    0.31875    1.55696       -1704.40741
  Ti      318   22.27365   20.96889    0.27365    1.60404       -1704.40059
  Ti      319   22.44394   21.13917    0.44394    1.43174       -1704.33433
  Ti      320   22.27845   20.97369    0.27845    1.59369       -1704.39719
