System Description            : WNbMoTa, BCC structure                          
Number of Atoms in Unit Cell  : 64                                              
Number of Atomic Species      : 4                                               
Number of Atoms in Each Type  : 16(W), 16(Nb), 16(Mo), 16(Ta)                   
Energy Offset                 : -19816                                          
=======================================================================================
    Iter     Energy      3PV     Efermi   Rms_rho    Rms_pot   Mix  Alg  Alpha 
---------------------------------------------------------------------------------------
**       1  -0.261945  2293.602  0.59412  0.140E+01  0.119E+00  pot  B   0.1000
         2  -0.610030  2265.257  0.60889  0.762E-02  0.209E+00  pot  B   0.1000
         3  -0.771681  2250.471  0.61614  0.385E-02  0.187E+00  pot  B   0.1000
         4  -1.171916  2182.972  0.64112  0.177E-01  0.141E+00  pot  B   0.1000
         5  -1.196919  2170.279  0.65679  0.367E-02  0.112E+00  pot  B   0.1000
         6  -1.226446  2160.683  0.66766  0.324E-02  0.296E-01  pot  B   0.1000
         7  -1.246776  2150.788  0.67429  0.363E-02  0.499E-01  pot  B   0.1000
         8  -1.267725  2139.062  0.67955  0.472E-02  0.386E-01  pot  B   0.1000
         9  -1.273952  2132.758  0.68281  0.279E-02  0.205E-01  pot  B   0.1000
        10  -1.275759  2129.279  0.68487  0.173E-02  0.711E-02  pot  B   0.1000
        11  -1.275933  2128.829  0.68558  0.294E-03  0.433E-02  pot  B   0.1000
        12  -1.276102  2128.500  0.68669  0.296E-03  0.369E-02  pot  B   0.1000
        13  -1.276197  2128.390  0.68757  0.191E-03  0.418E-02  pot  B   0.1000
        14  -1.276288  2128.295  0.68870  0.239E-03  0.199E-02  pot  B   0.1000
        15  -1.276319  2128.290  0.68966  0.203E-03  0.729E-03  pot  B   0.1000
        16  -1.276320  2128.327  0.68986  0.375E-04  0.510E-03  pot  B   0.1000
        17  -1.276325  2128.350  0.69010  0.387E-04  0.435E-03  pot  B   0.1000
        18  -1.276326  2128.342  0.69028  0.312E-04  0.203E-03  pot  B   0.1000
        19  -1.276326  2128.297  0.69038  0.196E-04  0.972E-04  pot  B   0.1000
        20  -1.276326  2128.277  0.69040  0.583E-05  0.957E-04  pot  B   0.1000
        21  -1.276326  2128.262  0.69042  0.489E-05  0.547E-04  pot  B   0.1000
        22  -1.276326  2128.256  0.69043  0.310E-05  0.375E-04  pot  B   0.1000
        23  -1.276326  2128.261  0.69043  0.307E-05  0.420E-04  pot  B   0.1000
        24  -1.276326  2128.267  0.69044  0.271E-05  0.259E-04  pot  B   0.1000
        25  -1.276326  2128.274  0.69044  0.238E-05  0.146E-04  pot  B   0.1000
        26  -1.276326  2128.276  0.69044  0.676E-06  0.950E-05  pot  B   0.1000
        27  -1.276326  2128.277  0.69044  0.229E-06  0.763E-05  pot  B   0.1000
        28  -1.276326  2128.277  0.69044  0.105E-06  0.563E-05  pot  B   0.1000
        29  -1.276326  2128.277  0.69044  0.166E-06  0.374E-05  pot  B   0.1000
        30  -1.276326  2128.277  0.69045  0.217E-06  0.175E-05  pot  B   0.1000
        31  -1.276326  2128.277  0.69045  0.886E-07  0.112E-05  pot  B   0.1000
        32  -1.276326  2128.277  0.69045  0.587E-07  0.893E-06  pot  B   0.1000
        33  -1.276326  2128.277  0.69045  0.799E-07  0.764E-06  pot  B   0.1000
        34  -1.276326  2128.277  0.69045  0.312E-07  0.568E-06  pot  B   0.1000
        35  -1.276326  2128.277  0.69045  0.115E-07  0.328E-06  pot  B   0.1000
        36  -1.276326  2128.277  0.69045  0.610E-08  0.330E-06  pot  B   0.1000
        37  -1.276326  2128.277  0.69045  0.784E-08  0.258E-06  pot  B   0.1000
        38  -1.276326  2128.277  0.69045  0.114E-07  0.176E-06  pot  B   0.1000
        39  -1.276326  2128.277  0.69045  0.637E-08  0.135E-06  pot  B   0.1000
        40  -1.276326  2128.277  0.69045  0.382E-08  0.953E-07  pot  B   0.1000
        41  -1.276326  2128.277  0.69045  0.412E-08  0.622E-07  pot  B   0.1000
        42  -1.276326  2128.277  0.69045  0.422E-08  0.352E-07  pot  B   0.1000
        43  -1.276326  2128.277  0.69045  0.181E-08  0.318E-07  pot  B   0.1000
        44  -1.276326  2128.277  0.69045  0.588E-09  0.252E-07  pot  B   0.1000
        45  -1.276326  2128.277  0.69045  0.691E-09  0.190E-07  pot  B   0.1000
        46  -1.276326  2128.277  0.69045  0.756E-09  0.112E-07  pot  B   0.1000
        47  -1.276326  2128.277  0.69045  0.306E-09  0.106E-07  pot  B   0.1000
        48  -1.276326  2128.277  0.69045  0.149E-09  0.623E-08  pot  B   0.1000
**      49  -1.276326  2128.277  0.69045  0.949E-12  0.623E-08  pot  B   0.1000
