 Atom   Index      Q          Qmt        dQ        Vmad        Local Energy
  W         1   73.88875   72.58766   -0.11125    1.70582      -32312.47559
  W         2   73.82063   72.51954   -0.17937    1.78073      -32312.53753
  W         3   73.85071   72.54962   -0.14929    1.74438      -32312.50297
  W         4   73.69259   72.39150   -0.30741    1.90325      -32312.60022
  W         5   73.80814   72.50705   -0.19186    1.79267      -32312.53274
  W         6   73.79751   72.49642   -0.20249    1.79150      -32312.52827
  W         7   73.79894   72.49785   -0.20106    1.79920      -32312.54002
  W         8   74.00257   72.70148    0.00257    1.58572      -32312.39911
  W         9   73.87614   72.57505   -0.12386    1.71462      -32312.47754
  W        10   73.82572   72.52463   -0.17428    1.77266      -32312.51806
  W        11   73.77787   72.47678   -0.22213    1.81180      -32312.54021
  W        12   73.88736   72.58627   -0.11264    1.70485      -32312.46604
  W        13   73.65838   72.35729   -0.34162    1.93367      -32312.62198
  W        14   73.84204   72.54096   -0.15796    1.74165      -32312.49979
  W        15   73.69763   72.39654   -0.30237    1.90005      -32312.60076
  W        16   73.75044   72.44935   -0.24956    1.84001      -32312.55752
  W        17   73.89395   72.59286   -0.10605    1.70054      -32312.47617
  W        18   73.88890   72.58781   -0.11110    1.70968      -32312.48605
  W        19   73.78229   72.48120   -0.21771    1.81940      -32312.55880
  W        20   73.82558   72.52449   -0.17442    1.76940      -32312.52351
  W        21   73.85948   72.55840   -0.14052    1.72503      -32312.47903
  W        22   73.68731   72.38622   -0.31269    1.91110      -32312.60990
  W        23   73.86886   72.56778   -0.13114    1.71872      -32312.47718
  W        24   73.98046   72.67938   -0.01954    1.60215      -32312.40248
  W        25   73.60053   72.29944   -0.39947    1.99407      -32312.65948
  W        26   73.96472   72.66363   -0.03528    1.63148      -32312.42265
  W        27   73.83625   72.53516   -0.16375    1.75789      -32312.50213
  W        28   73.84726   72.54618   -0.15274    1.74359      -32312.49741
  W        29   73.87638   72.57529   -0.12362    1.71430      -32312.47331
  W        30   73.82481   72.52372   -0.17519    1.77607      -32312.52397
  W        31   73.88844   72.58736   -0.11156    1.70568      -32312.46788
  W        32   73.73739   72.43630   -0.26261    1.86918      -32312.58939
  W        33   73.89720   72.59611   -0.10280    1.69544      -32312.46782
  W        34   73.80452   72.50343   -0.19548    1.78914      -32312.52942
  W        35   73.77816   72.47707   -0.22184    1.80110      -32312.52287
  W        36   73.88329   72.58220   -0.11671    1.70920      -32312.48334
  W        37   73.74191   72.44082   -0.25809    1.84853      -32312.57180
  W        38   73.98241   72.68132   -0.01759    1.61746      -32312.42633
  W        39   73.74459   72.44350   -0.25541    1.85399      -32312.57623
  W        40   73.84244   72.54135   -0.15756    1.75040      -32312.49931
  W        41   73.94575   72.64466   -0.05425    1.63936      -32312.42003
  W        42   73.66778   72.36670   -0.33222    1.92862      -32312.60526
  W        43   73.79062   72.48953   -0.20938    1.81143      -32312.55072
  W        44   73.66104   72.35995   -0.33896    1.93692      -32312.62177
  W        45   73.92864   72.62755   -0.07136    1.65925      -32312.44081
  W        46   73.66708   72.36599   -0.33292    1.92577      -32312.61589
  W        47   73.81920   72.51811   -0.18080    1.77046      -32312.51354
  W        48   73.87314   72.57205   -0.12686    1.71805      -32312.47937
  W        49   73.74899   72.44790   -0.25101    1.83913      -32312.55746
  W        50   74.00952   72.70843    0.00952    1.58034      -32312.39431
  W        51   73.96717   72.66609   -0.03283    1.61586      -32312.41178
  W        52   73.94272   72.64164   -0.05728    1.64918      -32312.43473
  W        53   73.89672   72.59564   -0.10328    1.69123      -32312.46649
  W        54   73.86455   72.56346   -0.13545    1.72146      -32312.47593
  W        55   73.78129   72.48020   -0.21871    1.80888      -32312.53048
  W        56   73.95507   72.65398   -0.04493    1.62589      -32312.41581
  W        57   73.85433   72.55324   -0.14567    1.73659      -32312.49175
  W        58   73.98402   72.68293   -0.01598    1.60346      -32312.40471
  W        59   73.79176   72.49067   -0.20824    1.80799      -32312.55085
  W        60   73.96560   72.66451   -0.03440    1.62668      -32312.42212
  W        61   73.97028   72.66919   -0.02972    1.61950      -32312.41642
  W        62   73.92197   72.62089   -0.07803    1.65900      -32312.43348
  W        63   73.71710   72.41601   -0.28290    1.88533      -32312.59366
  W        64   73.94250   72.64141   -0.05750    1.65292      -32312.44812
  W        65   73.73562   72.43453   -0.26438    1.85369      -32312.55804
  W        66   73.89408   72.59299   -0.10592    1.70282      -32312.47361
  W        67   73.65702   72.35594   -0.34298    1.94281      -32312.63043
  W        68   73.81188   72.51080   -0.18812    1.77989      -32312.51732
  W        69   73.77426   72.47317   -0.22574    1.82181      -32312.54413
  W        70   73.91913   72.61804   -0.08087    1.66789      -32312.44532
  W        71   73.94141   72.64032   -0.05859    1.64928      -32312.43303
  W        72   73.84425   72.54316   -0.15575    1.75174      -32312.50406
  W        73   73.90306   72.60197   -0.09694    1.68154      -32312.44478
  W        74   73.92094   72.61986   -0.07906    1.67259      -32312.45549
  W        75   73.70401   72.40292   -0.29599    1.89360      -32312.59759
  W        76   73.62868   72.32759   -0.37132    1.97278      -32312.64861
  W        77   74.03625   72.73516    0.03625    1.56804      -32312.39324
  W        78   73.86714   72.56605   -0.13286    1.72053      -32312.47505
  W        79   74.05518   72.75409    0.05518    1.54189      -32312.36758
  W        80   73.83734   72.53625   -0.16266    1.74869      -32312.49777
  W        81   74.04828   72.74719    0.04828    1.54685      -32312.38529
  W        82   73.92096   72.61987   -0.07904    1.67338      -32312.44983
  W        83   73.96661   72.66552   -0.03339    1.62402      -32312.42572
  W        84   73.73109   72.43000   -0.26891    1.86378      -32312.57632
  W        85   73.79229   72.49120   -0.20771    1.80352      -32312.53104
  W        86   73.82868   72.52759   -0.17132    1.77581      -32312.52779
  W        87   73.78269   72.48160   -0.21731    1.82084      -32312.55818
  W        88   73.77580   72.47471   -0.22420    1.82011      -32312.54816
  W        89   73.81437   72.51328   -0.18563    1.77394      -32312.50814
  W        90   73.98522   72.68413   -0.01478    1.59962      -32312.40400
  W        91   73.88880   72.58772   -0.11120    1.69852      -32312.46431
  W        92   73.87674   72.57565   -0.12326    1.71654      -32312.48092
  W        93   73.90308   72.60199   -0.09692    1.68904      -32312.46552
  W        94   73.74795   72.44686   -0.25205    1.85076      -32312.56686
  W        95   73.96666   72.66558   -0.03334    1.62511      -32312.41415
  W        96   73.73896   72.43787   -0.26104    1.85267      -32312.57299
  W        97   73.77432   72.47323   -0.22568    1.82481      -32312.55921
  W        98   73.89291   72.59182   -0.10709    1.69375      -32312.45641
  W        99   73.87589   72.57481   -0.12411    1.71056      -32312.47609
  W       100   73.77807   72.47698   -0.22193    1.81294      -32312.53680
  W       101   73.84774   72.54665   -0.15226    1.74448      -32312.50069
  W       102   73.77703   72.47594   -0.22297    1.82809      -32312.56145
  W       103   73.87589   72.57481   -0.12411    1.70724      -32312.46834
  W       104   73.82264   72.52155   -0.17736    1.77455      -32312.52614
  W       105   73.88843   72.58734   -0.11157    1.70491      -32312.46303
  W       106   73.89049   72.58941   -0.10951    1.70324      -32312.46594
  W       107   73.87156   72.57048   -0.12844    1.71380      -32312.47678
  W       108   73.87327   72.57218   -0.12673    1.72195      -32312.49459
  W       109   74.01381   72.71272    0.01381    1.58240      -32312.39757
  W       110   73.68866   72.38758   -0.31134    1.90502      -32312.60487
  W       111   73.88445   72.58336   -0.11555    1.70039      -32312.46438
  W       112   73.99371   72.69262   -0.00629    1.60303      -32312.41050
  W       113   73.79346   72.49237   -0.20654    1.79059      -32312.51779
  W       114   73.91410   72.61302   -0.08590    1.68056      -32312.45995
  W       115   73.81630   72.51522   -0.18370    1.77702      -32312.52510
  W       116   74.01753   72.71644    0.01753    1.57107      -32312.38729
  W       117   73.72281   72.42172   -0.27719    1.87288      -32312.57338
  W       118   73.79912   72.49803   -0.20088    1.79381      -32312.52417
  W       119   73.79028   72.48919   -0.20972    1.80216      -32312.53930
  W       120   73.89138   72.59029   -0.10862    1.70161      -32312.46711
  W       121   73.80755   72.50646   -0.19245    1.78401      -32312.52536
  W       122   73.79505   72.49396   -0.20495    1.79651      -32312.52913
  W       123   73.94782   72.64673   -0.05218    1.64869      -32312.44053
  W       124   73.97138   72.67029   -0.02862    1.62808      -32312.42686
  W       125   73.84798   72.54689   -0.15202    1.73429      -32312.47708
  W       126   73.89125   72.59016   -0.10875    1.70381      -32312.47695
  W       127   73.81875   72.51767   -0.18125    1.77593      -32312.52011
  W       128   73.93296   72.63187   -0.06704    1.65718      -32312.43751
  W       129   73.89534   72.59425   -0.10466    1.70018      -32312.46761
  W       130   73.90163   72.60054   -0.09837    1.69176      -32312.47048
  W       131   73.84602   72.54493   -0.15398    1.74525      -32312.49685
  W       132   73.81901   72.51793   -0.18099    1.78941      -32312.54224
  W       133   73.68270   72.38162   -0.31730    1.91467      -32312.61031
  W       134   73.91250   72.61142   -0.08750    1.68548      -32312.46996
  W       135   73.67659   72.37550   -0.32341    1.91941      -32312.61578
  W       136   73.68783   72.38675   -0.31217    1.90738      -32312.60047
  W       137   73.73951   72.43842   -0.26049    1.83952      -32312.54278
  W       138   73.80419   72.50310   -0.19581    1.78905      -32312.52419
  W       139   73.83391   72.53282   -0.16609    1.76725      -32312.52198
  W       140   73.80951   72.50843   -0.19049    1.78531      -32312.52213
  W       141   73.83894   72.53786   -0.16106    1.75613      -32312.50916
  W       142   73.89941   72.59832   -0.10059    1.69539      -32312.46521
  W       143   73.79585   72.49476   -0.20415    1.81002      -32312.55833
  W       144   73.72457   72.42348   -0.27543    1.86683      -32312.57216
  W       145   73.90838   72.60729   -0.09162    1.68628      -32312.45951
  W       146   73.92477   72.62369   -0.07523    1.67301      -32312.45806
  W       147   73.83185   72.53076   -0.16815    1.76324      -32312.51662
  W       148   73.85623   72.55514   -0.14377    1.72792      -32312.48681
  W       149   73.72614   72.42506   -0.27386    1.86861      -32312.58038
  W       150   73.79389   72.49280   -0.20611    1.79218      -32312.53333
  W       151   73.95831   72.65722   -0.04169    1.63448      -32312.42463
  W       152   73.79974   72.49865   -0.20026    1.78577      -32312.52306
  W       153   73.87476   72.57367   -0.12524    1.71807      -32312.47607
  W       154   73.85926   72.55817   -0.14074    1.72810      -32312.48326
  W       155   73.91943   72.61834   -0.08057    1.66470      -32312.44003
  W       156   73.79336   72.49228   -0.20664    1.80191      -32312.52857
  W       157   73.85437   72.55328   -0.14563    1.73750      -32312.49467
  W       158   73.74113   72.44004   -0.25887    1.85188      -32312.57399
  W       159   73.87790   72.57682   -0.12210    1.72067      -32312.49076
  W       160   73.94576   72.64467   -0.05424    1.64006      -32312.41744
  W       161   73.68714   72.38606   -0.31286    1.90651      -32312.60142
  W       162   73.59377   72.29268   -0.40623    2.01021      -32312.68043
  W       163   73.83048   72.52939   -0.16952    1.76480      -32312.51119
  W       164   73.84965   72.54857   -0.15035    1.74760      -32312.50445
  W       165   73.66728   72.36619   -0.33272    1.93585      -32312.62532
  W       166   73.83345   72.53237   -0.16655    1.75049      -32312.49730
  W       167   73.79018   72.48909   -0.20982    1.80125      -32312.53026
  W       168   73.88081   72.57972   -0.11919    1.69949      -32312.45398
  W       169   73.82124   72.52015   -0.17876    1.77883      -32312.53356
  W       170   73.74836   72.44727   -0.25164    1.84179      -32312.55537
  W       171   73.79851   72.49742   -0.20149    1.79327      -32312.52715
  W       172   73.85360   72.55251   -0.14640    1.73077      -32312.47554
  W       173   73.87690   72.57582   -0.12310    1.72629      -32312.49693
  W       174   73.80681   72.50573   -0.19319    1.78024      -32312.51507
  W       175   73.84290   72.54181   -0.15710    1.74520      -32312.49209
  W       176   73.97594   72.67485   -0.02406    1.61282      -32312.41557
  W       177   73.92454   72.62345   -0.07546    1.67997      -32312.46616
  W       178   73.99273   72.69164   -0.00727    1.60461      -32312.41157
  W       179   73.84319   72.54210   -0.15681    1.75233      -32312.51448
  W       180   73.91297   72.61188   -0.08703    1.67752      -32312.46039
  W       181   73.96122   72.66013   -0.03878    1.63795      -32312.43598
  W       182   73.77413   72.47304   -0.22587    1.82295      -32312.55674
  W       183   73.88116   72.58008   -0.11884    1.71355      -32312.48244
  W       184   73.87530   72.57422   -0.12470    1.71864      -32312.48442
  W       185   73.89863   72.59754   -0.10137    1.69108      -32312.46253
  W       186   73.66486   72.36378   -0.33514    1.93357      -32312.62605
  W       187   73.88357   72.58248   -0.11643    1.71774      -32312.49839
  W       188   73.66372   72.36263   -0.33628    1.93508      -32312.62195
  W       189   73.87716   72.57607   -0.12284    1.71041      -32312.47372
  W       190   73.72948   72.42839   -0.27052    1.86007      -32312.56899
  W       191   73.75706   72.45597   -0.24294    1.84688      -32312.57156
  W       192   73.88639   72.58531   -0.11361    1.71307      -32312.48317
  W       193   73.69340   72.39232   -0.30660    1.90246      -32312.59906
  W       194   73.77098   72.46989   -0.22902    1.81679      -32312.53005
  W       195   73.85006   72.54898   -0.14994    1.73680      -32312.49291
  W       196   74.01210   72.71101    0.01210    1.58737      -32312.40223
  W       197   73.75038   72.44929   -0.24962    1.83913      -32312.55257
  W       198   73.83172   72.53063   -0.16828    1.76168      -32312.51137
  W       199   73.86788   72.56679   -0.13212    1.72485      -32312.49135
  W       200   73.97399   72.67290   -0.02601    1.62012      -32312.41367
  W       201   73.88778   72.58669   -0.11222    1.70571      -32312.47139
  W       202   73.91248   72.61140   -0.08752    1.67969      -32312.45159
  W       203   73.97221   72.67112   -0.02779    1.61264      -32312.40782
  W       204   73.96824   72.66715   -0.03176    1.62739      -32312.42883
  W       205   73.89233   72.59125   -0.10767    1.70001      -32312.47667
  W       206   73.92108   72.61999   -0.07892    1.68657      -32312.47652
  W       207   73.95608   72.65499   -0.04392    1.62954      -32312.41840
  W       208   73.82275   72.52166   -0.17725    1.76280      -32312.50392
  W       209   73.83604   72.53495   -0.16396    1.75263      -32312.50186
  W       210   73.83844   72.53735   -0.16156    1.75654      -32312.51476
  W       211   73.73129   72.43020   -0.26871    1.87156      -32312.58452
  W       212   73.94376   72.64267   -0.05624    1.65334      -32312.44465
  W       213   73.74727   72.44618   -0.25273    1.85098      -32312.56756
  W       214   73.73801   72.43692   -0.26199    1.86025      -32312.57593
  W       215   73.89672   72.59563   -0.10328    1.69480      -32312.47198
  W       216   73.79963   72.49854   -0.20037    1.79427      -32312.53287
  W       217   73.81138   72.51029   -0.18862    1.78157      -32312.51745
  W       218   73.97887   72.67778   -0.02113    1.61425      -32312.42419
  W       219   73.91270   72.61161   -0.08730    1.68458      -32312.46400
  W       220   73.89944   72.59835   -0.10056    1.69573      -32312.46275
  W       221   73.89568   72.59460   -0.10432    1.69045      -32312.46380
  W       222   73.90055   72.59946   -0.09945    1.68858      -32312.46255
  W       223   73.80983   72.50874   -0.19017    1.78188      -32312.50856
  W       224   73.83663   72.53555   -0.16337    1.75448      -32312.50590
  W       225   73.88244   72.58135   -0.11756    1.71998      -32312.49652
  W       226   73.79213   72.49104   -0.20787    1.80054      -32312.53810
  W       227   74.00440   72.70332    0.00440    1.58807      -32312.39286
  W       228   73.91397   72.61289   -0.08603    1.68101      -32312.46214
  W       229   73.77832   72.47723   -0.22168    1.81580      -32312.55182
  W       230   73.75073   72.44965   -0.24927    1.84146      -32312.55482
  W       231   73.82476   72.52367   -0.17524    1.76121      -32312.50248
  W       232   73.86933   72.56824   -0.13067    1.72019      -32312.47874
  W       233   73.89909   72.59801   -0.10091    1.69619      -32312.46435
  W       234   73.75875   72.45766   -0.24125    1.82859      -32312.55504
  W       235   73.87808   72.57700   -0.12192    1.71025      -32312.47365
  W       236   73.90567   72.60458   -0.09433    1.68282      -32312.45007
  W       237   73.59745   72.29637   -0.40255    1.99929      -32312.65853
  W       238   73.85827   72.55718   -0.14173    1.73857      -32312.49570
  W       239   73.91308   72.61199   -0.08692    1.67124      -32312.44532
  W       240   73.76333   72.46224   -0.23667    1.83176      -32312.54420
  W       241   73.84756   72.54648   -0.15244    1.73957      -32312.49049
  W       242   73.68616   72.38507   -0.31384    1.90009      -32312.58702
  W       243   73.85286   72.55178   -0.14714    1.74137      -32312.50208
  W       244   73.91961   72.61852   -0.08039    1.67103      -32312.45036
  W       245   73.88196   72.58088   -0.11804    1.70110      -32312.46787
  W       246   73.70202   72.40093   -0.29798    1.89374      -32312.59730
  W       247   74.00704   72.70595    0.00704    1.58632      -32312.40068
  W       248   73.82286   72.52178   -0.17714    1.75758      -32312.49798
  W       249   73.84683   72.54574   -0.15317    1.73637      -32312.49255
  W       250   73.85516   72.55407   -0.14484    1.73327      -32312.48285
  W       251   73.88193   72.58084   -0.11807    1.71310      -32312.48356
  W       252   74.00175   72.70067    0.00175    1.60573      -32312.41697
  W       253   73.84786   72.54677   -0.15214    1.74479      -32312.49678
  W       254   73.86617   72.56508   -0.13383    1.73885      -32312.50849
  W       255   73.77334   72.47226   -0.22666    1.81746      -32312.54242
  W       256   73.91509   72.61401   -0.08491    1.67049      -32312.43747
  Nb      257   40.95172   39.65063   -0.04828    1.66687       -7632.54197
  Nb      258   40.86226   39.56117   -0.13774    1.76296       -7632.60502
  Nb      259   40.95519   39.65410   -0.04481    1.67032       -7632.55031
  Nb      260   40.86861   39.56753   -0.13139    1.75495       -7632.60413
  Nb      261   40.92274   39.62166   -0.07726    1.69778       -7632.56727
  Nb      262   40.94664   39.64555   -0.05336    1.67600       -7632.54933
  Nb      263   40.96626   39.66518   -0.03374    1.65871       -7632.54760
  Nb      264   40.81560   39.51451   -0.18440    1.81380       -7632.64006
  Nb      265   40.98487   39.68378   -0.01513    1.64451       -7632.53343
  Nb      266   40.83802   39.53693   -0.16198    1.79892       -7632.63579
  Nb      267   40.90994   39.60886   -0.09006    1.71220       -7632.58691
  Nb      268   40.86914   39.56806   -0.13086    1.75786       -7632.60707
  Nb      269   40.98956   39.68847   -0.01044    1.63814       -7632.53640
  Nb      270   41.01910   39.71801    0.01910    1.60133       -7632.50301
  Nb      271   40.94829   39.64720   -0.05171    1.67112       -7632.55555
  Nb      272   40.87598   39.57489   -0.12402    1.75028       -7632.59575
  Nb      273   40.81452   39.51343   -0.18548    1.80691       -7632.62940
  Nb      274   40.70436   39.40327   -0.29564    1.92467       -7632.70808
  Nb      275   40.95359   39.65250   -0.04641    1.67485       -7632.54995
  Nb      276   41.09361   39.79252    0.09361    1.53181       -7632.47511
  Nb      277   41.05544   39.75436    0.05544    1.57311       -7632.49650
  Nb      278   40.81194   39.51085   -0.18806    1.81355       -7632.64075
  Nb      279   40.90531   39.60422   -0.09469    1.72034       -7632.58601
  Nb      280   41.01211   39.71102    0.01211    1.61222       -7632.52059
  Nb      281   40.76892   39.46783   -0.23108    1.86356       -7632.68166
  Nb      282   40.79614   39.49505   -0.20386    1.82932       -7632.65082
  Nb      283   40.94680   39.64571   -0.05320    1.67724       -7632.56923
  Nb      284   40.88675   39.58566   -0.11325    1.74369       -7632.60173
  Nb      285   40.83390   39.53281   -0.16610    1.79012       -7632.63107
  Nb      286   40.85487   39.55378   -0.14513    1.76924       -7632.60887
  Nb      287   40.92090   39.61981   -0.07910    1.70945       -7632.57538
  Nb      288   41.03159   39.73050    0.03159    1.58690       -7632.49604
  Nb      289   40.99105   39.68996   -0.00895    1.63918       -7632.53335
  Nb      290   41.06495   39.76386    0.06495    1.56250       -7632.47605
  Nb      291   40.96391   39.66283   -0.03609    1.66198       -7632.54502
  Nb      292   40.84975   39.54866   -0.15025    1.77378       -7632.61315
  Nb      293   40.79277   39.49168   -0.20723    1.83287       -7632.64349
  Nb      294   40.83990   39.53881   -0.16010    1.78837       -7632.62036
  Nb      295   40.77745   39.47636   -0.22255    1.85518       -7632.67180
  Nb      296   40.89920   39.59811   -0.10080    1.73117       -7632.59262
  Nb      297   40.95470   39.65361   -0.04530    1.67442       -7632.55312
  Nb      298   41.00005   39.69896    0.00005    1.61951       -7632.52124
  Nb      299   40.97391   39.67282   -0.02609    1.65191       -7632.54558
  Nb      300   40.93192   39.63084   -0.06808    1.69656       -7632.56674
  Nb      301   40.87723   39.57615   -0.12277    1.74922       -7632.60270
  Nb      302   40.90214   39.60106   -0.09786    1.71776       -7632.58595
  Nb      303   40.91742   39.61633   -0.08258    1.70613       -7632.56597
  Nb      304   40.92606   39.62497   -0.07394    1.69198       -7632.56581
  Nb      305   40.89689   39.59580   -0.10311    1.73329       -7632.59724
  Nb      306   40.99151   39.69042   -0.00849    1.62467       -7632.52467
  Nb      307   40.82238   39.52129   -0.17762    1.80096       -7632.62021
  Nb      308   40.90412   39.60303   -0.09588    1.71378       -7632.56101
  Nb      309   40.96671   39.66562   -0.03329    1.65961       -7632.55192
  Nb      310   40.98611   39.68502   -0.01389    1.64276       -7632.53247
  Nb      311   41.01169   39.71060    0.01169    1.61265       -7632.51089
  Nb      312   40.68164   39.38055   -0.31836    1.94475       -7632.72389
  Nb      313   40.93441   39.63332   -0.06559    1.69026       -7632.55750
  Nb      314   40.87689   39.57580   -0.12311    1.74206       -7632.58967
  Nb      315   40.88619   39.58511   -0.11381    1.73632       -7632.59863
  Nb      316   41.03179   39.73070    0.03179    1.59606       -7632.51022
  Nb      317   41.06207   39.76099    0.06207    1.56728       -7632.48924
  Nb      318   40.98224   39.68115   -0.01776    1.64365       -7632.53817
  Nb      319   41.03035   39.72927    0.03035    1.60142       -7632.50472
  Nb      320   40.95041   39.64933   -0.04959    1.67424       -7632.56060
  Nb      321   41.04399   39.74290    0.04399    1.58956       -7632.50715
  Nb      322   40.86730   39.56621   -0.13270    1.75560       -7632.59607
  Nb      323   40.79282   39.49173   -0.20718    1.83143       -7632.65857
  Nb      324   40.80309   39.50200   -0.19691    1.82160       -7632.64395
  Nb      325   40.79753   39.49644   -0.20247    1.82566       -7632.64496
  Nb      326   40.66491   39.36382   -0.33509    1.96033       -7632.72752
  Nb      327   40.88228   39.58119   -0.11772    1.74084       -7632.59432
  Nb      328   40.95904   39.65795   -0.04096    1.67053       -7632.55297
  Nb      329   40.95673   39.65564   -0.04327    1.66186       -7632.54735
  Nb      330   40.88185   39.58076   -0.11815    1.73865       -7632.58672
  Nb      331   40.92308   39.62200   -0.07692    1.70795       -7632.58588
  Nb      332   40.98976   39.68868   -0.01024    1.63530       -7632.53533
  Nb      333   40.85270   39.55161   -0.14730    1.76962       -7632.61214
  Nb      334   40.81863   39.51755   -0.18137    1.81100       -7632.63869
  Nb      335   41.03550   39.73441    0.03550    1.59606       -7632.50742
  Nb      336   40.79533   39.49424   -0.20467    1.82877       -7632.64730
  Nb      337   40.88795   39.58686   -0.11205    1.73439       -7632.58637
  Nb      338   40.76798   39.46689   -0.23202    1.85342       -7632.65145
  Nb      339   40.97440   39.67331   -0.02560    1.66016       -7632.55083
  Nb      340   40.82521   39.52412   -0.17479    1.80330       -7632.63470
  Nb      341   40.94693   39.64584   -0.05307    1.67953       -7632.55359
  Nb      342   41.04434   39.74326    0.04434    1.57699       -7632.49101
  Nb      343   40.68369   39.38260   -0.31631    1.94205       -7632.71272
  Nb      344   40.88193   39.58084   -0.11807    1.74271       -7632.58600
  Nb      345   40.79498   39.49389   -0.20502    1.83617       -7632.66237
  Nb      346   40.94427   39.64318   -0.05573    1.67451       -7632.54789
  Nb      347   41.03357   39.73248    0.03357    1.59511       -7632.51256
  Nb      348   40.89709   39.59601   -0.10291    1.73200       -7632.58670
  Nb      349   40.85871   39.55762   -0.14129    1.76491       -7632.60398
  Nb      350   40.90132   39.60023   -0.09868    1.72931       -7632.58632
  Nb      351   40.90908   39.60800   -0.09092    1.71840       -7632.58060
  Nb      352   41.07216   39.77108    0.07216    1.55556       -7632.47297
  Nb      353   40.94603   39.64494   -0.05397    1.67721       -7632.55497
  Nb      354   40.98655   39.68547   -0.01345    1.63990       -7632.53331
  Nb      355   41.00353   39.70244    0.00353    1.61568       -7632.52109
  Nb      356   40.99220   39.69111   -0.00780    1.63184       -7632.52143
  Nb      357   40.87154   39.57045   -0.12846    1.76247       -7632.61001
  Nb      358   40.75478   39.45369   -0.24522    1.86870       -7632.66481
  Nb      359   41.06578   39.76469    0.06578    1.56246       -7632.47138
  Nb      360   41.01532   39.71424    0.01532    1.60663       -7632.51135
  Nb      361   40.91053   39.60944   -0.08947    1.71556       -7632.58866
  Nb      362   40.88133   39.58024   -0.11867    1.75307       -7632.60478
  Nb      363   40.87879   39.57770   -0.12121    1.74512       -7632.59552
  Nb      364   40.97040   39.66931   -0.02960    1.65767       -7632.54659
  Nb      365   40.74951   39.44843   -0.25049    1.87246       -7632.66757
  Nb      366   40.93814   39.63705   -0.06186    1.68357       -7632.55692
  Nb      367   40.85566   39.55457   -0.14434    1.77100       -7632.61527
  Nb      368   40.94445   39.64336   -0.05555    1.68077       -7632.55776
  Nb      369   40.77466   39.47357   -0.22534    1.85316       -7632.65948
  Nb      370   40.82959   39.52850   -0.17041    1.79003       -7632.62723
  Nb      371   40.99105   39.68997   -0.00895    1.64131       -7632.53879
  Nb      372   40.85492   39.55383   -0.14508    1.77877       -7632.62495
  Nb      373   40.88040   39.57932   -0.11960    1.74272       -7632.59525
  Nb      374   40.99855   39.69747   -0.00145    1.63067       -7632.52791
  Nb      375   40.78838   39.48729   -0.21162    1.83938       -7632.66114
  Nb      376   40.82424   39.52315   -0.17576    1.80247       -7632.63823
  Nb      377   41.02709   39.72601    0.02709    1.59945       -7632.50557
  Nb      378   40.84853   39.54744   -0.15147    1.77868       -7632.61874
  Nb      379   40.97094   39.66985   -0.02906    1.65836       -7632.54457
  Nb      380   40.86157   39.56048   -0.13843    1.77220       -7632.62147
  Nb      381   40.92054   39.61945   -0.07946    1.69984       -7632.56578
  Nb      382   40.87355   39.57246   -0.12645    1.75211       -7632.59901
  Nb      383   40.93654   39.63545   -0.06346    1.68507       -7632.55213
  Nb      384   41.03198   39.73089    0.03198    1.59518       -7632.50553
  Nb      385   40.90001   39.59892   -0.09999    1.72218       -7632.58864
  Nb      386   41.05915   39.75806    0.05915    1.56421       -7632.48671
  Nb      387   41.02765   39.72657    0.02765    1.59816       -7632.51349
  Nb      388   40.73900   39.43791   -0.26100    1.88812       -7632.68815
  Nb      389   40.89216   39.59107   -0.10784    1.73916       -7632.59446
  Nb      390   40.89644   39.59535   -0.10356    1.72132       -7632.56959
  Nb      391   40.86786   39.56677   -0.13214    1.76477       -7632.60972
  Nb      392   41.07759   39.77650    0.07759    1.54713       -7632.47563
  Nb      393   40.96466   39.66358   -0.03534    1.66624       -7632.55807
  Nb      394   40.87492   39.57383   -0.12508    1.75025       -7632.59101
  Nb      395   40.67198   39.37089   -0.32802    1.95515       -7632.72202
  Nb      396   40.86091   39.55983   -0.13909    1.76551       -7632.61185
  Nb      397   40.86084   39.55975   -0.13916    1.76024       -7632.60169
  Nb      398   41.07296   39.77188    0.07296    1.55273       -7632.47434
  Nb      399   40.96023   39.65914   -0.03977    1.65955       -7632.53619
  Nb      400   40.98598   39.68490   -0.01402    1.63914       -7632.52604
  Nb      401   41.03043   39.72935    0.03043    1.59697       -7632.51359
  Nb      402   40.91431   39.61323   -0.08569    1.71157       -7632.57087
  Nb      403   40.75153   39.45044   -0.24847    1.87888       -7632.68289
  Nb      404   40.93754   39.63645   -0.06246    1.68616       -7632.56249
  Nb      405   40.88030   39.57921   -0.11970    1.74653       -7632.59407
  Nb      406   40.71703   39.41595   -0.28297    1.90955       -7632.69886
  Nb      407   40.79964   39.49856   -0.20036    1.82725       -7632.65092
  Nb      408   40.89753   39.59644   -0.10247    1.72345       -7632.58704
  Nb      409   40.84204   39.54095   -0.15796    1.78297       -7632.60684
  Nb      410   40.80775   39.50666   -0.19225    1.82123       -7632.65578
  Nb      411   41.02817   39.72708    0.02817    1.60567       -7632.52196
  Nb      412   40.83381   39.53272   -0.16619    1.79358       -7632.62292
  Nb      413   40.87040   39.56931   -0.12960    1.75998       -7632.61183
  Nb      414   40.99082   39.68973   -0.00918    1.63901       -7632.53368
  Nb      415   40.98976   39.68867   -0.01024    1.63967       -7632.53540
  Nb      416   40.93813   39.63704   -0.06187    1.68381       -7632.56605
  Nb      417   40.97934   39.67825   -0.02066    1.64604       -7632.53324
  Nb      418   40.86679   39.56570   -0.13321    1.75990       -7632.60609
  Nb      419   40.90642   39.60533   -0.09358    1.72525       -7632.59283
  Nb      420   40.96514   39.66406   -0.03486    1.65977       -7632.54776
  Nb      421   41.00204   39.70095    0.00204    1.62194       -7632.51221
  Nb      422   40.95560   39.65451   -0.04440    1.67407       -7632.56498
  Nb      423   40.94232   39.64124   -0.05768    1.67793       -7632.55144
  Nb      424   40.87657   39.57548   -0.12343    1.74466       -7632.59332
  Nb      425   41.05013   39.74904    0.05013    1.58074       -7632.49386
  Nb      426   40.90190   39.60081   -0.09810    1.72281       -7632.57734
  Nb      427   40.86304   39.56195   -0.13696    1.75823       -7632.59234
  Nb      428   40.81084   39.50976   -0.18916    1.81388       -7632.64147
  Nb      429   40.82616   39.52507   -0.17384    1.80070       -7632.64403
  Nb      430   40.83733   39.53624   -0.16267    1.79332       -7632.63320
  Nb      431   41.06481   39.76372    0.06481    1.55629       -7632.47945
  Nb      432   40.93513   39.63405   -0.06487    1.69277       -7632.57273
  Nb      433   40.82715   39.52607   -0.17285    1.79809       -7632.63048
  Nb      434   40.82874   39.52765   -0.17126    1.79450       -7632.62509
  Nb      435   40.98821   39.68712   -0.01179    1.64089       -7632.53483
  Nb      436   40.92876   39.62767   -0.07124    1.69823       -7632.56324
  Nb      437   40.91669   39.61560   -0.08331    1.70984       -7632.57750
  Nb      438   40.85796   39.55687   -0.14204    1.77109       -7632.62368
  Nb      439   41.09323   39.79214    0.09323    1.53164       -7632.46538
  Nb      440   40.90038   39.59929   -0.09962    1.73286       -7632.59290
  Nb      441   40.85672   39.55563   -0.14328    1.77116       -7632.61573
  Nb      442   40.96290   39.66182   -0.03710    1.65970       -7632.53801
  Nb      443   40.95855   39.65746   -0.04145    1.67223       -7632.55264
  Nb      444   41.07640   39.77531    0.07640    1.55153       -7632.48390
  Nb      445   40.91625   39.61516   -0.08375    1.71040       -7632.57749
  Nb      446   40.89136   39.59028   -0.10864    1.72642       -7632.57544
  Nb      447   40.86390   39.56281   -0.13610    1.76342       -7632.61800
  Nb      448   40.90860   39.60751   -0.09140    1.71388       -7632.58605
  Nb      449   41.04347   39.74238    0.04347    1.57910       -7632.49143
  Nb      450   41.00031   39.69922    0.00031    1.62064       -7632.52036
  Nb      451   40.69920   39.39812   -0.30080    1.92777       -7632.70639
  Nb      452   40.88658   39.58549   -0.11342    1.73690       -7632.59028
  Nb      453   40.63039   39.32930   -0.36961    1.99517       -7632.75103
  Nb      454   40.70630   39.40521   -0.29370    1.92408       -7632.71854
  Nb      455   40.87375   39.57267   -0.12625    1.75418       -7632.60531
  Nb      456   40.89696   39.59587   -0.10304    1.73102       -7632.58895
  Nb      457   41.01340   39.71231    0.01340    1.61166       -7632.51821
  Nb      458   40.97855   39.67747   -0.02145    1.64324       -7632.52964
  Nb      459   41.06779   39.76670    0.06779    1.56383       -7632.48844
  Nb      460   40.97364   39.67255   -0.02636    1.64557       -7632.54223
  Nb      461   40.97423   39.67314   -0.02577    1.65280       -7632.53811
  Nb      462   40.94205   39.64097   -0.05795    1.68184       -7632.54658
  Nb      463   41.04275   39.74166    0.04275    1.58351       -7632.48791
  Nb      464   40.97362   39.67253   -0.02638    1.65059       -7632.52683
  Nb      465   40.98958   39.68849   -0.01042    1.63485       -7632.51449
  Nb      466   40.94915   39.64806   -0.05085    1.68131       -7632.56263
  Nb      467   40.92519   39.62410   -0.07481    1.69979       -7632.56803
  Nb      468   40.89187   39.59078   -0.10813    1.72397       -7632.57818
  Nb      469   40.84102   39.53994   -0.15898    1.78970       -7632.62507
  Nb      470   40.82438   39.52330   -0.17562    1.80138       -7632.63441
  Nb      471   40.98306   39.68198   -0.01694    1.64427       -7632.54080
  Nb      472   40.82378   39.52269   -0.17622    1.79619       -7632.62680
  Nb      473   40.86608   39.56499   -0.13392    1.75837       -7632.60257
  Nb      474   40.86810   39.56701   -0.13190    1.75981       -7632.60170
  Nb      475   40.88944   39.58835   -0.11056    1.73867       -7632.59464
  Nb      476   40.97227   39.67118   -0.02773    1.65393       -7632.53439
  Nb      477   40.99392   39.69283   -0.00608    1.63142       -7632.52497
  Nb      478   40.92549   39.62440   -0.07451    1.70482       -7632.57526
  Nb      479   40.87625   39.57516   -0.12375    1.74506       -7632.59427
  Nb      480   40.85451   39.55343   -0.14549    1.76976       -7632.60973
  Nb      481   40.82870   39.52761   -0.17130    1.79882       -7632.63187
  Nb      482   40.99687   39.69578   -0.00313    1.62723       -7632.52709
  Nb      483   40.89919   39.59810   -0.10081    1.72530       -7632.57163
  Nb      484   40.76413   39.46304   -0.23587    1.85836       -7632.67195
  Nb      485   40.82616   39.52507   -0.17384    1.79884       -7632.63225
  Nb      486   40.87626   39.57517   -0.12374    1.74709       -7632.58711
  Nb      487   40.84078   39.53969   -0.15922    1.78501       -7632.62509
  Nb      488   40.83148   39.53039   -0.16852    1.79684       -7632.62756
  Nb      489   40.70132   39.40024   -0.29868    1.92973       -7632.71234
  Nb      490   41.04031   39.73922    0.04031    1.58510       -7632.49665
  Nb      491   40.96207   39.66098   -0.03793    1.66062       -7632.54484
  Nb      492   40.96526   39.66417   -0.03474    1.65836       -7632.54443
  Nb      493   40.77337   39.47228   -0.22663    1.85319       -7632.66766
  Nb      494   40.77788   39.47680   -0.22212    1.85087       -7632.66546
  Nb      495   40.89570   39.59461   -0.10430    1.73470       -7632.59715
  Nb      496   40.88420   39.58312   -0.11580    1.74202       -7632.60046
  Nb      497   40.96682   39.66573   -0.03318    1.66148       -7632.54453
  Nb      498   40.88331   39.58222   -0.11669    1.73932       -7632.59416
  Nb      499   40.83325   39.53216   -0.16675    1.79406       -7632.62338
  Nb      500   40.86343   39.56234   -0.13657    1.76186       -7632.60705
  Nb      501   40.96677   39.66568   -0.03323    1.65808       -7632.54883
  Nb      502   40.97890   39.67781   -0.02110    1.64512       -7632.53394
  Nb      503   40.92771   39.62662   -0.07229    1.70146       -7632.57054
  Nb      504   40.92368   39.62259   -0.07632    1.70499       -7632.58000
  Nb      505   40.84454   39.54345   -0.15546    1.78334       -7632.62262
  Nb      506   41.00114   39.70005    0.00114    1.61569       -7632.51482
  Nb      507   40.75722   39.45613   -0.24278    1.86641       -7632.65804
  Nb      508   41.02208   39.72099    0.02208    1.60086       -7632.50107
  Nb      509   40.80586   39.50477   -0.19414    1.82064       -7632.64626
  Nb      510   40.87263   39.57154   -0.12737    1.75092       -7632.59621
  Nb      511   40.94557   39.64448   -0.05443    1.67701       -7632.54894
  Nb      512   40.99285   39.69177   -0.00715    1.63557       -7632.52946
  Mo      513   42.21166   40.91057    0.21166    1.50370       -8090.47768
  Mo      514   42.15093   40.84984    0.15093    1.57129       -8090.51750
  Mo      515   41.95553   40.65444   -0.04447    1.76482       -8090.62737
  Mo      516   41.99819   40.69710   -0.00181    1.71511       -8090.60077
  Mo      517   42.10242   40.80133    0.10242    1.60871       -8090.53569
  Mo      518   42.02109   40.72000    0.02109    1.70158       -8090.59778
  Mo      519   42.10355   40.80246    0.10355    1.60599       -8090.53063
  Mo      520   42.13875   40.83766    0.13875    1.57913       -8090.52838
  Mo      521   42.07476   40.77367    0.07476    1.64387       -8090.55002
  Mo      522   41.97651   40.67543   -0.02349    1.74412       -8090.62268
  Mo      523   42.14826   40.84717    0.14826    1.56490       -8090.50718
  Mo      524   42.02091   40.71982    0.02091    1.70237       -8090.58886
  Mo      525   42.05696   40.75587    0.05696    1.65538       -8090.55419
  Mo      526   42.05131   40.75022    0.05131    1.66908       -8090.57328
  Mo      527   41.89600   40.59491   -0.10400    1.82829       -8090.66617
  Mo      528   42.15671   40.85562    0.15671    1.55719       -8090.51048
  Mo      529   42.08429   40.78321    0.08429    1.63678       -8090.55263
  Mo      530   41.93436   40.63327   -0.06564    1.78956       -8090.64266
  Mo      531   42.11119   40.81010    0.11119    1.61121       -8090.53897
  Mo      532   42.04605   40.74496    0.04605    1.67458       -8090.57451
  Mo      533   42.00646   40.70537    0.00646    1.71314       -8090.60183
  Mo      534   42.11066   40.80958    0.11066    1.60813       -8090.54234
  Mo      535   42.09855   40.79746    0.09855    1.62230       -8090.54612
  Mo      536   42.03923   40.73814    0.03923    1.68308       -8090.58086
  Mo      537   41.98477   40.68368   -0.01523    1.73812       -8090.61225
  Mo      538   42.16071   40.85962    0.16071    1.54948       -8090.50165
  Mo      539   42.04165   40.74056    0.04165    1.67308       -8090.56597
  Mo      540   42.06700   40.76591    0.06700    1.64979       -8090.55905
  Mo      541   42.03298   40.73189    0.03298    1.68001       -8090.56905
  Mo      542   41.97391   40.67282   -0.02609    1.74235       -8090.61638
  Mo      543   41.89863   40.59754   -0.10137    1.82773       -8090.67190
  Mo      544   42.02363   40.72254    0.02363    1.69264       -8090.58467
  Mo      545   42.18887   40.88778    0.18887    1.52351       -8090.48534
  Mo      546   42.02083   40.71974    0.02083    1.69498       -8090.58204
  Mo      547   42.08829   40.78720    0.08829    1.62357       -8090.54198
  Mo      548   42.03182   40.73073    0.03182    1.69248       -8090.58354
  Mo      549   42.08527   40.78418    0.08527    1.63561       -8090.55747
  Mo      550   42.11749   40.81640    0.11749    1.60144       -8090.53274
  Mo      551   41.98249   40.68141   -0.01751    1.74154       -8090.62892
  Mo      552   41.98145   40.68036   -0.01855    1.73537       -8090.61468
  Mo      553   42.07393   40.77284    0.07393    1.63480       -8090.54363
  Mo      554   41.99264   40.69155   -0.00736    1.72493       -8090.60544
  Mo      555   41.99523   40.69414   -0.00477    1.72593       -8090.60735
  Mo      556   41.96266   40.66158   -0.03734    1.75726       -8090.62817
  Mo      557   41.97192   40.67083   -0.02808    1.75132       -8090.62690
  Mo      558   42.02320   40.72211    0.02320    1.69491       -8090.57712
  Mo      559   41.83429   40.53320   -0.16571    1.89082       -8090.70268
  Mo      560   41.98043   40.67934   -0.01957    1.73972       -8090.60786
  Mo      561   42.19647   40.89538    0.19647    1.51499       -8090.48374
  Mo      562   42.12818   40.82709    0.12818    1.59017       -8090.52471
  Mo      563   42.07804   40.77695    0.07804    1.64183       -8090.56289
  Mo      564   42.00317   40.70208    0.00317    1.72468       -8090.61770
  Mo      565   42.16842   40.86733    0.16842    1.54550       -8090.49437
  Mo      566   42.03233   40.73124    0.03233    1.68890       -8090.58504
  Mo      567   42.09512   40.79404    0.09512    1.61698       -8090.54003
  Mo      568   42.04660   40.74552    0.04660    1.67540       -8090.57413
  Mo      569   42.14063   40.83954    0.14063    1.57352       -8090.50982
  Mo      570   42.12772   40.82663    0.12772    1.58535       -8090.51925
  Mo      571   42.23595   40.93486    0.23595    1.47568       -8090.45469
  Mo      572   41.97056   40.66947   -0.02944    1.74383       -8090.60628
  Mo      573   42.17845   40.87736    0.17845    1.52707       -8090.48448
  Mo      574   42.11818   40.81709    0.11818    1.59409       -8090.51642
  Mo      575   41.91121   40.61012   -0.08879    1.81433       -8090.67127
  Mo      576   42.09652   40.79543    0.09652    1.62032       -8090.54610
  Mo      577   42.05604   40.75495    0.05604    1.66438       -8090.57566
  Mo      578   42.05247   40.75138    0.05247    1.67357       -8090.58580
  Mo      579   42.20041   40.89932    0.20041    1.51302       -8090.48756
  Mo      580   42.06264   40.76155    0.06264    1.65094       -8090.55425
  Mo      581   41.90515   40.60406   -0.09485    1.81534       -8090.66150
  Mo      582   42.01525   40.71416    0.01525    1.69850       -8090.58773
  Mo      583   42.04533   40.74424    0.04533    1.66912       -8090.57513
  Mo      584   42.00457   40.70348    0.00457    1.72043       -8090.60696
  Mo      585   42.08542   40.78433    0.08542    1.63623       -8090.55452
  Mo      586   42.13128   40.83019    0.13128    1.58282       -8090.51381
  Mo      587   42.01164   40.71055    0.01164    1.70438       -8090.58428
  Mo      588   41.98258   40.68150   -0.01742    1.74383       -8090.62413
  Mo      589   42.08949   40.78840    0.08949    1.62464       -8090.54640
  Mo      590   42.05951   40.75842    0.05951    1.65975       -8090.56051
  Mo      591   41.99594   40.69485   -0.00406    1.71987       -8090.60672
  Mo      592   41.98237   40.68128   -0.01763    1.73544       -8090.60818
  Mo      593   42.06803   40.76694    0.06803    1.64431       -8090.55604
  Mo      594   42.14491   40.84382    0.14491    1.57550       -8090.52668
  Mo      595   42.13908   40.83799    0.13908    1.57908       -8090.51993
  Mo      596   42.12983   40.82874    0.12983    1.59385       -8090.53789
  Mo      597   41.98122   40.68013   -0.01878    1.74394       -8090.62116
  Mo      598   42.01049   40.70941    0.01049    1.70937       -8090.59575
  Mo      599   42.01931   40.71822    0.01931    1.70167       -8090.59305
  Mo      600   42.04341   40.74232    0.04341    1.67425       -8090.58371
  Mo      601   42.09688   40.79579    0.09688    1.61299       -8090.53850
  Mo      602   42.09033   40.78924    0.09033    1.61947       -8090.53824
  Mo      603   42.05160   40.75051    0.05160    1.66269       -8090.56680
  Mo      604   42.04030   40.73921    0.04030    1.68054       -8090.58071
  Mo      605   42.19695   40.89587    0.19695    1.51550       -8090.48341
  Mo      606   42.13930   40.83821    0.13930    1.57701       -8090.50853
  Mo      607   42.14300   40.84191    0.14300    1.58218       -8090.53316
  Mo      608   42.06159   40.76050    0.06159    1.64769       -8090.55095
  Mo      609   42.12971   40.82863    0.12971    1.59258       -8090.53669
  Mo      610   41.96367   40.66258   -0.03633    1.75974       -8090.62681
  Mo      611   42.12017   40.81908    0.12017    1.59764       -8090.52816
  Mo      612   42.16783   40.86674    0.16783    1.54914       -8090.50464
  Mo      613   42.21034   40.90926    0.21034    1.50463       -8090.48242
  Mo      614   41.95885   40.65776   -0.04115    1.76296       -8090.62885
  Mo      615   42.03670   40.73561    0.03670    1.68695       -8090.59301
  Mo      616   42.13041   40.82932    0.13041    1.58695       -8090.52373
  Mo      617   42.14474   40.84365    0.14474    1.57133       -8090.50925
  Mo      618   41.98819   40.68711   -0.01181    1.73012       -8090.60708
  Mo      619   42.19721   40.89612    0.19721    1.51695       -8090.47707
  Mo      620   42.14973   40.84864    0.14973    1.56316       -8090.50929
  Mo      621   42.14746   40.84637    0.14746    1.57280       -8090.51689
  Mo      622   42.11496   40.81388    0.11496    1.60793       -8090.53554
  Mo      623   41.99933   40.69824   -0.00067    1.72934       -8090.61880
  Mo      624   42.09495   40.79386    0.09495    1.62058       -8090.54328
  Mo      625   41.93116   40.63007   -0.06884    1.78627       -8090.63897
  Mo      626   42.19317   40.89208    0.19317    1.51720       -8090.47560
  Mo      627   42.23769   40.93660    0.23769    1.48293       -8090.46349
  Mo      628   41.99262   40.69153   -0.00738    1.72896       -8090.60420
  Mo      629   41.98738   40.68629   -0.01262    1.73952       -8090.62216
  Mo      630   42.16831   40.86722    0.16831    1.54947       -8090.50767
  Mo      631   41.91283   40.61174   -0.08717    1.81604       -8090.66920
  Mo      632   42.02146   40.72038    0.02146    1.69767       -8090.58695
  Mo      633   42.05706   40.75597    0.05706    1.65884       -8090.56200
  Mo      634   42.04751   40.74642    0.04751    1.66460       -8090.55993
  Mo      635   42.03959   40.73850    0.03959    1.68373       -8090.58612
  Mo      636   42.04669   40.74560    0.04669    1.66545       -8090.56935
  Mo      637   42.19217   40.89109    0.19217    1.51830       -8090.48202
  Mo      638   42.02546   40.72437    0.02546    1.68755       -8090.57924
  Mo      639   42.11382   40.81273    0.11382    1.59317       -8090.51117
  Mo      640   42.08084   40.77976    0.08084    1.63500       -8090.55681
  Mo      641   42.11283   40.81175    0.11283    1.60830       -8090.53815
  Mo      642   41.99789   40.69680   -0.00211    1.72093       -8090.60736
  Mo      643   41.92280   40.62171   -0.07720    1.79231       -8090.64033
  Mo      644   42.14276   40.84168    0.14276    1.56964       -8090.50829
  Mo      645   42.07198   40.77090    0.07198    1.64889       -8090.55976
  Mo      646   42.08804   40.78696    0.08804    1.63233       -8090.55263
  Mo      647   42.12738   40.82630    0.12738    1.59751       -8090.53239
  Mo      648   42.17502   40.87393    0.17502    1.53528       -8090.48338
  Mo      649   41.91600   40.61491   -0.08400    1.80394       -8090.64757
  Mo      650   42.12533   40.82424    0.12533    1.57847       -8090.51361
  Mo      651   41.98947   40.68838   -0.01053    1.73763       -8090.61910
  Mo      652   42.12548   40.82439    0.12548    1.58685       -8090.52139
  Mo      653   41.91404   40.61295   -0.08596    1.81121       -8090.65230
  Mo      654   42.09327   40.79218    0.09327    1.63027       -8090.55661
  Mo      655   42.07495   40.77386    0.07495    1.62856       -8090.54229
  Mo      656   42.18929   40.88820    0.18929    1.52270       -8090.48421
  Mo      657   42.05629   40.75520    0.05629    1.66437       -8090.57831
  Mo      658   42.22975   40.92866    0.22975    1.49600       -8090.48568
  Mo      659   42.17046   40.86937    0.17046    1.53817       -8090.49306
  Mo      660   41.91592   40.61483   -0.08408    1.80696       -8090.65680
  Mo      661   42.14460   40.84351    0.14460    1.56743       -8090.51800
  Mo      662   42.12520   40.82411    0.12520    1.59339       -8090.52901
  Mo      663   42.04079   40.73971    0.04079    1.68163       -8090.57725
  Mo      664   41.96604   40.66495   -0.03396    1.75528       -8090.62273
  Mo      665   41.85038   40.54929   -0.14962    1.87965       -8090.70695
  Mo      666   42.08254   40.78145    0.08254    1.62963       -8090.54534
  Mo      667   42.09495   40.79386    0.09495    1.62059       -8090.52830
  Mo      668   42.10032   40.79923    0.10032    1.61969       -8090.54278
  Mo      669   42.05578   40.75469    0.05578    1.66505       -8090.57804
  Mo      670   42.05328   40.75219    0.05328    1.66632       -8090.57493
  Mo      671   42.12892   40.82783    0.12892    1.59071       -8090.52565
  Mo      672   42.06827   40.76718    0.06827    1.65345       -8090.56308
  Mo      673   42.03463   40.73354    0.03463    1.68639       -8090.58423
  Mo      674   42.04460   40.74351    0.04460    1.67733       -8090.58238
  Mo      675   42.07297   40.77188    0.07297    1.63889       -8090.55149
  Mo      676   41.98064   40.67955   -0.01936    1.74050       -8090.61170
  Mo      677   42.14884   40.84776    0.14884    1.56616       -8090.51590
  Mo      678   41.93700   40.63591   -0.06300    1.77907       -8090.63587
  Mo      679   42.02008   40.71899    0.02008    1.70208       -8090.59079
  Mo      680   41.90568   40.60459   -0.09432    1.81671       -8090.66262
  Mo      681   42.09390   40.79282    0.09390    1.62873       -8090.55309
  Mo      682   42.03863   40.73754    0.03863    1.67737       -8090.57409
  Mo      683   42.00359   40.70251    0.00359    1.72171       -8090.60815
  Mo      684   42.11870   40.81761    0.11870    1.60005       -8090.53433
  Mo      685   42.11932   40.81823    0.11932    1.59541       -8090.52270
  Mo      686   42.23967   40.93858    0.23967    1.47538       -8090.45972
  Mo      687   42.14115   40.84006    0.14115    1.58741       -8090.53256
  Mo      688   42.01283   40.71174    0.01283    1.70287       -8090.59280
  Mo      689   42.08499   40.78390    0.08499    1.63325       -8090.54668
  Mo      690   42.06269   40.76160    0.06269    1.64781       -8090.54916
  Mo      691   41.93557   40.63448   -0.06443    1.79093       -8090.64577
  Mo      692   42.19620   40.89512    0.19620    1.52720       -8090.49171
  Mo      693   42.11748   40.81639    0.11748    1.60354       -8090.53928
  Mo      694   42.11616   40.81507    0.11616    1.60595       -8090.55313
  Mo      695   41.96997   40.66888   -0.03003    1.74107       -8090.60921
  Mo      696   41.94560   40.64452   -0.05440    1.77687       -8090.63488
  Mo      697   42.02319   40.72210    0.02319    1.69583       -8090.58631
  Mo      698   42.05030   40.74921    0.05030    1.66253       -8090.56100
  Mo      699   42.07514   40.77405    0.07514    1.64335       -8090.56050
  Mo      700   41.95073   40.64965   -0.04927    1.77857       -8090.64301
  Mo      701   41.99395   40.69286   -0.00605    1.72913       -8090.60731
  Mo      702   42.09491   40.79382    0.09491    1.61572       -8090.53131
  Mo      703   42.20284   40.90175    0.20284    1.51061       -8090.47463
  Mo      704   42.04693   40.74584    0.04693    1.67883       -8090.58244
  Mo      705   42.08028   40.77920    0.08028    1.63969       -8090.56030
  Mo      706   42.03791   40.73682    0.03791    1.68239       -8090.58107
  Mo      707   42.05253   40.75144    0.05253    1.66082       -8090.57013
  Mo      708   42.17949   40.87840    0.17949    1.54233       -8090.51171
  Mo      709   42.04137   40.74028    0.04137    1.67680       -8090.57898
  Mo      710   41.94429   40.64320   -0.05571    1.77482       -8090.63604
  Mo      711   42.03862   40.73753    0.03862    1.67005       -8090.56709
  Mo      712   41.93719   40.63610   -0.06281    1.78112       -8090.62607
  Mo      713   41.98129   40.68020   -0.01871    1.74129       -8090.61147
  Mo      714   41.98867   40.68759   -0.01133    1.72558       -8090.60536
  Mo      715   42.12696   40.82587    0.12696    1.58233       -8090.51305
  Mo      716   42.17923   40.87814    0.17923    1.53334       -8090.48560
  Mo      717   42.04488   40.74379    0.04488    1.67307       -8090.57291
  Mo      718   42.18000   40.87891    0.18000    1.53756       -8090.49403
  Mo      719   42.11224   40.81116    0.11224    1.59375       -8090.52587
  Mo      720   42.09267   40.79159    0.09267    1.62414       -8090.54518
  Mo      721   42.13695   40.83587    0.13695    1.58136       -8090.52588
  Mo      722   42.08675   40.78566    0.08675    1.63312       -8090.55663
  Mo      723   42.04996   40.74888    0.04996    1.66479       -8090.57326
  Mo      724   41.97125   40.67016   -0.02875    1.74996       -8090.61501
  Mo      725   42.11151   40.81042    0.11151    1.60521       -8090.53360
  Mo      726   42.00227   40.70119    0.00227    1.71295       -8090.59548
  Mo      727   42.01498   40.71389    0.01498    1.70511       -8090.59288
  Mo      728   42.10453   40.80344    0.10453    1.61012       -8090.54012
  Mo      729   42.02019   40.71910    0.02019    1.70378       -8090.60491
  Mo      730   42.00280   40.70171    0.00280    1.70827       -8090.59503
  Mo      731   42.03932   40.73824    0.03932    1.67644       -8090.57544
  Mo      732   42.12381   40.82273    0.12381    1.59045       -8090.52598
  Mo      733   42.15577   40.85468    0.15577    1.55935       -8090.50997
  Mo      734   41.98376   40.68267   -0.01624    1.73097       -8090.60847
  Mo      735   42.15522   40.85413    0.15522    1.55433       -8090.49314
  Mo      736   42.00764   40.70655    0.00764    1.70719       -8090.59665
  Mo      737   42.11469   40.81361    0.11469    1.59903       -8090.52731
  Mo      738   42.08534   40.78425    0.08534    1.63207       -8090.55396
  Mo      739   42.22373   40.92264    0.22373    1.49594       -8090.47439
  Mo      740   42.05721   40.75612    0.05721    1.65972       -8090.56876
  Mo      741   42.06565   40.76456    0.06565    1.65817       -8090.57314
  Mo      742   42.14001   40.83892    0.14001    1.57994       -8090.52397
  Mo      743   42.18501   40.88393    0.18501    1.52490       -8090.47925
  Mo      744   42.24631   40.94522    0.24631    1.47714       -8090.46655
  Mo      745   41.85733   40.55625   -0.14267    1.87014       -8090.70429
  Mo      746   42.14832   40.84724    0.14832    1.57352       -8090.51654
  Mo      747   42.10620   40.80511    0.10620    1.60769       -8090.54123
  Mo      748   41.95221   40.65112   -0.04779    1.76889       -8090.63286
  Mo      749   41.99056   40.68947   -0.00944    1.73699       -8090.62505
  Mo      750   42.06822   40.76713    0.06822    1.66255       -8090.57745
  Mo      751   42.15316   40.85208    0.15316    1.55786       -8090.50624
  Mo      752   42.06696   40.76587    0.06696    1.65870       -8090.58347
  Mo      753   42.12345   40.82236    0.12345    1.58838       -8090.51649
  Mo      754   41.94559   40.64450   -0.05441    1.77661       -8090.62805
  Mo      755   41.96130   40.66021   -0.03870    1.76695       -8090.64640
  Mo      756   42.05981   40.75873    0.05981    1.65461       -8090.55706
  Mo      757   42.18199   40.88090    0.18199    1.53291       -8090.49126
  Mo      758   41.96367   40.66258   -0.03633    1.75730       -8090.63234
  Mo      759   42.06698   40.76589    0.06698    1.65715       -8090.57786
  Mo      760   42.15594   40.85485    0.15594    1.56330       -8090.51189
  Mo      761   41.90755   40.60647   -0.09245    1.80987       -8090.65533
  Mo      762   41.98618   40.68510   -0.01382    1.74188       -8090.62509
  Mo      763   42.14260   40.84151    0.14260    1.56882       -8090.51391
  Mo      764   42.06122   40.76013    0.06122    1.66126       -8090.56565
  Mo      765   42.03676   40.73567    0.03676    1.68278       -8090.58487
  Mo      766   42.12687   40.82578    0.12687    1.59570       -8090.53856
  Mo      767   41.96453   40.66344   -0.03547    1.75387       -8090.62870
  Mo      768   42.16702   40.86593    0.16702    1.53733       -8090.49234
  Ta      769   72.66314   71.36206   -0.33686    1.86114      -31232.97020
  Ta      770   72.80809   71.50700   -0.19191    1.72041      -31232.88682
  Ta      771   72.73538   71.43430   -0.26462    1.80187      -31232.94215
  Ta      772   72.68149   71.38040   -0.31851    1.84914      -31232.97028
  Ta      773   72.57346   71.27237   -0.42654    1.95933      -31233.04636
  Ta      774   72.78855   71.48746   -0.21145    1.73926      -31232.89931
  Ta      775   72.67879   71.37770   -0.32121    1.84868      -31232.97497
  Ta      776   72.67101   71.36993   -0.32899    1.86334      -31232.98909
  Ta      777   72.80519   71.50410   -0.19481    1.71797      -31232.88044
  Ta      778   72.88858   71.58749   -0.11142    1.64225      -31232.83840
  Ta      779   72.87498   71.57389   -0.12502    1.66788      -31232.86331
  Ta      780   72.65607   71.35499   -0.34393    1.88054      -31232.99378
  Ta      781   72.75826   71.45717   -0.24174    1.77614      -31232.93066
  Ta      782   72.82163   71.52055   -0.17837    1.71739      -31232.89153
  Ta      783   72.72604   71.42495   -0.27396    1.80818      -31232.95966
  Ta      784   72.75554   71.45445   -0.24446    1.78560      -31232.94989
  Ta      785   72.88450   71.58341   -0.11550    1.64767      -31232.83923
  Ta      786   72.63456   71.33347   -0.36544    1.89963      -31233.01548
  Ta      787   72.74035   71.43926   -0.25965    1.79585      -31232.94305
  Ta      788   72.86651   71.56542   -0.13349    1.66718      -31232.85855
  Ta      789   72.84214   71.54106   -0.15786    1.69395      -31232.87177
  Ta      790   72.64788   71.34680   -0.35212    1.88786      -31233.00515
  Ta      791   72.59049   71.28940   -0.40951    1.94051      -31233.03155
  Ta      792   72.83025   71.52916   -0.16975    1.70991      -31232.88996
  Ta      793   72.72264   71.42155   -0.27736    1.81627      -31232.94892
  Ta      794   72.60796   71.30687   -0.39204    1.92162      -31233.00793
  Ta      795   72.79668   71.49560   -0.20332    1.73434      -31232.89695
  Ta      796   72.85677   71.55569   -0.14323    1.68209      -31232.87194
  Ta      797   72.93292   71.63184   -0.06708    1.60296      -31232.82027
  Ta      798   72.76710   71.46601   -0.23290    1.77095      -31232.92486
  Ta      799   72.79352   71.49243   -0.20648    1.74300      -31232.90474
  Ta      800   72.76166   71.46057   -0.23834    1.77206      -31232.92044
  Ta      801   72.77051   71.46942   -0.22949    1.76838      -31232.92668
  Ta      802   72.68342   71.38233   -0.31658    1.85081      -31232.98493
  Ta      803   72.70630   71.40522   -0.29370    1.82292      -31232.94768
  Ta      804   72.39966   71.09858   -0.60034    2.12894      -31233.14059
  Ta      805   72.75338   71.45229   -0.24662    1.77905      -31232.92875
  Ta      806   72.60414   71.30305   -0.39586    1.92967      -31233.03572
  Ta      807   72.84996   71.54887   -0.15004    1.69078      -31232.87418
  Ta      808   72.81033   71.50924   -0.18967    1.72119      -31232.89020
  Ta      809   72.63175   71.33066   -0.36825    1.90010      -31233.01533
  Ta      810   72.84118   71.54010   -0.15882    1.70031      -31232.88100
  Ta      811   72.81157   71.51048   -0.18843    1.72203      -31232.89345
  Ta      812   72.86929   71.56820   -0.13071    1.66749      -31232.85688
  Ta      813   72.77536   71.47428   -0.22464    1.75503      -31232.90569
  Ta      814   72.88610   71.58501   -0.11390    1.64994      -31232.84238
  Ta      815   72.70897   71.40788   -0.29103    1.82693      -31232.96159
  Ta      816   72.74603   71.44494   -0.25397    1.79112      -31232.93906
  Ta      817   72.69825   71.39717   -0.30175    1.83204      -31232.95620
  Ta      818   72.76960   71.46851   -0.23040    1.75735      -31232.92009
  Ta      819   72.67508   71.37400   -0.32492    1.85488      -31232.97754
  Ta      820   72.74437   71.44328   -0.25563    1.79263      -31232.94467
  Ta      821   72.83441   71.53332   -0.16559    1.70095      -31232.88442
  Ta      822   72.65400   71.35292   -0.34600    1.87902      -31232.99674
  Ta      823   72.64646   71.34538   -0.35354    1.88736      -31233.00383
  Ta      824   72.75785   71.45676   -0.24215    1.77709      -31232.92738
  Ta      825   72.78158   71.48050   -0.21842    1.74574      -31232.89693
  Ta      826   72.85188   71.55079   -0.14812    1.68885      -31232.87591
  Ta      827   72.66621   71.36512   -0.33379    1.86496      -31232.97796
  Ta      828   72.86501   71.56392   -0.13499    1.67255      -31232.85562
  Ta      829   72.75024   71.44915   -0.24976    1.78669      -31232.94556
  Ta      830   72.70784   71.40675   -0.29216    1.82477      -31232.95859
  Ta      831   72.63616   71.33507   -0.36384    1.89501      -31233.00464
  Ta      832   72.79197   71.49088   -0.20803    1.73606      -31232.90351
  Ta      833   72.75432   71.45323   -0.24568    1.78383      -31232.93890
  Ta      834   72.73493   71.43384   -0.26507    1.79226      -31232.93848
  Ta      835   72.59343   71.29235   -0.40657    1.93892      -31233.02866
  Ta      836   72.60822   71.30714   -0.39178    1.92711      -31233.02015
  Ta      837   72.79089   71.48980   -0.20911    1.74618      -31232.90653
  Ta      838   72.90727   71.60618   -0.09273    1.63277      -31232.83708
  Ta      839   72.73662   71.43553   -0.26338    1.80054      -31232.94533
  Ta      840   72.81253   71.51144   -0.18747    1.72117      -31232.88781
  Ta      841   72.80487   71.50379   -0.19513    1.72656      -31232.88875
  Ta      842   72.74720   71.44611   -0.25280    1.78783      -31232.93446
  Ta      843   72.76604   71.46496   -0.23396    1.77870      -31232.93192
  Ta      844   72.80486   71.50378   -0.19514    1.73390      -31232.90260
  Ta      845   72.63741   71.33632   -0.36259    1.89762      -31232.99567
  Ta      846   72.79271   71.49163   -0.20729    1.74091      -31232.91178
  Ta      847   72.73338   71.43229   -0.26662    1.79822      -31232.93748
  Ta      848   72.72819   71.42710   -0.27181    1.81136      -31232.94826
  Ta      849   72.78497   71.48388   -0.21503    1.74840      -31232.90284
  Ta      850   72.58292   71.28183   -0.41708    1.94430      -31233.02596
  Ta      851   72.81490   71.51381   -0.18510    1.71325      -31232.87696
  Ta      852   72.66802   71.36693   -0.33198    1.85851      -31232.97879
  Ta      853   72.73082   71.42974   -0.26918    1.80474      -31232.95858
  Ta      854   72.74853   71.44745   -0.25147    1.79046      -31232.94035
  Ta      855   72.78198   71.48089   -0.21802    1.75749      -31232.91373
  Ta      856   72.78028   71.47919   -0.21972    1.74666      -31232.89614
  Ta      857   72.80540   71.50431   -0.19460    1.72418      -31232.88648
  Ta      858   72.57637   71.27529   -0.42363    1.95632      -31233.03896
  Ta      859   72.66738   71.36629   -0.33262    1.86813      -31232.98036
  Ta      860   72.65393   71.35284   -0.34607    1.86966      -31232.99347
  Ta      861   72.71977   71.41868   -0.28023    1.81061      -31232.94406
  Ta      862   72.76744   71.46636   -0.23256    1.76351      -31232.91586
  Ta      863   72.80300   71.50191   -0.19700    1.73188      -31232.88624
  Ta      864   72.76880   71.46771   -0.23120    1.75698      -31232.89836
  Ta      865   72.89638   71.59529   -0.10362    1.64055      -31232.84004
  Ta      866   72.85265   71.55156   -0.14735    1.68584      -31232.87890
  Ta      867   72.85775   71.55666   -0.14225    1.68038      -31232.85818
  Ta      868   72.75251   71.45143   -0.24749    1.78641      -31232.93710
  Ta      869   72.55301   71.25192   -0.44699    1.97247      -31233.05287
  Ta      870   72.71914   71.41805   -0.28086    1.81086      -31232.94834
  Ta      871   72.65609   71.35501   -0.34391    1.87509      -31232.99768
  Ta      872   72.92530   71.62422   -0.07470    1.61000      -31232.82086
  Ta      873   72.57696   71.27587   -0.42304    1.95657      -31233.04258
  Ta      874   72.80038   71.49930   -0.19962    1.73097      -31232.89841
  Ta      875   72.47102   71.16993   -0.52898    2.05828      -31233.11097
  Ta      876   72.76588   71.46479   -0.23412    1.76186      -31232.90961
  Ta      877   72.73021   71.42912   -0.26979    1.80605      -31232.95540
  Ta      878   72.76655   71.46546   -0.23345    1.77334      -31232.93081
  Ta      879   72.58852   71.28743   -0.41148    1.94276      -31233.03191
  Ta      880   72.81066   71.50957   -0.18934    1.72630      -31232.89812
  Ta      881   72.59387   71.29278   -0.40613    1.93372      -31233.02934
  Ta      882   72.59800   71.29691   -0.40200    1.93840      -31233.02907
  Ta      883   72.58491   71.28382   -0.41509    1.94273      -31233.04017
  Ta      884   72.64138   71.34029   -0.35862    1.89865      -31233.01282
  Ta      885   72.71298   71.41190   -0.28702    1.82164      -31232.97054
  Ta      886   72.91289   71.61180   -0.08711    1.62195      -31232.82772
  Ta      887   72.75627   71.45518   -0.24373    1.78030      -31232.93406
  Ta      888   72.77589   71.47480   -0.22411    1.75733      -31232.90927
  Ta      889   72.81916   71.51807   -0.18084    1.71470      -31232.88452
  Ta      890   72.83982   71.53874   -0.16018    1.68861      -31232.86661
  Ta      891   72.79552   71.49443   -0.20448    1.74155      -31232.90067
  Ta      892   72.69585   71.39476   -0.30415    1.84011      -31232.97997
  Ta      893   72.65640   71.35531   -0.34360    1.87992      -31232.99444
  Ta      894   72.77894   71.47785   -0.22106    1.75551      -31232.91322
  Ta      895   72.69350   71.39242   -0.30650    1.83695      -31232.96050
  Ta      896   72.79531   71.49422   -0.20469    1.74649      -31232.90814
  Ta      897   72.71514   71.41405   -0.28486    1.82144      -31232.95335
  Ta      898   72.58648   71.28539   -0.41352    1.94701      -31233.04599
  Ta      899   72.80783   71.50674   -0.19217    1.72050      -31232.88475
  Ta      900   72.77221   71.47112   -0.22779    1.75562      -31232.91099
  Ta      901   72.73476   71.43367   -0.26524    1.79266      -31232.93742
  Ta      902   72.76895   71.46786   -0.23105    1.76128      -31232.92411
  Ta      903   72.74577   71.44468   -0.25423    1.78226      -31232.91782
  Ta      904   72.73552   71.43444   -0.26448    1.79926      -31232.94147
  Ta      905   72.78458   71.48349   -0.21542    1.75599      -31232.92083
  Ta      906   72.85433   71.55324   -0.14567    1.68457      -31232.86240
  Ta      907   72.66021   71.35913   -0.33979    1.87475      -31232.98897
  Ta      908   72.85690   71.55581   -0.14310    1.67271      -31232.86085
  Ta      909   72.58475   71.28366   -0.41525    1.95334      -31233.04044
  Ta      910   72.78520   71.48412   -0.21480    1.74554      -31232.90522
  Ta      911   72.80795   71.50687   -0.19205    1.72922      -31232.90655
  Ta      912   72.80724   71.50615   -0.19276    1.73559      -31232.90577
  Ta      913   72.71365   71.41256   -0.28635    1.81875      -31232.94977
  Ta      914   72.61339   71.31230   -0.38661    1.91935      -31233.02125
  Ta      915   72.69932   71.39823   -0.30068    1.82625      -31232.95667
  Ta      916   72.77106   71.46998   -0.22894    1.75861      -31232.91210
  Ta      917   72.72036   71.41927   -0.27964    1.81404      -31232.94830
  Ta      918   72.85554   71.55445   -0.14446    1.68049      -31232.86979
  Ta      919   72.71701   71.41592   -0.28299    1.82150      -31232.95375
  Ta      920   72.76949   71.46841   -0.23051    1.76790      -31232.92797
  Ta      921   72.76470   71.46362   -0.23530    1.76448      -31232.90620
  Ta      922   72.75198   71.45089   -0.24802    1.78497      -31232.94497
  Ta      923   72.87837   71.57728   -0.12163    1.65380      -31232.84745
  Ta      924   72.78208   71.48099   -0.21792    1.75308      -31232.91699
  Ta      925   72.70615   71.40507   -0.29385    1.82541      -31232.96579
  Ta      926   72.79373   71.49264   -0.20627    1.74382      -31232.90561
  Ta      927   72.87021   71.56912   -0.12979    1.66901      -31232.86476
  Ta      928   72.82180   71.52071   -0.17820    1.71106      -31232.88180
  Ta      929   72.78013   71.47904   -0.21987    1.75791      -31232.91871
  Ta      930   72.75216   71.45107   -0.24784    1.77979      -31232.93530
  Ta      931   72.65434   71.35325   -0.34566    1.87326      -31232.98698
  Ta      932   72.64026   71.33917   -0.35974    1.90126      -31233.01384
  Ta      933   72.61875   71.31767   -0.38125    1.91433      -31233.01446
  Ta      934   72.68437   71.38329   -0.31563    1.84207      -31232.96477
  Ta      935   72.78140   71.48031   -0.21860    1.74838      -31232.90122
  Ta      936   72.63140   71.33031   -0.36860    1.90005      -31233.00188
  Ta      937   72.52965   71.22856   -0.47035    1.99895      -31233.07684
  Ta      938   72.86778   71.56669   -0.13222    1.67073      -31232.85895
  Ta      939   72.72137   71.42028   -0.27863    1.80788      -31232.95165
  Ta      940   72.84165   71.54056   -0.15835    1.69545      -31232.87850
  Ta      941   72.59629   71.29520   -0.40371    1.93292      -31233.01772
  Ta      942   72.71283   71.41174   -0.28717    1.82238      -31232.95492
  Ta      943   72.76604   71.46495   -0.23396    1.76553      -31232.91771
  Ta      944   72.72728   71.42620   -0.27272    1.80508      -31232.94557
  Ta      945   72.62386   71.32277   -0.37614    1.90535      -31233.00254
  Ta      946   72.84557   71.54448   -0.15443    1.69136      -31232.87209
  Ta      947   72.83596   71.53487   -0.16404    1.69190      -31232.87377
  Ta      948   72.65615   71.35506   -0.34385    1.87776      -31232.99945
  Ta      949   72.75405   71.45297   -0.24595    1.77330      -31232.93607
  Ta      950   72.70961   71.40853   -0.29039    1.81859      -31232.94509
  Ta      951   72.70534   71.40426   -0.29466    1.82451      -31232.95079
  Ta      952   72.61889   71.31781   -0.38111    1.91979      -31233.02981
  Ta      953   72.81385   71.51276   -0.18615    1.71601      -31232.89045
  Ta      954   72.64238   71.34129   -0.35762    1.88836      -31232.99716
  Ta      955   72.87096   71.56987   -0.12904    1.66211      -31232.84283
  Ta      956   72.71976   71.41867   -0.28024    1.81138      -31232.95094
  Ta      957   72.83321   71.53213   -0.16679    1.70804      -31232.88713
  Ta      958   72.70579   71.40470   -0.29421    1.82161      -31232.96297
  Ta      959   72.53744   71.23635   -0.46256    1.99864      -31233.06545
  Ta      960   72.80051   71.49942   -0.19949    1.73187      -31232.89473
  Ta      961   72.72873   71.42764   -0.27127    1.80060      -31232.93380
  Ta      962   72.83228   71.53119   -0.16772    1.70583      -31232.88352
  Ta      963   72.87425   71.57316   -0.12575    1.66610      -31232.86331
  Ta      964   72.72400   71.42291   -0.27600    1.81097      -31232.95634
  Ta      965   72.81800   71.51692   -0.18200    1.72264      -31232.89992
  Ta      966   72.88592   71.58483   -0.11408    1.65464      -31232.84312
  Ta      967   72.76194   71.46085   -0.23806    1.77143      -31232.93002
  Ta      968   72.80351   71.50243   -0.19649    1.73020      -31232.91011
  Ta      969   72.86353   71.56244   -0.13647    1.67204      -31232.85316
  Ta      970   72.72122   71.42013   -0.27878    1.81543      -31232.95150
  Ta      971   72.73325   71.43216   -0.26675    1.79390      -31232.93675
  Ta      972   72.86925   71.56817   -0.13075    1.66043      -31232.85159
  Ta      973   72.76660   71.46552   -0.23340    1.77102      -31232.93392
  Ta      974   72.77516   71.47407   -0.22484    1.75891      -31232.91665
  Ta      975   72.79272   71.49164   -0.20728    1.74301      -31232.90677
  Ta      976   72.70021   71.39913   -0.29979    1.83699      -31232.96769
  Ta      977   72.75956   71.45848   -0.24044    1.76508      -31232.92386
  Ta      978   72.65888   71.35779   -0.34112    1.87420      -31232.99462
  Ta      979   72.69815   71.39707   -0.30185    1.84259      -31232.97193
  Ta      980   72.77932   71.47823   -0.22068    1.75833      -31232.91178
  Ta      981   72.86524   71.56415   -0.13476    1.66173      -31232.85423
  Ta      982   72.70397   71.40288   -0.29603    1.82768      -31232.95404
  Ta      983   72.84173   71.54065   -0.15827    1.68722      -31232.86031
  Ta      984   72.76072   71.45964   -0.23928    1.77604      -31232.93248
  Ta      985   72.69476   71.39367   -0.30524    1.84189      -31232.97266
  Ta      986   72.64062   71.33953   -0.35938    1.89065      -31233.00913
  Ta      987   72.67467   71.37358   -0.32533    1.86334      -31232.99593
  Ta      988   72.77173   71.47065   -0.22827    1.76160      -31232.91734
  Ta      989   72.58238   71.28130   -0.41762    1.94747      -31233.02842
  Ta      990   72.71775   71.41666   -0.28225    1.81282      -31232.94108
  Ta      991   72.75835   71.45727   -0.24165    1.78124      -31232.92664
  Ta      992   72.72013   71.41904   -0.27987    1.81531      -31232.94945
  Ta      993   72.64879   71.34770   -0.35121    1.88427      -31233.00138
  Ta      994   72.64946   71.34837   -0.35054    1.88362      -31232.99906
  Ta      995   72.67574   71.37465   -0.32426    1.85716      -31232.97685
  Ta      996   72.94419   71.64310   -0.05581    1.59250      -31232.79580
  Ta      997   72.78309   71.48200   -0.21691    1.75009      -31232.91790
  Ta      998   72.65245   71.35136   -0.34755    1.87600      -31232.98138
  Ta      999   72.93391   71.63282   -0.06609    1.60241      -31232.80985
  Ta     1000   72.81589   71.51480   -0.18411    1.72578      -31232.91149
  Ta     1001   72.73865   71.43756   -0.26135    1.79245      -31232.93939
  Ta     1002   72.61814   71.31705   -0.38186    1.91324      -31233.01254
  Ta     1003   72.69126   71.39017   -0.30874    1.83733      -31232.97037
  Ta     1004   72.82399   71.52290   -0.17601    1.71605      -31232.88952
  Ta     1005   72.89660   71.59551   -0.10340    1.64318      -31232.84144
  Ta     1006   72.75151   71.45043   -0.24849    1.78258      -31232.92913
  Ta     1007   72.72349   71.42240   -0.27651    1.80773      -31232.94784
  Ta     1008   72.78815   71.48707   -0.21185    1.75552      -31232.92294
  Ta     1009   72.65358   71.35249   -0.34642    1.88688      -31233.00271
  Ta     1010   72.56357   71.26248   -0.43643    1.96596      -31233.04989
  Ta     1011   72.74320   71.44211   -0.25680    1.78589      -31232.92883
  Ta     1012   72.92970   71.62861   -0.07030    1.61057      -31232.82732
  Ta     1013   72.75621   71.45512   -0.24379    1.78071      -31232.93713
  Ta     1014   72.70598   71.40489   -0.29402    1.83561      -31232.97211
  Ta     1015   72.66813   71.36704   -0.33187    1.86718      -31233.00004
  Ta     1016   72.87549   71.57440   -0.12451    1.66380      -31232.85984
  Ta     1017   72.74659   71.44551   -0.25341    1.78968      -31232.93941
  Ta     1018   72.60251   71.30142   -0.39749    1.93338      -31233.03028
  Ta     1019   72.91855   71.61746   -0.08145    1.61598      -31232.82944
  Ta     1020   72.89455   71.59346   -0.10545    1.63794      -31232.83549
  Ta     1021   72.89536   71.59428   -0.10464    1.64071      -31232.84721
  Ta     1022   72.77573   71.47464   -0.22427    1.75411      -31232.90128
  Ta     1023   72.60289   71.30180   -0.39711    1.92687      -31233.01767
  Ta     1024   72.80929   71.50821   -0.19071    1.72199      -31232.88493
  V      1025   23.52826   22.22717    0.52826    1.41978       -1895.15895
  V      1026   23.46758   22.16650    0.46758    1.48185       -1895.20376
  V      1027   23.44718   22.14609    0.44718    1.50294       -1895.21092
  V      1028   23.51209   22.21100    0.51209    1.42654       -1895.16807
  V      1029   23.44940   22.14831    0.44940    1.49488       -1895.19851
  V      1030   23.35244   22.05135    0.35244    1.59169       -1895.26803
  V      1031   23.49690   22.19581    0.49690    1.44683       -1895.18824
  V      1032   23.50059   22.19950    0.50059    1.43411       -1895.16543
  V      1033   23.27661   21.97552    0.27661    1.67495       -1895.29713
  V      1034   23.30851   22.00742    0.30851    1.64569       -1895.28944
  V      1035   23.30930   22.00822    0.30930    1.64294       -1895.29859
  V      1036   23.34185   22.04076    0.34185    1.60696       -1895.26763
  V      1037   23.48518   22.18409    0.48518    1.46703       -1895.19350
  V      1038   23.46253   22.16144    0.46253    1.48565       -1895.20118
  V      1039   23.64355   22.34246    0.64355    1.29558       -1895.09411
  V      1040   23.45679   22.15570    0.45679    1.48902       -1895.19030
  V      1041   23.28882   21.98773    0.28882    1.66685       -1895.30406
  V      1042   23.36854   22.06745    0.36854    1.58427       -1895.25994
  V      1043   23.44019   22.13911    0.44019    1.50903       -1895.20481
  V      1044   23.42075   22.11966    0.42075    1.52932       -1895.22647
  V      1045   23.36872   22.06763    0.36872    1.57844       -1895.23263
  V      1046   23.28009   21.97901    0.28009    1.67002       -1895.30307
  V      1047   23.49854   22.19745    0.49854    1.45521       -1895.17785
  V      1048   23.32362   22.02253    0.32362    1.62576       -1895.27309
  V      1049   23.61088   22.30979    0.61088    1.33510       -1895.11471
  V      1050   23.28522   21.98413    0.28522    1.67174       -1895.31552
  V      1051   23.42972   22.12863    0.42972    1.51508       -1895.21933
  V      1052   23.46777   22.16669    0.46777    1.48408       -1895.20009
  V      1053   23.27235   21.97127    0.27235    1.68320       -1895.30606
  V      1054   23.40431   22.10322    0.40431    1.55185       -1895.23369
  V      1055   23.42727   22.12619    0.42727    1.52085       -1895.23474
  V      1056   23.58877   22.28768    0.58877    1.35301       -1895.12676
  V      1057   23.42445   22.12336    0.42445    1.52745       -1895.23076
  V      1058   23.42352   22.12243    0.42352    1.52773       -1895.22149
  V      1059   23.33519   22.03410    0.33519    1.61596       -1895.26841
  V      1060   23.41486   22.11377    0.41486    1.53084       -1895.21372
  V      1061   23.37135   22.07026    0.37135    1.57515       -1895.24138
  V      1062   23.46324   22.16215    0.46324    1.47993       -1895.18101
  V      1063   23.49160   22.19051    0.49160    1.44411       -1895.17395
  V      1064   23.35658   22.05549    0.35658    1.59184       -1895.26060
  V      1065   23.37270   22.07161    0.37270    1.57711       -1895.24652
  V      1066   23.38652   22.08544    0.38652    1.56618       -1895.24125
  V      1067   23.43705   22.13596    0.43705    1.51855       -1895.23711
  V      1068   23.37811   22.07702    0.37811    1.57304       -1895.25050
  V      1069   23.46695   22.16587    0.46695    1.48659       -1895.21161
  V      1070   23.50397   22.20288    0.50397    1.43241       -1895.16989
  V      1071   23.46839   22.16730    0.46839    1.48593       -1895.20931
  V      1072   23.40058   22.09950    0.40058    1.55440       -1895.23950
  V      1073   23.25289   21.95180    0.25289    1.70398       -1895.33318
  V      1074   23.44949   22.14841    0.44949    1.49135       -1895.20450
  V      1075   23.44882   22.14774    0.44882    1.49817       -1895.20581
  V      1076   23.52261   22.22152    0.52261    1.41898       -1895.15842
  V      1077   23.26691   21.96582    0.26691    1.68971       -1895.29793
  V      1078   23.40910   22.10801    0.40910    1.53628       -1895.22800
  V      1079   23.33993   22.03885    0.33993    1.61039       -1895.26837
  V      1080   23.42750   22.12641    0.42750    1.51874       -1895.20797
  V      1081   23.38036   22.07927    0.38036    1.56801       -1895.23364
  V      1082   23.59512   22.29404    0.59512    1.34877       -1895.13021
  V      1083   23.44094   22.13985    0.44094    1.50555       -1895.21447
  V      1084   23.37304   22.07195    0.37304    1.57326       -1895.22924
  V      1085   23.36635   22.06526    0.36635    1.58497       -1895.27015
  V      1086   23.45544   22.15435    0.45544    1.49316       -1895.20260
  V      1087   23.45135   22.15026    0.45135    1.49530       -1895.19993
  V      1088   23.47113   22.17004    0.47113    1.47634       -1895.19881
  V      1089   23.42943   22.12835    0.42943    1.51846       -1895.23660
  V      1090   23.62972   22.32863    0.62972    1.31250       -1895.09977
  V      1091   23.39716   22.09607    0.39716    1.55087       -1895.23590
  V      1092   23.52291   22.22182    0.52291    1.42976       -1895.16933
  V      1093   23.35609   22.05500    0.35609    1.59154       -1895.25530
  V      1094   23.49900   22.19792    0.49900    1.44942       -1895.17948
  V      1095   23.47677   22.17568    0.47677    1.47681       -1895.19394
  V      1096   23.46912   22.16803    0.46912    1.47903       -1895.19820
  V      1097   23.42753   22.12645    0.42753    1.52271       -1895.22316
  V      1098   23.42482   22.12374    0.42482    1.52234       -1895.21626
  V      1099   23.55705   22.25596    0.55705    1.37899       -1895.14228
  V      1100   23.51759   22.21650    0.51759    1.42084       -1895.15220
  V      1101   23.42898   22.12789    0.42898    1.51981       -1895.23076
  V      1102   23.31390   22.01281    0.31390    1.64462       -1895.29485
  V      1103   23.49768   22.19660    0.49768    1.44706       -1895.17624
  V      1104   23.44038   22.13930    0.44038    1.50574       -1895.20769
  V      1105   23.42014   22.11905    0.42014    1.53325       -1895.24160
  V      1106   23.42397   22.12288    0.42397    1.52924       -1895.23553
  V      1107   23.38923   22.08814    0.38923    1.55930       -1895.23674
  V      1108   23.55193   22.25084    0.55193    1.39499       -1895.15244
  V      1109   23.45546   22.15438    0.45546    1.48881       -1895.20535
  V      1110   23.41642   22.11533    0.41642    1.52598       -1895.21289
  V      1111   23.54644   22.24536    0.54644    1.39639       -1895.14992
  V      1112   23.48155   22.18046    0.48155    1.46531       -1895.18481
  V      1113   23.47123   22.17014    0.47123    1.47547       -1895.19990
  V      1114   23.46261   22.16153    0.46261    1.48324       -1895.18593
  V      1115   23.51867   22.21758    0.51867    1.42812       -1895.16944
  V      1116   23.44144   22.14036    0.44144    1.50546       -1895.21381
  V      1117   23.28111   21.98002    0.28111    1.67703       -1895.30031
  V      1118   23.57875   22.27767    0.57875    1.36089       -1895.12245
  V      1119   23.31787   22.01678    0.31787    1.63347       -1895.27220
  V      1120   23.34350   22.04241    0.34350    1.60830       -1895.26454
  V      1121   23.43338   22.13229    0.43338    1.51404       -1895.20952
  V      1122   23.53348   22.23239    0.53348    1.40469       -1895.15870
  V      1123   23.36567   22.06459    0.36567    1.58279       -1895.26802
  V      1124   23.40033   22.09924    0.40033    1.54688       -1895.22797
  V      1125   23.49026   22.18917    0.49026    1.45002       -1895.16913
  V      1126   23.36948   22.06839    0.36948    1.57973       -1895.25299
  V      1127   23.49187   22.19078    0.49187    1.45945       -1895.18473
  V      1128   23.48567   22.18458    0.48567    1.45917       -1895.18992
  V      1129   23.50691   22.20582    0.50691    1.44238       -1895.18571
  V      1130   23.34362   22.04253    0.34362    1.61434       -1895.27323
  V      1131   23.45531   22.15422    0.45531    1.49175       -1895.19298
  V      1132   23.46398   22.16289    0.46398    1.48712       -1895.18947
  V      1133   23.39766   22.09657    0.39766    1.55799       -1895.24974
  V      1134   23.36152   22.06043    0.36152    1.58608       -1895.23042
  V      1135   23.48976   22.18868    0.48976    1.46048       -1895.19060
  V      1136   23.41647   22.11538    0.41647    1.52902       -1895.22929
  V      1137   23.45974   22.15865    0.45974    1.48769       -1895.19792
  V      1138   23.41634   22.11525    0.41634    1.53237       -1895.21463
  V      1139   23.32721   22.02612    0.32721    1.62201       -1895.27684
  V      1140   23.55079   22.24970    0.55079    1.39015       -1895.15175
  V      1141   23.62089   22.31980    0.62089    1.32415       -1895.09823
  V      1142   23.49226   22.19117    0.49226    1.45267       -1895.16973
  V      1143   23.47358   22.17250    0.47358    1.46757       -1895.19386
  V      1144   23.40060   22.09951    0.40060    1.55013       -1895.24062
  V      1145   23.44522   22.14413    0.44522    1.49888       -1895.20312
  V      1146   23.39173   22.09064    0.39173    1.55848       -1895.23858
  V      1147   23.38892   22.08783    0.38892    1.56416       -1895.25315
  V      1148   23.32929   22.02820    0.32929    1.62444       -1895.26766
  V      1149   23.25105   21.94996    0.25105    1.70339       -1895.31069
  V      1150   23.39506   22.09397    0.39506    1.55429       -1895.23409
  V      1151   23.46404   22.16295    0.46404    1.48359       -1895.20589
  V      1152   23.40339   22.10230    0.40339    1.54766       -1895.24023
  V      1153   23.58079   22.27970    0.58079    1.36445       -1895.13952
  V      1154   23.35824   22.05716    0.35824    1.59015       -1895.27036
  V      1155   23.36539   22.06430    0.36539    1.58346       -1895.25697
  V      1156   23.41910   22.11801    0.41910    1.52711       -1895.21674
  V      1157   23.40871   22.10762    0.40871    1.54193       -1895.22866
  V      1158   23.42667   22.12558    0.42667    1.51290       -1895.19502
  V      1159   23.47263   22.17154    0.47263    1.47173       -1895.17919
  V      1160   23.34041   22.03932    0.34041    1.61559       -1895.27800
  V      1161   23.54679   22.24570    0.54679    1.39927       -1895.15192
  V      1162   23.45635   22.15526    0.45635    1.48913       -1895.19267
  V      1163   23.39781   22.09673    0.39781    1.54918       -1895.23339
  V      1164   23.34236   22.04127    0.34236    1.61185       -1895.26814
  V      1165   23.28558   21.98449    0.28558    1.67024       -1895.30049
  V      1166   23.42141   22.12032    0.42141    1.52348       -1895.21874
  V      1167   23.40793   22.10684    0.40793    1.53968       -1895.22486
  V      1168   23.44580   22.14471    0.44580    1.50207       -1895.19607
  V      1169   23.47402   22.17293    0.47402    1.46814       -1895.18349
  V      1170   23.60203   22.30094    0.60203    1.34388       -1895.12332
  V      1171   23.43003   22.12894    0.43003    1.51913       -1895.22689
  V      1172   23.47899   22.17790    0.47899    1.46508       -1895.19382
  V      1173   23.40305   22.10196    0.40305    1.53780       -1895.21971
  V      1174   23.41148   22.11039    0.41148    1.54326       -1895.21802
  V      1175   23.28738   21.98629    0.28738    1.66882       -1895.30759
  V      1176   23.58463   22.28354    0.58463    1.35292       -1895.13066
  V      1177   23.49586   22.19477    0.49586    1.44702       -1895.18133
  V      1178   23.39852   22.09744    0.39852    1.54921       -1895.24806
  V      1179   23.49818   22.19710    0.49818    1.44779       -1895.18523
  V      1180   23.34074   22.03965    0.34074    1.60999       -1895.25835
  V      1181   23.46435   22.16326    0.46435    1.48287       -1895.21062
  V      1182   23.50209   22.20100    0.50209    1.44761       -1895.17977
  V      1183   23.32695   22.02587    0.32695    1.63010       -1895.27975
  V      1184   23.51536   22.21427    0.51536    1.42977       -1895.16826
  V      1185   23.43250   22.13141    0.43250    1.51236       -1895.21560
  V      1186   23.47831   22.17722    0.47831    1.47141       -1895.19692
  V      1187   23.46429   22.16320    0.46429    1.48596       -1895.21204
  V      1188   23.40884   22.10775    0.40884    1.53711       -1895.21177
  V      1189   23.31571   22.01462    0.31571    1.63957       -1895.28786
  V      1190   23.50167   22.20058    0.50167    1.44410       -1895.19418
  V      1191   23.49515   22.19406    0.49515    1.45087       -1895.17129
  V      1192   23.34378   22.04269    0.34378    1.60635       -1895.25096
  V      1193   23.34143   22.04034    0.34143    1.60335       -1895.25307
  V      1194   23.64884   22.34775    0.64884    1.29794       -1895.10082
  V      1195   23.44972   22.14863    0.44972    1.50387       -1895.21114
  V      1196   23.55871   22.25762    0.55871    1.38008       -1895.12493
  V      1197   23.37078   22.06970    0.37078    1.58185       -1895.26788
  V      1198   23.60875   22.30766    0.60875    1.33689       -1895.09971
  V      1199   23.35006   22.04897    0.35006    1.59879       -1895.26648
  V      1200   23.37874   22.07766    0.37874    1.56633       -1895.22632
  V      1201   23.48493   22.18384    0.48493    1.45946       -1895.17521
  V      1202   23.53759   22.23650    0.53759    1.41086       -1895.15778
  V      1203   23.51281   22.21172    0.51281    1.42865       -1895.16617
  V      1204   23.44242   22.14133    0.44242    1.50719       -1895.21635
  V      1205   23.46116   22.16007    0.46116    1.48331       -1895.19637
  V      1206   23.33015   22.02907    0.33015    1.62419       -1895.27244
  V      1207   23.33929   22.03820    0.33929    1.60841       -1895.25634
  V      1208   23.50697   22.20588    0.50697    1.44205       -1895.17760
  V      1209   23.46649   22.16541    0.46649    1.48621       -1895.21005
  V      1210   23.25677   21.95569    0.25677    1.70231       -1895.31824
  V      1211   23.40058   22.09950    0.40058    1.54774       -1895.22972
  V      1212   23.44097   22.13988    0.44097    1.50836       -1895.20398
  V      1213   23.42019   22.11910    0.42019    1.53034       -1895.22354
  V      1214   23.55953   22.25844    0.55953    1.38074       -1895.14051
  V      1215   23.37519   22.07410    0.37519    1.57297       -1895.24263
  V      1216   23.44143   22.14035    0.44143    1.50044       -1895.21163
  V      1217   23.29034   21.98925    0.29034    1.66565       -1895.29421
  V      1218   23.43026   22.12917    0.43026    1.52199       -1895.22129
  V      1219   23.46863   22.16754    0.46863    1.47436       -1895.19772
  V      1220   23.45618   22.15509    0.45618    1.49282       -1895.20105
  V      1221   23.41736   22.11627    0.41736    1.52591       -1895.22019
  V      1222   23.50480   22.20371    0.50480    1.44493       -1895.17004
  V      1223   23.53559   22.23450    0.53559    1.40787       -1895.16063
  V      1224   23.42278   22.12169    0.42278    1.52429       -1895.20871
  V      1225   23.53244   22.23136    0.53244    1.41106       -1895.14843
  V      1226   23.59480   22.29371    0.59480    1.34625       -1895.11599
  V      1227   23.48083   22.17974    0.48083    1.46926       -1895.19094
  V      1228   23.56601   22.26492    0.56601    1.37494       -1895.13361
  V      1229   23.48408   22.18300    0.48408    1.46416       -1895.18453
  V      1230   23.58157   22.28048    0.58157    1.36456       -1895.13856
  V      1231   23.66144   22.36036    0.66144    1.28065       -1895.07890
  V      1232   23.32321   22.02212    0.32321    1.62317       -1895.25463
  V      1233   23.45781   22.15673    0.45781    1.49323       -1895.19169
  V      1234   23.39518   22.09410    0.39518    1.56200       -1895.26162
  V      1235   23.50175   22.20067    0.50175    1.43976       -1895.15695
  V      1236   23.45506   22.15397    0.45506    1.48730       -1895.18210
  V      1237   23.47595   22.17486    0.47595    1.47921       -1895.20911
  V      1238   23.50104   22.19996    0.50104    1.44529       -1895.16075
  V      1239   23.44800   22.14691    0.44800    1.50223       -1895.22201
  V      1240   23.53398   22.23289    0.53398    1.40429       -1895.16693
  V      1241   23.40307   22.10198    0.40307    1.54912       -1895.23165
  V      1242   23.50093   22.19985    0.50093    1.43870       -1895.18414
  V      1243   23.53445   22.23337    0.53445    1.40730       -1895.13345
  V      1244   23.32703   22.02594    0.32703    1.63206       -1895.27789
  V      1245   23.52771   22.22662    0.52771    1.41834       -1895.15279
  V      1246   23.27115   21.97007    0.27115    1.69094       -1895.31914
  V      1247   23.60996   22.30887    0.60996    1.33387       -1895.12620
  V      1248   23.45956   22.15848    0.45956    1.49101       -1895.19627
  V      1249   23.48679   22.18570    0.48679    1.45423       -1895.18050
  V      1250   23.30228   22.00119    0.30228    1.65678       -1895.30727
  V      1251   23.36559   22.06450    0.36559    1.58293       -1895.24117
  V      1252   23.49168   22.19060    0.49168    1.45283       -1895.18321
  V      1253   23.49519   22.19410    0.49519    1.45236       -1895.18017
  V      1254   23.45833   22.15724    0.45833    1.48744       -1895.20699
  V      1255   23.51938   22.21829    0.51938    1.42175       -1895.15623
  V      1256   23.45530   22.15421    0.45530    1.49091       -1895.19656
  V      1257   23.49768   22.19659    0.49768    1.43791       -1895.15556
  V      1258   23.49771   22.19662    0.49771    1.44198       -1895.17194
  V      1259   23.53423   22.23314    0.53423    1.40518       -1895.15076
  V      1260   23.51464   22.21356    0.51464    1.42759       -1895.16420
  V      1261   23.54652   22.24543    0.54652    1.39893       -1895.14144
  V      1262   23.53140   22.23031    0.53140    1.40998       -1895.16102
  V      1263   23.38031   22.07922    0.38031    1.56727       -1895.24676
  V      1264   23.46887   22.16778    0.46887    1.47407       -1895.19043
  V      1265   23.47812   22.17703    0.47812    1.46895       -1895.18999
  V      1266   23.33536   22.03427    0.33536    1.61634       -1895.27607
  V      1267   23.47000   22.16891    0.47000    1.47027       -1895.19139
  V      1268   23.40556   22.10447    0.40556    1.54358       -1895.21635
  V      1269   23.38740   22.08631    0.38740    1.56421       -1895.23078
  V      1270   23.40402   22.10293    0.40402    1.55117       -1895.23034
  V      1271   23.36544   22.06435    0.36544    1.58368       -1895.24966
  V      1272   23.23160   21.93051    0.23160    1.72865       -1895.34013
  V      1273   23.27124   21.97015    0.27124    1.68654       -1895.31616
  V      1274   23.28197   21.98088    0.28197    1.67362       -1895.30655
  V      1275   23.51165   22.21056    0.51165    1.43654       -1895.17631
  V      1276   23.46353   22.16244    0.46353    1.48737       -1895.19686
  V      1277   23.41054   22.10945    0.41054    1.53507       -1895.21130
  V      1278   23.47709   22.17600    0.47709    1.46941       -1895.18255
  V      1279   23.39918   22.09809    0.39918    1.55064       -1895.24734
  V      1280   23.49472   22.19363    0.49472    1.44868       -1895.18297
