System Description            : WNbMoTa, BCC structure                          
Number of Atoms in Unit Cell  : 128                                             
Number of Atomic Species      : 4                                               
Number of Atoms in Each Type  : 32(W), 32(Nb), 32(Mo), 32(Ta)                   
Energy Offset                 : -19816                                          
=======================================================================================
    Iter     Energy      3PV     Efermi   Rms_rho    Rms_pot   Mix  Alg  Alpha 
---------------------------------------------------------------------------------------
**       1  -0.264908  2293.575  0.59460  0.140E+01  0.107E+00  pot  B   0.1000
         2  -0.630765  2265.249  0.60729  0.742E-02  0.114E+00  pot  B   0.1000
         3  -0.928110  2227.699  0.62366  0.985E-02  0.283E+00  pot  B   0.1000
         4  -1.172442  2182.546  0.64393  0.119E-01  0.982E-01  pot  B   0.1000
         5  -1.202676  2171.143  0.65898  0.345E-02  0.664E-01  pot  B   0.1000
         6  -1.232524  2157.909  0.67009  0.438E-02  0.470E-01  pot  B   0.1000
         7  -1.246616  2151.464  0.67467  0.241E-02  0.471E-01  pot  B   0.1000
         8  -1.269264  2138.697  0.68012  0.517E-02  0.243E-01  pot  B   0.1000
         9  -1.275507  2130.476  0.68418  0.359E-02  0.154E-01  pot  B   0.1000
        10  -1.275999  2129.122  0.68535  0.737E-03  0.111E-01  pot  B   0.1000
        11  -1.276176  2128.786  0.68597  0.256E-03  0.485E-02  pot  B   0.1000
        12  -1.276361  2128.524  0.68707  0.301E-03  0.346E-02  pot  B   0.1000
        13  -1.276553  2128.292  0.68908  0.431E-03  0.241E-02  pot  B   0.1000
        14  -1.276566  2128.243  0.68990  0.161E-03  0.192E-02  pot  B   0.1000
        15  -1.276570  2128.217  0.69017  0.495E-04  0.111E-02  pot  B   0.1000
        16  -1.276574  2128.267  0.69034  0.363E-04  0.625E-03  pot  B   0.1000
        17  -1.276578  2128.279  0.69058  0.481E-04  0.418E-03  pot  B   0.1000
        18  -1.276580  2128.319  0.69074  0.353E-04  0.359E-03  pot  B   0.1000
        19  -1.276580  2128.312  0.69079  0.101E-04  0.194E-03  pot  B   0.1000
        20  -1.276580  2128.311  0.69083  0.706E-05  0.129E-03  pot  B   0.1000
        21  -1.276580  2128.310  0.69084  0.467E-05  0.104E-03  pot  B   0.1000
        22  -1.276580  2128.302  0.69086  0.523E-05  0.747E-04  pot  B   0.1000
        23  -1.276580  2128.297  0.69086  0.332E-05  0.549E-04  pot  B   0.1000
        24  -1.276580  2128.294  0.69087  0.149E-05  0.530E-04  pot  B   0.1000
        25  -1.276580  2128.290  0.69087  0.149E-05  0.312E-04  pot  B   0.1000
        26  -1.276580  2128.286  0.69087  0.175E-05  0.231E-04  pot  B   0.1000
        27  -1.276580  2128.284  0.69088  0.127E-05  0.188E-04  pot  B   0.1000
        28  -1.276580  2128.282  0.69088  0.742E-06  0.174E-04  pot  B   0.1000
        29  -1.276580  2128.280  0.69088  0.744E-06  0.134E-04  pot  B   0.1000
        30  -1.276580  2128.278  0.69089  0.865E-06  0.952E-05  pot  B   0.1000
        31  -1.276580  2128.277  0.69089  0.603E-06  0.673E-05  pot  B   0.1000
        32  -1.276580  2128.277  0.69090  0.136E-06  0.480E-05  pot  B   0.1000
        33  -1.276580  2128.277  0.69090  0.149E-06  0.348E-05  pot  B   0.1000
        34  -1.276580  2128.277  0.69090  0.113E-06  0.284E-05  pot  B   0.1000
        35  -1.276580  2128.277  0.69090  0.106E-06  0.224E-05  pot  B   0.1000
        36  -1.276580  2128.277  0.69090  0.115E-06  0.134E-05  pot  B   0.1000
        37  -1.276580  2128.277  0.69090  0.504E-07  0.927E-06  pot  B   0.1000
        38  -1.276580  2128.277  0.69090  0.248E-07  0.345E-06  pot  B   0.1000
        39  -1.276580  2128.277  0.69090  0.242E-07  0.298E-06  pot  B   0.1000
        40  -1.276580  2128.277  0.69090  0.236E-07  0.327E-06  pot  B   0.1000
        41  -1.276580  2128.277  0.69090  0.150E-07  0.232E-06  pot  B   0.1000
        42  -1.276580  2128.277  0.69090  0.101E-07  0.101E-06  pot  B   0.1000
        43  -1.276580  2128.277  0.69090  0.458E-08  0.101E-06  pot  B   0.1000
        44  -1.276580  2128.277  0.69090  0.370E-08  0.101E-06  pot  B   0.1000
        45  -1.276580  2128.277  0.69090  0.376E-08  0.842E-07  pot  B   0.1000
        46  -1.276580  2128.277  0.69090  0.347E-08  0.600E-07  pot  B   0.1000
        47  -1.276580  2128.277  0.69090  0.190E-08  0.520E-07  pot  B   0.1000
        48  -1.276580  2128.277  0.69090  0.109E-08  0.286E-07  pot  B   0.1000
        49  -1.276580  2128.277  0.69090  0.102E-08  0.304E-07  pot  B   0.1000
        50  -1.276580  2128.277  0.69090  0.108E-08  0.232E-07  pot  B   0.1000
        51  -1.276580  2128.277  0.69090  0.156E-08  0.142E-07  pot  B   0.1000
        52  -1.276580  2128.277  0.69090  0.116E-08  0.103E-07  pot  B   0.1000
        53  -1.276580  2128.277  0.69090  0.337E-09  0.786E-08  pot  B   0.1000
**      54  -1.276580  2128.277  0.69090  0.499E-12  0.786E-08  pot  B   0.1000
