 Atom   Index      Q          Qmt        dQ        Vmad        Local Energy
  W         1   73.90222   72.60095   -0.09778    1.68435      -32312.45348
  W         2   73.88596   72.58468   -0.11404    1.71051      -32312.47670
  W         3   73.67826   72.37698   -0.32174    1.91951      -32312.60969
  W         4   73.86688   72.56561   -0.13312    1.73126      -32312.50183
  W         5   73.94206   72.64079   -0.05794    1.65156      -32312.43711
  W         6   74.00273   72.70146    0.00273    1.59226      -32312.40069
  W         7   73.70488   72.40361   -0.29512    1.89511      -32312.60325
  W         8   73.84795   72.54668   -0.15205    1.74909      -32312.51007
  W         9   73.93600   72.63472   -0.06400    1.65948      -32312.44439
  W        10   73.84582   72.54455   -0.15418    1.74912      -32312.50677
  W        11   73.67448   72.37320   -0.32552    1.91583      -32312.60657
  W        12   73.97112   72.66985   -0.02888    1.61518      -32312.41048
  W        13   73.93191   72.63063   -0.06809    1.65912      -32312.43887
  W        14   73.90199   72.60071   -0.09801    1.69290      -32312.46659
  W        15   73.93014   72.62887   -0.06986    1.65916      -32312.44109
  W        16   74.00318   72.70191    0.00318    1.58957      -32312.39653
  W        17   73.80004   72.49877   -0.19996    1.79827      -32312.53910
  W        18   74.00016   72.69889    0.00016    1.59025      -32312.40176
  W        19   73.68586   72.38459   -0.31414    1.91622      -32312.61181
  W        20   73.74377   72.44250   -0.25623    1.86004      -32312.57588
  W        21   73.87893   72.57766   -0.12107    1.71537      -32312.48010
  W        22   73.82370   72.52243   -0.17630    1.76754      -32312.50747
  W        23   73.95685   72.65557   -0.04315    1.63507      -32312.42951
  W        24   73.81907   72.51780   -0.18093    1.76977      -32312.51315
  W        25   73.96792   72.66665   -0.03208    1.61789      -32312.41682
  W        26   73.76392   72.46265   -0.23608    1.82975      -32312.55587
  W        27   73.73727   72.43600   -0.26273    1.86641      -32312.58247
  W        28   73.82711   72.52584   -0.17289    1.77140      -32312.52105
  W        29   73.87583   72.57455   -0.12417    1.71587      -32312.48214
  W        30   73.95690   72.65563   -0.04310    1.64162      -32312.43291
  W        31   73.88638   72.58511   -0.11362    1.70141      -32312.46767
  W        32   73.90411   72.60284   -0.09589    1.68962      -32312.46825
  Nb       33   41.07918   39.77791    0.07918    1.54085       -7632.47066
  Nb       34   40.89590   39.59463   -0.10410    1.73262       -7632.58867
  Nb       35   40.87357   39.57229   -0.12643    1.75388       -7632.60006
  Nb       36   40.82789   39.52662   -0.17211    1.79832       -7632.62936
  Nb       37   40.85016   39.54889   -0.14984    1.77735       -7632.62130
  Nb       38   40.82150   39.52022   -0.17850    1.80119       -7632.63032
  Nb       39   40.96736   39.66609   -0.03264    1.66052       -7632.54338
  Nb       40   40.84107   39.53979   -0.15893    1.78101       -7632.62033
  Nb       41   40.99372   39.69245   -0.00628    1.63089       -7632.52906
  Nb       42   40.96669   39.66542   -0.03331    1.66182       -7632.55031
  Nb       43   40.87101   39.56973   -0.12899    1.74764       -7632.59058
  Nb       44   40.65154   39.35027   -0.34846    1.97713       -7632.73954
  Nb       45   40.77438   39.47311   -0.22562    1.85432       -7632.66294
  Nb       46   40.61450   39.31322   -0.38550    2.01334       -7632.76379
  Nb       47   40.94194   39.64067   -0.05806    1.68581       -7632.56670
  Nb       48   40.93443   39.63316   -0.06557    1.68975       -7632.55837
  Nb       49   40.95271   39.65144   -0.04729    1.66669       -7632.54589
  Nb       50   40.83455   39.53328   -0.16545    1.79083       -7632.62507
  Nb       51   40.76724   39.46597   -0.23276    1.86377       -7632.68279
  Nb       52   40.96254   39.66126   -0.03746    1.66105       -7632.55447
  Nb       53   40.94608   39.64481   -0.05392    1.67624       -7632.55708
  Nb       54   40.92945   39.62817   -0.07055    1.69760       -7632.57015
  Nb       55   40.82767   39.52640   -0.17233    1.79714       -7632.62588
  Nb       56   40.69866   39.39738   -0.30134    1.93449       -7632.72855
  Nb       57   40.89473   39.59346   -0.10527    1.72629       -7632.57752
  Nb       58   40.96070   39.65943   -0.03930    1.66491       -7632.55110
  Nb       59   40.78433   39.48305   -0.21567    1.83155       -7632.63980
  Nb       60   40.98889   39.68761   -0.01111    1.63974       -7632.53286
  Nb       61   40.97526   39.67399   -0.02474    1.66297       -7632.55309
  Nb       62   40.92765   39.62637   -0.07235    1.69664       -7632.57063
  Nb       63   40.95108   39.64980   -0.04892    1.67869       -7632.55995
  Nb       64   40.81019   39.50891   -0.18981    1.81815       -7632.64204
  Mo       65   42.05986   40.75859    0.05986    1.65848       -8090.56312
  Mo       66   42.10840   40.80713    0.10840    1.61078       -8090.54385
  Mo       67   42.10043   40.79916    0.10043    1.61549       -8090.53651
  Mo       68   42.15289   40.85162    0.15289    1.56451       -8090.50739
  Mo       69   42.24937   40.94810    0.24937    1.46309       -8090.44964
  Mo       70   41.99971   40.69843   -0.00029    1.72111       -8090.60643
  Mo       71   42.03329   40.73202    0.03329    1.69050       -8090.59267
  Mo       72   42.21174   40.91047    0.21174    1.50903       -8090.48637
  Mo       73   41.97287   40.67160   -0.02713    1.73829       -8090.60282
  Mo       74   42.18320   40.88192    0.18320    1.52815       -8090.48320
  Mo       75   42.02948   40.72821    0.02948    1.67717       -8090.55723
  Mo       76   42.00057   40.69930    0.00057    1.72582       -8090.61632
  Mo       77   41.98261   40.68133   -0.01739    1.74432       -8090.62739
  Mo       78   42.12257   40.82130    0.12257    1.60592       -8090.54281
  Mo       79   42.17012   40.86884    0.17012    1.54395       -8090.50297
  Mo       80   42.06275   40.76148    0.06275    1.65229       -8090.55356
  Mo       81   42.09913   40.79786    0.09913    1.61923       -8090.54148
  Mo       82   42.07280   40.77152    0.07280    1.64175       -8090.54737
  Mo       83   42.08360   40.78233    0.08360    1.63560       -8090.55775
  Mo       84   42.12893   40.82765    0.12893    1.58848       -8090.53027
  Mo       85   41.97934   40.67807   -0.02066    1.73784       -8090.61481
  Mo       86   42.08081   40.77954    0.08081    1.63508       -8090.54250
  Mo       87   42.14627   40.84500    0.14627    1.56977       -8090.51008
  Mo       88   41.95520   40.65393   -0.04480    1.77090       -8090.63732
  Mo       89   42.02105   40.71978    0.02105    1.69994       -8090.58695
  Mo       90   41.96276   40.66149   -0.03724    1.75382       -8090.61707
  Mo       91   42.02501   40.72374    0.02501    1.69135       -8090.59362
  Mo       92   42.09843   40.79716    0.09843    1.61606       -8090.53991
  Mo       93   42.04728   40.74601    0.04728    1.66429       -8090.56339
  Mo       94   42.15826   40.85699    0.15826    1.55713       -8090.50769
  Mo       95   41.97168   40.67041   -0.02832    1.75078       -8090.62500
  Mo       96   42.00889   40.70762    0.00889    1.70762       -8090.59331
  Ta       97   72.70789   71.40662   -0.29211    1.82553      -31232.95502
  Ta       98   72.81359   71.51231   -0.18641    1.71823      -31232.89281
  Ta       99   72.62789   71.32662   -0.37211    1.90319      -31233.01270
  Ta      100   72.67614   71.37487   -0.32386    1.85619      -31232.98016
  Ta      101   72.62695   71.32568   -0.37305    1.90447      -31233.00621
  Ta      102   72.72654   71.42527   -0.27346    1.80573      -31232.94862
  Ta      103   72.80897   71.50770   -0.19103    1.73173      -31232.90694
  Ta      104   72.73318   71.43190   -0.26682    1.80311      -31232.94017
  Ta      105   72.74483   71.44356   -0.25517    1.79398      -31232.93939
  Ta      106   72.80740   71.50613   -0.19260    1.72668      -31232.88243
  Ta      107   72.88175   71.58048   -0.11825    1.65324      -31232.84700
  Ta      108   72.72791   71.42664   -0.27209    1.80509      -31232.95615
  Ta      109   72.67116   71.36988   -0.32884    1.86259      -31232.98717
  Ta      110   72.80017   71.49890   -0.19983    1.73445      -31232.90113
  Ta      111   72.90559   71.60432   -0.09441    1.62130      -31232.81923
  Ta      112   72.74524   71.44397   -0.25476    1.78017      -31232.93409
  Ta      113   72.72607   71.42480   -0.27393    1.80267      -31232.94040
  Ta      114   72.75163   71.45035   -0.24837    1.78080      -31232.92719
  Ta      115   72.73948   71.43821   -0.26052    1.79713      -31232.93546
  Ta      116   72.76633   71.46506   -0.23367    1.77132      -31232.92880
  Ta      117   72.71718   71.41591   -0.28282    1.81829      -31232.95648
  Ta      118   72.60731   71.30603   -0.39269    1.92437      -31233.02803
  Ta      119   72.72973   71.42845   -0.27027    1.80593      -31232.95149
  Ta      120   72.79050   71.48923   -0.20950    1.73892      -31232.89146
  Ta      121   72.77390   71.47262   -0.22610    1.76378      -31232.92432
  Ta      122   72.64089   71.33962   -0.35911    1.88946      -31233.00533
  Ta      123   72.80512   71.50385   -0.19488    1.72988      -31232.89416
  Ta      124   72.81857   71.51729   -0.18143    1.72050      -31232.90097
  Ta      125   72.72517   71.42390   -0.27483    1.80416      -31232.94703
  Ta      126   72.65188   71.35061   -0.34812    1.87931      -31232.99665
  Ta      127   72.75971   71.45844   -0.24029    1.78116      -31232.93405
  Ta      128   72.72829   71.42702   -0.27171    1.80799      -31232.95806
  V       129   23.42154   22.12026    0.42154    1.52718       -1895.21023
  V       130   23.47757   22.17630    0.47757    1.47252       -1895.18993
  V       131   23.52282   22.22154    0.52282    1.42168       -1895.17449
  V       132   23.25709   21.95582    0.25709    1.70575       -1895.32325
  V       133   23.46226   22.16099    0.46226    1.48130       -1895.19460
  V       134   23.45733   22.15605    0.45733    1.48685       -1895.19675
  V       135   23.38429   22.08302    0.38429    1.57026       -1895.23896
  V       136   23.46608   22.16481    0.46608    1.47731       -1895.20311
  V       137   23.56613   22.26486    0.56613    1.38139       -1895.13446
  V       138   23.45106   22.14979    0.45106    1.49499       -1895.20479
  V       139   23.50732   22.20605    0.50732    1.43463       -1895.15715
  V       140   23.32523   22.02396    0.32523    1.62682       -1895.29128
  V       141   23.45573   22.15446    0.45573    1.49390       -1895.19274
  V       142   23.49695   22.19567    0.49695    1.44995       -1895.17839
  V       143   23.44297   22.14170    0.44297    1.50167       -1895.18677
  V       144   23.51660   22.21533    0.51660    1.42712       -1895.15588
  V       145   23.42941   22.12814    0.42941    1.51762       -1895.21406
  V       146   23.38285   22.08158    0.38285    1.56603       -1895.22669
  V       147   23.40468   22.10341    0.40468    1.53982       -1895.23731
  V       148   23.54623   22.24496    0.54623    1.40009       -1895.15189
  V       149   23.26625   21.96498    0.26625    1.69362       -1895.31826
  V       150   23.53449   22.23322    0.53449    1.40721       -1895.15257
  V       151   23.52128   22.22001    0.52128    1.42235       -1895.16860
  V       152   23.56981   22.26854    0.56981    1.37273       -1895.13933
  V       153   23.28330   21.98203    0.28330    1.68121       -1895.31692
  V       154   23.31715   22.01587    0.31715    1.63933       -1895.28515
  V       155   23.56234   22.26107    0.56234    1.38253       -1895.14057
  V       156   23.47884   22.17757    0.47884    1.47114       -1895.19460
  V       157   23.47597   22.17469    0.47597    1.46892       -1895.19873
  V       158   23.52037   22.21909    0.52037    1.42387       -1895.15466
  V       159   23.37103   22.06976    0.37103    1.58229       -1895.25336
  V       160   23.33880   22.03752    0.33880    1.60913       -1895.25070
