 Atom   Index      Q          Qmt        dQ        Vmad        Local Energy
  W         1   73.95828   72.65753   -0.04172    1.63901      -32312.43745
  W         2   73.84572   72.54496   -0.15428    1.74772      -32312.49782
  W         3   73.99952   72.69876   -0.00048    1.58875      -32312.40036
  W         4   73.79716   72.49640   -0.20284    1.78985      -32312.51738
  W         5   73.75203   72.45127   -0.24797    1.83663      -32312.56310
  W         6   73.76599   72.46523   -0.23401    1.82339      -32312.54705
  W         7   73.78190   72.48115   -0.21810    1.80813      -32312.54795
  W         8   73.85427   72.55352   -0.14573    1.74444      -32312.49207
  W         9   73.86691   72.56615   -0.13309    1.72323      -32312.47619
  W        10   73.88421   72.58345   -0.11579    1.70921      -32312.48201
  W        11   73.87655   72.57579   -0.12345    1.71266      -32312.47596
  W        12   73.82683   72.52608   -0.17317    1.75992      -32312.50097
  W        13   73.84927   72.54852   -0.15073    1.74225      -32312.48998
  W        14   73.83245   72.53170   -0.16755    1.77015      -32312.51816
  W        15   73.81125   72.51050   -0.18875    1.77761      -32312.51879
  W        16   73.81774   72.51698   -0.18226    1.77823      -32312.52943
  Nb       17   40.78492   39.48416   -0.21508    1.83944       -7632.64836
  Nb       18   40.98615   39.68539   -0.01385    1.64289       -7632.53774
  Nb       19   40.87829   39.57753   -0.12171    1.74291       -7632.59351
  Nb       20   40.98715   39.68640   -0.01285    1.63158       -7632.52591
  Nb       21   40.84934   39.54859   -0.15066    1.77179       -7632.61408
  Nb       22   40.71877   39.41802   -0.28123    1.90861       -7632.69112
  Nb       23   40.91878   39.61803   -0.08122    1.70677       -7632.58236
  Nb       24   41.01912   39.71836    0.01912    1.60949       -7632.51545
  Nb       25   40.93639   39.63564   -0.06361    1.69204       -7632.57785
  Nb       26   40.70949   39.40874   -0.29051    1.91899       -7632.69998
  Nb       27   40.90032   39.59956   -0.09968    1.72880       -7632.58423
  Nb       28   40.84341   39.54266   -0.15659    1.78423       -7632.61866
  Nb       29   40.98893   39.68817   -0.01107    1.64015       -7632.53919
  Nb       30   40.98667   39.68592   -0.01333    1.64362       -7632.53755
  Nb       31   40.85314   39.55238   -0.14686    1.77371       -7632.61156
  Nb       32   40.98901   39.68825   -0.01099    1.63579       -7632.53037
  Mo       33   42.07315   40.77239    0.07315    1.64461       -8090.55769
  Mo       34   42.18800   40.88724    0.18800    1.52591       -8090.49242
  Mo       35   42.00957   40.70881    0.00957    1.70376       -8090.58770
  Mo       36   42.00513   40.70438    0.00513    1.71975       -8090.61473
  Mo       37   41.97184   40.67109   -0.02816    1.75188       -8090.62507
  Mo       38   42.17949   40.87874    0.17949    1.52684       -8090.48413
  Mo       39   42.07158   40.77083    0.07158    1.64884       -8090.55943
  Mo       40   42.16006   40.85930    0.16006    1.56129       -8090.52267
  Mo       41   41.93472   40.63396   -0.06528    1.78432       -8090.64360
  Mo       42   42.01340   40.71264    0.01340    1.69993       -8090.59223
  Mo       43   42.18405   40.88330    0.18405    1.53197       -8090.49078
  Mo       44   41.93823   40.63747   -0.06177    1.78452       -8090.64094
  Mo       45   42.15195   40.85119    0.15195    1.55820       -8090.50757
  Mo       46   41.95792   40.65717   -0.04208    1.76544       -8090.63342
  Mo       47   42.06946   40.76870    0.06946    1.64616       -8090.55791
  Mo       48   42.04449   40.74374    0.04449    1.66978       -8090.57301
  Ta       49   72.66926   71.36850   -0.33074    1.86605      -31232.97094
  Ta       50   72.70922   71.40847   -0.29078    1.82014      -31232.95351
  Ta       51   72.73380   71.43305   -0.26620    1.79441      -31232.93724
  Ta       52   72.88146   71.58071   -0.11854    1.65198      -31232.84768
  Ta       53   72.88675   71.58599   -0.11325    1.64902      -31232.84260
  Ta       54   72.69867   71.39791   -0.30133    1.83525      -31232.95942
  Ta       55   72.78228   71.48152   -0.21772    1.75395      -31232.91858
  Ta       56   72.63106   71.33031   -0.36894    1.90412      -31233.01118
  Ta       57   72.67253   71.37178   -0.32747    1.86141      -31232.98391
  Ta       58   72.83100   71.53025   -0.16900    1.70442      -31232.87750
  Ta       59   72.88696   71.58621   -0.11304    1.64837      -31232.84613
  Ta       60   72.85091   71.55015   -0.14909    1.68670      -31232.87268
  Ta       61   72.82950   71.52875   -0.17050    1.70681      -31232.88116
  Ta       62   72.68850   71.38774   -0.31150    1.83900      -31232.97064
  Ta       63   72.76557   71.46482   -0.23443    1.77077      -31232.91916
  Ta       64   72.67080   71.37005   -0.32920    1.85203      -31232.96988
  V        65   23.58452   22.28377    0.58452    1.35521       -1895.12789
  V        66   23.30014   21.99939    0.30014    1.64954       -1895.27867
  V        67   23.56234   22.26158    0.56234    1.38392       -1895.15441
  V        68   23.38573   22.08498    0.38573    1.55980       -1895.23333
  V        69   23.40449   22.10374    0.40449    1.54351       -1895.21612
  V        70   23.56777   22.26701    0.56777    1.37420       -1895.14445
  V        71   23.38312   22.08237    0.38312    1.56585       -1895.22276
  V        72   23.39177   22.09101    0.39177    1.55482       -1895.23998
  V        73   23.48824   22.18748    0.48824    1.45738       -1895.19780
  V        74   23.38449   22.08374    0.38449    1.56936       -1895.26387
  V        75   23.55828   22.25752    0.55828    1.38547       -1895.14612
  V        76   23.39379   22.09303    0.39379    1.55322       -1895.23668
  V        77   23.50874   22.20799    0.50874    1.43769       -1895.15198
  V        78   23.34778   22.04702    0.34778    1.60178       -1895.26265
  V        79   23.34372   22.04297    0.34372    1.61052       -1895.25984
  V        80   23.38376   22.08301    0.38376    1.57193       -1895.26613
