 Atom   Index      Q          Qmt        dQ        Vmad        Local Energy
  W         1   73.92529   72.53826   -0.07471    1.83871      -32312.63890
  W         2   73.93322   72.54619   -0.06678    1.82797      -32312.62969
  W         3   73.93325   72.54622   -0.06675    1.83302      -32312.63302
  W         4   73.95980   72.57278   -0.04020    1.80890      -32312.62113
  W         5   73.95931   72.57228   -0.04069    1.80891      -32312.62467
  W         6   73.92554   72.53851   -0.07446    1.83581      -32312.64323
  W         7   73.94330   72.55627   -0.05670    1.82039      -32312.62782
  W         8   73.90194   72.51491   -0.09806    1.86655      -32312.66048
  W         9   73.92750   72.54048   -0.07250    1.83514      -32312.63369
  W        10   73.99468   72.60765   -0.00532    1.77658      -32312.60478
  W        11   73.95617   72.56914   -0.04383    1.81657      -32312.63216
  W        12   73.90719   72.52016   -0.09281    1.85568      -32312.64571
  W        13   73.92249   72.53547   -0.07751    1.84328      -32312.63696
  W        14   73.93593   72.54890   -0.06407    1.82214      -32312.62589
  W        15   74.01827   72.63124    0.01827    1.76712      -32312.61692
  W        16   73.94786   72.56083   -0.05214    1.82783      -32312.63560
  Nb       17   41.06885   39.68182    0.06885    1.74101       -7632.68843
  Nb       18   40.97730   39.59027   -0.02270    1.82268       -7632.73359
  Nb       19   40.99939   39.61236   -0.00061    1.80474       -7632.72739
  Nb       20   41.00939   39.62236    0.00939    1.79506       -7632.73190
  Nb       21   41.02695   39.63992    0.02695    1.78321       -7632.72066
  Nb       22   40.98854   39.60151   -0.01146    1.81075       -7632.72862
  Nb       23   41.01122   39.62419    0.01122    1.79978       -7632.72998
  Nb       24   41.06761   39.68058    0.06761    1.74238       -7632.69433
  Nb       25   41.00802   39.62099    0.00802    1.79575       -7632.71926
  Nb       26   40.95536   39.56833   -0.04464    1.84485       -7632.75307
  Nb       27   41.01236   39.62533    0.01236    1.79608       -7632.72135
  Nb       28   41.06445   39.67742    0.06445    1.74663       -7632.68972
  Nb       29   41.05000   39.66297    0.05000    1.75647       -7632.69445
  Nb       30   41.01653   39.62950    0.01653    1.78413       -7632.71056
  Nb       31   40.98848   39.60145   -0.01152    1.81510       -7632.73822
  Nb       32   41.05583   39.66880    0.05583    1.75570       -7632.69556
  Mo       33   42.08186   40.69483    0.08186    1.80841       -8090.75121
  Mo       34   42.17644   40.78942    0.17644    1.71305       -8090.68797
  Mo       35   42.16703   40.78000    0.16703    1.71882       -8090.68874
  Mo       36   42.20101   40.81398    0.20101    1.69143       -8090.67805
  Mo       37   42.14404   40.75701    0.14404    1.75214       -8090.71800
  Mo       38   42.10270   40.71568    0.10270    1.78814       -8090.73084
  Mo       39   42.12773   40.74070    0.12773    1.76151       -8090.71551
  Mo       40   42.20604   40.81901    0.20604    1.69391       -8090.68550
  Mo       41   42.17980   40.79277    0.17980    1.70507       -8090.68200
  Mo       42   42.13352   40.74649    0.13352    1.75533       -8090.70924
  Mo       43   42.17545   40.78842    0.17545    1.71070       -8090.68345
  Mo       44   42.16680   40.77977    0.16680    1.72268       -8090.69302
  Mo       45   42.17495   40.78792    0.17495    1.71029       -8090.68172
  Mo       46   42.21746   40.83043    0.21746    1.68194       -8090.66702
  Mo       47   42.18940   40.80237    0.18940    1.71022       -8090.69461
  Mo       48   42.18159   40.79456    0.18159    1.71880       -8090.69885
  Ta       49   72.85576   71.46873   -0.14424    1.85620      -31233.06917
  Ta       50   72.91452   71.52749   -0.08548    1.80389      -31233.03815
  Ta       51   72.88043   71.49340   -0.11957    1.82895      -31233.04775
  Ta       52   72.81944   71.43241   -0.18056    1.88671      -31233.10253
  Ta       53   72.86125   71.47422   -0.13875    1.85261      -31233.06032
  Ta       54   72.87744   71.49041   -0.12256    1.83590      -31233.05504
  Ta       55   72.85141   71.46438   -0.14859    1.86706      -31233.07367
  Ta       56   72.88728   71.50025   -0.11272    1.82912      -31233.05169
  Ta       57   72.83111   71.44408   -0.16889    1.87602      -31233.07839
  Ta       58   72.88443   71.49740   -0.11557    1.82965      -31233.05361
  Ta       59   72.88988   71.50285   -0.11012    1.82269      -31233.04757
  Ta       60   72.90941   71.52238   -0.09059    1.81167      -31233.04084
  Ta       61   72.87145   71.48442   -0.12855    1.84363      -31233.05563
  Ta       62   72.86234   71.47531   -0.13766    1.85474      -31233.07116
  Ta       63   72.94447   71.55744   -0.05553    1.78293      -31233.02511
  Ta       64   72.84157   71.45454   -0.15843    1.87325      -31233.07988
