 Atom   Index      Q          Qmt        dQ        Vmad        Local Energy
  W         1   73.82416   72.52338   -0.17584    1.77535      -32312.52985
  W         2   73.96380   72.66301   -0.03620    1.63103      -32312.43189
  W         3   73.89556   72.59478   -0.10444    1.70771      -32312.49008
  W         4   73.91506   72.61428   -0.08494    1.68546      -32312.47439
  W         5   73.88587   72.58508   -0.11413    1.71169      -32312.48529
  W         6   73.74420   72.44342   -0.25580    1.84417      -32312.55031
  W         7   73.86479   72.56400   -0.13521    1.72644      -32312.48466
  W         8   73.96571   72.66492   -0.03429    1.63903      -32312.44050
  W         9   73.90719   72.60640   -0.09281    1.68532      -32312.45848
  W        10   73.85071   72.54993   -0.14929    1.73023      -32312.47290
  W        11   73.95343   72.65264   -0.04657    1.64217      -32312.43867
  W        12   73.80177   72.50098   -0.19823    1.79120      -32312.52791
  W        13   73.78115   72.48037   -0.21885    1.81420      -32312.54071
  W        14   73.78066   72.47987   -0.21934    1.80581      -32312.52377
  W        15   73.86711   72.56633   -0.13289    1.71837      -32312.47718
  W        16   73.83781   72.53702   -0.16219    1.74427      -32312.48455
  Nb       17   40.97799   39.67721   -0.02201    1.65396       -7632.54544
  Nb       18   41.05630   39.75552    0.05630    1.56678       -7632.48455
  Nb       19   40.85003   39.54924   -0.14997    1.77498       -7632.61795
  Nb       20   40.99006   39.68927   -0.00994    1.63910       -7632.53804
  Nb       21   40.92068   39.61989   -0.07932    1.69757       -7632.56408
  Nb       22   40.85709   39.55631   -0.14291    1.76876       -7632.61541
  Nb       23   40.83553   39.53474   -0.16447    1.78404       -7632.61591
  Nb       24   40.98583   39.68505   -0.01417    1.63544       -7632.52369
  Nb       25   40.86750   39.56672   -0.13250    1.76393       -7632.62091
  Nb       26   41.04547   39.74468    0.04547    1.57956       -7632.49891
  Nb       27   40.78586   39.48507   -0.21414    1.84496       -7632.67522
  Nb       28   41.00170   39.70092    0.00170    1.62432       -7632.52090
  Nb       29   41.01589   39.71511    0.01589    1.60602       -7632.51335
  Nb       30   40.81826   39.51748   -0.18174    1.80420       -7632.62544
  Nb       31   40.64140   39.34062   -0.35860    1.98683       -7632.75052
  Nb       32   40.96074   39.65996   -0.03926    1.66880       -7632.55520
  Mo       33   42.02369   40.72291    0.02369    1.68802       -8090.57175
  Mo       34   41.95992   40.65914   -0.04008    1.75794       -8090.62068
  Mo       35   41.90242   40.60164   -0.09758    1.81606       -8090.66210
  Mo       36   42.08943   40.78865    0.08943    1.62603       -8090.54509
  Mo       37   42.18281   40.88203    0.18281    1.52358       -8090.47267
  Mo       38   42.20406   40.90328    0.20406    1.51952       -8090.49387
  Mo       39   41.83659   40.53581   -0.16341    1.89171       -8090.70647
  Mo       40   42.08000   40.77922    0.08000    1.62980       -8090.54402
  Mo       41   42.12007   40.81928    0.12007    1.59016       -8090.51770
  Mo       42   42.04617   40.74539    0.04617    1.66605       -8090.57706
  Mo       43   42.13942   40.83864    0.13942    1.57142       -8090.50846
  Mo       44   42.10281   40.80203    0.10281    1.60568       -8090.52908
  Mo       45   42.20411   40.90332    0.20411    1.51266       -8090.48290
  Mo       46   41.92036   40.61958   -0.07964    1.80326       -8090.64623
  Mo       47   41.97071   40.66992   -0.02929    1.75797       -8090.62928
  Mo       48   42.06510   40.76431    0.06510    1.65267       -8090.57464
  Ta       49   72.90574   71.60496   -0.09426    1.63462      -31232.84069
  Ta       50   72.62488   71.32410   -0.37512    1.90717      -31233.00969
  Ta       51   72.75910   71.45831   -0.24090    1.77883      -31232.93632
  Ta       52   72.57027   71.26949   -0.42973    1.96275      -31233.04373
  Ta       53   72.91852   71.61774   -0.08148    1.61921      -31232.82692
  Ta       54   72.62142   71.32064   -0.37858    1.91280      -31233.02742
  Ta       55   72.86358   71.56280   -0.13642    1.67190      -31232.86264
  Ta       56   72.72240   71.42162   -0.27760    1.81820      -31232.96582
  Ta       57   72.86202   71.56124   -0.13798    1.66984      -31232.86445
  Ta       58   72.71415   71.41336   -0.28585    1.82065      -31232.95872
  Ta       59   72.81583   71.51505   -0.18417    1.71584      -31232.89099
  Ta       60   72.64722   71.34644   -0.35278    1.88681      -31233.00652
  Ta       61   72.81051   71.50973   -0.18949    1.72602      -31232.90127
  Ta       62   72.58051   71.27972   -0.41949    1.95036      -31233.03491
  Ta       63   72.80095   71.50016   -0.19905    1.72538      -31232.88927
  Ta       64   72.67683   71.37605   -0.32317    1.85299      -31232.98323
  V        65   23.59897   22.29818    0.59897    1.34112       -1895.10522
  V        66   23.42034   22.11956    0.42034    1.52763       -1895.22553
  V        67   23.25778   21.95700    0.25778    1.69832       -1895.32059
  V        68   23.48808   22.18730    0.48808    1.44952       -1895.16123
  V        69   23.29867   21.99789    0.29867    1.65643       -1895.29580
  V        70   23.30711   22.00632    0.30711    1.64695       -1895.29310
  V        71   23.50540   22.20462    0.50540    1.43827       -1895.17595
  V        72   23.27662   21.97584    0.27662    1.67445       -1895.29069
  V        73   23.42163   22.12084    0.42163    1.51692       -1895.21067
  V        74   23.51902   22.21824    0.51902    1.42718       -1895.16940
  V        75   23.50877   22.20798    0.50877    1.43717       -1895.16933
  V        76   23.52430   22.22352    0.52430    1.42050       -1895.15510
  V        77   23.29678   21.99599    0.29678    1.65675       -1895.27808
  V        78   23.26837   21.96759    0.26837    1.68973       -1895.32249
  V        79   23.55419   22.25340    0.55419    1.38473       -1895.13803
  V        80   23.56306   22.26227    0.56306    1.38352       -1895.13570
