System Description            : WNbMoTa, BCC structure                          
Number of Atoms in Unit Cell  : 256                                             
Number of Atomic Species      : 4                                               
Number of Atoms in Each Type  : 64(W), 64(Nb), 64(Mo), 64(Ta)                   
Energy Offset                 : -19816                                          
=======================================================================================
    Iter     Energy      3PV     Efermi   Rms_rho    Rms_pot   Mix  Alg  Alpha 
---------------------------------------------------------------------------------------
**       1  -0.261757  2293.612  0.59364  0.140E+01  0.163E+00  pot  B   0.1000
         2  -0.433777  2265.464  0.61077  0.782E-02  0.911E+00  pot  B   0.1000
         3  -0.656684  2262.648  0.61139  0.134E-02  0.212E+00  pot  B   0.1000
         4  -0.983909  2217.291  0.62845  0.119E-01  0.476E+00  pot  B   0.1000
         5  -1.083111  2191.611  0.64547  0.692E-02  0.537E+00  pot  B   0.1000
         6  -1.178479  2178.362  0.65692  0.361E-02  0.170E+00  pot  B   0.1000
         7  -1.213777  2165.979  0.66572  0.380E-02  0.947E-01  pot  B   0.1000
         8  -1.238373  2155.477  0.67193  0.365E-02  0.590E-01  pot  B   0.1000
         9  -1.255911  2147.209  0.67600  0.318E-02  0.584E-01  pot  B   0.1000
        10  -1.273001  2135.086  0.68144  0.504E-02  0.299E-01  pot  B   0.1000
        11  -1.275935  2130.607  0.68394  0.204E-02  0.215E-01  pot  B   0.1000
        12  -1.276535  2128.998  0.68521  0.861E-03  0.644E-02  pot  B   0.1000
        13  -1.276698  2128.635  0.68608  0.296E-03  0.478E-02  pot  B   0.1000
        14  -1.276827  2128.493  0.68700  0.223E-03  0.672E-02  pot  B   0.1000
        15  -1.276957  2128.477  0.68825  0.278E-03  0.392E-02  pot  B   0.1000
        16  -1.277007  2128.416  0.68935  0.222E-03  0.322E-02  pot  B   0.1000
        17  -1.277018  2128.304  0.68991  0.987E-04  0.140E-02  pot  B   0.1000
        18  -1.277017  2128.313  0.69001  0.189E-04  0.294E-02  pot  B   0.1000
        19  -1.277022  2128.278  0.69016  0.280E-04  0.787E-03  pot  B   0.1000
        20  -1.277023  2128.244  0.69025  0.221E-04  0.108E-02  pot  B   0.1000
        21  -1.277025  2128.182  0.69047  0.434E-04  0.455E-03  pot  B   0.1000
        22  -1.277025  2128.175  0.69056  0.168E-04  0.363E-03  pot  B   0.1000
        23  -1.277025  2128.175  0.69059  0.776E-05  0.249E-03  pot  B   0.1000
        24  -1.277026  2128.183  0.69063  0.868E-05  0.194E-03  pot  B   0.1000
        25  -1.277026  2128.210  0.69066  0.139E-04  0.140E-03  pot  B   0.1000
        26  -1.277026  2128.229  0.69067  0.850E-05  0.171E-03  pot  B   0.1000
        27  -1.277026  2128.241  0.69068  0.548E-05  0.585E-04  pot  B   0.1000
        28  -1.277026  2128.250  0.69068  0.464E-05  0.538E-04  pot  B   0.1000
        29  -1.277026  2128.256  0.69069  0.367E-05  0.975E-04  pot  B   0.1000
        30  -1.277026  2128.265  0.69068  0.472E-05  0.131E-03  pot  B   0.1000
        31  -1.277026  2128.265  0.69068  0.705E-06  0.670E-04  pot  B   0.1000
        32  -1.277026  2128.266  0.69068  0.115E-05  0.430E-04  pot  B   0.1000
        33  -1.277026  2128.269  0.69068  0.199E-05  0.350E-04  pot  B   0.1000
        34  -1.277026  2128.271  0.69068  0.109E-05  0.233E-04  pot  B   0.1000
        35  -1.277026  2128.273  0.69067  0.109E-05  0.177E-04  pot  B   0.1000
        36  -1.277026  2128.273  0.69067  0.765E-06  0.141E-04  pot  B   0.1000
        37  -1.277026  2128.275  0.69067  0.836E-06  0.882E-05  pot  B   0.1000
        38  -1.277026  2128.276  0.69067  0.626E-06  0.122E-04  pot  B   0.1000
        39  -1.277026  2128.276  0.69067  0.409E-06  0.667E-05  pot  B   0.1000
        40  -1.277026  2128.277  0.69066  0.512E-06  0.534E-05  pot  B   0.1000
        41  -1.277026  2128.278  0.69066  0.262E-06  0.689E-05  pot  B   0.1000
        42  -1.277026  2128.278  0.69066  0.268E-06  0.797E-05  pot  B   0.1000
        43  -1.277026  2128.278  0.69066  0.480E-07  0.613E-05  pot  B   0.1000
        44  -1.277026  2128.278  0.69066  0.181E-06  0.441E-05  pot  B   0.1000
        45  -1.277026  2128.278  0.69066  0.144E-06  0.351E-05  pot  B   0.1000
        46  -1.277026  2128.277  0.69066  0.136E-06  0.215E-05  pot  B   0.1000
        47  -1.277026  2128.277  0.69066  0.972E-07  0.129E-05  pot  B   0.1000
        48  -1.277026  2128.277  0.69066  0.730E-07  0.144E-05  pot  B   0.1000
        49  -1.277026  2128.277  0.69066  0.556E-07  0.618E-06  pot  B   0.1000
        50  -1.277026  2128.277  0.69066  0.413E-07  0.112E-05  pot  B   0.1000
        51  -1.277026  2128.277  0.69066  0.181E-07  0.779E-06  pot  B   0.1000
        52  -1.277026  2128.277  0.69066  0.295E-07  0.586E-06  pot  B   0.1000
        53  -1.277026  2128.277  0.69066  0.213E-07  0.436E-06  pot  B   0.1000
        54  -1.277026  2128.277  0.69066  0.256E-07  0.540E-06  pot  B   0.1000
        55  -1.277026  2128.277  0.69066  0.515E-08  0.725E-06  pot  B   0.1000
        56  -1.277026  2128.277  0.69066  0.253E-07  0.400E-06  pot  B   0.1000
        57  -1.277026  2128.277  0.69066  0.119E-07  0.282E-06  pot  B   0.1000
        58  -1.277026  2128.276  0.69066  0.178E-07  0.242E-06  pot  B   0.1000
        59  -1.277026  2128.276  0.69066  0.118E-07  0.139E-06  pot  B   0.1000
        60  -1.277026  2128.276  0.69066  0.857E-08  0.146E-06  pot  B   0.1000
        61  -1.277026  2128.276  0.69066  0.815E-08  0.108E-06  pot  B   0.1000
        62  -1.277026  2128.276  0.69066  0.755E-08  0.103E-06  pot  B   0.1000
        63  -1.277026  2128.276  0.69066  0.431E-08  0.106E-06  pot  B   0.1000
        64  -1.277026  2128.276  0.69066  0.464E-08  0.757E-07  pot  B   0.1000
        65  -1.277026  2128.276  0.69066  0.321E-08  0.684E-07  pot  B   0.1000
        66  -1.277026  2128.276  0.69066  0.263E-08  0.794E-07  pot  B   0.1000
        67  -1.277026  2128.276  0.69066  0.611E-09  0.803E-07  pot  B   0.1000
        68  -1.277026  2128.276  0.69066  0.100E-08  0.411E-07  pot  B   0.1000
        69  -1.277026  2128.276  0.69066  0.572E-09  0.327E-07  pot  B   0.1000
        70  -1.277026  2128.276  0.69066  0.901E-09  0.366E-07  pot  B   0.1000
        71  -1.277026  2128.276  0.69066  0.870E-09  0.129E-07  pot  B   0.1000
        72  -1.277026  2128.276  0.69066  0.727E-09  0.163E-07  pot  B   0.1000
        73  -1.277026  2128.276  0.69066  0.642E-09  0.595E-08  pot  B   0.1000
**      74  -1.277026  2128.276  0.69066  0.568E-12  0.595E-08  pot  B   0.1000
