System Description            : WNbMoTaV, BCC structure                         
Number of Atoms in Unit Cell  : 160                                             
Number of Atomic Species      : 5                                               
Number of Atoms in Each Type  : 32(W), 32(Nb), 32(Mo), 32(Ta), 32(V)            
Energy Offset                 : -16231                                          
=======================================================================================
    Iter     Energy      3PV     Efermi   Rms_rho    Rms_pot   Mix  Alg  Alpha 
---------------------------------------------------------------------------------------
**       1  -0.856512  1839.083  0.58631  0.140E+01  0.120E+00  pot  B   0.1000
         2  -1.160674  1816.531  0.59533  0.771E-02  0.386E+00  pot  B   0.1000
         3  -1.197616  1808.456  0.60501  0.504E-02  0.473E+00  pot  B   0.1000
         4  -1.395409  1796.811  0.61219  0.387E-02  0.271E+00  pot  B   0.1000
         5  -1.522959  1777.524  0.61939  0.651E-02  0.301E+00  pot  B   0.1000
         6  -1.630863  1754.216  0.62550  0.791E-02  0.293E+00  pot  B   0.1000
         7  -1.682551  1742.650  0.62977  0.402E-02  0.202E+00  pot  B   0.1000
         8  -1.711154  1733.920  0.63354  0.321E-02  0.120E+00  pot  B   0.1000
         9  -1.726055  1727.579  0.63627  0.272E-02  0.771E-01  pot  B   0.1000
        10  -1.736852  1723.442  0.63715  0.199E-02  0.467E-01  pot  B   0.1000
        11  -1.749747  1715.833  0.63927  0.395E-02  0.492E-01  pot  B   0.1000
        12  -1.756320  1709.632  0.64066  0.334E-02  0.403E-01  pot  B   0.1000
        13  -1.757292  1708.181  0.64190  0.874E-03  0.189E-01  pot  B   0.1000
        14  -1.757641  1707.561  0.64263  0.457E-03  0.113E-01  pot  B   0.1000
        15  -1.757742  1707.483  0.64310  0.160E-03  0.926E-02  pot  B   0.1000
        16  -1.757891  1707.252  0.64415  0.283E-03  0.664E-02  pot  B   0.1000
        17  -1.757965  1707.451  0.64489  0.149E-03  0.104E-01  pot  B   0.1000
        18  -1.758070  1707.166  0.64636  0.293E-03  0.892E-02  pot  B   0.1000
        19  -1.758095  1707.376  0.64690  0.102E-03  0.566E-02  pot  B   0.1000
        20  -1.758113  1707.252  0.64725  0.945E-04  0.384E-02  pot  B   0.1000
        21  -1.758136  1707.187  0.64773  0.872E-04  0.308E-02  pot  B   0.1000
        22  -1.758138  1707.215  0.64783  0.389E-04  0.291E-02  pot  B   0.1000
        23  -1.758145  1707.173  0.64797  0.369E-04  0.271E-02  pot  B   0.1000
        24  -1.758151  1707.114  0.64807  0.362E-04  0.107E-02  pot  B   0.1000
        25  -1.758151  1707.070  0.64811  0.257E-04  0.123E-02  pot  B   0.1000
        26  -1.758151  1707.039  0.64814  0.201E-04  0.128E-02  pot  B   0.1000
        27  -1.758151  1707.001  0.64815  0.187E-04  0.579E-03  pot  B   0.1000
        28  -1.758151  1706.961  0.64818  0.228E-04  0.768E-03  pot  B   0.1000
        29  -1.758150  1706.916  0.64818  0.207E-04  0.676E-03  pot  B   0.1000
        30  -1.758151  1706.881  0.64822  0.256E-04  0.397E-03  pot  B   0.1000
        31  -1.758150  1706.866  0.64825  0.977E-05  0.475E-03  pot  B   0.1000
        32  -1.758150  1706.866  0.64824  0.646E-05  0.394E-03  pot  B   0.1000
        33  -1.758151  1706.848  0.64827  0.124E-04  0.276E-03  pot  B   0.1000
        34  -1.758151  1706.840  0.64830  0.605E-05  0.233E-03  pot  B   0.1000
        35  -1.758151  1706.831  0.64832  0.607E-05  0.216E-03  pot  B   0.1000
        36  -1.758152  1706.830  0.64835  0.390E-05  0.208E-03  pot  B   0.1000
        37  -1.758152  1706.824  0.64837  0.381E-05  0.151E-03  pot  B   0.1000
        38  -1.758152  1706.820  0.64839  0.261E-05  0.103E-03  pot  B   0.1000
        39  -1.758152  1706.818  0.64840  0.210E-05  0.815E-04  pot  B   0.1000
        40  -1.758153  1706.816  0.64841  0.146E-05  0.632E-04  pot  B   0.1000
        41  -1.758153  1706.813  0.64842  0.241E-05  0.886E-04  pot  B   0.1000
        42  -1.758153  1706.811  0.64842  0.152E-05  0.644E-04  pot  B   0.1000
        43  -1.758153  1706.810  0.64842  0.804E-06  0.546E-04  pot  B   0.1000
        44  -1.758153  1706.810  0.64842  0.105E-05  0.775E-04  pot  B   0.1000
        45  -1.758153  1706.810  0.64843  0.749E-06  0.355E-04  pot  B   0.1000
        46  -1.758153  1706.809  0.64843  0.550E-06  0.339E-04  pot  B   0.1000
        47  -1.758153  1706.809  0.64843  0.343E-06  0.265E-04  pot  B   0.1000
        48  -1.758152  1706.808  0.64843  0.716E-06  0.130E-04  pot  B   0.1000
        49  -1.758152  1706.808  0.64843  0.188E-06  0.112E-04  pot  B   0.1000
        50  -1.758152  1706.808  0.64843  0.126E-06  0.982E-05  pot  B   0.1000
        51  -1.758152  1706.807  0.64843  0.373E-06  0.703E-05  pot  B   0.1000
        52  -1.758152  1706.807  0.64843  0.130E-06  0.515E-05  pot  B   0.1000
        53  -1.758153  1706.807  0.64843  0.140E-06  0.363E-05  pot  B   0.1000
        54  -1.758153  1706.807  0.64843  0.111E-06  0.429E-05  pot  B   0.1000
        55  -1.758153  1706.807  0.64843  0.755E-07  0.620E-05  pot  B   0.1000
        56  -1.758153  1706.807  0.64844  0.145E-06  0.655E-05  pot  B   0.1000
        57  -1.758153  1706.807  0.64843  0.454E-07  0.454E-05  pot  B   0.1000
        58  -1.758153  1706.807  0.64844  0.538E-07  0.382E-05  pot  B   0.1000
        59  -1.758153  1706.807  0.64844  0.493E-07  0.251E-05  pot  B   0.1000
        60  -1.758153  1706.807  0.64844  0.826E-07  0.186E-05  pot  B   0.1000
        61  -1.758153  1706.807  0.64844  0.189E-07  0.213E-05  pot  B   0.1000
        62  -1.758153  1706.807  0.64844  0.245E-07  0.141E-05  pot  B   0.1000
        63  -1.758153  1706.807  0.64844  0.173E-07  0.646E-06  pot  B   0.1000
        64  -1.758153  1706.807  0.64844  0.138E-07  0.499E-06  pot  B   0.1000
        65  -1.758153  1706.807  0.64844  0.717E-08  0.273E-06  pot  B   0.1000
        66  -1.758153  1706.807  0.64844  0.605E-08  0.327E-06  pot  B   0.1000
        67  -1.758153  1706.807  0.64844  0.873E-08  0.300E-06  pot  B   0.1000
        68  -1.758153  1706.807  0.64844  0.769E-08  0.252E-06  pot  B   0.1000
        69  -1.758153  1706.807  0.64844  0.524E-08  0.369E-06  pot  B   0.1000
        70  -1.758153  1706.807  0.64844  0.447E-08  0.225E-06  pot  B   0.1000
        71  -1.758153  1706.807  0.64844  0.311E-08  0.195E-06  pot  B   0.1000
        72  -1.758153  1706.807  0.64844  0.149E-08  0.765E-07  pot  B   0.1000
        73  -1.758153  1706.807  0.64844  0.857E-09  0.783E-07  pot  B   0.1000
        74  -1.758153  1706.807  0.64844  0.118E-08  0.105E-06  pot  B   0.1000
        75  -1.758153  1706.807  0.64844  0.122E-08  0.898E-07  pot  B   0.1000
        76  -1.758153  1706.807  0.64844  0.108E-08  0.574E-07  pot  B   0.1000
        77  -1.758153  1706.807  0.64844  0.684E-09  0.502E-07  pot  B   0.1000
        78  -1.758153  1706.807  0.64844  0.580E-09  0.317E-07  pot  B   0.1000
        79  -1.758153  1706.807  0.64844  0.371E-09  0.287E-07  pot  B   0.1000
        80  -1.758153  1706.807  0.64844  0.241E-09  0.159E-07  pot  B   0.1000
        81  -1.758153  1706.807  0.64844  0.402E-09  0.271E-07  pot  B   0.1000
        82  -1.758153  1706.807  0.64844  0.240E-09  0.146E-07  pot  B   0.1000
        83  -1.758153  1706.807  0.64844  0.238E-09  0.130E-07  pot  B   0.1000
        84  -1.758153  1706.807  0.64844  0.159E-09  0.995E-08  pot  B   0.1000
**      85  -1.758153  1706.807  0.64844  0.391E-11  0.995E-08  pot  B   0.1000
