 Atom   Index      Q          Qmt        dQ        Vmad        Local Energy
  W         1   73.82585   72.52503   -0.17415    1.77127      -32312.52546
  W         2   73.95578   72.65496   -0.04422    1.63257      -32312.42616
  W         3   73.93933   72.63851   -0.06067    1.65536      -32312.44205
  W         4   73.92917   72.62835   -0.07083    1.66631      -32312.44336
  W         5   73.80312   72.50229   -0.19688    1.78748      -32312.52677
  W         6   73.87990   72.57907   -0.12010    1.70604      -32312.47677
  W         7   73.78473   72.48390   -0.21527    1.80012      -32312.52055
  W         8   73.89593   72.59511   -0.10407    1.70545      -32312.48178
  W         9   73.90070   72.59988   -0.09930    1.68961      -32312.46044
  W        10   73.96911   72.66829   -0.03089    1.62401      -32312.42862
  W        11   73.77130   72.47048   -0.22870    1.82456      -32312.55252
  W        12   73.91118   72.61036   -0.08882    1.67610      -32312.45040
  W        13   73.94599   72.64517   -0.05401    1.64459      -32312.42161
  W        14   73.76843   72.46761   -0.23157    1.82068      -32312.55466
  W        15   73.83028   72.52946   -0.16972    1.76754      -32312.52320
  W        16   73.79096   72.49014   -0.20904    1.79549      -32312.52925
  W        17   73.77080   72.46998   -0.22920    1.82184      -32312.54452
  W        18   73.95917   72.65835   -0.04083    1.62566      -32312.41056
  W        19   73.85869   72.55787   -0.14131    1.74140      -32312.50313
  W        20   73.73669   72.43586   -0.26331    1.85932      -32312.56837
  W        21   73.92820   72.62737   -0.07180    1.65834      -32312.43951
  W        22   73.97312   72.67230   -0.02688    1.61690      -32312.41541
  W        23   73.89077   72.58995   -0.10923    1.69887      -32312.46752
  W        24   73.75808   72.45726   -0.24192    1.83541      -32312.55456
  W        25   73.90722   72.60640   -0.09278    1.68495      -32312.46991
  W        26   73.94428   72.64345   -0.05572    1.64094      -32312.42352
  W        27   73.72472   72.42390   -0.27528    1.86390      -32312.57995
  W        28   73.91053   72.60970   -0.08947    1.68055      -32312.45940
  W        29   73.66990   72.36908   -0.33010    1.93252      -32312.62750
  W        30   73.92631   72.62549   -0.07369    1.66428      -32312.44570
  W        31   73.94435   72.64353   -0.05565    1.65183      -32312.43939
  W        32   73.86395   72.56312   -0.13605    1.73122      -32312.48889
  Nb       33   40.78910   39.48827   -0.21090    1.84007       -7632.66119
  Nb       34   41.05085   39.75002    0.05085    1.57408       -7632.49967
  Nb       35   40.93552   39.63469   -0.06448    1.69124       -7632.56991
  Nb       36   40.83161   39.53078   -0.16839    1.78605       -7632.61684
  Nb       37   40.97053   39.66971   -0.02947    1.65720       -7632.54432
  Nb       38   40.92193   39.62110   -0.07807    1.71431       -7632.59304
  Nb       39   40.79380   39.49298   -0.20620    1.83573       -7632.65644
  Nb       40   40.84604   39.54521   -0.15396    1.78170       -7632.61537
  Nb       41   40.96544   39.66461   -0.03456    1.65845       -7632.54769
  Nb       42   40.88964   39.58882   -0.11036    1.73415       -7632.58420
  Nb       43   40.83395   39.53312   -0.16605    1.79775       -7632.63543
  Nb       44   40.97843   39.67760   -0.02157    1.64593       -7632.53627
  Nb       45   40.98966   39.68883   -0.01034    1.63697       -7632.53032
  Nb       46   40.97786   39.67704   -0.02214    1.64231       -7632.52896
  Nb       47   40.95095   39.65012   -0.04905    1.67224       -7632.55062
  Nb       48   41.01573   39.71491    0.01573    1.61645       -7632.51605
  Nb       49   40.90243   39.60161   -0.09757    1.71904       -7632.58079
  Nb       50   40.92167   39.62085   -0.07833    1.71206       -7632.58269
  Nb       51   41.02741   39.72659    0.02741    1.59806       -7632.51356
  Nb       52   40.77618   39.47535   -0.22382    1.84572       -7632.65256
  Nb       53   40.89859   39.59777   -0.10141    1.73180       -7632.59400
  Nb       54   40.97323   39.67241   -0.02677    1.65745       -7632.54102
  Nb       55   40.83884   39.53802   -0.16116    1.77971       -7632.61588
  Nb       56   40.70728   39.40645   -0.29272    1.92179       -7632.70662
  Nb       57   40.85054   39.54971   -0.14946    1.77078       -7632.62245
  Nb       58   40.93247   39.63164   -0.06753    1.69274       -7632.56430
  Nb       59   40.92613   39.62530   -0.07387    1.70041       -7632.56981
  Nb       60   41.08131   39.78048    0.08131    1.54592       -7632.47523
  Nb       61   40.95204   39.65122   -0.04796    1.66659       -7632.54705
  Nb       62   41.04631   39.74549    0.04631    1.57451       -7632.48473
  Nb       63   40.98072   39.67990   -0.01928    1.64211       -7632.53449
  Nb       64   40.88232   39.58150   -0.11768    1.73671       -7632.58800
  Mo       65   42.10945   40.80863    0.10945    1.60808       -8090.54050
  Mo       66   41.97422   40.67340   -0.02578    1.74407       -8090.61214
  Mo       67   42.11482   40.81400    0.11482    1.60130       -8090.53069
  Mo       68   42.14693   40.84611    0.14693    1.56813       -8090.51090
  Mo       69   41.96606   40.66523   -0.03394    1.74846       -8090.61605
  Mo       70   42.16471   40.86389    0.16471    1.54740       -8090.50189
  Mo       71   41.98913   40.68831   -0.01087    1.74065       -8090.62971
  Mo       72   41.99894   40.69811   -0.00106    1.72047       -8090.60354
  Mo       73   41.80166   40.50084   -0.19834    1.92626       -8090.72941
  Mo       74   42.00095   40.70012    0.00095    1.71675       -8090.59503
  Mo       75   42.02492   40.72410    0.02492    1.69796       -8090.59288
  Mo       76   42.02906   40.72823    0.02906    1.68733       -8090.57942
  Mo       77   41.99755   40.69672   -0.00245    1.71560       -8090.59401
  Mo       78   41.86035   40.55953   -0.13965    1.86381       -8090.68877
  Mo       79   41.94363   40.64281   -0.05637    1.77502       -8090.63448
  Mo       80   41.98272   40.68190   -0.01728    1.74050       -8090.62029
  Mo       81   42.07328   40.77245    0.07328    1.64329       -8090.55886
  Mo       82   42.06685   40.76602    0.06685    1.65764       -8090.56574
  Mo       83   42.02020   40.71938    0.02020    1.70346       -8090.59517
  Mo       84   42.06575   40.76492    0.06575    1.64661       -8090.55577
  Mo       85   42.01716   40.71634    0.01716    1.70005       -8090.59521
  Mo       86   42.15599   40.85517    0.15599    1.55448       -8090.49413
  Mo       87   42.09863   40.79780    0.09863    1.61253       -8090.53332
  Mo       88   42.19700   40.89618    0.19700    1.51206       -8090.47573
  Mo       89   42.08078   40.77996    0.08078    1.63308       -8090.54785
  Mo       90   41.99099   40.69017   -0.00901    1.72879       -8090.61313
  Mo       91   42.04029   40.73947    0.04029    1.67353       -8090.57199
  Mo       92   42.06901   40.76819    0.06901    1.65151       -8090.56958
  Mo       93   42.11924   40.81841    0.11924    1.59828       -8090.52956
  Mo       94   42.10555   40.80473    0.10555    1.61315       -8090.53846
  Mo       95   41.99885   40.69803   -0.00115    1.73321       -8090.62741
  Mo       96   42.06611   40.76528    0.06611    1.65091       -8090.55492
  Ta       97   72.81262   71.51180   -0.18738    1.72000      -31232.88589
  Ta       98   72.80746   71.50664   -0.19254    1.72496      -31232.89568
  Ta       99   72.63039   71.32956   -0.36961    1.90467      -31233.00922
  Ta      100   72.77268   71.47185   -0.22732    1.75814      -31232.90601
  Ta      101   72.70861   71.40779   -0.29139    1.83261      -31232.96864
  Ta      102   72.64321   71.34238   -0.35679    1.89207      -31233.00749
  Ta      103   72.90549   71.60466   -0.09451    1.63230      -31232.83111
  Ta      104   72.81194   71.51111   -0.18806    1.71985      -31232.87924
  Ta      105   72.76625   71.46542   -0.23375    1.76519      -31232.91526
  Ta      106   72.72624   71.42542   -0.27376    1.80901      -31232.95322
  Ta      107   72.67887   71.37805   -0.32113    1.85044      -31232.97813
  Ta      108   72.83492   71.53410   -0.16508    1.69932      -31232.88008
  Ta      109   72.74311   71.44229   -0.25689    1.79319      -31232.93915
  Ta      110   72.66924   71.36841   -0.33076    1.86787      -31232.98538
  Ta      111   72.87927   71.57845   -0.12073    1.65626      -31232.84462
  Ta      112   72.78791   71.48709   -0.21209    1.74373      -31232.90205
  Ta      113   72.83747   71.53664   -0.16253    1.69744      -31232.87624
  Ta      114   72.73812   71.43730   -0.26188    1.79408      -31232.93706
  Ta      115   72.64062   71.33979   -0.35938    1.88521      -31233.00288
  Ta      116   72.71194   71.41112   -0.28806    1.82044      -31232.95188
  Ta      117   72.90367   71.60285   -0.09633    1.63081      -31232.82643
  Ta      118   72.67833   71.37750   -0.32167    1.85849      -31232.99480
  Ta      119   72.64680   71.34597   -0.35320    1.88468      -31232.98993
  Ta      120   72.61218   71.31136   -0.38782    1.91955      -31233.01284
  Ta      121   72.67546   71.37464   -0.32454    1.85759      -31232.97767
  Ta      122   72.66406   71.36323   -0.33594    1.86679      -31232.98311
  Ta      123   72.67241   71.37158   -0.32759    1.85961      -31232.97532
  Ta      124   72.79954   71.49871   -0.20046    1.74095      -31232.90747
  Ta      125   72.67270   71.37188   -0.32730    1.85502      -31232.97829
  Ta      126   72.81526   71.51444   -0.18474    1.71543      -31232.88548
  Ta      127   72.73171   71.43089   -0.26829    1.79879      -31232.95288
  Ta      128   72.74029   71.43947   -0.25971    1.79328      -31232.93874
  V       129   23.48435   22.18353    0.48435    1.45935       -1895.17194
  V       130   23.47331   22.17249    0.47331    1.47357       -1895.19572
  V       131   23.31357   22.01274    0.31357    1.63570       -1895.27927
  V       132   23.47016   22.16934    0.47016    1.47139       -1895.18891
  V       133   23.34504   22.04422    0.34504    1.61055       -1895.26501
  V       134   23.55256   22.25174    0.55256    1.39625       -1895.14902
  V       135   23.56908   22.26825    0.56908    1.37114       -1895.12133
  V       136   23.36606   22.06524    0.36606    1.58644       -1895.26204
  V       137   23.48263   22.18180    0.48263    1.46720       -1895.18772
  V       138   23.42344   22.12262    0.42344    1.52232       -1895.22471
  V       139   23.49807   22.19724    0.49807    1.44871       -1895.17987
  V       140   23.43487   22.13404    0.43487    1.51232       -1895.22004
  V       141   23.36037   22.05954    0.36037    1.59240       -1895.24391
  V       142   23.44201   22.14118    0.44201    1.50830       -1895.21203
  V       143   23.37143   22.07060    0.37143    1.57268       -1895.24230
  V       144   23.41733   22.11650    0.41733    1.52922       -1895.23151
  V       145   23.52931   22.22849    0.52931    1.41804       -1895.16494
  V       146   23.45615   22.15533    0.45615    1.49085       -1895.20757
  V       147   23.27195   21.97112    0.27195    1.68143       -1895.29911
  V       148   23.49606   22.19524    0.49606    1.45032       -1895.18056
  V       149   23.44329   22.14246    0.44329    1.50451       -1895.19897
  V       150   23.29355   21.99272    0.29355    1.66197       -1895.29962
  V       151   23.49773   22.19691    0.49773    1.44631       -1895.18787
  V       152   23.45887   22.15805    0.45887    1.48954       -1895.20599
  V       153   23.46787   22.16705    0.46787    1.47661       -1895.19368
  V       154   23.32935   22.02853    0.32935    1.62169       -1895.27871
  V       155   23.35167   22.05085    0.35167    1.59612       -1895.26455
  V       156   23.56749   22.26666    0.56749    1.38015       -1895.13861
  V       157   23.54474   22.24392    0.54474    1.39345       -1895.13972
  V       158   23.54754   22.24671    0.54754    1.38873       -1895.15411
  V       159   23.32233   22.02150    0.32233    1.63559       -1895.29177
  V       160   23.32118   22.02036    0.32118    1.63191       -1895.28358
