 Atom   Index      Q          Qmt        dQ        Vmad        Local Energy
  W         1   73.91890   72.61434   -0.08110    1.70601      -32312.49722
  W         2   73.83951   72.53495   -0.16049    1.78337      -32312.54630
  W         3   73.75170   72.44714   -0.24830    1.86888      -32312.59004
  W         4   73.81428   72.50972   -0.18572    1.81375      -32312.57130
  W         5   73.83207   72.52751   -0.16793    1.79091      -32312.55359
  W         6   73.89395   72.58939   -0.10605    1.73525      -32312.52306
  W         7   74.02016   72.71560    0.02016    1.59009      -32312.41747
  W         8   74.02326   72.71870    0.02326    1.59893      -32312.43964
  W         9   73.81684   72.51228   -0.18316    1.79661      -32312.54883
  W        10   73.84078   72.53622   -0.15922    1.78456      -32312.55419
  W        11   73.89693   72.59237   -0.10307    1.71695      -32312.49725
  W        12   73.79878   72.49423   -0.20122    1.82177      -32312.57519
  W        13   73.87713   72.57257   -0.12287    1.73660      -32312.50482
  W        14   73.93526   72.63070   -0.06474    1.68186      -32312.46985
  W        15   73.85062   72.54606   -0.14938    1.76237      -32312.51648
  W        16   73.79103   72.48647   -0.20897    1.83291      -32312.58274
  W        17   73.83144   72.52689   -0.16856    1.79218      -32312.55348
  W        18   73.80871   72.50416   -0.19129    1.80325      -32312.55267
  W        19   73.93229   72.62773   -0.06771    1.68346      -32312.48779
  W        20   73.93494   72.63039   -0.06506    1.67333      -32312.46451
  W        21   73.98305   72.67849   -0.01695    1.63104      -32312.44663
  W        22   73.87365   72.56909   -0.12635    1.75345      -32312.53236
  W        23   74.03445   72.72989    0.03445    1.57751      -32312.41187
  W        24   73.89991   72.59535   -0.10009    1.71909      -32312.51081
  W        25   73.74711   72.44255   -0.25289    1.87874      -32312.61280
  W        26   73.88476   72.58020   -0.11524    1.72809      -32312.49963
  W        27   73.86424   72.55968   -0.13576    1.75945      -32312.53276
  W        28   73.87833   72.57377   -0.12167    1.74312      -32312.52652
  W        29   73.85952   72.55496   -0.14048    1.75976      -32312.53518
  W        30   73.90986   72.60531   -0.09014    1.70745      -32312.49524
  W        31   73.90335   72.59879   -0.09665    1.72052      -32312.50943
  W        32   73.78294   72.47838   -0.21706    1.83136      -32312.56921
  Nb       33   40.94484   39.64028   -0.05516    1.70966       -7632.59117
  Nb       34   41.10382   39.79926    0.10382    1.54490       -7632.49727
  Nb       35   40.96036   39.65580   -0.03964    1.68903       -7632.58247
  Nb       36   41.04075   39.73619    0.04075    1.60684       -7632.52457
  Nb       37   40.87617   39.57161   -0.12383    1.77100       -7632.61964
  Nb       38   41.10114   39.79658    0.10114    1.55214       -7632.49737
  Nb       39   40.89925   39.59469   -0.10075    1.73970       -7632.60307
  Nb       40   40.99101   39.68645   -0.00899    1.65618       -7632.56458
  Nb       41   41.00147   39.69692    0.00147    1.64065       -7632.54772
  Nb       42   40.99776   39.69320   -0.00224    1.65659       -7632.56378
  Nb       43   40.92856   39.62400   -0.07144    1.71972       -7632.60398
  Nb       44   40.91629   39.61173   -0.08371    1.73149       -7632.59977
  Nb       45   41.00160   39.69705    0.00160    1.64322       -7632.54711
  Nb       46   40.94074   39.63618   -0.05926    1.71164       -7632.59560
  Nb       47   40.86020   39.55564   -0.13980    1.78421       -7632.63598
  Nb       48   40.91015   39.60559   -0.08985    1.73266       -7632.60087
  Nb       49   40.94314   39.63858   -0.05686    1.70399       -7632.58765
  Nb       50   40.90789   39.60333   -0.09211    1.73978       -7632.61050
  Nb       51   40.87744   39.57288   -0.12256    1.77273       -7632.62181
  Nb       52   40.85022   39.54566   -0.14978    1.80216       -7632.64827
  Nb       53   40.89356   39.58900   -0.10644    1.75558       -7632.61609
  Nb       54   41.04496   39.74040    0.04496    1.60695       -7632.53279
  Nb       55   40.75538   39.45082   -0.24462    1.89580       -7632.70044
  Nb       56   40.87845   39.57390   -0.12155    1.77321       -7632.62232
  Nb       57   40.81952   39.51496   -0.18048    1.82592       -7632.65733
  Nb       58   41.02575   39.72119    0.02575    1.62237       -7632.53333
  Nb       59   40.78846   39.48390   -0.21154    1.86672       -7632.69004
  Nb       60   40.96294   39.65838   -0.03706    1.68674       -7632.57905
  Nb       61   40.79882   39.49426   -0.20118    1.85361       -7632.67404
  Nb       62   41.08394   39.77939    0.08394    1.57078       -7632.50678
  Nb       63   40.90879   39.60423   -0.09121    1.74396       -7632.61416
  Nb       64   40.91206   39.60750   -0.08794    1.74292       -7632.61855
  Mo       65   42.12160   40.81704    0.12160    1.62052       -8090.56164
  Mo       66   42.17165   40.86709    0.17165    1.57189       -8090.53713
  Mo       67   42.18617   40.88161    0.18617    1.55301       -8090.52624
  Mo       68   42.00421   40.69965    0.00421    1.74229       -8090.63776
  Mo       69   42.09028   40.78572    0.09028    1.64538       -8090.57533
  Mo       70   42.05982   40.75527    0.05982    1.68230       -8090.60335
  Mo       71   42.09965   40.79509    0.09965    1.65654       -8090.60344
  Mo       72   42.11544   40.81088    0.11544    1.61570       -8090.54546
  Mo       73   42.07598   40.77142    0.07598    1.66737       -8090.59634
  Mo       74   42.11228   40.80772    0.11228    1.63778       -8090.58118
  Mo       75   42.00587   40.70131    0.00587    1.74425       -8090.64093
  Mo       76   42.12460   40.82004    0.12460    1.61761       -8090.55819
  Mo       77   42.16798   40.86342    0.16798    1.57422       -8090.53571
  Mo       78   42.08644   40.78188    0.08644    1.65838       -8090.58747
  Mo       79   42.07935   40.77480    0.07935    1.66939       -8090.59956
  Mo       80   42.17934   40.87479    0.17934    1.56999       -8090.54065
  Mo       81   42.23843   40.93387    0.23843    1.49959       -8090.48917
  Mo       82   42.17863   40.87407    0.17863    1.56259       -8090.53725
  Mo       83   42.26436   40.95980    0.26436    1.46940       -8090.47144
  Mo       84   42.02183   40.71728    0.02183    1.72795       -8090.63520
  Mo       85   41.94408   40.63952   -0.05592    1.80690       -8090.68288
  Mo       86   42.11908   40.81453    0.11908    1.62162       -8090.56494
  Mo       87   42.12270   40.81814    0.12270    1.61488       -8090.56036
  Mo       88   42.19512   40.89056    0.19512    1.54544       -8090.52548
  Mo       89   42.14814   40.84358    0.14814    1.60341       -8090.56526
  Mo       90   42.16187   40.85731    0.16187    1.57807       -8090.54727
  Mo       91   42.12086   40.81630    0.12086    1.62557       -8090.57259
  Mo       92   42.12648   40.82192    0.12648    1.62125       -8090.57844
  Mo       93   41.99501   40.69045   -0.00499    1.75540       -8090.65045
  Mo       94   42.03730   40.73274    0.03730    1.70520       -8090.60661
  Mo       95   42.03322   40.72867    0.03322    1.71823       -8090.62233
  Mo       96   42.12171   40.81715    0.12171    1.61184       -8090.54845
  Ta       97   72.76676   71.46220   -0.23324    1.79433      -31232.95877
  Ta       98   72.81918   71.51462   -0.18082    1.74443      -31232.92732
  Ta       99   72.81301   71.50845   -0.18699    1.75082      -31232.93601
  Ta      100   72.76024   71.45568   -0.23976    1.79759      -31232.96399
  Ta      101   72.67648   71.37192   -0.32352    1.88977      -31233.03345
  Ta      102   72.82713   71.52258   -0.17287    1.72784      -31232.90880
  Ta      103   72.84136   71.53680   -0.15864    1.71090      -31232.88958
  Ta      104   72.73655   71.43199   -0.26345    1.82186      -31232.96787
  Ta      105   72.77963   71.47507   -0.22037    1.77479      -31232.94603
  Ta      106   72.84587   71.54131   -0.15413    1.71494      -31232.90167
  Ta      107   72.86277   71.55821   -0.13723    1.69252      -31232.89083
  Ta      108   72.79501   71.49045   -0.20499    1.75494      -31232.92881
  Ta      109   72.77642   71.47186   -0.22358    1.77955      -31232.95207
  Ta      110   72.78703   71.48247   -0.21297    1.76597      -31232.93954
  Ta      111   72.76796   71.46340   -0.23204    1.77742      -31232.93304
  Ta      112   72.79044   71.48588   -0.20956    1.75689      -31232.92638
  Ta      113   72.68830   71.38374   -0.31170    1.86453      -31232.98739
  Ta      114   72.81066   71.50610   -0.18934    1.74982      -31232.92525
  Ta      115   72.73629   71.43173   -0.26371    1.82514      -31232.98905
  Ta      116   72.78987   71.48531   -0.21013    1.76485      -31232.92751
  Ta      117   72.74110   71.43654   -0.25890    1.81248      -31232.97475
  Ta      118   72.82277   71.51821   -0.17723    1.73190      -31232.92361
  Ta      119   72.72152   71.41696   -0.27848    1.83336      -31232.97641
  Ta      120   72.78091   71.47635   -0.21909    1.77977      -31232.95136
  Ta      121   72.77872   71.47416   -0.22128    1.78892      -31232.95912
  Ta      122   72.71386   71.40930   -0.28614    1.84200      -31232.97573
  Ta      123   72.73174   71.42718   -0.26826    1.82035      -31232.96360
  Ta      124   72.77539   71.47083   -0.22461    1.77716      -31232.93876
  Ta      125   72.70042   71.39586   -0.29958    1.85480      -31232.99047
  Ta      126   72.79758   71.49302   -0.20242    1.75207      -31232.91727
  Ta      127   72.80075   71.49619   -0.19925    1.75507      -31232.93917
  Ta      128   72.78932   71.48476   -0.21068    1.75773      -31232.93068
  Ti      129   22.38665   21.08209    0.38665    1.48821       -1704.34570
  Ti      130   22.20820   20.90364    0.20820    1.66319       -1704.42076
  Ti      131   22.37287   21.06831    0.37287    1.49879       -1704.34895
  Ti      132   22.18406   20.87950    0.18406    1.68450       -1704.45014
  Ti      133   22.30497   21.00041    0.30497    1.57961       -1704.41552
  Ti      134   22.29803   20.99347    0.29803    1.57514       -1704.39694
  Ti      135   22.29078   20.98622    0.29078    1.57558       -1704.38371
  Ti      136   22.31257   21.00801    0.31257    1.56143       -1704.38336
  Ti      137   22.30206   20.99751    0.30206    1.57064       -1704.39259
  Ti      138   22.22251   20.91795    0.22251    1.65328       -1704.44308
  Ti      139   22.38968   21.08512    0.38968    1.47975       -1704.33827
  Ti      140   22.11015   20.80559    0.11015    1.76370       -1704.49488
  Ti      141   22.33920   21.03464    0.33920    1.53775       -1704.39033
  Ti      142   22.37496   21.07041    0.37496    1.50836       -1704.38303
  Ti      143   22.26735   20.96279    0.26735    1.61176       -1704.42759
  Ti      144   22.28213   20.97757    0.28213    1.58756       -1704.40364
  Ti      145   22.29237   20.98781    0.29237    1.57357       -1704.37695
  Ti      146   22.41587   21.11131    0.41587    1.46146       -1704.33260
  Ti      147   22.24114   20.93658    0.24114    1.63122       -1704.42177
  Ti      148   22.29514   20.99058    0.29514    1.58593       -1704.41675
  Ti      149   22.38736   21.08280    0.38736    1.48334       -1704.35485
  Ti      150   22.29755   20.99299    0.29755    1.58132       -1704.40995
  Ti      151   22.19585   20.89129    0.19585    1.67662       -1704.44514
  Ti      152   22.39199   21.08743    0.39199    1.48248       -1704.33943
  Ti      153   22.30779   21.00323    0.30779    1.55965       -1704.38159
  Ti      154   22.38571   21.08115    0.38571    1.48473       -1704.33860
  Ti      155   22.26630   20.96174    0.26630    1.59930       -1704.39436
  Ti      156   22.26893   20.96437    0.26893    1.59891       -1704.39084
  Ti      157   22.37369   21.06913    0.37369    1.50293       -1704.36852
  Ti      158   22.33887   21.03432    0.33887    1.52867       -1704.35288
  Ti      159   22.32235   21.01779    0.32235    1.54574       -1704.36244
  Ti      160   22.28324   20.97868    0.28324    1.58613       -1704.41047
