System Description            : WNbMoTaV, BCC structure                         
Number of Atoms in Unit Cell  : 640                                             
Number of Atomic Species      : 5                                               
Number of Atoms in Each Type  : 128(W), 128(Nb), 128(Mo), 128(Ta), 128(V)       
Energy Offset                 : -16231                                          
=======================================================================================
    Iter     Energy      3PV     Efermi   Rms_rho    Rms_pot   Mix  Alg  Alpha 
---------------------------------------------------------------------------------------
**       1  -0.858365  1839.076  0.58648  0.140E+01  0.199E+00  pot  B   0.1000
         2  -0.660995  1817.069  0.60002  0.790E-02  0.171E+01  pot  B   0.1000
         3  -1.153374  1815.099  0.59894  0.445E-02  0.721E+00  pot  B   0.1000
         4  -1.097794  1808.881  0.60497  0.410E-02  0.122E+01  pot  B   0.1000
         5  -1.281150  1801.786  0.60960  0.365E-02  0.778E+00  pot  B   0.1000
         6  -1.417819  1790.963  0.61570  0.369E-02  0.514E+00  pot  B   0.1000
         7  -1.414681  1779.390  0.61936  0.407E-02  0.101E+01  pot  B   0.1000
         8  -1.562892  1766.738  0.62248  0.438E-02  0.599E+00  pot  B   0.1000
         9  -1.648218  1750.165  0.62787  0.570E-02  0.435E+00  pot  B   0.1000
        10  -1.688772  1739.036  0.63115  0.395E-02  0.277E+00  pot  B   0.1000
        11  -1.708314  1733.305  0.63393  0.217E-02  0.197E+00  pot  B   0.1000
        12  -1.715667  1729.945  0.63525  0.146E-02  0.200E+00  pot  B   0.1000
        13  -1.723026  1728.099  0.63610  0.841E-03  0.178E+00  pot  B   0.1000
        14  -1.728357  1726.991  0.63682  0.102E-02  0.154E+00  pot  B   0.1000
        15  -1.737531  1720.751  0.63803  0.261E-02  0.132E+00  pot  B   0.1000
        16  -1.742568  1717.887  0.63872  0.144E-02  0.147E+00  pot  B   0.1000
        17  -1.739598  1716.437  0.63957  0.843E-03  0.190E+00  pot  B   0.1000
        18  -1.751113  1711.208  0.64080  0.294E-02  0.119E+00  pot  B   0.1000
        19  -1.752748  1708.356  0.64197  0.122E-02  0.117E+00  pot  B   0.1000
        20  -1.754270  1707.010  0.64260  0.686E-03  0.891E-01  pot  B   0.1000
        21  -1.756205  1705.860  0.64350  0.841E-03  0.473E-01  pot  B   0.1000
        22  -1.756180  1706.033  0.64370  0.539E-03  0.712E-01  pot  B   0.1000
        23  -1.756843  1706.199  0.64362  0.495E-03  0.416E-01  pot  B   0.1000
        24  -1.757052  1705.922  0.64397  0.300E-03  0.391E-01  pot  B   0.1000
        25  -1.757367  1705.613  0.64425  0.241E-03  0.261E-01  pot  B   0.1000
        26  -1.757528  1705.364  0.64496  0.358E-03  0.296E-01  pot  B   0.1000
        27  -1.757724  1705.403  0.64534  0.177E-03  0.210E-01  pot  B   0.1000
        28  -1.757773  1705.373  0.64560  0.165E-03  0.196E-01  pot  B   0.1000
        29  -1.757865  1705.440  0.64581  0.884E-04  0.122E-01  pot  B   0.1000
        30  -1.757919  1705.481  0.64621  0.122E-03  0.734E-02  pot  B   0.1000
        31  -1.757958  1705.585  0.64646  0.105E-03  0.893E-02  pot  B   0.1000
        32  -1.757965  1705.657  0.64662  0.625E-04  0.142E-01  pot  B   0.1000
        33  -1.758018  1705.792  0.64711  0.959E-04  0.113E-01  pot  B   0.1000
        34  -1.758044  1705.964  0.64748  0.794E-04  0.156E-01  pot  B   0.1000
        35  -1.758040  1706.009  0.64780  0.808E-04  0.166E-01  pot  B   0.1000
        36  -1.758077  1706.108  0.64811  0.912E-04  0.126E-01  pot  B   0.1000
        37  -1.758092  1706.114  0.64816  0.694E-04  0.121E-01  pot  B   0.1000
        38  -1.758118  1706.221  0.64839  0.720E-04  0.542E-02  pot  B   0.1000
        39  -1.758134  1706.284  0.64856  0.400E-04  0.297E-02  pot  B   0.1000
        40  -1.758142  1706.349  0.64871  0.325E-04  0.638E-02  pot  B   0.1000
        41  -1.758148  1706.369  0.64875  0.345E-04  0.431E-02  pot  B   0.1000
        42  -1.758156  1706.428  0.64887  0.327E-04  0.531E-02  pot  B   0.1000
        43  -1.758160  1706.444  0.64887  0.211E-04  0.344E-02  pot  B   0.1000
        44  -1.758163  1706.506  0.64900  0.307E-04  0.511E-02  pot  B   0.1000
        45  -1.758168  1706.517  0.64897  0.160E-04  0.268E-02  pot  B   0.1000
        46  -1.758173  1706.561  0.64902  0.272E-04  0.164E-02  pot  B   0.1000
        47  -1.758174  1706.582  0.64899  0.222E-04  0.200E-02  pot  B   0.1000
        48  -1.758175  1706.594  0.64897  0.171E-04  0.219E-02  pot  B   0.1000
        49  -1.758175  1706.608  0.64898  0.237E-04  0.328E-02  pot  B   0.1000
        50  -1.758176  1706.634  0.64895  0.194E-04  0.202E-02  pot  B   0.1000
        51  -1.758177  1706.663  0.64893  0.337E-04  0.139E-02  pot  B   0.1000
        52  -1.758178  1706.697  0.64888  0.248E-04  0.178E-02  pot  B   0.1000
        53  -1.758177  1706.716  0.64886  0.154E-04  0.248E-02  pot  B   0.1000
        54  -1.758178  1706.732  0.64882  0.128E-04  0.133E-02  pot  B   0.1000
        55  -1.758178  1706.757  0.64880  0.157E-04  0.133E-02  pot  B   0.1000
        56  -1.758177  1706.764  0.64878  0.685E-05  0.152E-02  pot  B   0.1000
        57  -1.758177  1706.778  0.64875  0.968E-05  0.784E-03  pot  B   0.1000
        58  -1.758177  1706.797  0.64871  0.127E-04  0.110E-02  pot  B   0.1000
        59  -1.758177  1706.807  0.64869  0.675E-05  0.892E-03  pot  B   0.1000
        60  -1.758176  1706.826  0.64865  0.128E-04  0.807E-03  pot  B   0.1000
        61  -1.758176  1706.831  0.64864  0.887E-05  0.129E-02  pot  B   0.1000
        62  -1.758176  1706.834  0.64863  0.372E-05  0.914E-03  pot  B   0.1000
        63  -1.758176  1706.842  0.64861  0.566E-05  0.532E-03  pot  B   0.1000
        64  -1.758176  1706.844  0.64859  0.477E-05  0.333E-03  pot  B   0.1000
        65  -1.758176  1706.845  0.64858  0.383E-05  0.499E-03  pot  B   0.1000
        66  -1.758176  1706.846  0.64857  0.334E-05  0.435E-03  pot  B   0.1000
        67  -1.758176  1706.845  0.64857  0.261E-05  0.478E-03  pot  B   0.1000
        68  -1.758176  1706.845  0.64856  0.241E-05  0.672E-03  pot  B   0.1000
        69  -1.758176  1706.846  0.64855  0.344E-05  0.376E-03  pot  B   0.1000
        70  -1.758175  1706.845  0.64854  0.336E-05  0.353E-03  pot  B   0.1000
        71  -1.758175  1706.844  0.64854  0.156E-05  0.232E-03  pot  B   0.1000
        72  -1.758175  1706.841  0.64853  0.211E-05  0.207E-03  pot  B   0.1000
        73  -1.758175  1706.839  0.64853  0.296E-05  0.341E-03  pot  B   0.1000
        74  -1.758175  1706.838  0.64853  0.121E-05  0.297E-03  pot  B   0.1000
        75  -1.758175  1706.835  0.64852  0.185E-05  0.182E-03  pot  B   0.1000
        76  -1.758175  1706.832  0.64852  0.309E-05  0.230E-03  pot  B   0.1000
        77  -1.758175  1706.828  0.64852  0.220E-05  0.176E-03  pot  B   0.1000
        78  -1.758176  1706.826  0.64852  0.158E-05  0.213E-03  pot  B   0.1000
        79  -1.758176  1706.824  0.64852  0.127E-05  0.181E-03  pot  B   0.1000
        80  -1.758176  1706.821  0.64852  0.137E-05  0.208E-03  pot  B   0.1000
        81  -1.758176  1706.821  0.64852  0.108E-05  0.109E-03  pot  B   0.1000
        82  -1.758176  1706.818  0.64852  0.138E-05  0.102E-03  pot  B   0.1000
        83  -1.758176  1706.817  0.64852  0.722E-06  0.104E-03  pot  B   0.1000
        84  -1.758176  1706.816  0.64852  0.762E-06  0.908E-04  pot  B   0.1000
        85  -1.758176  1706.814  0.64852  0.820E-06  0.102E-03  pot  B   0.1000
        86  -1.758176  1706.813  0.64852  0.660E-06  0.976E-04  pot  B   0.1000
        87  -1.758176  1706.812  0.64852  0.561E-06  0.809E-04  pot  B   0.1000
        88  -1.758176  1706.811  0.64852  0.489E-06  0.714E-04  pot  B   0.1000
        89  -1.758176  1706.811  0.64852  0.533E-06  0.511E-04  pot  B   0.1000
        90  -1.758176  1706.810  0.64852  0.499E-06  0.497E-04  pot  B   0.1000
        91  -1.758176  1706.810  0.64852  0.283E-06  0.398E-04  pot  B   0.1000
        92  -1.758176  1706.809  0.64852  0.568E-06  0.619E-04  pot  B   0.1000
        93  -1.758176  1706.809  0.64852  0.473E-06  0.750E-04  pot  B   0.1000
        94  -1.758176  1706.808  0.64852  0.621E-06  0.574E-04  pot  B   0.1000
        95  -1.758176  1706.808  0.64852  0.441E-06  0.439E-04  pot  B   0.1000
        96  -1.758176  1706.808  0.64852  0.380E-06  0.344E-04  pot  B   0.1000
        97  -1.758176  1706.808  0.64853  0.369E-06  0.386E-04  pot  B   0.1000
        98  -1.758176  1706.807  0.64853  0.254E-06  0.387E-04  pot  B   0.1000
        99  -1.758176  1706.807  0.64853  0.291E-06  0.232E-04  pot  B   0.1000
       100  -1.758176  1706.807  0.64853  0.197E-06  0.255E-04  pot  B   0.1000
       101  -1.758176  1706.807  0.64853  0.253E-06  0.174E-04  pot  B   0.1000
       102  -1.758176  1706.807  0.64853  0.294E-06  0.235E-04  pot  B   0.1000
       103  -1.758176  1706.807  0.64853  0.229E-06  0.268E-04  pot  B   0.1000
       104  -1.758176  1706.808  0.64853  0.187E-06  0.257E-04  pot  B   0.1000
       105  -1.758176  1706.808  0.64853  0.131E-06  0.275E-04  pot  B   0.1000
       106  -1.758176  1706.808  0.64853  0.164E-06  0.158E-04  pot  B   0.1000
       107  -1.758176  1706.808  0.64853  0.101E-06  0.145E-04  pot  B   0.1000
       108  -1.758176  1706.808  0.64853  0.892E-07  0.115E-04  pot  B   0.1000
       109  -1.758176  1706.808  0.64853  0.106E-06  0.140E-04  pot  B   0.1000
       110  -1.758176  1706.808  0.64853  0.138E-06  0.184E-04  pot  B   0.1000
       111  -1.758176  1706.808  0.64853  0.687E-07  0.166E-04  pot  B   0.1000
       112  -1.758176  1706.808  0.64853  0.107E-06  0.898E-05  pot  B   0.1000
       113  -1.758176  1706.808  0.64853  0.104E-06  0.108E-04  pot  B   0.1000
       114  -1.758176  1706.808  0.64853  0.592E-07  0.706E-05  pot  B   0.1000
       115  -1.758176  1706.808  0.64853  0.686E-07  0.802E-05  pot  B   0.1000
       116  -1.758176  1706.809  0.64853  0.478E-07  0.526E-05  pot  B   0.1000
       117  -1.758176  1706.809  0.64853  0.407E-07  0.124E-04  pot  B   0.1000
       118  -1.758176  1706.809  0.64853  0.865E-07  0.688E-05  pot  B   0.1000
       119  -1.758176  1706.809  0.64853  0.472E-07  0.809E-05  pot  B   0.1000
       120  -1.758176  1706.809  0.64853  0.539E-07  0.734E-05  pot  B   0.1000
       121  -1.758176  1706.809  0.64853  0.805E-07  0.621E-05  pot  B   0.1000
       122  -1.758176  1706.809  0.64853  0.533E-07  0.872E-05  pot  B   0.1000
       123  -1.758176  1706.809  0.64853  0.283E-07  0.704E-05  pot  B   0.1000
       124  -1.758176  1706.809  0.64853  0.417E-07  0.275E-05  pot  B   0.1000
       125  -1.758176  1706.809  0.64853  0.419E-07  0.458E-05  pot  B   0.1000
       126  -1.758176  1706.809  0.64853  0.460E-07  0.263E-05  pot  B   0.1000
       127  -1.758176  1706.809  0.64853  0.326E-07  0.387E-05  pot  B   0.1000
       128  -1.758176  1706.809  0.64853  0.537E-07  0.297E-05  pot  B   0.1000
       129  -1.758176  1706.809  0.64853  0.209E-07  0.801E-05  pot  B   0.1000
       130  -1.758176  1706.809  0.64853  0.555E-07  0.308E-05  pot  B   0.1000
       131  -1.758176  1706.809  0.64853  0.293E-07  0.311E-05  pot  B   0.1000
       132  -1.758176  1706.809  0.64853  0.237E-07  0.256E-05  pot  B   0.1000
       133  -1.758176  1706.809  0.64853  0.258E-07  0.185E-05  pot  B   0.1000
       134  -1.758176  1706.809  0.64853  0.196E-07  0.280E-05  pot  B   0.1000
       135  -1.758176  1706.809  0.64853  0.115E-07  0.343E-05  pot  B   0.1000
       136  -1.758176  1706.809  0.64853  0.186E-07  0.157E-05  pot  B   0.1000
       137  -1.758176  1706.809  0.64853  0.223E-07  0.196E-05  pot  B   0.1000
       138  -1.758176  1706.809  0.64853  0.238E-07  0.167E-05  pot  B   0.1000
       139  -1.758176  1706.809  0.64853  0.145E-07  0.160E-05  pot  B   0.1000
       140  -1.758176  1706.809  0.64853  0.166E-07  0.949E-06  pot  B   0.1000
       141  -1.758176  1706.809  0.64853  0.977E-08  0.263E-05  pot  B   0.1000
       142  -1.758176  1706.809  0.64853  0.104E-07  0.818E-06  pot  B   0.1000
       143  -1.758176  1706.809  0.64853  0.835E-08  0.116E-05  pot  B   0.1000
       144  -1.758176  1706.809  0.64853  0.876E-08  0.934E-06  pot  B   0.1000
       145  -1.758176  1706.809  0.64853  0.844E-08  0.143E-05  pot  B   0.1000
       146  -1.758176  1706.809  0.64853  0.958E-08  0.153E-05  pot  B   0.1000
       147  -1.758176  1706.809  0.64853  0.692E-08  0.208E-05  pot  B   0.1000
       148  -1.758176  1706.809  0.64853  0.883E-08  0.653E-06  pot  B   0.1000
       149  -1.758176  1706.809  0.64853  0.736E-08  0.986E-06  pot  B   0.1000
       150  -1.758176  1706.809  0.64853  0.655E-08  0.503E-06  pot  B   0.1000
       151  -1.758176  1706.809  0.64853  0.507E-08  0.518E-06  pot  B   0.1000
       152  -1.758176  1706.809  0.64853  0.630E-08  0.361E-06  pot  B   0.1000
       153  -1.758176  1706.809  0.64853  0.507E-08  0.121E-05  pot  B   0.1000
       154  -1.758176  1706.809  0.64853  0.402E-08  0.489E-06  pot  B   0.1000
       155  -1.758176  1706.809  0.64853  0.595E-08  0.757E-06  pot  B   0.1000
       156  -1.758176  1706.809  0.64853  0.572E-08  0.514E-06  pot  B   0.1000
       157  -1.758176  1706.809  0.64853  0.364E-08  0.536E-06  pot  B   0.1000
       158  -1.758176  1706.809  0.64853  0.518E-08  0.390E-06  pot  B   0.1000
       159  -1.758176  1706.809  0.64853  0.280E-08  0.632E-06  pot  B   0.1000
       160  -1.758176  1706.809  0.64853  0.370E-08  0.334E-06  pot  B   0.1000
       161  -1.758176  1706.809  0.64853  0.438E-08  0.329E-06  pot  B   0.1000
       162  -1.758176  1706.809  0.64853  0.401E-08  0.257E-06  pot  B   0.1000
       163  -1.758176  1706.809  0.64853  0.535E-08  0.333E-06  pot  B   0.1000
       164  -1.758176  1706.809  0.64853  0.382E-08  0.197E-06  pot  B   0.1000
       165  -1.758176  1706.809  0.64853  0.350E-08  0.540E-06  pot  B   0.1000
       166  -1.758176  1706.809  0.64853  0.191E-08  0.225E-06  pot  B   0.1000
       167  -1.758176  1706.809  0.64853  0.203E-08  0.222E-06  pot  B   0.1000
       168  -1.758176  1706.809  0.64853  0.196E-08  0.219E-06  pot  B   0.1000
       169  -1.758176  1706.809  0.64853  0.156E-08  0.242E-06  pot  B   0.1000
       170  -1.758176  1706.809  0.64853  0.210E-08  0.214E-06  pot  B   0.1000
       171  -1.758176  1706.809  0.64853  0.164E-08  0.280E-06  pot  B   0.1000
       172  -1.758176  1706.809  0.64853  0.218E-08  0.216E-06  pot  B   0.1000
       173  -1.758176  1706.809  0.64853  0.192E-08  0.191E-06  pot  B   0.1000
       174  -1.758176  1706.809  0.64853  0.160E-08  0.124E-06  pot  B   0.1000
       175  -1.758176  1706.809  0.64853  0.916E-09  0.114E-06  pot  B   0.1000
       176  -1.758176  1706.809  0.64853  0.974E-09  0.683E-07  pot  B   0.1000
       177  -1.758176  1706.809  0.64853  0.648E-09  0.140E-06  pot  B   0.1000
       178  -1.758176  1706.809  0.64853  0.641E-09  0.111E-06  pot  B   0.1000
       179  -1.758176  1706.809  0.64853  0.889E-09  0.752E-07  pot  B   0.1000
       180  -1.758176  1706.809  0.64853  0.834E-09  0.139E-06  pot  B   0.1000
       181  -1.758176  1706.809  0.64853  0.670E-09  0.976E-07  pot  B   0.1000
       182  -1.758176  1706.809  0.64853  0.711E-09  0.100E-06  pot  B   0.1000
       183  -1.758176  1706.809  0.64853  0.628E-09  0.851E-07  pot  B   0.1000
       184  -1.758176  1706.809  0.64853  0.773E-09  0.892E-07  pot  B   0.1000
       185  -1.758176  1706.809  0.64853  0.606E-09  0.530E-07  pot  B   0.1000
       186  -1.758176  1706.809  0.64853  0.587E-09  0.504E-07  pot  B   0.1000
       187  -1.758176  1706.809  0.64853  0.495E-09  0.531E-07  pot  B   0.1000
       188  -1.758176  1706.809  0.64853  0.679E-09  0.452E-07  pot  B   0.1000
       189  -1.758176  1706.809  0.64853  0.583E-09  0.536E-07  pot  B   0.1000
       190  -1.758176  1706.809  0.64853  0.673E-09  0.624E-07  pot  B   0.1000
       191  -1.758176  1706.809  0.64853  0.426E-09  0.365E-07  pot  B   0.1000
       192  -1.758176  1706.809  0.64853  0.568E-09  0.485E-07  pot  B   0.1000
       193  -1.758176  1706.809  0.64853  0.346E-09  0.338E-07  pot  B   0.1000
       194  -1.758176  1706.809  0.64853  0.550E-09  0.411E-07  pot  B   0.1000
       195  -1.758176  1706.809  0.64853  0.237E-09  0.382E-07  pot  B   0.1000
       196  -1.758176  1706.809  0.64853  0.246E-09  0.392E-07  pot  B   0.1000
       197  -1.758176  1706.809  0.64853  0.500E-09  0.357E-07  pot  B   0.1000
       198  -1.758176  1706.809  0.64853  0.363E-09  0.334E-07  pot  B   0.1000
       199  -1.758176  1706.809  0.64853  0.354E-09  0.327E-07  pot  B   0.1000
       200  -1.758176  1706.809  0.64853  0.380E-09  0.276E-07  pot  B   0.1000
**     201  -1.758176  1706.809  0.64853  0.807E-12  0.276E-07  pot  B   0.1000
