 Atom   Index      Q          Qmt        dQ        Vmad        Local Energy
  W         1   73.95425   72.56701   -0.04575    1.81972      -32312.63290
  W         2   73.93681   72.54957   -0.06319    1.82835      -32312.62896
  W         3   73.97693   72.58969   -0.02307    1.79392      -32312.61804
  W         4   73.94983   72.56260   -0.05017    1.81703      -32312.62496
  W         5   73.97220   72.58496   -0.02780    1.80039      -32312.61974
  W         6   73.96006   72.57283   -0.03994    1.80747      -32312.62059
  W         7   73.99405   72.60681   -0.00595    1.77524      -32312.60594
  W         8   73.95115   72.56391   -0.04885    1.81791      -32312.62244
  W         9   73.86003   72.47279   -0.13997    1.88831      -32312.65292
  W        10   73.97011   72.58288   -0.02989    1.79719      -32312.61417
  W        11   73.91986   72.53263   -0.08014    1.84608      -32312.64394
  W        12   73.91122   72.52398   -0.08878    1.84846      -32312.63743
  W        13   73.86679   72.47955   -0.13321    1.88688      -32312.65324
  W        14   73.87122   72.48399   -0.12878    1.88100      -32312.65359
  W        15   73.95496   72.56772   -0.04504    1.81905      -32312.62740
  W        16   73.89150   72.50426   -0.10850    1.86619      -32312.64417
  W        17   73.98048   72.59324   -0.01952    1.78758      -32312.60508
  W        18   73.99119   72.60396   -0.00881    1.78681      -32312.61070
  W        19   73.86708   72.47984   -0.13292    1.89252      -32312.66787
  W        20   73.99668   72.60944   -0.00332    1.77284      -32312.59997
  W        21   74.02134   72.63410    0.02134    1.75063      -32312.59719
  W        22   73.94157   72.55433   -0.05843    1.82746      -32312.62663
  W        23   73.95575   72.56851   -0.04425    1.80896      -32312.62231
  W        24   73.97018   72.58294   -0.02982    1.79968      -32312.61096
  W        25   73.96182   72.57458   -0.03818    1.80236      -32312.61451
  W        26   73.97100   72.58376   -0.02900    1.79831      -32312.61908
  W        27   73.94291   72.55567   -0.05709    1.82444      -32312.63434
  W        28   73.92116   72.53392   -0.07884    1.83892      -32312.63584
  W        29   73.92783   72.54059   -0.07217    1.83157      -32312.63417
  W        30   73.93896   72.55172   -0.06104    1.82096      -32312.62766
  W        31   73.96624   72.57900   -0.03376    1.80594      -32312.62878
  W        32   73.93241   72.54518   -0.06759    1.83499      -32312.64092
  W        33   73.98237   72.59513   -0.01763    1.79035      -32312.61557
  W        34   73.90150   72.51426   -0.09850    1.85701      -32312.64193
  W        35   74.01681   72.62957    0.01681    1.75080      -32312.58131
  W        36   74.00812   72.62089    0.00812    1.77138      -32312.61170
  W        37   73.98894   72.60170   -0.01106    1.78978      -32312.61455
  W        38   73.90048   72.51324   -0.09952    1.85997      -32312.65252
  W        39   73.94130   72.55407   -0.05870    1.83279      -32312.63509
  W        40   73.95610   72.56886   -0.04390    1.81253      -32312.62443
  W        41   74.02399   72.63675    0.02399    1.75284      -32312.59591
  W        42   73.89948   72.51224   -0.10052    1.85820      -32312.65076
  W        43   73.92189   72.53466   -0.07811    1.85012      -32312.65691
  W        44   73.94107   72.55383   -0.05893    1.82141      -32312.62393
  W        45   73.92983   72.54259   -0.07017    1.83742      -32312.63945
  W        46   74.03990   72.65266    0.03990    1.73914      -32312.58952
  W        47   73.93220   72.54496   -0.06780    1.83225      -32312.62784
  W        48   73.88869   72.50145   -0.11131    1.86731      -32312.65547
  W        49   74.01057   72.62333    0.01057    1.75881      -32312.58963
  W        50   73.90519   72.51796   -0.09481    1.85897      -32312.65026
  W        51   73.98832   72.60108   -0.01168    1.77701      -32312.60194
  W        52   74.02257   72.63533    0.02257    1.75048      -32312.58511
  W        53   73.98256   72.59532   -0.01744    1.79266      -32312.61250
  W        54   73.91601   72.52877   -0.08399    1.84836      -32312.64336
  W        55   73.95636   72.56912   -0.04364    1.82010      -32312.64114
  W        56   73.97449   72.58725   -0.02551    1.79099      -32312.61433
  W        57   73.94908   72.56184   -0.05092    1.80960      -32312.61292
  W        58   73.94670   72.55946   -0.05330    1.81069      -32312.61012
  W        59   73.99715   72.60991   -0.00285    1.77099      -32312.60082
  W        60   73.99688   72.60964   -0.00312    1.77483      -32312.60339
  W        61   73.88024   72.49300   -0.11976    1.88897      -32312.66757
  W        62   73.97998   72.59274   -0.02002    1.78582      -32312.61306
  W        63   73.91647   72.52924   -0.08353    1.84516      -32312.63743
  W        64   73.95851   72.57127   -0.04149    1.81123      -32312.62286
  W        65   73.97989   72.59266   -0.02011    1.78810      -32312.60696
  W        66   73.97801   72.59078   -0.02199    1.79070      -32312.61209
  W        67   73.98464   72.59740   -0.01536    1.79159      -32312.61499
  W        68   73.96270   72.57547   -0.03730    1.80902      -32312.62510
  W        69   73.93365   72.54641   -0.06635    1.82457      -32312.62123
  W        70   74.01150   72.62427    0.01150    1.76146      -32312.59244
  W        71   73.93117   72.54393   -0.06883    1.84081      -32312.64955
  W        72   73.99129   72.60406   -0.00871    1.77765      -32312.60262
  W        73   73.96566   72.57842   -0.03434    1.80384      -32312.61628
  W        74   73.90631   72.51908   -0.09369    1.86410      -32312.65731
  W        75   73.94144   72.55420   -0.05856    1.82425      -32312.63223
  W        76   74.01299   72.62575    0.01299    1.76406      -32312.59714
  W        77   73.91369   72.52645   -0.08631    1.84756      -32312.64201
  W        78   73.92601   72.53877   -0.07399    1.83513      -32312.64132
  W        79   73.86854   72.48130   -0.13146    1.89754      -32312.67639
  W        80   73.98311   72.59588   -0.01689    1.78869      -32312.60848
  W        81   74.02481   72.63758    0.02481    1.75299      -32312.60074
  W        82   74.00849   72.62125    0.00849    1.76827      -32312.60106
  W        83   73.91373   72.52649   -0.08627    1.85670      -32312.65291
  W        84   73.98259   72.59535   -0.01741    1.78442      -32312.60672
  W        85   73.91637   72.52913   -0.08363    1.84956      -32312.64590
  W        86   73.90796   72.52072   -0.09204    1.85685      -32312.64952
  W        87   73.97434   72.58710   -0.02566    1.79367      -32312.60871
  W        88   73.93408   72.54684   -0.06592    1.83114      -32312.63568
  W        89   73.91280   72.52556   -0.08720    1.84822      -32312.64103
  W        90   73.91420   72.52696   -0.08580    1.85613      -32312.65205
  W        91   73.97129   72.58405   -0.02871    1.80316      -32312.62447
  W        92   73.95384   72.56661   -0.04616    1.81537      -32312.62082
  W        93   74.08047   72.69324    0.08047    1.69856      -32312.56776
  W        94   74.02195   72.63471    0.02195    1.75453      -32312.59862
  W        95   73.90031   72.51307   -0.09969    1.86577      -32312.65365
  W        96   73.88105   72.49381   -0.11895    1.88202      -32312.66109
  W        97   73.97166   72.58442   -0.02834    1.80543      -32312.62912
  W        98   73.90504   72.51780   -0.09496    1.86082      -32312.65046
  W        99   73.94681   72.55957   -0.05319    1.81348      -32312.61978
  W       100   74.04359   72.65635    0.04359    1.73566      -32312.58580
  W       101   74.01631   72.62908    0.01631    1.76452      -32312.60274
  W       102   73.92270   72.53546   -0.07730    1.84532      -32312.64360
  W       103   73.95109   72.56386   -0.04891    1.82535      -32312.63634
  W       104   73.91210   72.52486   -0.08790    1.85368      -32312.64593
  W       105   74.01785   72.63061    0.01785    1.75500      -32312.59119
  W       106   73.92508   72.53785   -0.07492    1.84137      -32312.63473
  W       107   73.90577   72.51853   -0.09423    1.84995      -32312.63743
  W       108   73.95349   72.56625   -0.04651    1.81443      -32312.62545
  W       109   73.95365   72.56641   -0.04635    1.82146      -32312.63965
  W       110   74.00367   72.61643    0.00367    1.77062      -32312.60153
  W       111   73.90419   72.51695   -0.09581    1.85215      -32312.63968
  W       112   73.94781   72.56057   -0.05219    1.81699      -32312.62010
  W       113   73.93366   72.54643   -0.06634    1.83083      -32312.62832
  W       114   73.93126   72.54402   -0.06874    1.83200      -32312.63064
  W       115   74.01159   72.62435    0.01159    1.76169      -32312.59795
  W       116   74.01669   72.62946    0.01669    1.75408      -32312.58919
  W       117   73.91452   72.52729   -0.08548    1.84647      -32312.64149
  W       118   73.95981   72.57257   -0.04019    1.80919      -32312.62102
  W       119   73.89968   72.51245   -0.10032    1.86275      -32312.64914
  W       120   74.00308   72.61584    0.00308    1.77209      -32312.60067
  W       121   73.98638   72.59914   -0.01362    1.78145      -32312.60599
  W       122   73.97801   72.59077   -0.02199    1.79658      -32312.60856
  W       123   73.93110   72.54386   -0.06890    1.83464      -32312.63366
  W       124   73.97988   72.59264   -0.02012    1.79896      -32312.63566
  W       125   73.94968   72.56244   -0.05032    1.82219      -32312.63303
  W       126   73.92203   72.53479   -0.07797    1.84611      -32312.64621
  W       127   73.91044   72.52320   -0.08956    1.84505      -32312.63686
  W       128   73.92597   72.53873   -0.07403    1.84571      -32312.64679
  Nb      129   41.05649   39.66925    0.05649    1.75023       -7632.69672
  Nb      130   41.01438   39.62714    0.01438    1.79205       -7632.72230
  Nb      131   41.01672   39.62949    0.01672    1.78715       -7632.71699
  Nb      132   40.99767   39.61044   -0.00233    1.80740       -7632.73273
  Nb      133   41.00437   39.61713    0.00437    1.80378       -7632.72967
  Nb      134   41.04974   39.66251    0.04974    1.75328       -7632.69360
  Nb      135   41.03849   39.65126    0.03849    1.77632       -7632.71733
  Nb      136   41.02028   39.63304    0.02028    1.78328       -7632.71614
  Nb      137   41.04107   39.65383    0.04107    1.76889       -7632.71005
  Nb      138   40.97591   39.58867   -0.02409    1.82268       -7632.73859
  Nb      139   40.98029   39.59305   -0.01971    1.81932       -7632.73273
  Nb      140   40.97953   39.59229   -0.02047    1.82218       -7632.74058
  Nb      141   41.02677   39.63953    0.02677    1.77934       -7632.71752
  Nb      142   41.03692   39.64969    0.03692    1.77236       -7632.71681
  Nb      143   40.96739   39.58015   -0.03261    1.82770       -7632.73910
  Nb      144   41.02178   39.63455    0.02178    1.79116       -7632.72001
  Nb      145   41.01664   39.62940    0.01664    1.78765       -7632.72022
  Nb      146   41.00352   39.61628    0.00352    1.80145       -7632.72574
  Nb      147   41.03591   39.64867    0.03591    1.76651       -7632.70150
  Nb      148   41.09320   39.70596    0.09320    1.71991       -7632.67755
  Nb      149   41.03766   39.65042    0.03766    1.76404       -7632.70174
  Nb      150   40.98886   39.60162   -0.01114    1.81353       -7632.73845
  Nb      151   41.02090   39.63366    0.02090    1.78765       -7632.71737
  Nb      152   40.98755   39.60032   -0.01245    1.81835       -7632.73923
  Nb      153   41.10536   39.71812    0.10536    1.70846       -7632.67067
  Nb      154   40.98385   39.59661   -0.01615    1.81713       -7632.72883
  Nb      155   40.98202   39.59478   -0.01798    1.81627       -7632.72964
  Nb      156   41.09648   39.70924    0.09648    1.72393       -7632.67833
  Nb      157   40.97655   39.58932   -0.02345    1.82545       -7632.74017
  Nb      158   41.04343   39.65620    0.04343    1.76930       -7632.70308
  Nb      159   41.08826   39.70102    0.08826    1.71961       -7632.67854
  Nb      160   41.07662   39.68939    0.07662    1.73406       -7632.68086
  Nb      161   41.04132   39.65408    0.04132    1.76875       -7632.70337
  Nb      162   40.96866   39.58143   -0.03134    1.83435       -7632.74178
  Nb      163   41.03846   39.65123    0.03846    1.76878       -7632.70833
  Nb      164   41.06360   39.67636    0.06360    1.75189       -7632.69369
  Nb      165   41.00303   39.61579    0.00303    1.80186       -7632.72508
  Nb      166   41.02272   39.63549    0.02272    1.78196       -7632.71917
  Nb      167   41.00966   39.62242    0.00966    1.79964       -7632.73092
  Nb      168   41.04081   39.65357    0.04081    1.76680       -7632.70270
  Nb      169   40.99102   39.60378   -0.00898    1.81567       -7632.73651
  Nb      170   40.95855   39.57131   -0.04145    1.84180       -7632.75265
  Nb      171   41.04226   39.65502    0.04226    1.76708       -7632.70660
  Nb      172   41.02445   39.63722    0.02445    1.78397       -7632.71136
  Nb      173   41.02170   39.63446    0.02170    1.78488       -7632.72380
  Nb      174   41.05849   39.67125    0.05849    1.74600       -7632.69295
  Nb      175   41.04176   39.65452    0.04176    1.76415       -7632.70938
  Nb      176   40.95827   39.57103   -0.04173    1.84216       -7632.75166
  Nb      177   41.03889   39.65166    0.03889    1.77186       -7632.71070
  Nb      178   40.92632   39.53908   -0.07368    1.87859       -7632.77759
  Nb      179   41.05233   39.66509    0.05233    1.75640       -7632.71018
  Nb      180   40.96021   39.57297   -0.03979    1.84322       -7632.75323
  Nb      181   40.97269   39.58546   -0.02731    1.82897       -7632.74072
  Nb      182   40.90161   39.51438   -0.09839    1.89653       -7632.78856
  Nb      183   40.99723   39.60999   -0.00277    1.80582       -7632.73158
  Nb      184   41.06401   39.67678    0.06401    1.75310       -7632.69765
  Nb      185   40.99393   39.60669   -0.00607    1.81432       -7632.73020
  Nb      186   40.93648   39.54925   -0.06352    1.86882       -7632.76789
  Nb      187   41.09842   39.71118    0.09842    1.71126       -7632.67154
  Nb      188   41.01372   39.62648    0.01372    1.79347       -7632.72752
  Nb      189   41.01726   39.63003    0.01726    1.78702       -7632.71505
  Nb      190   41.06048   39.67324    0.06048    1.74834       -7632.69481
  Nb      191   41.01500   39.62777    0.01500    1.79131       -7632.72541
  Nb      192   41.08844   39.70120    0.08844    1.72040       -7632.67652
  Nb      193   40.99929   39.61205   -0.00071    1.80898       -7632.73129
  Nb      194   40.91264   39.52540   -0.08736    1.88479       -7632.77162
  Nb      195   40.99326   39.60602   -0.00674    1.81006       -7632.73421
  Nb      196   41.02486   39.63762    0.02486    1.78516       -7632.71228
  Nb      197   41.07326   39.68603    0.07326    1.73787       -7632.68859
  Nb      198   40.98624   39.59901   -0.01376    1.81861       -7632.73555
  Nb      199   41.07482   39.68758    0.07482    1.73729       -7632.68890
  Nb      200   40.98375   39.59651   -0.01625    1.82001       -7632.73705
  Nb      201   41.09301   39.70577    0.09301    1.71783       -7632.67694
  Nb      202   41.02688   39.63964    0.02688    1.78295       -7632.71519
  Nb      203   41.01335   39.62611    0.01335    1.79904       -7632.72033
  Nb      204   41.00135   39.61411    0.00135    1.80503       -7632.72947
  Nb      205   41.03294   39.64570    0.03294    1.77065       -7632.71097
  Nb      206   41.03880   39.65157    0.03880    1.76543       -7632.70093
  Nb      207   41.00095   39.61372    0.00095    1.80565       -7632.73256
  Nb      208   41.02978   39.64254    0.02978    1.76983       -7632.70619
  Nb      209   41.04852   39.66129    0.04852    1.76217       -7632.70274
  Nb      210   40.98002   39.59279   -0.01998    1.82201       -7632.73680
  Nb      211   41.04590   39.65866    0.04590    1.76219       -7632.70678
  Nb      212   41.02524   39.63800    0.02524    1.78585       -7632.72409
  Nb      213   41.11278   39.72554    0.11278    1.70203       -7632.66798
  Nb      214   41.02117   39.63393    0.02117    1.78535       -7632.71545
  Nb      215   41.01786   39.63062    0.01786    1.78583       -7632.71591
  Nb      216   41.08214   39.69490    0.08214    1.72688       -7632.67956
  Nb      217   41.02786   39.64062    0.02786    1.77699       -7632.70878
  Nb      218   41.02010   39.63286    0.02010    1.78206       -7632.71599
  Nb      219   41.03019   39.64295    0.03019    1.78058       -7632.71698
  Nb      220   40.98814   39.60090   -0.01186    1.81708       -7632.74125
  Nb      221   41.01489   39.62765    0.01489    1.78721       -7632.71546
  Nb      222   40.95792   39.57068   -0.04208    1.83493       -7632.74228
  Nb      223   41.01629   39.62905    0.01629    1.78951       -7632.71322
  Nb      224   41.05238   39.66514    0.05238    1.74665       -7632.69259
  Nb      225   41.12736   39.74012    0.12736    1.68713       -7632.65779
  Nb      226   40.96685   39.57961   -0.03315    1.83699       -7632.75087
  Nb      227   41.00468   39.61744    0.00468    1.79887       -7632.72623
  Nb      228   41.02557   39.63833    0.02557    1.77947       -7632.70930
  Nb      229   41.01381   39.62657    0.01381    1.79440       -7632.72924
  Nb      230   40.99954   39.61230   -0.00046    1.80322       -7632.72995
  Nb      231   40.94379   39.55655   -0.05621    1.85518       -7632.75934
  Nb      232   41.05307   39.66584    0.05307    1.75421       -7632.70137
  Nb      233   41.00171   39.61447    0.00171    1.80191       -7632.72659
  Nb      234   41.05826   39.67102    0.05826    1.74717       -7632.69819
  Nb      235   41.03543   39.64820    0.03543    1.76708       -7632.70371
  Nb      236   41.09209   39.70485    0.09209    1.71917       -7632.67370
  Nb      237   40.99876   39.61152   -0.00124    1.79706       -7632.72278
  Nb      238   41.00762   39.62038    0.00762    1.79147       -7632.71117
  Nb      239   41.05972   39.67249    0.05972    1.75715       -7632.70140
  Nb      240   40.91484   39.52760   -0.08516    1.88275       -7632.77325
  Nb      241   41.06557   39.67833    0.06557    1.74192       -7632.68717
  Nb      242   40.90433   39.51709   -0.09567    1.89725       -7632.78259
  Nb      243   41.02196   39.63472    0.02196    1.78379       -7632.72068
  Nb      244   41.07557   39.68833    0.07557    1.73595       -7632.69093
  Nb      245   40.98842   39.60118   -0.01158    1.81749       -7632.73305
  Nb      246   40.98041   39.59317   -0.01959    1.82030       -7632.73778
  Nb      247   40.95400   39.56677   -0.04600    1.84471       -7632.75015
  Nb      248   41.09386   39.70662    0.09386    1.71984       -7632.67688
  Nb      249   41.01202   39.62478    0.01202    1.79714       -7632.72693
  Nb      250   41.12046   39.73322    0.12046    1.69966       -7632.66880
  Nb      251   40.97042   39.58318   -0.02958    1.83540       -7632.74808
  Nb      252   41.07382   39.68658    0.07382    1.73677       -7632.68668
  Nb      253   40.94866   39.56142   -0.05134    1.84908       -7632.75254
  Nb      254   41.01751   39.63027    0.01751    1.79181       -7632.72241
  Nb      255   41.01715   39.62991    0.01715    1.78511       -7632.71167
  Nb      256   40.97847   39.59123   -0.02153    1.82668       -7632.74049
  Mo      257   42.15607   40.76883    0.15607    1.73067       -8090.69486
  Mo      258   42.11904   40.73180    0.11904    1.76871       -8090.71638
  Mo      259   42.14881   40.76157    0.14881    1.73562       -8090.69327
  Mo      260   42.15759   40.77036    0.15759    1.73855       -8090.70953
  Mo      261   42.17651   40.78927    0.17651    1.71872       -8090.69753
  Mo      262   42.12171   40.73447    0.12171    1.76931       -8090.72178
  Mo      263   42.22800   40.84076    0.22800    1.66733       -8090.67084
  Mo      264   42.17445   40.78721    0.17445    1.72086       -8090.69311
  Mo      265   42.11542   40.72818    0.11542    1.77777       -8090.72502
  Mo      266   42.24814   40.86090    0.24814    1.65311       -8090.65828
  Mo      267   42.17429   40.78705    0.17429    1.72008       -8090.69588
  Mo      268   42.19450   40.80726    0.19450    1.70124       -8090.68426
  Mo      269   42.09234   40.70510    0.09234    1.78640       -8090.72214
  Mo      270   42.16894   40.78170    0.16894    1.72395       -8090.69615
  Mo      271   42.11221   40.72497    0.11221    1.77972       -8090.72128
  Mo      272   42.14140   40.75416    0.14140    1.74669       -8090.70550
  Mo      273   42.16200   40.77476    0.16200    1.72799       -8090.69152
  Mo      274   42.24092   40.85369    0.24092    1.65114       -8090.65750
  Mo      275   42.09033   40.70309    0.09033    1.80344       -8090.74837
  Mo      276   42.18538   40.79814    0.18538    1.70901       -8090.68789
  Mo      277   42.09992   40.71268    0.09992    1.78776       -8090.73204
  Mo      278   42.23616   40.84893    0.23616    1.67083       -8090.67215
  Mo      279   42.21855   40.83131    0.21855    1.67251       -8090.66917
  Mo      280   42.26117   40.87393    0.26117    1.63754       -8090.64874
  Mo      281   42.12826   40.74102    0.12826    1.75838       -8090.70934
  Mo      282   42.16615   40.77891    0.16615    1.73168       -8090.70890
  Mo      283   42.12271   40.73547    0.12271    1.77264       -8090.72547
  Mo      284   42.15780   40.77056    0.15780    1.72901       -8090.69407
  Mo      285   42.14053   40.75329    0.14053    1.75423       -8090.71432
  Mo      286   42.16244   40.77520    0.16244    1.72635       -8090.69211
  Mo      287   42.13619   40.74895    0.13619    1.75081       -8090.70778
  Mo      288   42.09000   40.70276    0.09000    1.79036       -8090.72394
  Mo      289   42.18819   40.80095    0.18819    1.70648       -8090.68388
  Mo      290   42.22260   40.83537    0.22260    1.68064       -8090.67539
  Mo      291   42.16865   40.78141    0.16865    1.72114       -8090.69192
  Mo      292   42.16934   40.78210    0.16934    1.70903       -8090.67597
  Mo      293   42.18761   40.80037    0.18761    1.70910       -8090.68493
  Mo      294   42.15235   40.76511    0.15235    1.73746       -8090.69510
  Mo      295   42.15107   40.76383    0.15107    1.73420       -8090.69169
  Mo      296   42.19426   40.80702    0.19426    1.69133       -8090.67210
  Mo      297   42.24116   40.85392    0.24116    1.66313       -8090.66661
  Mo      298   42.17332   40.78608    0.17332    1.72337       -8090.70027
  Mo      299   42.17681   40.78957    0.17681    1.71859       -8090.68622
  Mo      300   42.24814   40.86090    0.24814    1.65610       -8090.65895
  Mo      301   42.17049   40.78326    0.17049    1.72457       -8090.69600
  Mo      302   42.11772   40.73048    0.11772    1.77018       -8090.71124
  Mo      303   42.17497   40.78773    0.17497    1.72089       -8090.69695
  Mo      304   42.17543   40.78819    0.17543    1.72502       -8090.69852
  Mo      305   42.23462   40.84738    0.23462    1.66235       -8090.66914
  Mo      306   42.20109   40.81386    0.20109    1.68995       -8090.68302
  Mo      307   42.16717   40.77993    0.16717    1.73032       -8090.69955
  Mo      308   42.15923   40.77200    0.15923    1.73898       -8090.70495
  Mo      309   42.21179   40.82456    0.21179    1.68514       -8090.67120
  Mo      310   42.08362   40.69639    0.08362    1.80206       -8090.73244
  Mo      311   42.23488   40.84764    0.23488    1.65211       -8090.64780
  Mo      312   42.16163   40.77440    0.16163    1.73101       -8090.70173
  Mo      313   42.20046   40.81322    0.20046    1.70488       -8090.70331
  Mo      314   42.18239   40.79516    0.18239    1.71369       -8090.68747
  Mo      315   42.12285   40.73561    0.12285    1.77269       -8090.72666
  Mo      316   42.18310   40.79586    0.18310    1.71377       -8090.68772
  Mo      317   42.08725   40.70001    0.08725    1.80252       -8090.73430
  Mo      318   42.18999   40.80275    0.18999    1.70302       -8090.68434
  Mo      319   42.11684   40.72960    0.11684    1.76682       -8090.70806
  Mo      320   42.18275   40.79551    0.18275    1.71426       -8090.69354
  Mo      321   42.15264   40.76540    0.15264    1.73281       -8090.69802
  Mo      322   42.19312   40.80589    0.19312    1.69244       -8090.67284
  Mo      323   42.16120   40.77396    0.16120    1.73076       -8090.69665
  Mo      324   42.22504   40.83780    0.22504    1.67748       -8090.67923
  Mo      325   42.18075   40.79351    0.18075    1.71206       -8090.69583
  Mo      326   42.21916   40.83192    0.21916    1.66781       -8090.65639
  Mo      327   42.20182   40.81458    0.20182    1.69522       -8090.67916
  Mo      328   42.19725   40.81001    0.19725    1.69721       -8090.68848
  Mo      329   42.16769   40.78045    0.16769    1.72918       -8090.69943
  Mo      330   42.14344   40.75621    0.14344    1.74456       -8090.70127
  Mo      331   42.21870   40.83147    0.21870    1.68341       -8090.67694
  Mo      332   42.12740   40.74017    0.12740    1.75559       -8090.70427
  Mo      333   42.17295   40.78571    0.17295    1.70858       -8090.68410
  Mo      334   42.21872   40.83149    0.21872    1.68537       -8090.68256
  Mo      335   42.14829   40.76105    0.14829    1.73759       -8090.70172
  Mo      336   42.18953   40.80230    0.18953    1.70926       -8090.68934
  Mo      337   42.10377   40.71653    0.10377    1.78652       -8090.72643
  Mo      338   42.25425   40.86701    0.25425    1.64317       -8090.64918
  Mo      339   42.17992   40.79268    0.17992    1.71082       -8090.68699
  Mo      340   42.18958   40.80234    0.18958    1.70513       -8090.68699
  Mo      341   42.19385   40.80661    0.19385    1.70502       -8090.68795
  Mo      342   42.15452   40.76729    0.15452    1.73543       -8090.69519
  Mo      343   42.20841   40.82117    0.20841    1.68675       -8090.67552
  Mo      344   42.13873   40.75149    0.13873    1.75956       -8090.71304
  Mo      345   42.23546   40.84822    0.23546    1.66731       -8090.66820
  Mo      346   42.20311   40.81587    0.20311    1.69038       -8090.67209
  Mo      347   42.14783   40.76060    0.14783    1.74704       -8090.70689
  Mo      348   42.15466   40.76742    0.15466    1.73274       -8090.70070
  Mo      349   42.21749   40.83025    0.21749    1.67328       -8090.66166
  Mo      350   42.07433   40.68710    0.07433    1.81421       -8090.73945
  Mo      351   42.20645   40.81921    0.20645    1.69008       -8090.67913
  Mo      352   42.20039   40.81315    0.20039    1.69964       -8090.68751
  Mo      353   42.10715   40.71992    0.10715    1.78084       -8090.72484
  Mo      354   42.17388   40.78664    0.17388    1.71868       -8090.69251
  Mo      355   42.12251   40.73528    0.12251    1.75094       -8090.70446
  Mo      356   42.22604   40.83880    0.22604    1.66366       -8090.65413
  Mo      357   42.15123   40.76399    0.15123    1.74671       -8090.71046
  Mo      358   42.08253   40.69530    0.08253    1.80531       -8090.73202
  Mo      359   42.11410   40.72686    0.11410    1.77854       -8090.72479
  Mo      360   42.11347   40.72623    0.11347    1.77623       -8090.72311
  Mo      361   42.10885   40.72161    0.10885    1.78422       -8090.73201
  Mo      362   42.14651   40.75927    0.14651    1.73615       -8090.69121
  Mo      363   42.18511   40.79787    0.18511    1.70372       -8090.68112
  Mo      364   42.12480   40.73756    0.12480    1.76703       -8090.71629
  Mo      365   42.18917   40.80193    0.18917    1.70458       -8090.68435
  Mo      366   42.16055   40.77332    0.16055    1.73759       -8090.70397
  Mo      367   42.23127   40.84403    0.23127    1.67750       -8090.67610
  Mo      368   42.14342   40.75618    0.14342    1.75011       -8090.71019
  Mo      369   42.09741   40.71017    0.09741    1.79491       -8090.73916
  Mo      370   42.14719   40.75996    0.14719    1.73943       -8090.69887
  Mo      371   42.16921   40.78198    0.16921    1.71500       -8090.68875
  Mo      372   42.13578   40.74855    0.13578    1.76139       -8090.71903
  Mo      373   42.18154   40.79430    0.18154    1.70287       -8090.67640
  Mo      374   42.16862   40.78139    0.16862    1.73206       -8090.70410
  Mo      375   42.16673   40.77949    0.16673    1.72603       -8090.69693
  Mo      376   42.21815   40.83091    0.21815    1.67633       -8090.66725
  Mo      377   42.17215   40.78491    0.17215    1.72064       -8090.69419
  Mo      378   42.16159   40.77435    0.16159    1.73094       -8090.69818
  Mo      379   42.19094   40.80371    0.19094    1.70050       -8090.68218
  Mo      380   42.22166   40.83442    0.22166    1.67576       -8090.67489
  Mo      381   42.11184   40.72460    0.11184    1.77190       -8090.71689
  Mo      382   42.14474   40.75750    0.14474    1.74610       -8090.70599
  Mo      383   42.15974   40.77250    0.15974    1.72460       -8090.69393
  Mo      384   42.10043   40.71319    0.10043    1.78867       -8090.72865
  Ta      385   72.90493   71.51769   -0.09507    1.81422      -31233.03901
  Ta      386   72.79480   71.40756   -0.20520    1.91883      -31233.11251
  Ta      387   72.92097   71.53373   -0.07903    1.79709      -31233.03506
  Ta      388   72.84705   71.45981   -0.15295    1.86470      -31233.07186
  Ta      389   72.82584   71.43860   -0.17416    1.89030      -31233.09040
  Ta      390   72.77219   71.38495   -0.22781    1.93713      -31233.12058
  Ta      391   72.81863   71.43139   -0.18137    1.88863      -31233.08618
  Ta      392   72.76999   71.38275   -0.23001    1.93665      -31233.12155
  Ta      393   72.85821   71.47097   -0.14179    1.85412      -31233.06675
  Ta      394   72.85345   71.46621   -0.14655    1.85850      -31233.07617
  Ta      395   72.81773   71.43049   -0.18227    1.89175      -31233.08933
  Ta      396   72.93228   71.54504   -0.06772    1.78539      -31233.02685
  Ta      397   72.89615   71.50892   -0.10385    1.82009      -31233.03767
  Ta      398   72.87962   71.49238   -0.12038    1.84306      -31233.06823
  Ta      399   72.82581   71.43857   -0.17419    1.88629      -31233.08776
  Ta      400   72.73617   71.34894   -0.26383    1.96194      -31233.13371
  Ta      401   72.83137   71.44414   -0.16863    1.87829      -31233.08458
  Ta      402   72.90127   71.51404   -0.09873    1.81574      -31233.04042
  Ta      403   72.86267   71.47543   -0.13733    1.84823      -31233.06844
  Ta      404   72.92677   71.53953   -0.07323    1.79177      -31233.02390
  Ta      405   72.87280   71.48556   -0.12720    1.83789      -31233.06106
  Ta      406   72.88521   71.49797   -0.11479    1.83021      -31233.04968
  Ta      407   72.81062   71.42338   -0.18938    1.89871      -31233.08844
  Ta      408   72.87602   71.48878   -0.12398    1.83207      -31233.05962
  Ta      409   72.86482   71.47758   -0.13518    1.84840      -31233.06915
  Ta      410   72.89317   71.50593   -0.10683    1.82763      -31233.04994
  Ta      411   72.92097   71.53373   -0.07903    1.79763      -31233.03625
  Ta      412   72.87417   71.48693   -0.12583    1.84644      -31233.07216
  Ta      413   72.89119   71.50395   -0.10881    1.82779      -31233.05810
  Ta      414   72.91408   71.52684   -0.08592    1.80036      -31233.02855
  Ta      415   72.81992   71.43268   -0.18008    1.89483      -31233.09868
  Ta      416   72.90774   71.52050   -0.09226    1.81365      -31233.04564
  Ta      417   72.85093   71.46369   -0.14907    1.86088      -31233.06385
  Ta      418   72.91033   71.52310   -0.08967    1.81714      -31233.04703
  Ta      419   72.90001   71.51277   -0.09999    1.81583      -31233.04571
  Ta      420   72.75644   71.36920   -0.24356    1.94881      -31233.12811
  Ta      421   72.92326   71.53603   -0.07674    1.79660      -31233.02721
  Ta      422   72.86665   71.47941   -0.13335    1.85002      -31233.06628
  Ta      423   72.84690   71.45967   -0.15310    1.86145      -31233.07762
  Ta      424   72.83776   71.45052   -0.16224    1.87909      -31233.08207
  Ta      425   72.89208   71.50484   -0.10792    1.82833      -31233.05151
  Ta      426   72.80948   71.42224   -0.19052    1.90665      -31233.10065
  Ta      427   72.84892   71.46168   -0.15108    1.87094      -31233.09209
  Ta      428   72.89588   71.50865   -0.10412    1.82296      -31233.04292
  Ta      429   72.86933   71.48210   -0.13067    1.85155      -31233.06763
  Ta      430   72.83472   71.44748   -0.16528    1.87772      -31233.08894
  Ta      431   72.85367   71.46643   -0.14633    1.85752      -31233.07595
  Ta      432   72.89217   71.50494   -0.10783    1.82054      -31233.04170
  Ta      433   72.80005   71.41281   -0.19995    1.91257      -31233.10069
  Ta      434   72.89207   71.50484   -0.10793    1.82266      -31233.05247
  Ta      435   72.80034   71.41310   -0.19966    1.91131      -31233.10179
  Ta      436   72.91029   71.52305   -0.08971    1.80848      -31233.04105
  Ta      437   72.87121   71.48397   -0.12879    1.85085      -31233.06658
  Ta      438   72.83924   71.45200   -0.16076    1.87098      -31233.08331
  Ta      439   72.86808   71.48085   -0.13192    1.84459      -31233.06451
  Ta      440   72.82123   71.43399   -0.17877    1.88792      -31233.09236
  Ta      441   72.87384   71.48661   -0.12616    1.84405      -31233.06517
  Ta      442   72.89576   71.50852   -0.10424    1.82504      -31233.04091
  Ta      443   72.82244   71.43520   -0.17756    1.87836      -31233.07715
  Ta      444   72.84973   71.46250   -0.15027    1.85578      -31233.07371
  Ta      445   72.80232   71.41508   -0.19768    1.91262      -31233.11362
  Ta      446   72.81367   71.42643   -0.18633    1.89356      -31233.09241
  Ta      447   72.84930   71.46206   -0.15070    1.86397      -31233.06921
  Ta      448   72.83933   71.45210   -0.16067    1.87261      -31233.08370
  Ta      449   72.90367   71.51643   -0.09633    1.81557      -31233.04714
  Ta      450   72.86945   71.48221   -0.13055    1.84138      -31233.05552
  Ta      451   72.85444   71.46720   -0.14556    1.86198      -31233.07399
  Ta      452   72.85450   71.46726   -0.14550    1.85673      -31233.07116
  Ta      453   72.85617   71.46893   -0.14383    1.84845      -31233.06019
  Ta      454   72.93231   71.54507   -0.06769    1.78444      -31233.03222
  Ta      455   72.82227   71.43503   -0.17773    1.89376      -31233.09829
  Ta      456   72.90563   71.51839   -0.09437    1.82046      -31233.05117
  Ta      457   72.92234   71.53510   -0.07766    1.79609      -31233.02997
  Ta      458   72.83439   71.44715   -0.16561    1.87074      -31233.08973
  Ta      459   72.87885   71.49162   -0.12115    1.83330      -31233.05502
  Ta      460   72.89887   71.51164   -0.10113    1.81598      -31233.04297
  Ta      461   72.88902   71.50178   -0.11098    1.82827      -31233.05305
  Ta      462   72.90140   71.51416   -0.09860    1.81573      -31233.04987
  Ta      463   72.82729   71.44005   -0.17271    1.88037      -31233.08908
  Ta      464   72.88782   71.50059   -0.11218    1.82595      -31233.04984
  Ta      465   72.86306   71.47583   -0.13694    1.84738      -31233.06541
  Ta      466   72.77881   71.39158   -0.22119    1.92695      -31233.11465
  Ta      467   72.89278   71.50555   -0.10722    1.82458      -31233.04904
  Ta      468   72.82573   71.43849   -0.17427    1.88987      -31233.09714
  Ta      469   72.89207   71.50483   -0.10793    1.82547      -31233.05359
  Ta      470   72.92243   71.53519   -0.07757    1.79775      -31233.04328
  Ta      471   72.84111   71.45387   -0.15889    1.87108      -31233.07750
  Ta      472   72.81579   71.42855   -0.18421    1.89328      -31233.09337
  Ta      473   72.80442   71.41718   -0.19558    1.90748      -31233.10664
  Ta      474   72.90640   71.51916   -0.09360    1.80756      -31233.05016
  Ta      475   72.80783   71.42059   -0.19217    1.90186      -31233.09977
  Ta      476   72.88137   71.49413   -0.11863    1.83704      -31233.06124
  Ta      477   72.90112   71.51388   -0.09888    1.82137      -31233.04375
  Ta      478   72.85368   71.46644   -0.14632    1.86113      -31233.06565
  Ta      479   72.83116   71.44392   -0.16884    1.87768      -31233.08140
  Ta      480   72.83063   71.44339   -0.16937    1.87731      -31233.08674
  Ta      481   72.85361   71.46637   -0.14639    1.86683      -31233.07603
  Ta      482   72.93420   71.54696   -0.06580    1.78664      -31233.02269
  Ta      483   72.80200   71.41476   -0.19800    1.90739      -31233.10270
  Ta      484   72.90651   71.51927   -0.09349    1.81056      -31233.04250
  Ta      485   72.84431   71.45707   -0.15569    1.87153      -31233.08231
  Ta      486   72.81188   71.42465   -0.18812    1.89566      -31233.09136
  Ta      487   72.91772   71.53048   -0.08228    1.80491      -31233.03919
  Ta      488   72.88342   71.49618   -0.11658    1.83417      -31233.05801
  Ta      489   72.79194   71.40471   -0.20806    1.91561      -31233.10764
  Ta      490   72.79511   71.40787   -0.20489    1.91646      -31233.10873
  Ta      491   72.80150   71.41426   -0.19850    1.91369      -31233.10835
  Ta      492   72.79118   71.40394   -0.20882    1.91429      -31233.10211
  Ta      493   72.83845   71.45121   -0.16155    1.87662      -31233.07943
  Ta      494   72.93040   71.54316   -0.06960    1.79350      -31233.02682
  Ta      495   72.81726   71.43003   -0.18274    1.89409      -31233.09500
  Ta      496   72.89700   71.50976   -0.10300    1.81993      -31233.05070
  Ta      497   72.91318   71.52594   -0.08682    1.80155      -31233.03764
  Ta      498   72.80768   71.42044   -0.19232    1.90414      -31233.10537
  Ta      499   72.86262   71.47538   -0.13738    1.84910      -31233.07129
  Ta      500   72.87410   71.48686   -0.12590    1.83769      -31233.06038
  Ta      501   72.87504   71.48781   -0.12496    1.84402      -31233.05962
  Ta      502   72.85848   71.47124   -0.14152    1.85396      -31233.06408
  Ta      503   72.94743   71.56019   -0.05257    1.77679      -31233.02181
  Ta      504   72.91138   71.52414   -0.08862    1.80770      -31233.04382
  Ta      505   72.88863   71.50139   -0.11137    1.82588      -31233.04884
  Ta      506   72.89344   71.50620   -0.10656    1.82217      -31233.05190
  Ta      507   72.90305   71.51582   -0.09695    1.82096      -31233.05201
  Ta      508   72.83042   71.44319   -0.16958    1.87895      -31233.07997
  Ta      509   72.85381   71.46657   -0.14619    1.86265      -31233.07315
  Ta      510   72.81288   71.42564   -0.18712    1.89154      -31233.08901
  Ta      511   72.87453   71.48729   -0.12547    1.84211      -31233.06052
  Ta      512   72.83407   71.44684   -0.16593    1.87956      -31233.08493
