 Atom   Index      Q          Qmt        dQ        Vmad        Local Energy
  W         1   73.80533   72.50434   -0.19467    1.78035      -32312.51192
  W         2   73.80433   72.50334   -0.19567    1.79000      -32312.53959
  W         3   73.84609   72.54510   -0.15391    1.75195      -32312.50408
  W         4   73.77472   72.47373   -0.22528    1.82335      -32312.55800
  W         5   73.97612   72.67513   -0.02388    1.62046      -32312.43038
  W         6   73.88875   72.58776   -0.11125    1.71757      -32312.49675
  W         7   73.92277   72.62178   -0.07723    1.66206      -32312.43500
  W         8   73.93521   72.63423   -0.06479    1.64621      -32312.42653
  W         9   73.73234   72.43135   -0.26766    1.86399      -32312.56816
  W        10   73.79971   72.49873   -0.20029    1.78894      -32312.52200
  W        11   73.74428   72.44329   -0.25572    1.84997      -32312.56665
  W        12   73.86531   72.56433   -0.13469    1.73285      -32312.49970
  W        13   73.99512   72.69414   -0.00488    1.60388      -32312.41517
  W        14   73.84878   72.54779   -0.15122    1.74315      -32312.49741
  W        15   73.91207   72.61109   -0.08793    1.67822      -32312.45035
  W        16   73.96612   72.66513   -0.03388    1.62474      -32312.41442
  W        17   73.75766   72.45667   -0.24234    1.82219      -32312.53214
  W        18   73.97409   72.67310   -0.02591    1.62522      -32312.43168
  W        19   73.94807   72.64709   -0.05193    1.63574      -32312.41989
  W        20   73.61456   72.31358   -0.38544    1.98308      -32312.65534
  W        21   73.96050   72.65951   -0.03950    1.62725      -32312.41784
  W        22   73.93086   72.62988   -0.06914    1.66577      -32312.44670
  W        23   73.82715   72.52617   -0.17285    1.76585      -32312.50411
  W        24   73.95077   72.64979   -0.04923    1.64069      -32312.43082
  W        25   73.81170   72.51072   -0.18830    1.79233      -32312.53889
  W        26   73.97759   72.67661   -0.02241    1.61609      -32312.41666
  W        27   73.72261   72.42163   -0.27739    1.87084      -32312.57407
  W        28   73.89467   72.59368   -0.10533    1.68910      -32312.45821
  W        29   73.64960   72.34861   -0.35040    1.94620      -32312.62387
  W        30   73.65451   72.35353   -0.34549    1.95010      -32312.63354
  W        31   73.90653   72.60555   -0.09347    1.68859      -32312.46561
  W        32   73.86477   72.56378   -0.13523    1.73836      -32312.49960
  W        33   73.73577   72.43478   -0.26423    1.86243      -32312.57497
  W        34   73.89580   72.59481   -0.10420    1.69632      -32312.46080
  W        35   73.87914   72.57815   -0.12086    1.71217      -32312.47321
  W        36   73.89341   72.59243   -0.10659    1.69286      -32312.46735
  W        37   73.77402   72.47304   -0.22598    1.81950      -32312.55452
  W        38   73.86878   72.56779   -0.13122    1.72775      -32312.50006
  W        39   73.82923   72.52824   -0.17077    1.77336      -32312.52955
  W        40   73.94702   72.64603   -0.05298    1.64950      -32312.44084
  W        41   73.67566   72.37468   -0.32434    1.92548      -32312.61474
  W        42   73.88832   72.58733   -0.11168    1.69112      -32312.45693
  W        43   73.74007   72.43909   -0.25993    1.85455      -32312.57841
  W        44   73.77008   72.46910   -0.22992    1.82681      -32312.56160
  W        45   73.82485   72.52387   -0.17515    1.77482      -32312.52545
  W        46   73.88927   72.58828   -0.11073    1.70127      -32312.46597
  W        47   73.78758   72.48659   -0.21242    1.79643      -32312.52561
  W        48   73.93604   72.63505   -0.06396    1.65495      -32312.44672
  W        49   73.82204   72.52106   -0.17796    1.77380      -32312.51681
  W        50   73.81509   72.51411   -0.18491    1.77355      -32312.51465
  W        51   73.77699   72.47600   -0.22301    1.82488      -32312.55469
  W        52   73.87246   72.57147   -0.12754    1.71641      -32312.47543
  W        53   73.91736   72.61638   -0.08264    1.68516      -32312.47414
  W        54   73.67376   72.37278   -0.32624    1.92246      -32312.62129
  W        55   73.79456   72.49358   -0.20544    1.80048      -32312.53122
  W        56   73.83756   72.53657   -0.16244    1.75663      -32312.51022
  W        57   73.83825   72.53727   -0.16175    1.76124      -32312.51199
  W        58   73.91660   72.61561   -0.08340    1.67851      -32312.46055
  W        59   73.72769   72.42671   -0.27231    1.87563      -32312.59938
  W        60   74.01303   72.71204    0.01303    1.57725      -32312.38981
  W        61   73.97305   72.67207   -0.02695    1.61644      -32312.40606
  W        62   73.79497   72.49398   -0.20503    1.79886      -32312.53421
  W        63   73.66131   72.36032   -0.33869    1.93718      -32312.62770
  W        64   73.66821   72.36723   -0.33179    1.92699      -32312.62182
  Nb       65   40.81316   39.51217   -0.18684    1.80784       -7632.62807
  Nb       66   41.01199   39.71101    0.01199    1.61378       -7632.51216
  Nb       67   40.80764   39.50665   -0.19236    1.81774       -7632.63275
  Nb       68   40.90248   39.60149   -0.09752    1.72068       -7632.57736
  Nb       69   40.77349   39.47250   -0.22651    1.85313       -7632.67134
  Nb       70   40.85370   39.55271   -0.14630    1.77111       -7632.61182
  Nb       71   40.92426   39.62327   -0.07574    1.70033       -7632.56777
  Nb       72   40.91443   39.61344   -0.08557    1.70703       -7632.57582
  Nb       73   40.86682   39.56584   -0.13318    1.75685       -7632.60298
  Nb       74   40.86916   39.56818   -0.13084    1.75133       -7632.59925
  Nb       75   40.99254   39.69155   -0.00746    1.63749       -7632.53584
  Nb       76   41.04357   39.74258    0.04357    1.58579       -7632.50046
  Nb       77   40.85565   39.55467   -0.14435    1.77137       -7632.60987
  Nb       78   40.92618   39.62519   -0.07382    1.69859       -7632.57962
  Nb       79   40.91156   39.61057   -0.08844    1.71600       -7632.58340
  Nb       80   41.01537   39.71439    0.01537    1.60726       -7632.51669
  Nb       81   40.85417   39.55318   -0.14583    1.77328       -7632.61431
  Nb       82   40.87011   39.56913   -0.12989    1.75527       -7632.59390
  Nb       83   40.80118   39.50019   -0.19882    1.82279       -7632.65044
  Nb       84   40.98562   39.68463   -0.01438    1.64405       -7632.54599
  Nb       85   40.95302   39.65203   -0.04698    1.67099       -7632.54982
  Nb       86   41.01309   39.71211    0.01309    1.60295       -7632.50430
  Nb       87   40.91126   39.61028   -0.08874    1.72083       -7632.58458
  Nb       88   40.97477   39.67378   -0.02523    1.65191       -7632.53063
  Nb       89   40.85703   39.55604   -0.14297    1.77211       -7632.62080
  Nb       90   40.79725   39.49626   -0.20275    1.82992       -7632.64689
  Nb       91   40.87421   39.57323   -0.12579    1.75195       -7632.60835
  Nb       92   40.81861   39.51763   -0.18139    1.80765       -7632.63321
  Nb       93   40.87776   39.57677   -0.12224    1.74499       -7632.59613
  Nb       94   41.09470   39.79372    0.09470    1.53545       -7632.47388
  Nb       95   40.99499   39.69401   -0.00501    1.63294       -7632.52354
  Nb       96   41.09998   39.79899    0.09998    1.52638       -7632.46776
  Nb       97   40.86987   39.56888   -0.13013    1.74657       -7632.59967
  Nb       98   40.95765   39.65666   -0.04235    1.66450       -7632.54396
  Nb       99   40.84948   39.54849   -0.15052    1.78139       -7632.62617
  Nb      100   40.95661   39.65562   -0.04339    1.66331       -7632.54617
  Nb      101   40.74264   39.44165   -0.25736    1.88186       -7632.68228
  Nb      102   40.90187   39.60088   -0.09813    1.72696       -7632.58137
  Nb      103   40.76802   39.46703   -0.23198    1.86174       -7632.66930
  Nb      104   40.74003   39.43905   -0.25997    1.88938       -7632.68705
  Nb      105   40.88230   39.58132   -0.11770    1.74883       -7632.60121
  Nb      106   40.91048   39.60950   -0.08952    1.71628       -7632.57729
  Nb      107   40.86471   39.56372   -0.13529    1.75862       -7632.59564
  Nb      108   40.87890   39.57792   -0.12110    1.74206       -7632.59716
  Nb      109   41.02740   39.72641    0.02740    1.59684       -7632.50366
  Nb      110   40.99288   39.69189   -0.00712    1.62928       -7632.53010
  Nb      111   40.84225   39.54126   -0.15775    1.78046       -7632.60929
  Nb      112   40.98002   39.67903   -0.01998    1.64553       -7632.53528
  Nb      113   40.83497   39.53399   -0.16503    1.78908       -7632.60650
  Nb      114   40.96734   39.66635   -0.03266    1.65165       -7632.53715
  Nb      115   40.98704   39.68605   -0.01296    1.64044       -7632.53382
  Nb      116   40.92519   39.62420   -0.07481    1.70199       -7632.56741
  Nb      117   40.88965   39.58866   -0.11035    1.72461       -7632.57914
  Nb      118   41.00409   39.70310    0.00409    1.62010       -7632.51996
  Nb      119   40.93501   39.63403   -0.06499    1.69235       -7632.56495
  Nb      120   40.77089   39.46990   -0.22911    1.86264       -7632.67737
  Nb      121   40.69225   39.39127   -0.30775    1.93622       -7632.71248
  Nb      122   40.74930   39.44832   -0.25070    1.87928       -7632.67433
  Nb      123   40.82235   39.52136   -0.17765    1.79995       -7632.62930
  Nb      124   40.89147   39.59048   -0.10853    1.72705       -7632.58867
  Nb      125   40.86640   39.56542   -0.13360    1.75397       -7632.60113
  Nb      126   40.63178   39.33079   -0.36822    1.99680       -7632.75951
  Nb      127   41.08235   39.78136    0.08235    1.54792       -7632.48057
  Nb      128   40.75531   39.45432   -0.24469    1.86888       -7632.67133
  Mo      129   41.92825   40.62726   -0.07175    1.80035       -8090.65583
  Mo      130   42.13696   40.83598    0.13696    1.58795       -8090.53974
  Mo      131   42.01866   40.71768    0.01866    1.70007       -8090.59152
  Mo      132   42.02004   40.71905    0.02004    1.70232       -8090.59669
  Mo      133   42.09103   40.79005    0.09103    1.63264       -8090.56288
  Mo      134   42.14450   40.84351    0.14450    1.56398       -8090.50216
  Mo      135   41.93721   40.63622   -0.06279    1.78001       -8090.63809
  Mo      136   42.11766   40.81667    0.11766    1.60209       -8090.53269
  Mo      137   42.02825   40.72726    0.02825    1.69353       -8090.59275
  Mo      138   42.00049   40.69950    0.00049    1.71761       -8090.60112
  Mo      139   41.83371   40.53273   -0.16629    1.89418       -8090.71415
  Mo      140   42.12531   40.82433    0.12531    1.57601       -8090.50681
  Mo      141   42.13001   40.82902    0.13001    1.58518       -8090.52301
  Mo      142   42.10921   40.80823    0.10921    1.60352       -8090.52394
  Mo      143   41.89761   40.59662   -0.10239    1.83395       -8090.68691
  Mo      144   42.10650   40.80552    0.10650    1.60470       -8090.53067
  Mo      145   42.05761   40.75662    0.05761    1.66322       -8090.58080
  Mo      146   41.94041   40.63942   -0.05959    1.77810       -8090.63332
  Mo      147   42.06147   40.76049    0.06147    1.64603       -8090.54691
  Mo      148   42.16562   40.86463    0.16562    1.55339       -8090.50194
  Mo      149   42.06186   40.76088    0.06186    1.66034       -8090.57023
  Mo      150   42.08258   40.78159    0.08258    1.64115       -8090.56087
  Mo      151   42.08129   40.78031    0.08129    1.63873       -8090.55879
  Mo      152   42.05580   40.75481    0.05580    1.65833       -8090.56112
  Mo      153   42.11984   40.81885    0.11984    1.59150       -8090.51953
  Mo      154   42.05007   40.74909    0.05007    1.66737       -8090.56937
  Mo      155   41.91530   40.61432   -0.08470    1.81228       -8090.66466
  Mo      156   42.01083   40.70985    0.01083    1.69201       -8090.57094
  Mo      157   41.90857   40.60759   -0.09143    1.81957       -8090.67816
  Mo      158   42.18604   40.88505    0.18604    1.52334       -8090.48595
  Mo      159   42.08173   40.78074    0.08173    1.62972       -8090.54386
  Mo      160   41.91668   40.61569   -0.08332    1.80990       -8090.66439
  Mo      161   42.11963   40.81864    0.11963    1.60194       -8090.53370
  Mo      162   42.19193   40.89095    0.19193    1.52441       -8090.49241
  Mo      163   42.01543   40.71444    0.01543    1.70065       -8090.59621
  Mo      164   42.19583   40.89484    0.19583    1.52625       -8090.49388
  Mo      165   41.92814   40.62716   -0.07186    1.78985       -8090.64416
  Mo      166   42.13904   40.83806    0.13904    1.57862       -8090.51501
  Mo      167   42.12449   40.82350    0.12449    1.58930       -8090.52884
  Mo      168   42.15270   40.85172    0.15270    1.56784       -8090.52576
  Mo      169   42.10916   40.80817    0.10916    1.60659       -8090.53720
  Mo      170   42.15077   40.84978    0.15077    1.57314       -8090.52185
  Mo      171   41.99185   40.69086   -0.00815    1.71861       -8090.59742
  Mo      172   42.10676   40.80577    0.10676    1.61139       -8090.54415
  Mo      173   42.18215   40.88117    0.18215    1.53516       -8090.49408
  Mo      174   42.02003   40.71904    0.02003    1.69325       -8090.58123
  Mo      175   42.03047   40.72949    0.03047    1.69060       -8090.58778
  Mo      176   42.02626   40.72527    0.02626    1.69595       -8090.59555
  Mo      177   42.06296   40.76197    0.06296    1.64267       -8090.54831
  Mo      178   42.09678   40.79580    0.09678    1.61387       -8090.53803
  Mo      179   42.14008   40.83909    0.14008    1.57916       -8090.52676
  Mo      180   42.15193   40.85094    0.15193    1.56182       -8090.51062
  Mo      181   42.08589   40.78491    0.08589    1.62900       -8090.55315
  Mo      182   42.06438   40.76339    0.06438    1.65113       -8090.56043
  Mo      183   42.06524   40.76425    0.06524    1.65500       -8090.56176
  Mo      184   42.21136   40.91037    0.21136    1.50470       -8090.48094
  Mo      185   41.99576   40.69477   -0.00424    1.72053       -8090.61013
  Mo      186   42.10610   40.80511    0.10610    1.61284       -8090.55100
  Mo      187   42.20187   40.90088    0.20187    1.51531       -8090.47982
  Mo      188   41.98469   40.68370   -0.01531    1.73930       -8090.62513
  Mo      189   42.12820   40.82721    0.12820    1.59587       -8090.53652
  Mo      190   42.15272   40.85173    0.15272    1.56563       -8090.51863
  Mo      191   41.95483   40.65384   -0.04517    1.77117       -8090.64715
  Mo      192   41.90052   40.59954   -0.09948    1.82041       -8090.66215
  Ta      193   72.83457   71.53359   -0.16543    1.69826      -31232.87383
  Ta      194   72.86389   71.56290   -0.13611    1.67360      -31232.86289
  Ta      195   72.80828   71.50729   -0.19172    1.72217      -31232.89316
  Ta      196   72.86565   71.56466   -0.13435    1.67093      -31232.86325
  Ta      197   72.59296   71.29198   -0.40704    1.94021      -31233.02455
  Ta      198   72.94675   71.64576   -0.05325    1.58691      -31232.80501
  Ta      199   72.71907   71.41808   -0.28093    1.81364      -31232.96127
  Ta      200   72.81414   71.51316   -0.18586    1.72576      -31232.89910
  Ta      201   72.79066   71.48967   -0.20934    1.73771      -31232.90303
  Ta      202   72.89467   71.59369   -0.10533    1.64047      -31232.83400
  Ta      203   72.76754   71.46656   -0.23246    1.76572      -31232.92447
  Ta      204   72.74157   71.44058   -0.25843    1.78385      -31232.93712
  Ta      205   72.72367   71.42268   -0.27633    1.80547      -31232.95288
  Ta      206   72.65820   71.35721   -0.34180    1.87504      -31232.98907
  Ta      207   72.67967   71.37868   -0.32033    1.85290      -31232.97031
  Ta      208   72.62926   71.32827   -0.37074    1.90744      -31233.00720
  Ta      209   72.63237   71.33138   -0.36763    1.89927      -31233.00778
  Ta      210   72.71986   71.41887   -0.28014    1.80864      -31232.94557
  Ta      211   72.76025   71.45927   -0.23975    1.77699      -31232.92604
  Ta      212   72.68236   71.38138   -0.31764    1.84275      -31232.96825
  Ta      213   72.69845   71.39746   -0.30155    1.83743      -31232.96704
  Ta      214   72.72070   71.41971   -0.27930    1.81842      -31232.95681
  Ta      215   72.67732   71.37634   -0.32268    1.85320      -31232.98116
  Ta      216   72.80296   71.50198   -0.19704    1.73683      -31232.90851
  Ta      217   72.69829   71.39730   -0.30171    1.83649      -31232.97044
  Ta      218   72.74642   71.44544   -0.25358    1.79500      -31232.94139
  Ta      219   72.68658   71.38559   -0.31342    1.84552      -31232.96927
  Ta      220   72.85462   71.55363   -0.14538    1.68012      -31232.87471
  Ta      221   72.69892   71.39794   -0.30108    1.83797      -31232.96811
  Ta      222   72.80632   71.50534   -0.19368    1.72285      -31232.88896
  Ta      223   72.62142   71.32043   -0.37858    1.91028      -31233.01792
  Ta      224   72.76733   71.46634   -0.23267    1.76863      -31232.93177
  Ta      225   72.78460   71.48362   -0.21540    1.74774      -31232.89780
  Ta      226   72.64284   71.34186   -0.35716    1.88790      -31232.99951
  Ta      227   72.82098   71.51999   -0.17902    1.71279      -31232.87911
  Ta      228   72.58345   71.28247   -0.41655    1.95055      -31233.03565
  Ta      229   72.83587   71.53488   -0.16413    1.69182      -31232.86350
  Ta      230   72.71270   71.41172   -0.28730    1.82243      -31232.95631
  Ta      231   72.73049   71.42950   -0.26951    1.80196      -31232.94338
  Ta      232   72.69881   71.39782   -0.30119    1.83101      -31232.96151
  Ta      233   72.77980   71.47881   -0.22020    1.74780      -31232.90576
  Ta      234   72.84782   71.54683   -0.15218    1.68962      -31232.86396
  Ta      235   72.70258   71.40159   -0.29742    1.83320      -31232.96464
  Ta      236   72.88463   71.58364   -0.11537    1.65136      -31232.84195
  Ta      237   72.69921   71.39822   -0.30079    1.83212      -31232.95438
  Ta      238   72.74745   71.44646   -0.25255    1.78672      -31232.94480
  Ta      239   72.65252   71.35154   -0.34748    1.88176      -31232.98993
  Ta      240   72.65637   71.35539   -0.34363    1.87079      -31232.98777
  Ta      241   72.85589   71.55490   -0.14411    1.68794      -31232.87859
  Ta      242   72.78550   71.48452   -0.21450    1.75182      -31232.91729
  Ta      243   72.79045   71.48947   -0.20955    1.73995      -31232.90455
  Ta      244   72.77319   71.47220   -0.22681    1.75571      -31232.91224
  Ta      245   72.82344   71.52245   -0.17656    1.70982      -31232.88212
  Ta      246   72.81381   71.51282   -0.18619    1.71705      -31232.88890
  Ta      247   72.72248   71.42149   -0.27752    1.81141      -31232.94701
  Ta      248   72.67621   71.37522   -0.32379    1.85604      -31232.97610
  Ta      249   72.84933   71.54834   -0.15067    1.68688      -31232.85977
  Ta      250   72.58158   71.28059   -0.41842    1.94770      -31233.04282
  Ta      251   72.88331   71.58232   -0.11669    1.65243      -31232.85089
  Ta      252   72.74463   71.44365   -0.25537    1.78814      -31232.94496
  Ta      253   72.87303   71.57205   -0.12697    1.67116      -31232.86050
  Ta      254   72.80407   71.50308   -0.19593    1.73197      -31232.89830
  Ta      255   72.76412   71.46314   -0.23588    1.75866      -31232.90780
  Ta      256   72.81459   71.51360   -0.18541    1.71259      -31232.88098
  V       257   23.38410   22.08312    0.38410    1.57130       -1895.25041
  V       258   23.35920   22.05821    0.35920    1.59113       -1895.25229
  V       259   23.58361   22.28263    0.58361    1.36071       -1895.13349
  V       260   23.45037   22.14938    0.45037    1.49662       -1895.20438
  V       261   23.48382   22.18283    0.48382    1.46269       -1895.18136
  V       262   23.43779   22.13680    0.43779    1.51286       -1895.21094
  V       263   23.42972   22.12874    0.42972    1.52157       -1895.21811
  V       264   23.48950   22.18851    0.48950    1.45598       -1895.17892
  V       265   23.49746   22.19648    0.49746    1.43733       -1895.17098
  V       266   23.42799   22.12700    0.42799    1.52854       -1895.23354
  V       267   23.50914   22.20815    0.50914    1.42931       -1895.17427
  V       268   23.48004   22.17906    0.48004    1.46676       -1895.18076
  V       269   23.57504   22.27405    0.57504    1.35982       -1895.13085
  V       270   23.53575   22.23476    0.53575    1.40809       -1895.14510
  V       271   23.29704   21.99605    0.29704    1.65571       -1895.29449
  V       272   23.32996   22.02898    0.32996    1.62470       -1895.28501
  V       273   23.57329   22.27230    0.57329    1.36943       -1895.11683
  V       274   23.40669   22.10570    0.40669    1.54356       -1895.22303
  V       275   23.38919   22.08820    0.38919    1.56148       -1895.24568
  V       276   23.32484   22.02385    0.32484    1.63372       -1895.28406
  V       277   23.44259   22.14161    0.44259    1.50369       -1895.19607
  V       278   23.47415   22.17316    0.47415    1.46980       -1895.18188
  V       279   23.61183   22.31085    0.61183    1.32864       -1895.10794
  V       280   23.39676   22.09577    0.39676    1.55870       -1895.25157
  V       281   23.48005   22.17906    0.48005    1.46958       -1895.19079
  V       282   23.53204   22.23106    0.53204    1.40550       -1895.16308
  V       283   23.53797   22.23698    0.53797    1.40800       -1895.15553
  V       284   23.44912   22.14814    0.44912    1.50256       -1895.20956
  V       285   23.50408   22.20309    0.50408    1.43498       -1895.16666
  V       286   23.21497   21.91398    0.21497    1.74224       -1895.33769
  V       287   23.32865   22.02766    0.32865    1.61819       -1895.27577
  V       288   23.53394   22.23295    0.53394    1.41067       -1895.16129
  V       289   23.52592   22.22493    0.52592    1.41754       -1895.14931
  V       290   23.54640   22.24541    0.54640    1.40059       -1895.14388
  V       291   23.37527   22.07428    0.37527    1.57463       -1895.25163
  V       292   23.51773   22.21674    0.51773    1.42826       -1895.16600
  V       293   23.30295   22.00196    0.30295    1.65562       -1895.29394
  V       294   23.46508   22.16409    0.46508    1.48215       -1895.19433
  V       295   23.55412   22.25313    0.55412    1.39004       -1895.14124
  V       296   23.38656   22.08557    0.38656    1.56436       -1895.23795
  V       297   23.40666   22.10567    0.40666    1.54094       -1895.23264
  V       298   23.45294   22.15195    0.45294    1.49520       -1895.20343
  V       299   23.43665   22.13566    0.43665    1.51327       -1895.20912
  V       300   23.52998   22.22899    0.52998    1.41571       -1895.17772
  V       301   23.21317   21.91218    0.21317    1.74620       -1895.34309
  V       302   23.47304   22.17205    0.47304    1.47103       -1895.19610
  V       303   23.34910   22.04811    0.34910    1.60127       -1895.26193
  V       304   23.48316   22.18217    0.48316    1.45816       -1895.18767
  V       305   23.48204   22.18105    0.48204    1.46673       -1895.18731
  V       306   23.43915   22.13817    0.43915    1.50663       -1895.19534
  V       307   23.37215   22.07117    0.37215    1.57424       -1895.25029
  V       308   23.39527   22.09428    0.39527    1.56003       -1895.24577
  V       309   23.32728   22.02630    0.32728    1.62260       -1895.26454
  V       310   23.35869   22.05770    0.35869    1.58636       -1895.25562
  V       311   23.59054   22.28955    0.59054    1.34886       -1895.11724
  V       312   23.41903   22.11805    0.41903    1.52853       -1895.21966
  V       313   23.55971   22.25872    0.55971    1.37981       -1895.14828
  V       314   23.55868   22.25770    0.55868    1.38532       -1895.14819
  V       315   23.48491   22.18392    0.48491    1.46009       -1895.19701
  V       316   23.63104   22.33005    0.63104    1.30917       -1895.09465
  V       317   23.39285   22.09186    0.39285    1.55964       -1895.23306
  V       318   23.39709   22.09610    0.39709    1.55179       -1895.22772
  V       319   23.39262   22.09164    0.39262    1.55500       -1895.23630
  V       320   23.42914   22.12816    0.42914    1.51692       -1895.20331
