 Atom   Index      Q          Qmt        dQ        Vmad        Local Energy
  W         1   73.92686   72.62607   -0.07314    1.66972      -32312.45515
  W         2   74.01496   72.71417    0.01496    1.58082      -32312.39686
  W         3   73.90857   72.60778   -0.09143    1.68391      -32312.46140
  W         4   73.80234   72.50155   -0.19766    1.79318      -32312.52958
  W         5   73.99610   72.69531   -0.00390    1.59667      -32312.40474
  W         6   73.83221   72.53142   -0.16779    1.75862      -32312.51032
  W         7   73.89661   72.59582   -0.10339    1.70563      -32312.48443
  W         8   73.88342   72.58263   -0.11658    1.70694      -32312.47058
  W         9   73.84105   72.54026   -0.15895    1.75150      -32312.50843
  W        10   73.78696   72.48617   -0.21304    1.81333      -32312.55285
  W        11   73.62863   72.32784   -0.37137    1.96561      -32312.64323
  W        12   73.87268   72.57189   -0.12732    1.72296      -32312.48195
  W        13   73.84260   72.54181   -0.15740    1.74809      -32312.49911
  W        14   73.91554   72.61475   -0.08446    1.67568      -32312.44761
  W        15   73.86393   72.56314   -0.13607    1.72998      -32312.49066
  W        16   73.72367   72.42288   -0.27633    1.87245      -32312.58838
  Nb       17   40.82411   39.52332   -0.17589    1.79539       -7632.62061
  Nb       18   40.93903   39.63824   -0.06097    1.68420       -7632.55239
  Nb       19   41.01236   39.71157    0.01236    1.60969       -7632.51591
  Nb       20   40.94179   39.64101   -0.05821    1.67723       -7632.54825
  Nb       21   40.74250   39.44171   -0.25750    1.88218       -7632.68037
  Nb       22   40.86127   39.56048   -0.13873    1.76299       -7632.60823
  Nb       23   40.78392   39.48313   -0.21608    1.83754       -7632.64762
  Nb       24   41.08655   39.78576    0.08655    1.53979       -7632.47266
  Nb       25   40.78777   39.48698   -0.21223    1.83832       -7632.65609
  Nb       26   40.98697   39.68618   -0.01303    1.63438       -7632.52678
  Nb       27   41.03081   39.73002    0.03081    1.59464       -7632.50627
  Nb       28   40.76485   39.46406   -0.23515    1.86172       -7632.67861
  Nb       29   41.01239   39.71160    0.01239    1.61444       -7632.51187
  Nb       30   40.80428   39.50349   -0.19572    1.81964       -7632.63843
  Nb       31   40.89189   39.59110   -0.10811    1.73668       -7632.59256
  Nb       32   40.91955   39.61876   -0.08045    1.71017       -7632.58002
  Mo       33   42.07011   40.76932    0.07011    1.64649       -8090.56335
  Mo       34   42.13723   40.83644    0.13723    1.58160       -8090.53237
  Mo       35   42.02703   40.72624    0.02703    1.68951       -8090.58184
  Mo       36   42.07728   40.77649    0.07728    1.64256       -8090.56256
  Mo       37   42.14309   40.84230    0.14309    1.57428       -8090.52749
  Mo       38   42.20404   40.90325    0.20404    1.51686       -8090.48210
  Mo       39   41.90720   40.60641   -0.09280    1.81432       -8090.65844
  Mo       40   41.96545   40.66467   -0.03455    1.75947       -8090.63012
  Mo       41   42.17673   40.87594    0.17673    1.54440       -8090.50607
  Mo       42   42.04193   40.74114    0.04193    1.67845       -8090.58339
  Mo       43   42.18231   40.88152    0.18231    1.53510       -8090.49157
  Mo       44   41.95425   40.65346   -0.04575    1.76317       -8090.62437
  Mo       45   42.06434   40.76355    0.06434    1.65096       -8090.56288
  Mo       46   42.04025   40.73946    0.04025    1.67973       -8090.57768
  Mo       47   42.12937   40.82858    0.12937    1.58413       -8090.52105
  Mo       48   41.86037   40.55958   -0.13963    1.86472       -8090.69353
  Ta       49   72.90232   71.60153   -0.09768    1.63499      -31232.83651
  Ta       50   72.65419   71.35340   -0.34581    1.87873      -31232.99780
  Ta       51   72.77427   71.47348   -0.22573    1.75339      -31232.90709
  Ta       52   72.65417   71.35338   -0.34583    1.88394      -31233.00730
  Ta       53   72.65326   71.35247   -0.34674    1.87376      -31232.98348
  Ta       54   72.62686   71.32607   -0.37314    1.90358      -31233.00263
  Ta       55   72.79758   71.49679   -0.20242    1.73330      -31232.90161
  Ta       56   72.58577   71.28498   -0.41423    1.94188      -31233.03242
  Ta       57   72.76973   71.46894   -0.23027    1.76442      -31232.92179
  Ta       58   72.78890   71.48811   -0.21110    1.74422      -31232.90591
  Ta       59   72.86673   71.56594   -0.13327    1.66860      -31232.86588
  Ta       60   72.84139   71.54060   -0.15861    1.69521      -31232.87993
  Ta       61   72.54342   71.24263   -0.45658    1.98580      -31233.05731
  Ta       62   72.71893   71.41814   -0.28107    1.81841      -31232.96579
  Ta       63   72.70830   71.40751   -0.29170    1.82599      -31232.97172
  Ta       64   72.91095   71.61016   -0.08905    1.62343      -31232.82854
  V        65   23.48841   22.18762    0.48841    1.45622       -1895.18168
  V        66   23.41253   22.11175    0.41253    1.53520       -1895.21840
  V        67   23.41402   22.11323    0.41402    1.53138       -1895.22675
  V        68   23.50257   22.20178    0.50257    1.43790       -1895.17637
  V        69   23.35155   22.05076    0.35155    1.59525       -1895.25691
  V        70   23.37209   22.07130    0.37209    1.58201       -1895.24767
  V        71   23.35133   22.05054    0.35133    1.59579       -1895.26060
  V        72   23.45194   22.15115    0.45194    1.49025       -1895.18539
  V        73   23.54431   22.24352    0.54431    1.39743       -1895.14330
  V        74   23.52311   22.22232    0.52311    1.42162       -1895.15976
  V        75   23.46838   22.16759    0.46838    1.47928       -1895.19412
  V        76   23.38717   22.08638    0.38717    1.56098       -1895.24734
  V        77   23.35501   22.05422    0.35501    1.59328       -1895.25805
  V        78   23.38963   22.08884    0.38963    1.56371       -1895.25393
  V        79   23.52737   22.22658    0.52737    1.41415       -1895.14634
  V        80   23.55671   22.25592    0.55671    1.38341       -1895.13850
