System Description            : WNbMoTa, BCC structure                          
Number of Atoms in Unit Cell  : 64                                              
Number of Atomic Species      : 4                                               
Number of Atoms in Each Type  : 16(W), 16(Nb), 16(Mo), 16(Ta)                   
Energy Offset                 : -19816                                          
=======================================================================================
    Iter     Energy      3PV     Efermi   Rms_rho    Rms_pot   Mix  Alg  Alpha 
---------------------------------------------------------------------------------------
**       1  -0.267899  2293.582  0.59347  0.140E+01  0.953E-01  pot  B   0.1000
         2  -0.634285  2265.249  0.60618  0.737E-02  0.105E+00  pot  B   0.1000
         3  -0.941702  2223.495  0.62494  0.110E-01  0.270E+00  pot  B   0.1000
         4  -1.180045  2182.106  0.64483  0.109E-01  0.649E-01  pot  B   0.1000
         5  -1.213288  2167.070  0.66050  0.454E-02  0.603E-01  pot  B   0.1000
         6  -1.233560  2157.478  0.67034  0.319E-02  0.388E-01  pot  B   0.1000
         7  -1.250044  2150.117  0.67491  0.279E-02  0.294E-01  pot  B   0.1000
         8  -1.272416  2136.439  0.68074  0.569E-02  0.204E-01  pot  B   0.1000
         9  -1.276127  2130.253  0.68413  0.279E-02  0.184E-01  pot  B   0.1000
        10  -1.276563  2129.090  0.68506  0.586E-03  0.572E-02  pot  B   0.1000
        11  -1.276803  2128.650  0.68617  0.380E-03  0.424E-02  pot  B   0.1000
        12  -1.276979  2128.435  0.68751  0.307E-03  0.385E-02  pot  B   0.1000
        13  -1.277081  2128.288  0.68890  0.285E-03  0.330E-02  pot  B   0.1000
        14  -1.277107  2128.156  0.68975  0.161E-03  0.972E-03  pot  B   0.1000
        15  -1.277113  2128.203  0.69010  0.685E-04  0.484E-03  pot  B   0.1000
        16  -1.277118  2128.302  0.69033  0.528E-04  0.348E-03  pot  B   0.1000
        17  -1.277120  2128.352  0.69048  0.309E-04  0.308E-03  pot  B   0.1000
        18  -1.277121  2128.333  0.69057  0.157E-04  0.190E-03  pot  B   0.1000
        19  -1.277121  2128.316  0.69062  0.827E-05  0.152E-03  pot  B   0.1000
        20  -1.277121  2128.298  0.69065  0.538E-05  0.115E-03  pot  B   0.1000
        21  -1.277121  2128.284  0.69067  0.368E-05  0.826E-04  pot  B   0.1000
        22  -1.277121  2128.279  0.69067  0.135E-05  0.616E-04  pot  B   0.1000
        23  -1.277121  2128.275  0.69068  0.148E-05  0.375E-04  pot  B   0.1000
        24  -1.277121  2128.273  0.69068  0.123E-05  0.235E-04  pot  B   0.1000
        25  -1.277121  2128.274  0.69068  0.651E-06  0.230E-04  pot  B   0.1000
        26  -1.277121  2128.274  0.69069  0.284E-06  0.174E-04  pot  B   0.1000
        27  -1.277120  2128.274  0.69069  0.360E-06  0.101E-04  pot  B   0.1000
        28  -1.277120  2128.274  0.69069  0.519E-06  0.690E-05  pot  B   0.1000
        29  -1.277120  2128.274  0.69070  0.290E-06  0.413E-05  pot  B   0.1000
        30  -1.277120  2128.274  0.69070  0.976E-07  0.242E-05  pot  B   0.1000
        31  -1.277121  2128.275  0.69070  0.146E-06  0.248E-05  pot  B   0.1000
        32  -1.277121  2128.275  0.69070  0.834E-07  0.254E-05  pot  B   0.1000
        33  -1.277121  2128.275  0.69070  0.639E-07  0.168E-05  pot  B   0.1000
        34  -1.277121  2128.275  0.69070  0.253E-07  0.154E-05  pot  B   0.1000
        35  -1.277121  2128.275  0.69071  0.253E-07  0.826E-06  pot  B   0.1000
        36  -1.277121  2128.275  0.69071  0.293E-07  0.474E-06  pot  B   0.1000
        37  -1.277121  2128.275  0.69071  0.205E-07  0.489E-06  pot  B   0.1000
        38  -1.277121  2128.275  0.69071  0.133E-07  0.467E-06  pot  B   0.1000
        39  -1.277121  2128.275  0.69071  0.223E-07  0.360E-06  pot  B   0.1000
        40  -1.277121  2128.275  0.69071  0.209E-07  0.161E-06  pot  B   0.1000
        41  -1.277121  2128.275  0.69071  0.633E-08  0.156E-06  pot  B   0.1000
        42  -1.277121  2128.275  0.69071  0.460E-08  0.132E-06  pot  B   0.1000
        43  -1.277121  2128.275  0.69071  0.619E-08  0.859E-07  pot  B   0.1000
        44  -1.277121  2128.275  0.69071  0.543E-08  0.633E-07  pot  B   0.1000
        45  -1.277121  2128.275  0.69071  0.219E-08  0.630E-07  pot  B   0.1000
        46  -1.277121  2128.275  0.69071  0.765E-09  0.564E-07  pot  B   0.1000
        47  -1.277121  2128.275  0.69071  0.112E-08  0.380E-07  pot  B   0.1000
        48  -1.277121  2128.275  0.69071  0.870E-09  0.233E-07  pot  B   0.1000
        49  -1.277121  2128.275  0.69071  0.416E-09  0.171E-07  pot  B   0.1000
        50  -1.277121  2128.275  0.69071  0.179E-09  0.205E-07  pot  B   0.1000
        51  -1.277121  2128.275  0.69071  0.281E-09  0.134E-07  pot  B   0.1000
        52  -1.277121  2128.275  0.69071  0.228E-09  0.816E-08  pot  B   0.1000
**      53  -1.277121  2128.275  0.69071  0.513E-12  0.816E-08  pot  B   0.1000
