 Atom   Index      Q          Qmt        dQ        Vmad        Local Energy
  W         1   73.93761   72.63376   -0.06239    1.67236      -32312.46546
  W         2   73.76052   72.45668   -0.23948    1.86189      -32312.59737
  W         3   73.89517   72.59132   -0.10483    1.73095      -32312.51297
  W         4   73.89232   72.58848   -0.10768    1.73444      -32312.51915
  W         5   73.94274   72.63890   -0.05726    1.67195      -32312.46103
  W         6   73.86399   72.56014   -0.13601    1.75025      -32312.51986
  W         7   73.79070   72.48685   -0.20930    1.83029      -32312.57427
  W         8   73.81371   72.50986   -0.18629    1.79746      -32312.55183
  Nb        9   40.93838   39.63453   -0.06162    1.71326       -7632.60646
  Nb       10   40.90548   39.60163   -0.09452    1.74161       -7632.60149
  Nb       11   40.80654   39.50269   -0.19346    1.82984       -7632.63689
  Nb       12   40.94442   39.64058   -0.05558    1.70291       -7632.58808
  Nb       13   40.93595   39.63211   -0.06405    1.71054       -7632.57875
  Nb       14   41.04821   39.74436    0.04821    1.59487       -7632.52574
  Nb       15   40.94570   39.64185   -0.05430    1.69504       -7632.57521
  Nb       16   41.00241   39.69856    0.00241    1.64151       -7632.55577
  Mo       17   41.99412   40.69027   -0.00588    1.75284       -8090.64538
  Mo       18   42.07926   40.77542    0.07926    1.66574       -8090.59428
  Mo       19   42.13912   40.83527    0.13912    1.60876       -8090.56057
  Mo       20   42.16504   40.86120    0.16504    1.56932       -8090.52952
  Mo       21   42.07694   40.77309    0.07694    1.67364       -8090.60248
  Mo       22   42.13920   40.83535    0.13920    1.59850       -8090.54703
  Mo       23   42.09572   40.79187    0.09572    1.64334       -8090.57542
  Mo       24   42.12150   40.81765    0.12150    1.62068       -8090.56129
  Ta       25   72.75626   71.45241   -0.24374    1.80181      -31232.95915
  Ta       26   72.68712   71.38328   -0.31288    1.87018      -31233.01088
  Ta       27   72.76201   71.45816   -0.23799    1.79602      -31232.95531
  Ta       28   72.92332   71.61948   -0.07668    1.63486      -31232.85868
  Ta       29   72.79094   71.48709   -0.20906    1.76830      -31232.94847
  Ta       30   72.77970   71.47585   -0.22030    1.78118      -31232.95132
  Ta       31   72.77724   71.47340   -0.22276    1.77105      -31232.93106
  Ta       32   72.72867   71.42483   -0.27133    1.81648      -31232.96052
  Ti       33   22.32598   21.02214    0.32598    1.54683       -1704.37833
  Ti       34   22.32676   21.02292    0.32676    1.56146       -1704.41764
  Ti       35   22.32841   21.02456    0.32841    1.56220       -1704.44057
  Ti       36   22.25897   20.95513    0.25897    1.58548       -1704.33698
  Ti       37   22.30345   20.99960    0.30345    1.58745       -1704.43755
  Ti       38   22.36975   21.06590    0.36975    1.52097       -1704.41374
  Ti       39   22.32153   21.01768    0.32153    1.54579       -1704.37758
  Ti       40   22.32515   21.02130    0.32515    1.52986       -1704.32343
