System Description            : WNbMoTaTi, BCC structure                        
Number of Atoms in Unit Cell  : 80                                              
Number of Atomic Species      : 5                                               
Number of Atoms in Each Type  : 16(W), 16(Nb), 16(Mo), 16(Ta), 16(Ti)           
Energy Offset                 : -16193                                          
=======================================================================================
    Iter     Energy      3PV     Efermi   Rms_rho    Rms_pot   Mix  Alg  Alpha 
---------------------------------------------------------------------------------------
**       1  -0.757194  1839.779  0.54232  0.140E+01  0.134E+00  pot  B   0.1000
         2  -1.043861  1816.530  0.57760  0.776E-02  0.347E+00  pot  B   0.1000
         3  -1.031507  1810.237  0.57921  0.230E-02  0.467E+00  pot  B   0.1000
         4  -1.293991  1785.946  0.59507  0.808E-02  0.292E+00  pot  B   0.1000
         5  -1.378731  1768.947  0.60723  0.576E-02  0.362E+00  pot  B   0.1000
         6  -1.437435  1758.499  0.61589  0.364E-02  0.320E+00  pot  B   0.1000
         7  -1.523761  1742.134  0.62765  0.571E-02  0.187E+00  pot  B   0.1000
         8  -1.560218  1732.563  0.63651  0.355E-02  0.109E+00  pot  B   0.1000
         9  -1.576104  1725.490  0.64260  0.294E-02  0.404E-01  pot  B   0.1000
        10  -1.585599  1720.849  0.64622  0.235E-02  0.448E-01  pot  B   0.1000
        11  -1.595427  1714.202  0.65193  0.360E-02  0.686E-01  pot  B   0.1000
        12  -1.601759  1709.881  0.65482  0.238E-02  0.335E-01  pot  B   0.1000
        13  -1.603265  1707.355  0.65685  0.144E-02  0.165E-01  pot  B   0.1000
        14  -1.603595  1706.605  0.65789  0.604E-03  0.701E-02  pot  B   0.1000
        15  -1.603666  1706.338  0.65853  0.193E-03  0.351E-02  pot  B   0.1000
        16  -1.603760  1705.977  0.65966  0.246E-03  0.288E-02  pot  B   0.1000
        17  -1.603891  1705.963  0.66120  0.309E-03  0.248E-02  pot  B   0.1000
        18  -1.603901  1705.927  0.66191  0.142E-03  0.255E-02  pot  B   0.1000
        19  -1.603911  1706.004  0.66222  0.639E-04  0.125E-02  pot  B   0.1000
        20  -1.603919  1706.154  0.66239  0.592E-04  0.676E-03  pot  B   0.1000
        21  -1.603920  1706.192  0.66245  0.212E-04  0.615E-03  pot  B   0.1000
        22  -1.603921  1706.202  0.66250  0.119E-04  0.558E-03  pot  B   0.1000
        23  -1.603922  1706.202  0.66259  0.211E-04  0.466E-03  pot  B   0.1000
        24  -1.603924  1706.206  0.66267  0.135E-04  0.335E-03  pot  B   0.1000
        25  -1.603924  1706.197  0.66271  0.753E-05  0.272E-03  pot  B   0.1000
        26  -1.603925  1706.188  0.66275  0.673E-05  0.141E-03  pot  B   0.1000
        27  -1.603925  1706.187  0.66277  0.482E-05  0.690E-04  pot  B   0.1000
        28  -1.603925  1706.184  0.66279  0.361E-05  0.890E-04  pot  B   0.1000
        29  -1.603925  1706.188  0.66279  0.241E-05  0.442E-04  pot  B   0.1000
        30  -1.603925  1706.193  0.66280  0.248E-05  0.305E-04  pot  B   0.1000
        31  -1.603925  1706.197  0.66280  0.239E-05  0.332E-04  pot  B   0.1000
        32  -1.603925  1706.201  0.66280  0.182E-05  0.232E-04  pot  B   0.1000
        33  -1.603925  1706.204  0.66280  0.190E-05  0.205E-04  pot  B   0.1000
        34  -1.603925  1706.205  0.66280  0.967E-06  0.337E-04  pot  B   0.1000
        35  -1.603925  1706.205  0.66279  0.120E-05  0.182E-04  pot  B   0.1000
        36  -1.603925  1706.205  0.66279  0.764E-06  0.128E-04  pot  B   0.1000
        37  -1.603925  1706.205  0.66279  0.236E-06  0.979E-05  pot  B   0.1000
        38  -1.603925  1706.205  0.66279  0.237E-06  0.562E-05  pot  B   0.1000
        39  -1.603925  1706.205  0.66279  0.292E-06  0.435E-05  pot  B   0.1000
        40  -1.603925  1706.205  0.66279  0.263E-06  0.532E-05  pot  B   0.1000
        41  -1.603925  1706.205  0.66279  0.245E-06  0.355E-05  pot  B   0.1000
        42  -1.603925  1706.205  0.66279  0.157E-06  0.241E-05  pot  B   0.1000
        43  -1.603925  1706.206  0.66279  0.142E-06  0.193E-05  pot  B   0.1000
        44  -1.603925  1706.206  0.66279  0.823E-07  0.253E-05  pot  B   0.1000
        45  -1.603925  1706.206  0.66279  0.837E-07  0.134E-05  pot  B   0.1000
        46  -1.603925  1706.206  0.66279  0.536E-07  0.108E-05  pot  B   0.1000
        47  -1.603925  1706.206  0.66279  0.413E-07  0.973E-06  pot  B   0.1000
        48  -1.603925  1706.206  0.66279  0.264E-07  0.112E-05  pot  B   0.1000
        49  -1.603925  1706.206  0.66279  0.312E-07  0.924E-06  pot  B   0.1000
        50  -1.603925  1706.206  0.66279  0.267E-07  0.547E-06  pot  B   0.1000
        51  -1.603925  1706.206  0.66279  0.281E-07  0.426E-06  pot  B   0.1000
        52  -1.603925  1706.205  0.66279  0.167E-07  0.402E-06  pot  B   0.1000
        53  -1.603925  1706.205  0.66279  0.123E-07  0.177E-06  pot  B   0.1000
        54  -1.603925  1706.205  0.66279  0.122E-07  0.126E-06  pot  B   0.1000
        55  -1.603925  1706.205  0.66279  0.844E-08  0.118E-06  pot  B   0.1000
        56  -1.603925  1706.205  0.66279  0.603E-08  0.184E-06  pot  B   0.1000
        57  -1.603925  1706.205  0.66279  0.353E-08  0.829E-07  pot  B   0.1000
        58  -1.603925  1706.205  0.66279  0.360E-08  0.606E-07  pot  B   0.1000
        59  -1.603925  1706.205  0.66279  0.423E-08  0.843E-07  pot  B   0.1000
        60  -1.603925  1706.205  0.66279  0.267E-08  0.619E-07  pot  B   0.1000
        61  -1.603925  1706.205  0.66279  0.372E-08  0.610E-07  pot  B   0.1000
        62  -1.603925  1706.205  0.66279  0.214E-08  0.462E-07  pot  B   0.1000
        63  -1.603925  1706.205  0.66279  0.187E-08  0.327E-07  pot  B   0.1000
        64  -1.603925  1706.205  0.66279  0.194E-08  0.315E-07  pot  B   0.1000
        65  -1.603925  1706.205  0.66279  0.132E-08  0.178E-07  pot  B   0.1000
        66  -1.603925  1706.205  0.66279  0.113E-08  0.153E-07  pot  B   0.1000
        67  -1.603925  1706.205  0.66279  0.451E-09  0.166E-07  pot  B   0.1000
        68  -1.603925  1706.205  0.66279  0.376E-09  0.202E-07  pot  B   0.1000
        69  -1.603925  1706.205  0.66279  0.392E-09  0.786E-08  pot  B   0.1000
**      70  -1.603925  1706.205  0.66279  0.460E-12  0.786E-08  pot  B   0.1000
