 Atom   Index      Q          Qmt        dQ        Vmad        Local Energy
  W         1   73.87907   72.57799   -0.12093    1.72205      -32312.48384
  W         2   73.75552   72.45444   -0.24448    1.84423      -32312.57013
  W         3   73.76910   72.46803   -0.23090    1.81919      -32312.54299
  W         4   73.84484   72.54376   -0.15516    1.74999      -32312.50087
  W         5   73.62232   72.32124   -0.37768    1.98390      -32312.66060
  W         6   73.86718   72.56610   -0.13282    1.73155      -32312.49295
  W         7   73.77563   72.47456   -0.22437    1.81753      -32312.53987
  W         8   73.81516   72.51408   -0.18484    1.78305      -32312.52568
  W         9   73.75094   72.44986   -0.24906    1.84513      -32312.56294
  W        10   73.92871   72.62763   -0.07129    1.66461      -32312.44417
  W        11   73.97382   72.67274   -0.02618    1.61670      -32312.41290
  W        12   73.87080   72.56972   -0.12920    1.71354      -32312.47286
  W        13   73.76887   72.46780   -0.23113    1.82642      -32312.54977
  W        14   73.73518   72.43410   -0.26482    1.86521      -32312.58503
  W        15   73.97409   72.67301   -0.02591    1.62658      -32312.42421
  W        16   73.73661   72.43554   -0.26339    1.86462      -32312.57547
  W        17   73.92501   72.62393   -0.07499    1.66089      -32312.43797
  W        18   73.81966   72.51858   -0.18034    1.78295      -32312.53938
  W        19   73.90202   72.60095   -0.09798    1.69380      -32312.47755
  W        20   73.81404   72.51296   -0.18596    1.77428      -32312.52326
  W        21   73.72936   72.42829   -0.27064    1.86845      -32312.58931
  W        22   73.71519   72.41412   -0.28481    1.87206      -32312.57510
  W        23   73.83419   72.53311   -0.16581    1.76489      -32312.51853
  W        24   73.85618   72.55510   -0.14382    1.74264      -32312.50100
  W        25   73.82842   72.52734   -0.17158    1.76091      -32312.50798
  W        26   73.84878   72.54770   -0.15122    1.73396      -32312.47866
  W        27   73.74931   72.44823   -0.25069    1.84245      -32312.54952
  W        28   73.85981   72.55874   -0.14019    1.73252      -32312.49280
  W        29   73.78899   72.48791   -0.21101    1.80369      -32312.53937
  W        30   73.98547   72.68439   -0.01453    1.60292      -32312.40364
  W        31   73.59524   72.29416   -0.40476    1.99946      -32312.66116
  W        32   73.62816   72.32709   -0.37184    1.96734      -32312.64026
  Nb       33   41.02594   39.72486    0.02594    1.59928       -7632.50292
  Nb       34   41.03287   39.73180    0.03287    1.59032       -7632.50379
  Nb       35   41.00649   39.70541    0.00649    1.61405       -7632.51279
  Nb       36   40.90841   39.60733   -0.09159    1.71031       -7632.57738
  Nb       37   41.03931   39.73823    0.03931    1.59389       -7632.50312
  Nb       38   40.96210   39.66103   -0.03790    1.65434       -7632.53243
  Nb       39   40.93731   39.63623   -0.06269    1.68854       -7632.56334
  Nb       40   40.95667   39.65559   -0.04333    1.67144       -7632.55931
  Nb       41   40.80310   39.50202   -0.19690    1.82769       -7632.64627
  Nb       42   41.05069   39.74961    0.05069    1.58083       -7632.49497
  Nb       43   40.86706   39.56599   -0.13294    1.75990       -7632.61451
  Nb       44   40.96526   39.66419   -0.03474    1.66167       -7632.54125
  Nb       45   40.84047   39.53940   -0.15953    1.78464       -7632.61462
  Nb       46   40.84787   39.54679   -0.15213    1.77260       -7632.61155
  Nb       47   40.90151   39.60043   -0.09849    1.72425       -7632.57949
  Nb       48   40.85216   39.55108   -0.14784    1.77575       -7632.61257
  Nb       49   40.87062   39.56954   -0.12938    1.75747       -7632.60295
  Nb       50   40.96426   39.66319   -0.03574    1.66726       -7632.55393
  Nb       51   40.82349   39.52241   -0.17651    1.80421       -7632.63793
  Nb       52   40.99056   39.68948   -0.00944    1.63677       -7632.53931
  Nb       53   40.89864   39.59757   -0.10136    1.72629       -7632.59317
  Nb       54   40.84652   39.54544   -0.15348    1.78167       -7632.61539
  Nb       55   40.97379   39.67271   -0.02621    1.65241       -7632.54324
  Nb       56   40.97251   39.67143   -0.02749    1.64801       -7632.54529
  Nb       57   40.98835   39.68727   -0.01165    1.64484       -7632.53332
  Nb       58   40.95122   39.65014   -0.04878    1.67423       -7632.55110
  Nb       59   40.96886   39.66779   -0.03114    1.65156       -7632.53786
  Nb       60   41.01529   39.71422    0.01529    1.61193       -7632.51720
  Nb       61   40.73721   39.43614   -0.26279    1.88915       -7632.67848
  Nb       62   40.94609   39.64501   -0.05391    1.67295       -7632.54312
  Nb       63   40.95479   39.65371   -0.04521    1.67737       -7632.56265
  Nb       64   40.87420   39.57312   -0.12580    1.75617       -7632.60596
  Mo       65   41.97765   40.67657   -0.02235    1.74109       -8090.62119
  Mo       66   42.04204   40.74097    0.04204    1.67505       -8090.58186
  Mo       67   42.00490   40.70382    0.00490    1.71362       -8090.60257
  Mo       68   41.95959   40.65851   -0.04041    1.76946       -8090.63669
  Mo       69   42.05761   40.75653    0.05761    1.65323       -8090.55088
  Mo       70   42.02480   40.72372    0.02480    1.69216       -8090.59028
  Mo       71   42.03997   40.73889    0.03997    1.67976       -8090.58077
  Mo       72   42.01576   40.71468    0.01576    1.70065       -8090.58986
  Mo       73   42.07599   40.77491    0.07599    1.64043       -8090.55510
  Mo       74   42.22559   40.92451    0.22559    1.49152       -8090.46624
  Mo       75   42.03782   40.73674    0.03782    1.67448       -8090.56860
  Mo       76   42.09093   40.78985    0.09093    1.62893       -8090.56115
  Mo       77   42.05696   40.75589    0.05696    1.66439       -8090.57390
  Mo       78   42.19511   40.89403    0.19511    1.52831       -8090.49574
  Mo       79   42.16748   40.86640    0.16748    1.54891       -8090.50277
  Mo       80   42.11897   40.81790    0.11897    1.60246       -8090.53810
  Mo       81   42.06439   40.76331    0.06439    1.65265       -8090.55833
  Mo       82   42.10093   40.79985    0.10093    1.60888       -8090.53280
  Mo       83   42.06312   40.76204    0.06312    1.65897       -8090.57165
  Mo       84   42.14957   40.84849    0.14957    1.56999       -8090.51839
  Mo       85   42.06261   40.76154    0.06261    1.64685       -8090.55132
  Mo       86   42.22895   40.92788    0.22895    1.48394       -8090.46196
  Mo       87   42.11177   40.81069    0.11177    1.60640       -8090.54096
  Mo       88   42.01362   40.71254    0.01362    1.70917       -8090.60352
  Mo       89   42.12678   40.82570    0.12678    1.58781       -8090.52192
  Mo       90   41.96034   40.65926   -0.03966    1.76134       -8090.63299
  Mo       91   42.18319   40.88212    0.18319    1.53822       -8090.50241
  Mo       92   41.90360   40.60252   -0.09640    1.81824       -8090.66198
  Mo       93   42.05169   40.75061    0.05169    1.66995       -8090.57891
  Mo       94   41.99631   40.69524   -0.00369    1.71651       -8090.60277
  Mo       95   42.17635   40.87527    0.17635    1.54470       -8090.50481
  Mo       96   41.95584   40.65476   -0.04416    1.76755       -8090.63500
  Ta       97   72.61761   71.31654   -0.38239    1.91547      -31233.01647
  Ta       98   72.57590   71.27482   -0.42410    1.95334      -31233.04293
  Ta       99   72.90203   71.60095   -0.09797    1.63313      -31232.82626
  Ta      100   72.85488   71.55380   -0.14512    1.67792      -31232.86184
  Ta      101   72.79027   71.48919   -0.20973    1.74244      -31232.90512
  Ta      102   72.75710   71.45603   -0.24290    1.77786      -31232.92901
  Ta      103   72.93696   71.63588   -0.06304    1.60190      -31232.80788
  Ta      104   72.78518   71.48410   -0.21482    1.74404      -31232.89495
  Ta      105   72.53306   71.23198   -0.46694    2.00048      -31233.07423
  Ta      106   72.59381   71.29274   -0.40619    1.94072      -31233.02630
  Ta      107   72.84455   71.54347   -0.15545    1.69171      -31232.87630
  Ta      108   72.85704   71.55596   -0.14296    1.67560      -31232.86313
  Ta      109   72.71062   71.40955   -0.28938    1.82354      -31232.95620
  Ta      110   72.68862   71.38754   -0.31138    1.84245      -31232.97071
  Ta      111   72.83513   71.53406   -0.16487    1.70285      -31232.88126
  Ta      112   72.71568   71.41460   -0.28432    1.82258      -31232.96160
  Ta      113   72.77861   71.47753   -0.22139    1.75243      -31232.91047
  Ta      114   72.74907   71.44799   -0.25093    1.79039      -31232.94644
  Ta      115   72.75635   71.45528   -0.24365    1.77477      -31232.93049
  Ta      116   72.62402   71.32294   -0.37598    1.90767      -31233.02343
  Ta      117   72.69291   71.39183   -0.30709    1.84365      -31232.97931
  Ta      118   72.78309   71.48202   -0.21691    1.74593      -31232.90123
  Ta      119   72.73692   71.43584   -0.26308    1.79733      -31232.93551
  Ta      120   72.82454   71.52346   -0.17546    1.70714      -31232.88667
  Ta      121   72.83235   71.53127   -0.16765    1.69997      -31232.86659
  Ta      122   72.59008   71.28901   -0.40992    1.93900      -31233.03207
  Ta      123   72.84422   71.54314   -0.15578    1.69444      -31232.87715
  Ta      124   72.76905   71.46797   -0.23095    1.76048      -31232.90650
  Ta      125   72.73015   71.42907   -0.26985    1.79799      -31232.93279
  Ta      126   72.77179   71.47071   -0.22821    1.75661      -31232.91134
  Ta      127   72.71014   71.40906   -0.28986    1.81993      -31232.95677
  Ta      128   72.60196   71.30088   -0.39804    1.93098      -31233.02286
  V       129   23.56121   22.26013    0.56121    1.38047       -1895.13247
  V       130   23.36891   22.06784    0.36891    1.58359       -1895.24748
  V       131   23.47383   22.17275    0.47383    1.47368       -1895.18651
  V       132   23.51263   22.21155    0.51263    1.43213       -1895.17295
  V       133   23.52379   22.22272    0.52379    1.42031       -1895.16018
  V       134   23.36102   22.05995    0.36102    1.58897       -1895.25504
  V       135   23.32221   22.02113    0.32221    1.62459       -1895.26426
  V       136   23.38704   22.08596    0.38704    1.56684       -1895.25848
  V       137   23.53821   22.23714    0.53821    1.40350       -1895.15846
  V       138   23.40730   22.10623    0.40730    1.53790       -1895.23827
  V       139   23.27538   21.97430    0.27538    1.68548       -1895.31911
  V       140   23.49845   22.19737    0.49845    1.44636       -1895.17219
  V       141   23.56151   22.26044    0.56151    1.38101       -1895.15219
  V       142   23.55868   22.25761    0.55868    1.38533       -1895.14736
  V       143   23.36649   22.06541    0.36649    1.58826       -1895.25655
  V       144   23.47347   22.17240    0.47347    1.46791       -1895.19035
  V       145   23.45684   22.15577    0.45684    1.49002       -1895.21481
  V       146   23.57005   22.26898    0.57005    1.37363       -1895.12044
  V       147   23.45019   22.14911    0.45019    1.49596       -1895.19425
  V       148   23.47353   22.17245    0.47353    1.46910       -1895.16414
  V       149   23.38319   22.08212    0.38319    1.56327       -1895.24599
  V       150   23.52925   22.22817    0.52925    1.41353       -1895.16091
  V       151   23.28838   21.98731    0.28838    1.66439       -1895.30014
  V       152   23.46578   22.16471    0.46578    1.47022       -1895.19244
  V       153   23.36198   22.06090    0.36198    1.58833       -1895.24763
  V       154   23.48619   22.18511    0.48619    1.45585       -1895.18199
  V       155   23.34388   22.04281    0.34388    1.60602       -1895.25482
  V       156   23.49362   22.19254    0.49362    1.45149       -1895.18866
  V       157   23.56353   22.26245    0.56353    1.37978       -1895.14501
  V       158   23.29781   21.99673    0.29781    1.65768       -1895.30013
  V       159   23.37020   22.06913    0.37020    1.57609       -1895.23726
  V       160   23.52024   22.21917    0.52024    1.42294       -1895.15885
