 Atom   Index      Q          Qmt        dQ        Vmad        Local Energy
  W         1   73.78986   72.48486   -0.21014    1.84465      -32312.60027
  W         2   73.94451   72.63950   -0.05549    1.67874      -32312.48074
  W         3   73.93892   72.63391   -0.06108    1.68186      -32312.48136
  W         4   73.91343   72.60843   -0.08657    1.69916      -32312.48644
  W         5   73.90029   72.59529   -0.09971    1.71905      -32312.50928
  W         6   73.76203   72.45702   -0.23797    1.85671      -32312.58973
  W         7   73.79488   72.48988   -0.20512    1.82283      -32312.56331
  W         8   73.83671   72.53171   -0.16329    1.77496      -32312.52684
  Nb        9   40.93958   39.63458   -0.06042    1.71712       -7632.60099
  Nb       10   40.84123   39.53623   -0.15877    1.79711       -7632.64314
  Nb       11   40.95184   39.64683   -0.04816    1.70413       -7632.59458
  Nb       12   40.81764   39.51263   -0.18236    1.82779       -7632.65486
  Nb       13   41.00098   39.69597    0.00098    1.64978       -7632.55620
  Nb       14   40.96282   39.65781   -0.03718    1.69040       -7632.58714
  Nb       15   40.95694   39.65193   -0.04306    1.69651       -7632.58792
  Nb       16   40.99160   39.68659   -0.00840    1.65920       -7632.56704
  Mo       17   42.15954   40.85453    0.15954    1.57914       -8090.53735
  Mo       18   42.01457   40.70956    0.01457    1.72401       -8090.61703
  Mo       19   42.07932   40.77432    0.07932    1.66237       -8090.58515
  Mo       20   42.13316   40.82816    0.13316    1.61171       -8090.55833
  Mo       21   42.09117   40.78616    0.09117    1.65382       -8090.58150
  Mo       22   42.02458   40.71957    0.02458    1.72036       -8090.61963
  Mo       23   42.16090   40.85590    0.16090    1.56913       -8090.52386
  Mo       24   42.16211   40.85711    0.16211    1.58490       -8090.55291
  Ta       25   72.92320   71.61820   -0.07680    1.64036      -31232.85062
  Ta       26   72.82925   71.52425   -0.17075    1.73161      -31232.91340
  Ta       27   72.68561   71.38060   -0.31439    1.88091      -31233.01027
  Ta       28   72.82601   71.52100   -0.17399    1.73468      -31232.91768
  Ta       29   72.81208   71.50708   -0.18792    1.75311      -31232.93265
  Ta       30   72.74558   71.44057   -0.25442    1.81799      -31232.97544
  Ta       31   72.83137   71.52637   -0.16863    1.72317      -31232.90798
  Ta       32   72.67314   71.36813   -0.32686    1.87165      -31233.00364
  Ti       33   22.29814   20.99314    0.29814    1.58013       -1704.40030
  Ti       34   22.27881   20.97381    0.27881    1.57517       -1704.34026
  Ti       35   22.29632   20.99131    0.29632    1.56534       -1704.34285
  Ti       36   22.35314   21.04814    0.35314    1.52094       -1704.35643
  Ti       37   22.32877   21.02377    0.32877    1.54211       -1704.38514
  Ti       38   22.29824   20.99323    0.29824    1.58639       -1704.40966
  Ti       39   22.30257   20.99757    0.30257    1.57291       -1704.41514
  Ti       40   22.34916   21.04416    0.34916    1.52996       -1704.40234
