 Atom   Index      Q          Qmt        dQ        Vmad        Local Energy
  W         1   73.93134   72.54429   -0.06866    1.83483      -32312.63864
  W         2   74.00760   72.62054    0.00760    1.76191      -32312.59093
  W         3   73.92444   72.53739   -0.07556    1.83860      -32312.64156
  W         4   73.94599   72.55894   -0.05401    1.82338      -32312.63192
  W         5   73.88425   72.49719   -0.11575    1.87779      -32312.65791
  W         6   73.93520   72.54815   -0.06480    1.82746      -32312.62758
  W         7   73.87813   72.49108   -0.12187    1.88413      -32312.66832
  W         8   74.00061   72.61356    0.00061    1.77351      -32312.61322
  W         9   73.99634   72.60929   -0.00366    1.77474      -32312.60126
  W        10   73.86360   72.47655   -0.13640    1.89798      -32312.67086
  W        11   73.92558   72.53853   -0.07442    1.84175      -32312.64575
  W        12   73.84590   72.45885   -0.15410    1.91306      -32312.67343
  W        13   73.93278   72.54573   -0.06722    1.83684      -32312.63894
  W        14   73.89861   72.51155   -0.10139    1.86518      -32312.65014
  W        15   73.91283   72.52578   -0.08717    1.86121      -32312.65821
  W        16   73.92122   72.53417   -0.07878    1.84388      -32312.65187
  Nb       17   41.06101   39.67396    0.06101    1.74818       -7632.69645
  Nb       18   41.09488   39.70782    0.09488    1.71955       -7632.68395
  Nb       19   41.00655   39.61949    0.00655    1.79472       -7632.72486
  Nb       20   40.99751   39.61045   -0.00249    1.80736       -7632.73448
  Nb       21   41.06104   39.67399    0.06104    1.74501       -7632.69719
  Nb       22   40.94606   39.55900   -0.05394    1.85614       -7632.75606
  Nb       23   40.92185   39.53480   -0.07815    1.87345       -7632.76460
  Nb       24   40.99836   39.61131   -0.00164    1.80798       -7632.72854
  Nb       25   40.95806   39.57100   -0.04194    1.84067       -7632.75144
  Nb       26   40.93982   39.55277   -0.06018    1.86056       -7632.76027
  Nb       27   40.99029   39.60323   -0.00971    1.81062       -7632.73740
  Nb       28   41.05691   39.66986    0.05691    1.74887       -7632.69195
  Nb       29   40.97152   39.58446   -0.02848    1.83232       -7632.73901
  Nb       30   40.93053   39.54348   -0.06947    1.86863       -7632.76731
  Nb       31   41.03260   39.64555    0.03260    1.76960       -7632.70779
  Nb       32   41.09996   39.71291    0.09996    1.70697       -7632.66395
  Mo       33   42.25455   40.86750    0.25455    1.64306       -8090.65362
  Mo       34   42.27207   40.88502    0.27207    1.63099       -8090.64499
  Mo       35   42.21761   40.83056    0.21761    1.67559       -8090.66252
  Mo       36   42.15409   40.76703    0.15409    1.73308       -8090.69946
  Mo       37   42.13607   40.74902    0.13607    1.75088       -8090.71210
  Mo       38   42.19934   40.81229    0.19934    1.69814       -8090.68826
  Mo       39   42.13321   40.74616    0.13321    1.75807       -8090.70663
  Mo       40   42.18277   40.79572    0.18277    1.70921       -8090.68908
  Mo       41   42.20463   40.81758    0.20463    1.68919       -8090.68170
  Mo       42   42.18196   40.79491    0.18196    1.71068       -8090.68274
  Mo       43   42.19459   40.80754    0.19459    1.70141       -8090.69097
  Mo       44   42.20357   40.81651    0.20357    1.69241       -8090.67917
  Mo       45   42.24693   40.85988    0.24693    1.65097       -8090.66005
  Mo       46   42.19070   40.80365    0.19070    1.70202       -8090.68107
  Mo       47   42.16783   40.78078    0.16783    1.72402       -8090.69696
  Mo       48   42.18548   40.79843    0.18548    1.70681       -8090.68798
  Ta       49   72.91212   71.52506   -0.08788    1.80932      -31233.03979
  Ta       50   72.87100   71.48395   -0.12900    1.84727      -31233.06528
  Ta       51   72.88156   71.49451   -0.11844    1.83952      -31233.05687
  Ta       52   72.75563   71.36858   -0.24437    1.94746      -31233.12638
  Ta       53   72.92913   71.54208   -0.07087    1.78343      -31233.01919
  Ta       54   72.85273   71.46568   -0.14727    1.86352      -31233.07327
  Ta       55   72.83072   71.44367   -0.16928    1.88110      -31233.09048
  Ta       56   72.89375   71.50670   -0.10625    1.82214      -31233.03642
  Ta       57   72.86132   71.47427   -0.13868    1.85326      -31233.06639
  Ta       58   72.78119   71.39414   -0.21881    1.92137      -31233.11054
  Ta       59   72.85008   71.46302   -0.14992    1.86314      -31233.07057
  Ta       60   72.91754   71.53048   -0.08246    1.80381      -31233.03599
  Ta       61   72.98208   71.59503   -0.01792    1.74610      -31233.00282
  Ta       62   72.92325   71.53620   -0.07675    1.79714      -31233.04013
  Ta       63   72.92293   71.53588   -0.07707    1.79838      -31233.03689
  Ta       64   72.83817   71.45112   -0.16183    1.87801      -31233.08867
