System Description            : WNbMoTaTi, BCC structure                        
Number of Atoms in Unit Cell  : 320                                             
Number of Atomic Species      : 5                                               
Number of Atoms in Each Type  : 64(W), 64(Nb), 64(Mo), 64(Ta), 64(Ti)           
Energy Offset                 : -16193                                          
=======================================================================================
    Iter     Energy      3PV     Efermi   Rms_rho    Rms_pot   Mix  Alg  Alpha 
---------------------------------------------------------------------------------------
**       1  -0.752598  1839.820  0.54238  0.140E+01  0.218E+00  pot  B   0.1000
         2  -0.406640  1817.137  0.57581  0.794E-02  0.160E+01  pot  B   0.1000
         3  -1.073312  1815.470  0.57716  0.211E-02  0.350E+00  pot  B   0.1000
         4  -1.050055  1801.267  0.58742  0.496E-02  0.861E+00  pot  B   0.1000
         5  -1.062644  1787.546  0.59758  0.468E-02  0.104E+01  pot  B   0.1000
         6  -1.372768  1775.883  0.60560  0.406E-02  0.391E+00  pot  B   0.1000
         7  -1.467905  1761.746  0.61546  0.497E-02  0.311E+00  pot  B   0.1000
         8  -1.524555  1743.956  0.62740  0.609E-02  0.212E+00  pot  B   0.1000
         9  -1.557959  1733.486  0.63600  0.378E-02  0.132E+00  pot  B   0.1000
        10  -1.570117  1728.223  0.64055  0.221E-02  0.685E-01  pot  B   0.1000
        11  -1.579755  1723.683  0.64396  0.218E-02  0.108E+00  pot  B   0.1000
        12  -1.587973  1719.822  0.64692  0.200E-02  0.987E-01  pot  B   0.1000
        13  -1.597590  1714.083  0.65100  0.307E-02  0.102E+00  pot  B   0.1000
        14  -1.597989  1714.660  0.65051  0.796E-03  0.113E+00  pot  B   0.1000
        15  -1.603673  1707.370  0.65579  0.326E-02  0.354E-01  pot  B   0.1000
        16  -1.603991  1706.659  0.65687  0.612E-03  0.303E-01  pot  B   0.1000
        17  -1.603407  1706.549  0.65737  0.279E-03  0.642E-01  pot  B   0.1000
        18  -1.604297  1706.509  0.65742  0.145E-03  0.121E-01  pot  B   0.1000
        19  -1.604332  1706.202  0.65794  0.151E-03  0.143E-01  pot  B   0.1000
        20  -1.604425  1706.292  0.65831  0.116E-03  0.825E-02  pot  B   0.1000
        21  -1.604501  1706.425  0.65890  0.133E-03  0.783E-02  pot  B   0.1000
        22  -1.604560  1706.381  0.65965  0.192E-03  0.782E-02  pot  B   0.1000
        23  -1.604605  1706.394  0.66039  0.154E-03  0.655E-02  pot  B   0.1000
        24  -1.604618  1706.411  0.66079  0.646E-04  0.671E-02  pot  B   0.1000
        25  -1.604640  1706.396  0.66117  0.746E-04  0.376E-02  pot  B   0.1000
        26  -1.604652  1706.443  0.66141  0.446E-04  0.427E-02  pot  B   0.1000
        27  -1.604650  1706.371  0.66151  0.353E-04  0.535E-02  pot  B   0.1000
        28  -1.604659  1706.378  0.66167  0.241E-04  0.260E-02  pot  B   0.1000
        29  -1.604662  1706.363  0.66178  0.196E-04  0.302E-02  pot  B   0.1000
        30  -1.604662  1706.357  0.66180  0.945E-05  0.299E-02  pot  B   0.1000
        31  -1.604666  1706.339  0.66193  0.221E-04  0.246E-02  pot  B   0.1000
        32  -1.604667  1706.331  0.66198  0.151E-04  0.138E-02  pot  B   0.1000
        33  -1.604669  1706.311  0.66204  0.105E-04  0.880E-03  pot  B   0.1000
        34  -1.604670  1706.302  0.66209  0.841E-05  0.720E-03  pot  B   0.1000
        35  -1.604670  1706.289  0.66213  0.870E-05  0.117E-02  pot  B   0.1000
        36  -1.604671  1706.275  0.66218  0.828E-05  0.779E-03  pot  B   0.1000
        37  -1.604671  1706.269  0.66220  0.453E-05  0.501E-03  pot  B   0.1000
        38  -1.604672  1706.252  0.66225  0.926E-05  0.623E-03  pot  B   0.1000
        39  -1.604672  1706.238  0.66227  0.736E-05  0.845E-03  pot  B   0.1000
        40  -1.604672  1706.233  0.66229  0.332E-05  0.526E-03  pot  B   0.1000
        41  -1.604672  1706.226  0.66231  0.428E-05  0.417E-03  pot  B   0.1000
        42  -1.604672  1706.225  0.66231  0.206E-05  0.539E-03  pot  B   0.1000
        43  -1.604672  1706.217  0.66232  0.360E-05  0.227E-03  pot  B   0.1000
        44  -1.604672  1706.216  0.66232  0.224E-05  0.280E-03  pot  B   0.1000
        45  -1.604672  1706.211  0.66233  0.228E-05  0.232E-03  pot  B   0.1000
        46  -1.604672  1706.209  0.66233  0.122E-05  0.161E-03  pot  B   0.1000
        47  -1.604672  1706.207  0.66233  0.103E-05  0.216E-03  pot  B   0.1000
        48  -1.604672  1706.205  0.66233  0.100E-05  0.134E-03  pot  B   0.1000
        49  -1.604672  1706.204  0.66233  0.815E-06  0.106E-03  pot  B   0.1000
        50  -1.604672  1706.202  0.66233  0.803E-06  0.810E-04  pot  B   0.1000
        51  -1.604672  1706.201  0.66233  0.839E-06  0.116E-03  pot  B   0.1000
        52  -1.604672  1706.201  0.66233  0.372E-06  0.709E-04  pot  B   0.1000
        53  -1.604672  1706.200  0.66232  0.561E-06  0.564E-04  pot  B   0.1000
        54  -1.604672  1706.200  0.66232  0.458E-06  0.114E-03  pot  B   0.1000
        55  -1.604672  1706.199  0.66232  0.764E-06  0.484E-04  pot  B   0.1000
        56  -1.604672  1706.199  0.66232  0.699E-06  0.594E-04  pot  B   0.1000
        57  -1.604672  1706.198  0.66232  0.503E-06  0.638E-04  pot  B   0.1000
        58  -1.604672  1706.198  0.66232  0.637E-06  0.422E-04  pot  B   0.1000
        59  -1.604672  1706.198  0.66231  0.323E-06  0.531E-04  pot  B   0.1000
        60  -1.604672  1706.198  0.66231  0.480E-06  0.318E-04  pot  B   0.1000
        61  -1.604672  1706.198  0.66231  0.244E-06  0.383E-04  pot  B   0.1000
        62  -1.604672  1706.199  0.66231  0.271E-06  0.244E-04  pot  B   0.1000
        63  -1.604672  1706.199  0.66231  0.502E-06  0.362E-04  pot  B   0.1000
        64  -1.604672  1706.199  0.66231  0.144E-06  0.217E-04  pot  B   0.1000
        65  -1.604672  1706.200  0.66231  0.273E-06  0.173E-04  pot  B   0.1000
        66  -1.604672  1706.200  0.66231  0.203E-06  0.349E-04  pot  B   0.1000
        67  -1.604672  1706.200  0.66231  0.186E-06  0.997E-05  pot  B   0.1000
        68  -1.604672  1706.201  0.66231  0.266E-06  0.147E-04  pot  B   0.1000
        69  -1.604672  1706.201  0.66231  0.136E-06  0.138E-04  pot  B   0.1000
        70  -1.604672  1706.201  0.66231  0.180E-06  0.954E-05  pot  B   0.1000
        71  -1.604672  1706.201  0.66231  0.111E-06  0.158E-04  pot  B   0.1000
        72  -1.604672  1706.202  0.66231  0.145E-06  0.111E-04  pot  B   0.1000
        73  -1.604672  1706.202  0.66231  0.100E-06  0.136E-04  pot  B   0.1000
        74  -1.604672  1706.202  0.66230  0.101E-06  0.904E-05  pot  B   0.1000
        75  -1.604672  1706.202  0.66230  0.139E-06  0.996E-05  pot  B   0.1000
        76  -1.604672  1706.202  0.66230  0.436E-07  0.692E-05  pot  B   0.1000
        77  -1.604672  1706.203  0.66230  0.611E-07  0.552E-05  pot  B   0.1000
        78  -1.604672  1706.203  0.66230  0.644E-07  0.815E-05  pot  B   0.1000
        79  -1.604672  1706.203  0.66230  0.349E-07  0.316E-05  pot  B   0.1000
        80  -1.604672  1706.203  0.66230  0.611E-07  0.374E-05  pot  B   0.1000
        81  -1.604672  1706.203  0.66230  0.334E-07  0.322E-05  pot  B   0.1000
        82  -1.604672  1706.203  0.66230  0.413E-07  0.393E-05  pot  B   0.1000
        83  -1.604672  1706.203  0.66230  0.402E-07  0.474E-05  pot  B   0.1000
        84  -1.604672  1706.203  0.66230  0.237E-07  0.328E-05  pot  B   0.1000
        85  -1.604672  1706.203  0.66230  0.222E-07  0.278E-05  pot  B   0.1000
        86  -1.604672  1706.203  0.66230  0.211E-07  0.254E-05  pot  B   0.1000
        87  -1.604672  1706.203  0.66230  0.304E-07  0.237E-05  pot  B   0.1000
        88  -1.604672  1706.203  0.66230  0.116E-07  0.231E-05  pot  B   0.1000
        89  -1.604672  1706.203  0.66230  0.188E-07  0.180E-05  pot  B   0.1000
        90  -1.604672  1706.203  0.66230  0.361E-07  0.220E-05  pot  B   0.1000
        91  -1.604672  1706.203  0.66230  0.102E-07  0.116E-05  pot  B   0.1000
        92  -1.604672  1706.203  0.66230  0.334E-07  0.121E-05  pot  B   0.1000
        93  -1.604672  1706.203  0.66230  0.200E-07  0.125E-05  pot  B   0.1000
        94  -1.604672  1706.203  0.66230  0.226E-07  0.117E-05  pot  B   0.1000
        95  -1.604672  1706.203  0.66230  0.241E-07  0.139E-05  pot  B   0.1000
        96  -1.604672  1706.203  0.66230  0.760E-08  0.133E-05  pot  B   0.1000
        97  -1.604672  1706.203  0.66230  0.183E-07  0.104E-05  pot  B   0.1000
        98  -1.604672  1706.203  0.66230  0.125E-07  0.135E-05  pot  B   0.1000
        99  -1.604672  1706.203  0.66230  0.173E-07  0.957E-06  pot  B   0.1000
       100  -1.604672  1706.203  0.66230  0.438E-08  0.108E-05  pot  B   0.1000
       101  -1.604672  1706.203  0.66230  0.112E-07  0.917E-06  pot  B   0.1000
       102  -1.604672  1706.203  0.66230  0.146E-07  0.792E-06  pot  B   0.1000
       103  -1.604672  1706.203  0.66230  0.433E-08  0.472E-06  pot  B   0.1000
       104  -1.604672  1706.203  0.66230  0.111E-07  0.471E-06  pot  B   0.1000
       105  -1.604672  1706.203  0.66230  0.388E-08  0.417E-06  pot  B   0.1000
       106  -1.604672  1706.203  0.66230  0.570E-08  0.353E-06  pot  B   0.1000
       107  -1.604672  1706.203  0.66230  0.476E-08  0.341E-06  pot  B   0.1000
       108  -1.604672  1706.203  0.66230  0.273E-08  0.551E-06  pot  B   0.1000
       109  -1.604672  1706.203  0.66230  0.383E-08  0.320E-06  pot  B   0.1000
       110  -1.604672  1706.203  0.66230  0.221E-08  0.404E-06  pot  B   0.1000
       111  -1.604672  1706.203  0.66230  0.244E-08  0.284E-06  pot  B   0.1000
       112  -1.604672  1706.203  0.66230  0.140E-08  0.362E-06  pot  B   0.1000
       113  -1.604672  1706.203  0.66230  0.196E-08  0.270E-06  pot  B   0.1000
       114  -1.604672  1706.203  0.66230  0.247E-08  0.230E-06  pot  B   0.1000
       115  -1.604672  1706.203  0.66230  0.135E-08  0.190E-06  pot  B   0.1000
       116  -1.604672  1706.203  0.66230  0.284E-08  0.170E-06  pot  B   0.1000
       117  -1.604672  1706.203  0.66230  0.146E-08  0.180E-06  pot  B   0.1000
       118  -1.604672  1706.203  0.66230  0.220E-08  0.119E-06  pot  B   0.1000
       119  -1.604672  1706.203  0.66230  0.238E-08  0.108E-06  pot  B   0.1000
       120  -1.604672  1706.203  0.66230  0.150E-08  0.173E-06  pot  B   0.1000
       121  -1.604672  1706.203  0.66230  0.177E-08  0.116E-06  pot  B   0.1000
       122  -1.604672  1706.203  0.66230  0.111E-08  0.159E-06  pot  B   0.1000
       123  -1.604672  1706.203  0.66230  0.129E-08  0.119E-06  pot  B   0.1000
       124  -1.604672  1706.203  0.66230  0.176E-08  0.173E-06  pot  B   0.1000
       125  -1.604672  1706.203  0.66230  0.112E-08  0.942E-07  pot  B   0.1000
       126  -1.604672  1706.203  0.66230  0.198E-08  0.103E-06  pot  B   0.1000
       127  -1.604672  1706.203  0.66230  0.649E-09  0.100E-06  pot  B   0.1000
       128  -1.604672  1706.203  0.66230  0.193E-08  0.904E-07  pot  B   0.1000
       129  -1.604672  1706.203  0.66230  0.817E-09  0.750E-07  pot  B   0.1000
       130  -1.604672  1706.203  0.66230  0.966E-09  0.497E-07  pot  B   0.1000
       131  -1.604672  1706.203  0.66230  0.808E-09  0.367E-07  pot  B   0.1000
       132  -1.604672  1706.203  0.66230  0.590E-09  0.675E-07  pot  B   0.1000
       133  -1.604672  1706.203  0.66230  0.585E-09  0.448E-07  pot  B   0.1000
       134  -1.604672  1706.203  0.66230  0.350E-09  0.572E-07  pot  B   0.1000
       135  -1.604672  1706.203  0.66230  0.299E-09  0.494E-07  pot  B   0.1000
       136  -1.604672  1706.203  0.66230  0.528E-09  0.719E-07  pot  B   0.1000
       137  -1.604672  1706.203  0.66230  0.321E-09  0.328E-07  pot  B   0.1000
       138  -1.604672  1706.203  0.66230  0.364E-09  0.315E-07  pot  B   0.1000
       139  -1.604672  1706.203  0.66230  0.194E-09  0.301E-07  pot  B   0.1000
       140  -1.604672  1706.203  0.66230  0.181E-09  0.245E-07  pot  B   0.1000
       141  -1.604672  1706.203  0.66230  0.141E-09  0.268E-07  pot  B   0.1000
       142  -1.604672  1706.203  0.66230  0.142E-09  0.171E-07  pot  B   0.1000
       143  -1.604672  1706.203  0.66230  0.153E-09  0.119E-07  pot  B   0.1000
       144  -1.604672  1706.203  0.66230  0.167E-09  0.208E-07  pot  B   0.1000
       145  -1.604672  1706.203  0.66230  0.148E-09  0.136E-07  pot  B   0.1000
       146  -1.604672  1706.203  0.66230  0.162E-09  0.200E-07  pot  B   0.1000
       147  -1.604672  1706.203  0.66230  0.983E-10  0.153E-07  pot  B   0.1000
       148  -1.604672  1706.203  0.66230  0.192E-09  0.193E-07  pot  B   0.1000
       149  -1.604672  1706.203  0.66230  0.110E-09  0.106E-07  pot  B   0.1000
       150  -1.604672  1706.203  0.66230  0.192E-09  0.885E-08  pot  B   0.1000
**     151  -1.604672  1706.203  0.66230  0.475E-12  0.885E-08  pot  B   0.1000
**     152  -1.604672  1706.203  0.66230  0.475E-12  0.885E-08  pot  B   0.1000
