 Atom   Index      Q          Qmt        dQ        Vmad        Local Energy
  W         1   73.92246   72.53523   -0.07754    1.83969      -32312.64417
  W         2   73.97521   72.58798   -0.02479    1.78991      -32312.60508
  W         3   73.94099   72.55376   -0.05901    1.82876      -32312.63390
  W         4   73.96460   72.57737   -0.03540    1.80245      -32312.61562
  W         5   73.97165   72.58442   -0.02835    1.79834      -32312.61571
  W         6   73.92653   72.53930   -0.07347    1.83443      -32312.63684
  W         7   73.96087   72.57364   -0.03913    1.80881      -32312.62402
  W         8   73.91246   72.52523   -0.08754    1.85089      -32312.64643
  W         9   74.04761   72.66038    0.04761    1.73096      -32312.57670
  W        10   73.92564   72.53841   -0.07436    1.83690      -32312.63296
  W        11   73.93302   72.54579   -0.06698    1.83531      -32312.63862
  W        12   73.99559   72.60837   -0.00441    1.77718      -32312.60891
  W        13   73.96645   72.57922   -0.03355    1.80235      -32312.62030
  W        14   73.96208   72.57485   -0.03792    1.81330      -32312.63506
  W        15   74.02124   72.63401    0.02124    1.75567      -32312.59182
  W        16   73.93330   72.54607   -0.06670    1.83594      -32312.63514
  Nb       17   41.07132   39.68409    0.07132    1.74040       -7632.68532
  Nb       18   41.07013   39.68290    0.07013    1.74020       -7632.69410
  Nb       19   41.00468   39.61745    0.00468    1.79914       -7632.71992
  Nb       20   41.07205   39.68482    0.07205    1.74074       -7632.68743
  Nb       21   41.02254   39.63531    0.02254    1.78661       -7632.71540
  Nb       22   41.06856   39.68133    0.06856    1.74198       -7632.69194
  Nb       23   40.98364   39.59641   -0.01636    1.81953       -7632.72781
  Nb       24   41.06919   39.68196    0.06919    1.73719       -7632.68749
  Nb       25   41.09774   39.71051    0.09774    1.71688       -7632.67106
  Nb       26   40.97101   39.58378   -0.02899    1.82899       -7632.73457
  Nb       27   41.06505   39.67782    0.06505    1.74723       -7632.69572
  Nb       28   41.07358   39.68635    0.07358    1.73392       -7632.69130
  Nb       29   40.96740   39.58017   -0.03260    1.84029       -7632.75327
  Nb       30   40.93305   39.54582   -0.06695    1.86345       -7632.76499
  Nb       31   40.99084   39.60361   -0.00916    1.81013       -7632.72870
  Nb       32   41.02358   39.63635    0.02358    1.77748       -7632.71179
  Mo       33   42.21489   40.82766    0.21489    1.67506       -8090.66175
  Mo       34   42.20077   40.81354    0.20077    1.69283       -8090.68015
  Mo       35   42.16037   40.77314    0.16037    1.72756       -8090.69458
  Mo       36   42.17224   40.78501    0.17224    1.72618       -8090.69778
  Mo       37   42.12859   40.74136    0.12859    1.76235       -8090.71550
  Mo       38   42.15943   40.77220    0.15943    1.73684       -8090.70804
  Mo       39   42.11513   40.72790    0.11513    1.76980       -8090.71582
  Mo       40   42.15021   40.76298    0.15021    1.73912       -8090.69794
  Mo       41   42.10805   40.72083    0.10805    1.77999       -8090.72923
  Mo       42   42.15153   40.76430    0.15153    1.73882       -8090.70367
  Mo       43   42.16576   40.77853    0.16576    1.72249       -8090.68330
  Mo       44   42.16276   40.77554    0.16276    1.73376       -8090.70742
  Mo       45   42.16109   40.77386    0.16109    1.73518       -8090.70849
  Mo       46   42.10153   40.71430    0.10153    1.78918       -8090.73106
  Mo       47   42.23394   40.84671    0.23394    1.66309       -8090.66085
  Mo       48   42.15228   40.76505    0.15228    1.74003       -8090.70217
  Ta       49   72.91014   71.52291   -0.08986    1.80757      -31233.03954
  Ta       50   72.78826   71.40103   -0.21174    1.91597      -31233.11738
  Ta       51   72.82164   71.43441   -0.17836    1.88632      -31233.08518
  Ta       52   72.82568   71.43845   -0.17432    1.88770      -31233.08191
  Ta       53   72.86186   71.47463   -0.13814    1.85291      -31233.07110
  Ta       54   72.80934   71.42211   -0.19066    1.90187      -31233.10153
  Ta       55   72.79450   71.40727   -0.20550    1.91573      -31233.11217
  Ta       56   72.83444   71.44721   -0.16556    1.87393      -31233.08392
  Ta       57   72.85150   71.46427   -0.14850    1.86976      -31233.07675
  Ta       58   72.87633   71.48910   -0.12367    1.83529      -31233.05571
  Ta       59   72.91666   71.52943   -0.08334    1.79775      -31233.03282
  Ta       60   72.82149   71.43426   -0.17851    1.89553      -31233.09538
  Ta       61   72.83886   71.45163   -0.16114    1.86931      -31233.07849
  Ta       62   72.87097   71.48374   -0.12903    1.84532      -31233.06517
  Ta       63   72.88287   71.49564   -0.11713    1.83465      -31233.06617
  Ta       64   72.91281   71.52558   -0.08719    1.80615      -31233.03622
