System Description            : WNbMoTaV, BCC structure                         
Number of Atoms in Unit Cell  : 40                                              
Number of Atomic Species      : 5                                               
Number of Atoms in Each Type  : 8(W), 8(Nb), 8(Mo), 8(Ta), 8(V)                 
Energy Offset                 : -16231                                          
=======================================================================================
    Iter     Energy      3PV     Efermi   Rms_rho    Rms_pot   Mix  Alg  Alpha 
---------------------------------------------------------------------------------------
**       1  -0.869090  1839.042  0.58640  0.140E+01  0.119E+00  pot  B   0.1000
         2  -1.151868  1816.583  0.59592  0.766E-02  0.342E+00  pot  B   0.1000
         3  -1.184085  1810.088  0.60339  0.365E-02  0.391E+00  pot  B   0.1000
         4  -1.415833  1796.328  0.61152  0.450E-02  0.125E+00  pot  B   0.1000
         5  -1.528600  1766.741  0.61935  0.987E-02  0.395E+00  pot  B   0.1000
         6  -1.644506  1751.762  0.62599  0.497E-02  0.180E+00  pot  B   0.1000
         7  -1.700657  1735.707  0.63096  0.557E-02  0.120E+00  pot  B   0.1000
         8  -1.727826  1727.184  0.63605  0.385E-02  0.523E-01  pot  B   0.1000
         9  -1.741736  1720.642  0.63748  0.317E-02  0.476E-01  pot  B   0.1000
        10  -1.752898  1712.121  0.63849  0.439E-02  0.385E-01  pot  B   0.1000
        11  -1.756513  1708.598  0.64068  0.202E-02  0.172E-01  pot  B   0.1000
        12  -1.757176  1707.555  0.64192  0.686E-03  0.627E-02  pot  B   0.1000
        13  -1.757372  1707.232  0.64294  0.339E-03  0.402E-02  pot  B   0.1000
        14  -1.757508  1707.020  0.64422  0.249E-03  0.409E-02  pot  B   0.1000
        15  -1.757701  1706.846  0.64637  0.413E-03  0.192E-02  pot  B   0.1000
        16  -1.757702  1706.765  0.64729  0.146E-03  0.171E-02  pot  B   0.1000
        17  -1.757702  1706.775  0.64746  0.466E-04  0.782E-03  pot  B   0.1000
        18  -1.757703  1706.796  0.64754  0.287E-04  0.130E-02  pot  B   0.1000
        19  -1.757705  1706.802  0.64761  0.315E-04  0.752E-03  pot  B   0.1000
        20  -1.757705  1706.830  0.64768  0.383E-04  0.564E-03  pot  B   0.1000
        21  -1.757705  1706.808  0.64770  0.150E-04  0.435E-03  pot  B   0.1000
        22  -1.757705  1706.817  0.64773  0.148E-04  0.140E-03  pot  B   0.1000
        23  -1.757705  1706.809  0.64776  0.669E-05  0.908E-04  pot  B   0.1000
        24  -1.757706  1706.803  0.64779  0.750E-05  0.127E-03  pot  B   0.1000
        25  -1.757706  1706.799  0.64781  0.324E-05  0.923E-04  pot  B   0.1000
        26  -1.757706  1706.799  0.64783  0.213E-05  0.505E-04  pot  B   0.1000
        27  -1.757706  1706.800  0.64783  0.103E-05  0.154E-04  pot  B   0.1000
        28  -1.757706  1706.802  0.64783  0.926E-06  0.222E-04  pot  B   0.1000
        29  -1.757706  1706.805  0.64784  0.109E-05  0.254E-04  pot  B   0.1000
        30  -1.757706  1706.808  0.64784  0.127E-05  0.142E-04  pot  B   0.1000
        31  -1.757706  1706.809  0.64784  0.405E-06  0.105E-04  pot  B   0.1000
        32  -1.757706  1706.810  0.64784  0.321E-06  0.463E-05  pot  B   0.1000
        33  -1.757706  1706.810  0.64784  0.290E-06  0.466E-05  pot  B   0.1000
        34  -1.757706  1706.810  0.64784  0.328E-06  0.385E-05  pot  B   0.1000
        35  -1.757706  1706.810  0.64784  0.375E-06  0.469E-05  pot  B   0.1000
        36  -1.757706  1706.810  0.64784  0.223E-06  0.176E-05  pot  B   0.1000
        37  -1.757706  1706.810  0.64784  0.873E-07  0.157E-05  pot  B   0.1000
        38  -1.757706  1706.810  0.64784  0.119E-06  0.811E-06  pot  B   0.1000
        39  -1.757706  1706.810  0.64784  0.780E-07  0.111E-05  pot  B   0.1000
        40  -1.757706  1706.810  0.64784  0.797E-07  0.670E-06  pot  B   0.1000
        41  -1.757706  1706.810  0.64784  0.416E-07  0.509E-06  pot  B   0.1000
        42  -1.757706  1706.810  0.64784  0.230E-07  0.370E-06  pot  B   0.1000
        43  -1.757706  1706.810  0.64784  0.113E-07  0.222E-06  pot  B   0.1000
        44  -1.757706  1706.810  0.64784  0.892E-08  0.225E-06  pot  B   0.1000
        45  -1.757706  1706.810  0.64784  0.408E-08  0.208E-06  pot  B   0.1000
        46  -1.757706  1706.810  0.64784  0.311E-08  0.148E-06  pot  B   0.1000
        47  -1.757706  1706.810  0.64784  0.245E-08  0.690E-07  pot  B   0.1000
        48  -1.757706  1706.810  0.64784  0.216E-08  0.701E-07  pot  B   0.1000
        49  -1.757706  1706.810  0.64784  0.271E-08  0.558E-07  pot  B   0.1000
        50  -1.757706  1706.810  0.64784  0.229E-08  0.540E-07  pot  B   0.1000
        51  -1.757706  1706.810  0.64784  0.921E-09  0.170E-07  pot  B   0.1000
        52  -1.757706  1706.810  0.64784  0.541E-09  0.123E-07  pot  B   0.1000
        53  -1.757706  1706.810  0.64784  0.516E-09  0.165E-07  pot  B   0.1000
        54  -1.757706  1706.810  0.64784  0.852E-09  0.131E-07  pot  B   0.1000
        55  -1.757706  1706.810  0.64784  0.823E-09  0.683E-08  pot  B   0.1000
**      56  -1.757706  1706.810  0.64784  0.455E-12  0.683E-08  pot  B   0.1000
