System Description            : WNbMoTaV, BCC structure                         
Number of Atoms in Unit Cell  : 320                                             
Number of Atomic Species      : 5                                               
Number of Atoms in Each Type  : 64(W), 64(Nb), 64(Mo), 64(Ta), 64(V)            
Energy Offset                 : -16231                                          
=======================================================================================
    Iter     Energy      3PV     Efermi   Rms_rho    Rms_pot   Mix  Alg  Alpha 
---------------------------------------------------------------------------------------
**       1  -0.856696  1839.081  0.58739  0.140E+01  0.191E+00  pot  B   0.1000
         2  -0.560407  1817.153  0.60224  0.827E-02  0.171E+01  pot  B   0.1000
         3  -1.177630  1815.030  0.59839  0.359E-02  0.618E+00  pot  B   0.1000
         4  -1.162335  1806.996  0.60571  0.449E-02  0.846E+00  pot  B   0.1000
         5  -1.283512  1800.971  0.61088  0.284E-02  0.692E+00  pot  B   0.1000
         6  -1.447771  1788.182  0.61587  0.440E-02  0.400E+00  pot  B   0.1000
         7  -1.550952  1771.090  0.62192  0.583E-02  0.507E+00  pot  B   0.1000
         8  -1.653657  1747.866  0.62729  0.790E-02  0.408E+00  pot  B   0.1000
         9  -1.699179  1737.308  0.63165  0.374E-02  0.209E+00  pot  B   0.1000
        10  -1.717046  1730.889  0.63487  0.254E-02  0.115E+00  pot  B   0.1000
        11  -1.729772  1726.296  0.63674  0.209E-02  0.708E-01  pot  B   0.1000
        12  -1.741158  1720.935  0.63797  0.268E-02  0.748E-01  pot  B   0.1000
        13  -1.750330  1714.469  0.63980  0.339E-02  0.883E-01  pot  B   0.1000
        14  -1.749780  1714.779  0.63952  0.129E-02  0.120E+00  pot  B   0.1000
        15  -1.755991  1708.749  0.64154  0.292E-02  0.583E-01  pot  B   0.1000
        16  -1.756259  1707.596  0.64248  0.510E-03  0.701E-01  pot  B   0.1000
        17  -1.757494  1707.581  0.64259  0.484E-03  0.132E-01  pot  B   0.1000
        18  -1.757636  1707.220  0.64349  0.293E-03  0.126E-01  pot  B   0.1000
        19  -1.757731  1707.227  0.64412  0.160E-03  0.128E-01  pot  B   0.1000
        20  -1.757803  1707.498  0.64443  0.120E-03  0.139E-01  pot  B   0.1000
        21  -1.757813  1707.195  0.64491  0.209E-03  0.174E-01  pot  B   0.1000
        22  -1.757879  1707.290  0.64549  0.144E-03  0.145E-01  pot  B   0.1000
        23  -1.757950  1707.334  0.64625  0.141E-03  0.744E-02  pot  B   0.1000
        24  -1.757973  1707.086  0.64688  0.191E-03  0.909E-02  pot  B   0.1000
        25  -1.758004  1707.124  0.64737  0.696E-04  0.483E-02  pot  B   0.1000
        26  -1.758028  1707.096  0.64787  0.819E-04  0.644E-02  pot  B   0.1000
        27  -1.758021  1707.028  0.64791  0.815E-04  0.708E-02  pot  B   0.1000
        28  -1.758025  1707.016  0.64807  0.598E-04  0.903E-02  pot  B   0.1000
        29  -1.758037  1706.977  0.64817  0.527E-04  0.355E-02  pot  B   0.1000
        30  -1.758043  1706.960  0.64828  0.328E-04  0.165E-02  pot  B   0.1000
        31  -1.758046  1706.934  0.64839  0.288E-04  0.254E-02  pot  B   0.1000
        32  -1.758048  1706.913  0.64844  0.165E-04  0.174E-02  pot  B   0.1000
        33  -1.758048  1706.881  0.64846  0.206E-04  0.174E-02  pot  B   0.1000
        34  -1.758049  1706.874  0.64852  0.134E-04  0.201E-02  pot  B   0.1000
        35  -1.758049  1706.861  0.64851  0.139E-04  0.158E-02  pot  B   0.1000
        36  -1.758050  1706.848  0.64854  0.172E-04  0.972E-03  pot  B   0.1000
        37  -1.758050  1706.835  0.64856  0.885E-05  0.734E-03  pot  B   0.1000
        38  -1.758050  1706.819  0.64856  0.901E-05  0.845E-03  pot  B   0.1000
        39  -1.758049  1706.810  0.64856  0.105E-04  0.112E-02  pot  B   0.1000
        40  -1.758049  1706.807  0.64856  0.906E-05  0.118E-02  pot  B   0.1000
        41  -1.758049  1706.803  0.64856  0.575E-05  0.853E-03  pot  B   0.1000
        42  -1.758049  1706.796  0.64857  0.581E-05  0.653E-03  pot  B   0.1000
        43  -1.758049  1706.794  0.64857  0.776E-05  0.419E-03  pot  B   0.1000
        44  -1.758049  1706.793  0.64857  0.425E-05  0.265E-03  pot  B   0.1000
        45  -1.758049  1706.789  0.64856  0.423E-05  0.400E-03  pot  B   0.1000
        46  -1.758049  1706.791  0.64856  0.395E-05  0.424E-03  pot  B   0.1000
        47  -1.758048  1706.789  0.64856  0.332E-05  0.285E-03  pot  B   0.1000
        48  -1.758048  1706.790  0.64856  0.412E-05  0.217E-03  pot  B   0.1000
        49  -1.758048  1706.791  0.64856  0.218E-05  0.244E-03  pot  B   0.1000
        50  -1.758048  1706.791  0.64856  0.231E-05  0.182E-03  pot  B   0.1000
        51  -1.758048  1706.793  0.64856  0.151E-05  0.198E-03  pot  B   0.1000
        52  -1.758048  1706.793  0.64856  0.174E-05  0.215E-03  pot  B   0.1000
        53  -1.758048  1706.794  0.64856  0.139E-05  0.159E-03  pot  B   0.1000
        54  -1.758048  1706.795  0.64856  0.907E-06  0.148E-03  pot  B   0.1000
        55  -1.758048  1706.796  0.64856  0.158E-05  0.146E-03  pot  B   0.1000
        56  -1.758048  1706.797  0.64856  0.128E-05  0.961E-04  pot  B   0.1000
        57  -1.758048  1706.799  0.64856  0.146E-05  0.971E-04  pot  B   0.1000
        58  -1.758048  1706.800  0.64856  0.906E-06  0.903E-04  pot  B   0.1000
        59  -1.758048  1706.801  0.64856  0.702E-06  0.632E-04  pot  B   0.1000
        60  -1.758048  1706.802  0.64856  0.108E-05  0.656E-04  pot  B   0.1000
        61  -1.758048  1706.803  0.64856  0.577E-06  0.645E-04  pot  B   0.1000
        62  -1.758048  1706.804  0.64856  0.871E-06  0.451E-04  pot  B   0.1000
        63  -1.758048  1706.806  0.64855  0.950E-06  0.453E-04  pot  B   0.1000
        64  -1.758048  1706.806  0.64855  0.475E-06  0.629E-04  pot  B   0.1000
        65  -1.758048  1706.806  0.64855  0.482E-06  0.401E-04  pot  B   0.1000
        66  -1.758048  1706.807  0.64855  0.608E-06  0.317E-04  pot  B   0.1000
        67  -1.758048  1706.808  0.64855  0.540E-06  0.349E-04  pot  B   0.1000
        68  -1.758048  1706.808  0.64855  0.383E-06  0.281E-04  pot  B   0.1000
        69  -1.758048  1706.809  0.64855  0.313E-06  0.272E-04  pot  B   0.1000
        70  -1.758048  1706.809  0.64855  0.243E-06  0.195E-04  pot  B   0.1000
        71  -1.758048  1706.809  0.64855  0.198E-06  0.197E-04  pot  B   0.1000
        72  -1.758048  1706.809  0.64855  0.283E-06  0.191E-04  pot  B   0.1000
        73  -1.758048  1706.809  0.64855  0.207E-06  0.124E-04  pot  B   0.1000
        74  -1.758048  1706.810  0.64855  0.148E-06  0.171E-04  pot  B   0.1000
        75  -1.758048  1706.810  0.64855  0.984E-07  0.160E-04  pot  B   0.1000
        76  -1.758048  1706.810  0.64855  0.116E-06  0.156E-04  pot  B   0.1000
        77  -1.758048  1706.810  0.64855  0.245E-06  0.213E-04  pot  B   0.1000
        78  -1.758048  1706.810  0.64855  0.162E-06  0.902E-05  pot  B   0.1000
        79  -1.758048  1706.810  0.64855  0.103E-06  0.765E-05  pot  B   0.1000
        80  -1.758048  1706.810  0.64855  0.943E-07  0.710E-05  pot  B   0.1000
        81  -1.758048  1706.810  0.64855  0.533E-07  0.691E-05  pot  B   0.1000
        82  -1.758048  1706.810  0.64855  0.577E-07  0.461E-05  pot  B   0.1000
        83  -1.758048  1706.809  0.64855  0.604E-07  0.429E-05  pot  B   0.1000
        84  -1.758048  1706.809  0.64855  0.736E-07  0.432E-05  pot  B   0.1000
        85  -1.758048  1706.809  0.64855  0.577E-07  0.607E-05  pot  B   0.1000
        86  -1.758048  1706.809  0.64855  0.419E-07  0.444E-05  pot  B   0.1000
        87  -1.758048  1706.809  0.64855  0.688E-07  0.425E-05  pot  B   0.1000
        88  -1.758048  1706.809  0.64855  0.345E-07  0.214E-05  pot  B   0.1000
        89  -1.758048  1706.809  0.64855  0.831E-07  0.595E-05  pot  B   0.1000
        90  -1.758048  1706.809  0.64855  0.410E-07  0.388E-05  pot  B   0.1000
        91  -1.758048  1706.809  0.64855  0.401E-07  0.275E-05  pot  B   0.1000
        92  -1.758048  1706.809  0.64855  0.466E-07  0.290E-05  pot  B   0.1000
        93  -1.758048  1706.809  0.64855  0.284E-07  0.225E-05  pot  B   0.1000
        94  -1.758048  1706.809  0.64855  0.315E-07  0.237E-05  pot  B   0.1000
        95  -1.758048  1706.809  0.64855  0.282E-07  0.177E-05  pot  B   0.1000
        96  -1.758048  1706.809  0.64855  0.199E-07  0.131E-05  pot  B   0.1000
        97  -1.758048  1706.809  0.64855  0.196E-07  0.189E-05  pot  B   0.1000
        98  -1.758048  1706.809  0.64855  0.146E-07  0.140E-05  pot  B   0.1000
        99  -1.758048  1706.809  0.64855  0.212E-07  0.110E-05  pot  B   0.1000
       100  -1.758048  1706.809  0.64855  0.101E-07  0.801E-06  pot  B   0.1000
       101  -1.758048  1706.809  0.64855  0.202E-07  0.141E-05  pot  B   0.1000
       102  -1.758048  1706.809  0.64855  0.120E-07  0.138E-05  pot  B   0.1000
       103  -1.758048  1706.809  0.64855  0.145E-07  0.133E-05  pot  B   0.1000
       104  -1.758048  1706.809  0.64855  0.161E-07  0.107E-05  pot  B   0.1000
       105  -1.758048  1706.809  0.64855  0.754E-08  0.677E-06  pot  B   0.1000
       106  -1.758048  1706.809  0.64855  0.479E-08  0.432E-06  pot  B   0.1000
       107  -1.758048  1706.809  0.64855  0.457E-08  0.561E-06  pot  B   0.1000
       108  -1.758048  1706.809  0.64855  0.611E-08  0.399E-06  pot  B   0.1000
       109  -1.758048  1706.809  0.64855  0.556E-08  0.540E-06  pot  B   0.1000
       110  -1.758048  1706.809  0.64855  0.357E-08  0.548E-06  pot  B   0.1000
       111  -1.758048  1706.809  0.64855  0.363E-08  0.302E-06  pot  B   0.1000
       112  -1.758048  1706.809  0.64855  0.354E-08  0.349E-06  pot  B   0.1000
       113  -1.758048  1706.809  0.64855  0.255E-08  0.272E-06  pot  B   0.1000
       114  -1.758048  1706.809  0.64855  0.247E-08  0.317E-06  pot  B   0.1000
       115  -1.758048  1706.809  0.64855  0.410E-08  0.408E-06  pot  B   0.1000
       116  -1.758048  1706.809  0.64855  0.477E-08  0.426E-06  pot  B   0.1000
       117  -1.758048  1706.809  0.64855  0.372E-08  0.376E-06  pot  B   0.1000
       118  -1.758048  1706.809  0.64855  0.366E-08  0.208E-06  pot  B   0.1000
       119  -1.758048  1706.809  0.64855  0.324E-08  0.266E-06  pot  B   0.1000
       120  -1.758048  1706.809  0.64855  0.331E-08  0.161E-06  pot  B   0.1000
       121  -1.758048  1706.809  0.64855  0.264E-08  0.189E-06  pot  B   0.1000
       122  -1.758048  1706.809  0.64855  0.142E-08  0.209E-06  pot  B   0.1000
       123  -1.758048  1706.809  0.64855  0.167E-08  0.989E-07  pot  B   0.1000
       124  -1.758048  1706.809  0.64855  0.168E-08  0.869E-07  pot  B   0.1000
       125  -1.758048  1706.809  0.64855  0.184E-08  0.101E-06  pot  B   0.1000
       126  -1.758048  1706.809  0.64855  0.186E-08  0.129E-06  pot  B   0.1000
       127  -1.758048  1706.809  0.64855  0.161E-08  0.133E-06  pot  B   0.1000
       128  -1.758048  1706.809  0.64855  0.193E-08  0.127E-06  pot  B   0.1000
       129  -1.758048  1706.809  0.64855  0.145E-08  0.132E-06  pot  B   0.1000
       130  -1.758048  1706.809  0.64855  0.131E-08  0.779E-07  pot  B   0.1000
       131  -1.758048  1706.809  0.64855  0.780E-09  0.973E-07  pot  B   0.1000
       132  -1.758048  1706.809  0.64855  0.956E-09  0.671E-07  pot  B   0.1000
       133  -1.758048  1706.809  0.64855  0.820E-09  0.646E-07  pot  B   0.1000
       134  -1.758048  1706.809  0.64855  0.530E-09  0.781E-07  pot  B   0.1000
       135  -1.758048  1706.809  0.64855  0.742E-09  0.599E-07  pot  B   0.1000
       136  -1.758048  1706.809  0.64855  0.563E-09  0.399E-07  pot  B   0.1000
       137  -1.758048  1706.809  0.64855  0.465E-09  0.427E-07  pot  B   0.1000
       138  -1.758048  1706.809  0.64855  0.319E-09  0.405E-07  pot  B   0.1000
       139  -1.758048  1706.809  0.64855  0.532E-09  0.346E-07  pot  B   0.1000
       140  -1.758048  1706.809  0.64855  0.515E-09  0.394E-07  pot  B   0.1000
       141  -1.758048  1706.809  0.64855  0.386E-09  0.442E-07  pot  B   0.1000
       142  -1.758048  1706.809  0.64855  0.335E-09  0.342E-07  pot  B   0.1000
       143  -1.758048  1706.809  0.64855  0.411E-09  0.401E-07  pot  B   0.1000
       144  -1.758048  1706.809  0.64855  0.369E-09  0.329E-07  pot  B   0.1000
       145  -1.758048  1706.809  0.64855  0.418E-09  0.308E-07  pot  B   0.1000
       146  -1.758048  1706.809  0.64855  0.469E-09  0.589E-07  pot  B   0.1000
       147  -1.758048  1706.809  0.64855  0.230E-09  0.219E-07  pot  B   0.1000
       148  -1.758048  1706.809  0.64855  0.226E-09  0.133E-07  pot  B   0.1000
       149  -1.758048  1706.809  0.64855  0.150E-09  0.981E-08  pot  B   0.1000
**     150  -1.758048  1706.809  0.64855  0.425E-11  0.981E-08  pot  B   0.1000
