System Description            : WNbMoTa, BCC structure                          
Number of Atoms in Unit Cell  : 256                                             
Number of Atomic Species      : 4                                               
Number of Atoms in Each Type  : 64(W), 64(Nb), 64(Mo), 64(Ta)                   
Energy Offset                 : -19816                                          
=======================================================================================
    Iter     Energy      3PV     Efermi   Rms_rho    Rms_pot   Mix  Alg  Alpha 
---------------------------------------------------------------------------------------
**       1  -0.264872  2293.608  0.59406  0.140E+01  0.121E+00  pot  B   0.1000
         2  -0.603328  2265.275  0.60726  0.751E-02  0.366E+00  pot  B   0.1000
         3  -0.646644  2259.873  0.61271  0.153E-02  0.411E+00  pot  B   0.1000
         4  -1.011936  2210.405  0.63149  0.130E-01  0.473E+00  pot  B   0.1000
         5  -1.079123  2191.816  0.64724  0.502E-02  0.561E+00  pot  B   0.1000
         6  -1.184860  2177.026  0.65820  0.406E-02  0.825E-01  pot  B   0.1000
         7  -1.213009  2166.494  0.66580  0.333E-02  0.582E-01  pot  B   0.1000
         8  -1.237982  2155.718  0.67173  0.372E-02  0.592E-01  pot  B   0.1000
         9  -1.254746  2147.822  0.67562  0.300E-02  0.408E-01  pot  B   0.1000
        10  -1.272226  2135.733  0.68103  0.500E-02  0.383E-01  pot  B   0.1000
        11  -1.275777  2130.480  0.68383  0.236E-02  0.278E-01  pot  B   0.1000
        12  -1.276435  2128.987  0.68505  0.842E-03  0.729E-02  pot  B   0.1000
        13  -1.276597  2128.696  0.68582  0.267E-03  0.542E-02  pot  B   0.1000
        14  -1.276707  2128.662  0.68641  0.174E-03  0.560E-02  pot  B   0.1000
        15  -1.276857  2128.710  0.68771  0.287E-03  0.655E-02  pot  B   0.1000
        16  -1.276935  2128.431  0.68910  0.278E-03  0.299E-02  pot  B   0.1000
        17  -1.276941  2128.378  0.68965  0.996E-04  0.302E-02  pot  B   0.1000
        18  -1.276945  2128.393  0.68987  0.357E-04  0.180E-02  pot  B   0.1000
        19  -1.276949  2128.278  0.69006  0.462E-04  0.125E-02  pot  B   0.1000
        20  -1.276950  2128.253  0.69015  0.181E-04  0.100E-02  pot  B   0.1000
        21  -1.276951  2128.225  0.69025  0.193E-04  0.856E-03  pot  B   0.1000
        22  -1.276952  2128.166  0.69040  0.386E-04  0.318E-03  pot  B   0.1000
        23  -1.276952  2128.169  0.69046  0.118E-04  0.317E-03  pot  B   0.1000
        24  -1.276952  2128.171  0.69051  0.121E-04  0.168E-03  pot  B   0.1000
        25  -1.276953  2128.199  0.69055  0.140E-04  0.204E-03  pot  B   0.1000
        26  -1.276953  2128.218  0.69058  0.919E-05  0.167E-03  pot  B   0.1000
        27  -1.276953  2128.240  0.69059  0.983E-05  0.141E-03  pot  B   0.1000
        28  -1.276954  2128.248  0.69060  0.501E-05  0.768E-04  pot  B   0.1000
        29  -1.276954  2128.256  0.69060  0.460E-05  0.707E-04  pot  B   0.1000
        30  -1.276954  2128.260  0.69060  0.233E-05  0.110E-03  pot  B   0.1000
        31  -1.276954  2128.262  0.69059  0.268E-05  0.789E-04  pot  B   0.1000
        32  -1.276954  2128.265  0.69059  0.160E-05  0.792E-04  pot  B   0.1000
        33  -1.276954  2128.267  0.69059  0.179E-05  0.485E-04  pot  B   0.1000
        34  -1.276954  2128.268  0.69058  0.103E-05  0.216E-04  pot  B   0.1000
        35  -1.276953  2128.270  0.69058  0.107E-05  0.165E-04  pot  B   0.1000
        36  -1.276953  2128.272  0.69058  0.614E-06  0.173E-04  pot  B   0.1000
        37  -1.276953  2128.274  0.69058  0.104E-05  0.162E-04  pot  B   0.1000
        38  -1.276953  2128.275  0.69058  0.823E-06  0.122E-04  pot  B   0.1000
        39  -1.276953  2128.276  0.69057  0.752E-06  0.111E-04  pot  B   0.1000
        40  -1.276953  2128.277  0.69057  0.442E-06  0.843E-05  pot  B   0.1000
        41  -1.276953  2128.278  0.69057  0.533E-06  0.761E-05  pot  B   0.1000
        42  -1.276953  2128.278  0.69057  0.248E-06  0.112E-04  pot  B   0.1000
        43  -1.276953  2128.278  0.69057  0.244E-06  0.885E-05  pot  B   0.1000
        44  -1.276953  2128.278  0.69057  0.168E-06  0.558E-05  pot  B   0.1000
        45  -1.276953  2128.278  0.69057  0.171E-06  0.533E-05  pot  B   0.1000
        46  -1.276953  2128.278  0.69057  0.176E-06  0.287E-05  pot  B   0.1000
        47  -1.276953  2128.277  0.69057  0.150E-06  0.229E-05  pot  B   0.1000
        48  -1.276953  2128.277  0.69057  0.103E-06  0.215E-05  pot  B   0.1000
        49  -1.276953  2128.277  0.69057  0.604E-07  0.162E-05  pot  B   0.1000
        50  -1.276953  2128.277  0.69057  0.318E-07  0.887E-06  pot  B   0.1000
        51  -1.276953  2128.277  0.69057  0.354E-07  0.137E-05  pot  B   0.1000
        52  -1.276953  2128.277  0.69057  0.218E-07  0.739E-06  pot  B   0.1000
        53  -1.276953  2128.277  0.69057  0.333E-07  0.539E-06  pot  B   0.1000
        54  -1.276953  2128.277  0.69057  0.164E-07  0.952E-06  pot  B   0.1000
        55  -1.276953  2128.277  0.69057  0.180E-07  0.563E-06  pot  B   0.1000
        56  -1.276953  2128.277  0.69057  0.205E-07  0.563E-06  pot  B   0.1000
        57  -1.276953  2128.277  0.69057  0.265E-07  0.618E-06  pot  B   0.1000
        58  -1.276953  2128.277  0.69057  0.261E-07  0.359E-06  pot  B   0.1000
        59  -1.276953  2128.277  0.69057  0.249E-07  0.291E-06  pot  B   0.1000
        60  -1.276953  2128.277  0.69057  0.175E-07  0.201E-06  pot  B   0.1000
        61  -1.276953  2128.277  0.69057  0.140E-07  0.247E-06  pot  B   0.1000
        62  -1.276953  2128.277  0.69057  0.104E-07  0.156E-06  pot  B   0.1000
        63  -1.276953  2128.277  0.69057  0.101E-07  0.179E-06  pot  B   0.1000
        64  -1.276953  2128.277  0.69057  0.550E-08  0.155E-06  pot  B   0.1000
        65  -1.276953  2128.277  0.69057  0.523E-08  0.966E-07  pot  B   0.1000
        66  -1.276953  2128.277  0.69057  0.208E-08  0.166E-06  pot  B   0.1000
        67  -1.276953  2128.277  0.69057  0.174E-08  0.109E-06  pot  B   0.1000
        68  -1.276953  2128.277  0.69057  0.201E-08  0.977E-07  pot  B   0.1000
        69  -1.276953  2128.277  0.69057  0.126E-08  0.586E-07  pot  B   0.1000
        70  -1.276953  2128.277  0.69057  0.143E-08  0.401E-07  pot  B   0.1000
        71  -1.276953  2128.277  0.69057  0.120E-08  0.294E-07  pot  B   0.1000
        72  -1.276953  2128.277  0.69057  0.132E-08  0.235E-07  pot  B   0.1000
        73  -1.276953  2128.277  0.69057  0.146E-08  0.173E-07  pot  B   0.1000
        74  -1.276953  2128.277  0.69057  0.122E-08  0.918E-08  pot  B   0.1000
**      75  -1.276953  2128.277  0.69057  0.520E-12  0.918E-08  pot  B   0.1000
