System Description            : WNbMoTaV, BCC structure                         
Number of Atoms in Unit Cell  : 320                                             
Number of Atomic Species      : 5                                               
Number of Atoms in Each Type  : 64(W), 64(Nb), 64(Mo), 64(Ta), 64(V)            
Energy Offset                 : -16231                                          
=======================================================================================
    Iter     Energy      3PV     Efermi   Rms_rho    Rms_pot   Mix  Alg  Alpha 
---------------------------------------------------------------------------------------
**       1  -0.855773  1839.075  0.58710  0.140E+01  0.282E+00  pot  B   0.1000
         2   0.351198  1818.157  0.61248  0.823E-02  0.254E+01  pot  B   0.1000
         3  -1.200800  1815.104  0.59427  0.480E-02  0.455E+00  pot  B   0.1000
         4  -1.197728  1806.540  0.60621  0.466E-02  0.852E+00  pot  B   0.1000
         5  -1.403979  1794.416  0.61420  0.503E-02  0.433E+00  pot  B   0.1000
         6  -1.483654  1775.565  0.62019  0.648E-02  0.767E+00  pot  B   0.1000
         7  -1.507684  1764.900  0.62365  0.375E-02  0.743E+00  pot  B   0.1000
         8  -1.639144  1749.587  0.62774  0.519E-02  0.512E+00  pot  B   0.1000
         9  -1.689703  1738.618  0.63172  0.388E-02  0.277E+00  pot  B   0.1000
        10  -1.714423  1732.241  0.63510  0.266E-02  0.151E+00  pot  B   0.1000
        11  -1.726819  1727.384  0.63710  0.216E-02  0.115E+00  pot  B   0.1000
        12  -1.738119  1722.762  0.63837  0.226E-02  0.111E+00  pot  B   0.1000
        13  -1.746494  1716.995  0.63973  0.298E-02  0.118E+00  pot  B   0.1000
        14  -1.746635  1717.154  0.63991  0.132E-02  0.103E+00  pot  B   0.1000
        15  -1.755449  1710.233  0.64167  0.373E-02  0.790E-01  pot  B   0.1000
        16  -1.757878  1707.841  0.64271  0.135E-02  0.358E-01  pot  B   0.1000
        17  -1.758209  1707.039  0.64363  0.466E-03  0.235E-01  pot  B   0.1000
        18  -1.758276  1707.098  0.64398  0.202E-03  0.224E-01  pot  B   0.1000
        19  -1.758435  1707.268  0.64461  0.240E-03  0.241E-01  pot  B   0.1000
        20  -1.758533  1707.099  0.64476  0.146E-03  0.104E-01  pot  B   0.1000
        21  -1.758454  1707.128  0.64504  0.150E-03  0.218E-01  pot  B   0.1000
        22  -1.758563  1707.235  0.64535  0.225E-03  0.171E-01  pot  B   0.1000
        23  -1.758644  1707.158  0.64595  0.179E-03  0.154E-01  pot  B   0.1000
        24  -1.758718  1707.105  0.64669  0.178E-03  0.997E-02  pot  B   0.1000
        25  -1.758743  1707.104  0.64733  0.129E-03  0.766E-02  pot  B   0.1000
        26  -1.758763  1707.033  0.64761  0.107E-03  0.726E-02  pot  B   0.1000
        27  -1.758797  1707.029  0.64821  0.915E-04  0.570E-02  pot  B   0.1000
        28  -1.758799  1706.973  0.64835  0.808E-04  0.665E-02  pot  B   0.1000
        29  -1.758811  1706.939  0.64860  0.880E-04  0.316E-02  pot  B   0.1000
        30  -1.758816  1706.902  0.64886  0.547E-04  0.660E-02  pot  B   0.1000
        31  -1.758826  1706.872  0.64896  0.290E-04  0.229E-02  pot  B   0.1000
        32  -1.758823  1706.872  0.64895  0.273E-04  0.359E-02  pot  B   0.1000
        33  -1.758827  1706.848  0.64904  0.244E-04  0.335E-02  pot  B   0.1000
        34  -1.758830  1706.834  0.64911  0.304E-04  0.231E-02  pot  B   0.1000
        35  -1.758830  1706.828  0.64912  0.256E-04  0.254E-02  pot  B   0.1000
        36  -1.758831  1706.822  0.64913  0.189E-04  0.105E-02  pot  B   0.1000
        37  -1.758832  1706.814  0.64913  0.125E-04  0.111E-02  pot  B   0.1000
        38  -1.758832  1706.809  0.64915  0.111E-04  0.125E-02  pot  B   0.1000
        39  -1.758832  1706.800  0.64916  0.974E-05  0.785E-03  pot  B   0.1000
        40  -1.758832  1706.797  0.64916  0.977E-05  0.884E-03  pot  B   0.1000
        41  -1.758832  1706.793  0.64917  0.117E-04  0.523E-03  pot  B   0.1000
        42  -1.758832  1706.794  0.64916  0.634E-05  0.728E-03  pot  B   0.1000
        43  -1.758832  1706.788  0.64917  0.747E-05  0.554E-03  pot  B   0.1000
        44  -1.758832  1706.790  0.64916  0.529E-05  0.382E-03  pot  B   0.1000
        45  -1.758831  1706.792  0.64916  0.409E-05  0.388E-03  pot  B   0.1000
        46  -1.758831  1706.793  0.64916  0.504E-05  0.450E-03  pot  B   0.1000
        47  -1.758831  1706.793  0.64916  0.540E-05  0.689E-03  pot  B   0.1000
        48  -1.758831  1706.793  0.64916  0.571E-05  0.407E-03  pot  B   0.1000
        49  -1.758831  1706.794  0.64916  0.448E-05  0.269E-03  pot  B   0.1000
        50  -1.758831  1706.796  0.64916  0.233E-05  0.273E-03  pot  B   0.1000
        51  -1.758831  1706.797  0.64916  0.188E-05  0.162E-03  pot  B   0.1000
        52  -1.758831  1706.799  0.64916  0.194E-05  0.205E-03  pot  B   0.1000
        53  -1.758831  1706.800  0.64916  0.143E-05  0.155E-03  pot  B   0.1000
        54  -1.758831  1706.800  0.64916  0.162E-05  0.126E-03  pot  B   0.1000
        55  -1.758831  1706.802  0.64916  0.122E-05  0.116E-03  pot  B   0.1000
        56  -1.758831  1706.803  0.64916  0.164E-05  0.940E-04  pot  B   0.1000
        57  -1.758831  1706.803  0.64916  0.100E-05  0.996E-04  pot  B   0.1000
        58  -1.758831  1706.804  0.64916  0.986E-06  0.863E-04  pot  B   0.1000
        59  -1.758831  1706.805  0.64916  0.984E-06  0.108E-03  pot  B   0.1000
        60  -1.758831  1706.805  0.64916  0.698E-06  0.773E-04  pot  B   0.1000
        61  -1.758831  1706.805  0.64916  0.684E-06  0.493E-04  pot  B   0.1000
        62  -1.758831  1706.806  0.64916  0.321E-06  0.471E-04  pot  B   0.1000
        63  -1.758831  1706.806  0.64916  0.441E-06  0.293E-04  pot  B   0.1000
        64  -1.758831  1706.807  0.64916  0.368E-06  0.314E-04  pot  B   0.1000
        65  -1.758831  1706.807  0.64916  0.500E-06  0.244E-04  pot  B   0.1000
        66  -1.758831  1706.808  0.64916  0.350E-06  0.510E-04  pot  B   0.1000
        67  -1.758831  1706.808  0.64916  0.293E-06  0.205E-04  pot  B   0.1000
        68  -1.758831  1706.808  0.64916  0.338E-06  0.174E-04  pot  B   0.1000
        69  -1.758831  1706.808  0.64916  0.227E-06  0.218E-04  pot  B   0.1000
        70  -1.758831  1706.808  0.64916  0.251E-06  0.235E-04  pot  B   0.1000
        71  -1.758831  1706.809  0.64916  0.227E-06  0.254E-04  pot  B   0.1000
        72  -1.758831  1706.809  0.64916  0.203E-06  0.182E-04  pot  B   0.1000
        73  -1.758831  1706.809  0.64916  0.164E-06  0.156E-04  pot  B   0.1000
        74  -1.758831  1706.809  0.64916  0.110E-06  0.151E-04  pot  B   0.1000
        75  -1.758831  1706.809  0.64916  0.106E-06  0.731E-05  pot  B   0.1000
        76  -1.758831  1706.809  0.64916  0.103E-06  0.820E-05  pot  B   0.1000
        77  -1.758831  1706.809  0.64916  0.860E-07  0.540E-05  pot  B   0.1000
        78  -1.758831  1706.809  0.64916  0.552E-07  0.795E-05  pot  B   0.1000
        79  -1.758831  1706.809  0.64916  0.664E-07  0.776E-05  pot  B   0.1000
        80  -1.758831  1706.809  0.64916  0.649E-07  0.504E-05  pot  B   0.1000
        81  -1.758831  1706.809  0.64916  0.500E-07  0.537E-05  pot  B   0.1000
        82  -1.758831  1706.809  0.64916  0.757E-07  0.784E-05  pot  B   0.1000
        83  -1.758831  1706.809  0.64916  0.859E-07  0.579E-05  pot  B   0.1000
        84  -1.758831  1706.809  0.64916  0.553E-07  0.620E-05  pot  B   0.1000
        85  -1.758831  1706.809  0.64916  0.442E-07  0.329E-05  pot  B   0.1000
        86  -1.758831  1706.809  0.64916  0.274E-07  0.365E-05  pot  B   0.1000
        87  -1.758831  1706.809  0.64916  0.260E-07  0.193E-05  pot  B   0.1000
        88  -1.758831  1706.809  0.64916  0.270E-07  0.223E-05  pot  B   0.1000
        89  -1.758831  1706.809  0.64916  0.222E-07  0.166E-05  pot  B   0.1000
        90  -1.758831  1706.809  0.64916  0.224E-07  0.191E-05  pot  B   0.1000
        91  -1.758831  1706.809  0.64916  0.279E-07  0.258E-05  pot  B   0.1000
        92  -1.758831  1706.809  0.64916  0.169E-07  0.183E-05  pot  B   0.1000
        93  -1.758831  1706.809  0.64916  0.255E-07  0.144E-05  pot  B   0.1000
        94  -1.758831  1706.809  0.64916  0.233E-07  0.202E-05  pot  B   0.1000
        95  -1.758831  1706.809  0.64916  0.165E-07  0.117E-05  pot  B   0.1000
        96  -1.758831  1706.809  0.64916  0.134E-07  0.151E-05  pot  B   0.1000
        97  -1.758831  1706.809  0.64916  0.148E-07  0.134E-05  pot  B   0.1000
        98  -1.758831  1706.809  0.64916  0.107E-07  0.123E-05  pot  B   0.1000
        99  -1.758831  1706.809  0.64916  0.842E-08  0.882E-06  pot  B   0.1000
       100  -1.758831  1706.809  0.64916  0.183E-07  0.768E-06  pot  B   0.1000
       101  -1.758831  1706.808  0.64916  0.917E-08  0.583E-06  pot  B   0.1000
       102  -1.758831  1706.808  0.64916  0.821E-08  0.670E-06  pot  B   0.1000
       103  -1.758831  1706.808  0.64916  0.663E-08  0.632E-06  pot  B   0.1000
       104  -1.758831  1706.808  0.64916  0.509E-08  0.662E-06  pot  B   0.1000
       105  -1.758831  1706.808  0.64916  0.637E-08  0.303E-06  pot  B   0.1000
       106  -1.758831  1706.808  0.64916  0.608E-08  0.546E-06  pot  B   0.1000
       107  -1.758831  1706.808  0.64916  0.682E-08  0.403E-06  pot  B   0.1000
       108  -1.758831  1706.808  0.64916  0.428E-08  0.590E-06  pot  B   0.1000
       109  -1.758831  1706.808  0.64916  0.483E-08  0.522E-06  pot  B   0.1000
       110  -1.758831  1706.808  0.64916  0.405E-08  0.449E-06  pot  B   0.1000
       111  -1.758831  1706.808  0.64916  0.294E-08  0.361E-06  pot  B   0.1000
       112  -1.758831  1706.808  0.64916  0.323E-08  0.241E-06  pot  B   0.1000
       113  -1.758831  1706.808  0.64916  0.279E-08  0.217E-06  pot  B   0.1000
       114  -1.758831  1706.808  0.64916  0.208E-08  0.273E-06  pot  B   0.1000
       115  -1.758831  1706.808  0.64916  0.227E-08  0.209E-06  pot  B   0.1000
       116  -1.758831  1706.808  0.64916  0.250E-08  0.258E-06  pot  B   0.1000
       117  -1.758831  1706.808  0.64916  0.254E-08  0.172E-06  pot  B   0.1000
       118  -1.758831  1706.808  0.64916  0.241E-08  0.186E-06  pot  B   0.1000
       119  -1.758831  1706.808  0.64916  0.194E-08  0.130E-06  pot  B   0.1000
       120  -1.758831  1706.808  0.64916  0.121E-08  0.149E-06  pot  B   0.1000
       121  -1.758831  1706.808  0.64916  0.172E-08  0.120E-06  pot  B   0.1000
       122  -1.758831  1706.808  0.64916  0.120E-08  0.115E-06  pot  B   0.1000
       123  -1.758831  1706.808  0.64916  0.936E-09  0.123E-06  pot  B   0.1000
       124  -1.758831  1706.808  0.64916  0.980E-09  0.104E-06  pot  B   0.1000
       125  -1.758831  1706.808  0.64916  0.159E-08  0.102E-06  pot  B   0.1000
       126  -1.758831  1706.808  0.64916  0.121E-08  0.969E-07  pot  B   0.1000
       127  -1.758831  1706.808  0.64916  0.955E-09  0.131E-06  pot  B   0.1000
       128  -1.758831  1706.808  0.64916  0.116E-08  0.866E-07  pot  B   0.1000
       129  -1.758831  1706.808  0.64916  0.871E-09  0.506E-07  pot  B   0.1000
       130  -1.758831  1706.808  0.64916  0.847E-09  0.331E-07  pot  B   0.1000
       131  -1.758831  1706.808  0.64916  0.775E-09  0.566E-07  pot  B   0.1000
       132  -1.758831  1706.808  0.64916  0.572E-09  0.696E-07  pot  B   0.1000
       133  -1.758831  1706.808  0.64916  0.560E-09  0.369E-07  pot  B   0.1000
       134  -1.758831  1706.808  0.64916  0.694E-09  0.484E-07  pot  B   0.1000
       135  -1.758831  1706.808  0.64916  0.484E-09  0.606E-07  pot  B   0.1000
       136  -1.758831  1706.808  0.64916  0.377E-09  0.480E-07  pot  B   0.1000
       137  -1.758831  1706.808  0.64916  0.574E-09  0.301E-07  pot  B   0.1000
       138  -1.758831  1706.808  0.64916  0.387E-09  0.228E-07  pot  B   0.1000
       139  -1.758831  1706.808  0.64916  0.234E-09  0.393E-07  pot  B   0.1000
       140  -1.758831  1706.808  0.64916  0.172E-09  0.351E-07  pot  B   0.1000
       141  -1.758831  1706.808  0.64916  0.300E-09  0.281E-07  pot  B   0.1000
       142  -1.758831  1706.808  0.64916  0.238E-09  0.181E-07  pot  B   0.1000
       143  -1.758831  1706.808  0.64916  0.259E-09  0.272E-07  pot  B   0.1000
       144  -1.758831  1706.808  0.64916  0.208E-09  0.239E-07  pot  B   0.1000
       145  -1.758831  1706.808  0.64916  0.194E-09  0.174E-07  pot  B   0.1000
       146  -1.758831  1706.808  0.64916  0.332E-09  0.170E-07  pot  B   0.1000
       147  -1.758831  1706.808  0.64916  0.126E-09  0.209E-07  pot  B   0.1000
       148  -1.758831  1706.808  0.64916  0.143E-09  0.137E-07  pot  B   0.1000
       149  -1.758831  1706.808  0.64916  0.199E-09  0.136E-07  pot  B   0.1000
       150  -1.758831  1706.808  0.64916  0.153E-09  0.113E-07  pot  B   0.1000
**     151  -1.758831  1706.808  0.64916  0.106E-11  0.113E-07  pot  B   0.1000
