 Atom   Index      Q          Qmt        dQ        Vmad        Local Energy
  W         1   73.97055   72.58351   -0.02945    1.79540      -32312.61596
  W         2   73.98941   72.60237   -0.01059    1.77742      -32312.60047
  W         3   73.96928   72.58224   -0.03072    1.79203      -32312.60925
  W         4   73.96923   72.58218   -0.03077    1.80509      -32312.62122
  W         5   73.90398   72.51694   -0.09602    1.86160      -32312.65866
  W         6   73.92572   72.53868   -0.07428    1.84620      -32312.64338
  W         7   73.92147   72.53443   -0.07853    1.83627      -32312.63515
  W         8   73.93409   72.54705   -0.06591    1.82915      -32312.63169
  W         9   73.93645   72.54941   -0.06355    1.82629      -32312.63920
  W        10   73.92676   72.53971   -0.07324    1.84070      -32312.64477
  W        11   73.92926   72.54222   -0.07074    1.83411      -32312.64032
  W        12   73.98202   72.59497   -0.01798    1.78223      -32312.60286
  W        13   74.01558   72.62854    0.01558    1.74739      -32312.57917
  W        14   73.94657   72.55953   -0.05343    1.81518      -32312.62297
  W        15   73.95678   72.56974   -0.04322    1.81097      -32312.61890
  W        16   73.99821   72.61117   -0.00179    1.76610      -32312.59003
  Nb       17   41.00678   39.61974    0.00678    1.80548       -7632.73541
  Nb       18   41.06086   39.67382    0.06086    1.74662       -7632.69643
  Nb       19   40.97537   39.58833   -0.02463    1.82716       -7632.73367
  Nb       20   41.11685   39.72981    0.11685    1.69507       -7632.66015
  Nb       21   41.00798   39.62094    0.00798    1.79870       -7632.72701
  Nb       22   41.00668   39.61964    0.00668    1.79962       -7632.72720
  Nb       23   41.05210   39.66506    0.05210    1.75126       -7632.69549
  Nb       24   41.02730   39.64026    0.02730    1.78734       -7632.72030
  Nb       25   41.02148   39.63443    0.02148    1.78427       -7632.71414
  Nb       26   41.04498   39.65794    0.04498    1.76848       -7632.70369
  Nb       27   41.01612   39.62907    0.01612    1.79465       -7632.72325
  Nb       28   41.03281   39.64577    0.03281    1.77393       -7632.71840
  Nb       29   40.97938   39.59234   -0.02062    1.82402       -7632.73848
  Nb       30   41.07235   39.68531    0.07235    1.73797       -7632.68244
  Nb       31   41.01453   39.62749    0.01453    1.78859       -7632.72050
  Nb       32   41.01972   39.63268    0.01972    1.78118       -7632.71449
  Mo       33   42.19915   40.81211    0.19915    1.69525       -8090.67187
  Mo       34   42.13354   40.74650    0.13354    1.76381       -8090.72340
  Mo       35   42.13975   40.75271    0.13975    1.74768       -8090.71256
  Mo       36   42.20118   40.81414    0.20118    1.70475       -8090.69110
  Mo       37   42.17517   40.78813    0.17517    1.71282       -8090.68294
  Mo       38   42.17628   40.78924    0.17628    1.71148       -8090.68820
  Mo       39   42.17242   40.78538    0.17242    1.71030       -8090.68060
  Mo       40   42.13609   40.74905    0.13609    1.75441       -8090.71509
  Mo       41   42.14136   40.75432    0.14136    1.75330       -8090.71387
  Mo       42   42.15679   40.76975    0.15679    1.73242       -8090.69799
  Mo       43   42.19648   40.80943    0.19648    1.69315       -8090.66869
  Mo       44   42.15171   40.76467    0.15171    1.74157       -8090.70255
  Mo       45   42.14405   40.75701    0.14405    1.75109       -8090.71400
  Mo       46   42.14125   40.75421    0.14125    1.75671       -8090.72042
  Mo       47   42.16504   40.77800    0.16504    1.73119       -8090.70312
  Mo       48   42.23034   40.84330    0.23034    1.67430       -8090.66950
  Ta       49   72.82213   71.43509   -0.17787    1.89126      -31233.08325
  Ta       50   72.88376   71.49672   -0.11624    1.82753      -31233.05153
  Ta       51   72.82711   71.44007   -0.17289    1.88639      -31233.08941
  Ta       52   72.85344   71.46640   -0.14656    1.86334      -31233.07553
  Ta       53   72.87036   71.48332   -0.12964    1.85112      -31233.06745
  Ta       54   72.93494   71.54790   -0.06506    1.78660      -31233.02547
  Ta       55   72.82477   71.43772   -0.17523    1.89352      -31233.09757
  Ta       56   72.89281   71.50577   -0.10719    1.82253      -31233.04732
  Ta       57   72.81106   71.42402   -0.18894    1.90512      -31233.09631
  Ta       58   72.87228   71.48524   -0.12772    1.83560      -31233.06151
  Ta       59   72.87916   71.49211   -0.12084    1.83321      -31233.05414
  Ta       60   72.84800   71.46096   -0.15200    1.86773      -31233.07679
  Ta       61   72.79206   71.40502   -0.20794    1.91501      -31233.11340
  Ta       62   72.84198   71.45494   -0.15802    1.87082      -31233.07645
  Ta       63   72.81343   71.42639   -0.18657    1.89227      -31233.09407
  Ta       64   72.84144   71.45440   -0.15856    1.87071      -31233.08286
