 Atom   Index      Q          Qmt        dQ        Vmad        Local Energy
  W         1   73.94496   72.55767   -0.05504    1.82193      -32312.62806
  W         2   73.89556   72.50826   -0.10444    1.87039      -32312.65790
  W         3   73.93677   72.54948   -0.06323    1.83241      -32312.63318
  W         4   73.96409   72.57680   -0.03591    1.80345      -32312.61736
  W         5   73.93802   72.55072   -0.06198    1.83236      -32312.63029
  W         6   73.92976   72.54246   -0.07024    1.82989      -32312.63405
  W         7   73.87958   72.49229   -0.12042    1.88489      -32312.67150
  W         8   73.89227   72.50497   -0.10773    1.87228      -32312.65947
  W         9   73.87339   72.48609   -0.12661    1.88846      -32312.66897
  W        10   74.01389   72.62659    0.01389    1.75354      -32312.58571
  W        11   73.97096   72.58367   -0.02904    1.78942      -32312.60489
  W        12   73.90483   72.51754   -0.09517    1.84898      -32312.63678
  W        13   73.98096   72.59366   -0.01904    1.78144      -32312.59242
  W        14   73.90638   72.51909   -0.09362    1.86404      -32312.66121
  W        15   73.94685   72.55956   -0.05315    1.81356      -32312.61859
  W        16   73.94629   72.55899   -0.05371    1.82421      -32312.63766
  W        17   73.96589   72.57859   -0.03411    1.80274      -32312.62066
  W        18   73.97720   72.58990   -0.02280    1.79023      -32312.60953
  W        19   73.97569   72.58839   -0.02431    1.79410      -32312.61228
  W        20   73.91329   72.52599   -0.08671    1.84789      -32312.64210
  W        21   73.91795   72.53066   -0.08205    1.85703      -32312.65434
  W        22   73.96124   72.57395   -0.03876    1.79804      -32312.60610
  W        23   73.92778   72.54048   -0.07222    1.84401      -32312.65137
  W        24   73.95210   72.56480   -0.04790    1.81129      -32312.62007
  W        25   73.92405   72.53675   -0.07595    1.84532      -32312.64394
  W        26   73.99889   72.61160   -0.00111    1.77636      -32312.60208
  W        27   73.98456   72.59727   -0.01544    1.78670      -32312.61221
  W        28   73.97530   72.58801   -0.02470    1.79976      -32312.62501
  W        29   73.94845   72.56116   -0.05155    1.82114      -32312.62991
  W        30   74.02451   72.63721    0.02451    1.75796      -32312.60124
  W        31   73.95738   72.57009   -0.04262    1.80925      -32312.61749
  W        32   73.92400   72.53671   -0.07600    1.84152      -32312.63772
  Nb       33   41.00429   39.61700    0.00429    1.80526       -7632.72771
  Nb       34   40.99979   39.61250   -0.00021    1.80173       -7632.72745
  Nb       35   40.95526   39.56797   -0.04474    1.84720       -7632.75131
  Nb       36   41.03650   39.64921    0.03650    1.76533       -7632.70764
  Nb       37   40.98165   39.59435   -0.01835    1.82049       -7632.73966
  Nb       38   41.03742   39.65012    0.03742    1.76929       -7632.70753
  Nb       39   41.04350   39.65621    0.04350    1.76160       -7632.70348
  Nb       40   41.02407   39.63677    0.02407    1.77721       -7632.70572
  Nb       41   41.02672   39.63942    0.02672    1.78489       -7632.71160
  Nb       42   41.03890   39.65160    0.03890    1.76831       -7632.70879
  Nb       43   40.98384   39.59654   -0.01616    1.81439       -7632.73436
  Nb       44   41.07109   39.68380    0.07109    1.73758       -7632.67991
  Nb       45   40.97219   39.58489   -0.02781    1.82804       -7632.74540
  Nb       46   41.08585   39.69855    0.08585    1.72223       -7632.67471
  Nb       47   41.05318   39.66588    0.05318    1.75548       -7632.70251
  Nb       48   41.04405   39.65675    0.04405    1.76579       -7632.70765
  Nb       49   40.96372   39.57642   -0.03628    1.84122       -7632.74580
  Nb       50   40.91619   39.52889   -0.08381    1.88519       -7632.77540
  Nb       51   40.98787   39.60057   -0.01213    1.81560       -7632.73182
  Nb       52   40.96851   39.58121   -0.03149    1.82937       -7632.73756
  Nb       53   41.03730   39.65000    0.03730    1.76902       -7632.70709
  Nb       54   41.07534   39.68804    0.07534    1.73707       -7632.69013
  Nb       55   41.02578   39.63849    0.02578    1.78114       -7632.71174
  Nb       56   40.98471   39.59741   -0.01529    1.81909       -7632.73616
  Nb       57   41.06190   39.67461    0.06190    1.74811       -7632.69774
  Nb       58   40.95999   39.57270   -0.04001    1.84008       -7632.75171
  Nb       59   40.98123   39.59394   -0.01877    1.82348       -7632.73634
  Nb       60   41.00816   39.62087    0.00816    1.79683       -7632.72187
  Nb       61   40.99006   39.60276   -0.00994    1.81613       -7632.73015
  Nb       62   40.98514   39.59785   -0.01486    1.82260       -7632.73978
  Nb       63   40.94948   39.56218   -0.05052    1.84872       -7632.75585
  Nb       64   40.96807   39.58077   -0.03193    1.83523       -7632.74133
  Mo       65   42.21371   40.82641    0.21371    1.68271       -8090.67415
  Mo       66   42.16392   40.77662    0.16392    1.72891       -8090.69879
  Mo       67   42.15190   40.76460    0.15190    1.73766       -8090.70550
  Mo       68   42.14197   40.75467    0.14197    1.74928       -8090.70915
  Mo       69   42.26516   40.87786    0.26516    1.63683       -8090.65212
  Mo       70   42.13545   40.74815    0.13545    1.76222       -8090.71894
  Mo       71   42.15691   40.76962    0.15691    1.72935       -8090.69822
  Mo       72   42.15736   40.77006    0.15736    1.73802       -8090.70720
  Mo       73   42.25846   40.87117    0.25846    1.64488       -8090.65316
  Mo       74   42.12602   40.73872    0.12602    1.76024       -8090.71190
  Mo       75   42.16373   40.77644    0.16373    1.72816       -8090.69500
  Mo       76   42.19072   40.80343    0.19072    1.70614       -8090.69003
  Mo       77   42.15249   40.76519    0.15249    1.74972       -8090.71614
  Mo       78   42.20101   40.81371    0.20101    1.69246       -8090.67822
  Mo       79   42.17285   40.78555    0.17285    1.72087       -8090.69531
  Mo       80   42.16175   40.77445    0.16175    1.73807       -8090.70742
  Mo       81   42.11941   40.73211    0.11941    1.76306       -8090.71363
  Mo       82   42.13275   40.74546    0.13275    1.75844       -8090.71041
  Mo       83   42.21019   40.82290    0.21019    1.68732       -8090.67575
  Mo       84   42.21324   40.82594    0.21324    1.68159       -8090.67537
  Mo       85   42.19831   40.81102    0.19831    1.68899       -8090.67370
  Mo       86   42.13980   40.75251    0.13980    1.75021       -8090.70614
  Mo       87   42.16630   40.77901    0.16630    1.73142       -8090.69881
  Mo       88   42.15096   40.76366    0.15096    1.74229       -8090.71052
  Mo       89   42.10452   40.71723    0.10452    1.78302       -8090.73050
  Mo       90   42.15117   40.76387    0.15117    1.73628       -8090.70166
  Mo       91   42.23492   40.84763    0.23492    1.66346       -8090.66151
  Mo       92   42.21377   40.82647    0.21377    1.68278       -8090.67619
  Mo       93   42.17320   40.78590    0.17320    1.71432       -8090.68908
  Mo       94   42.19584   40.80854    0.19584    1.70019       -8090.68374
  Mo       95   42.16354   40.77625    0.16354    1.72580       -8090.69794
  Mo       96   42.16098   40.77368    0.16098    1.73713       -8090.70081
  Ta       97   72.84199   71.45470   -0.15801    1.87412      -31233.08161
  Ta       98   72.94645   71.55915   -0.05355    1.77821      -31233.01943
  Ta       99   72.90016   71.51287   -0.09984    1.81416      -31233.04797
  Ta      100   72.81822   71.43093   -0.18178    1.89108      -31233.08438
  Ta      101   72.88654   71.49925   -0.11346    1.83315      -31233.06156
  Ta      102   72.86971   71.48241   -0.13029    1.84811      -31233.06655
  Ta      103   72.89986   71.51257   -0.10014    1.81884      -31233.05080
  Ta      104   72.78951   71.40221   -0.21049    1.91712      -31233.10713
  Ta      105   72.82649   71.43920   -0.17351    1.88923      -31233.09380
  Ta      106   72.84657   71.45928   -0.15343    1.87290      -31233.08420
  Ta      107   72.80828   71.42098   -0.19172    1.89963      -31233.09030
  Ta      108   72.90218   71.51489   -0.09782    1.81686      -31233.03583
  Ta      109   72.91063   71.52333   -0.08937    1.80712      -31233.04606
  Ta      110   72.85557   71.46828   -0.14443    1.85417      -31233.07513
  Ta      111   72.81823   71.43094   -0.18177    1.88228      -31233.08661
  Ta      112   72.87742   71.49013   -0.12258    1.83821      -31233.06323
  Ta      113   72.93325   71.54595   -0.06675    1.78838      -31233.02286
  Ta      114   72.87271   71.48542   -0.12729    1.84863      -31233.06708
  Ta      115   72.86044   71.47315   -0.13956    1.85332      -31233.07001
  Ta      116   72.80963   71.42234   -0.19037    1.89534      -31233.09281
  Ta      117   72.81720   71.42990   -0.18280    1.89367      -31233.09352
  Ta      118   72.89195   71.50465   -0.10805    1.82638      -31233.04566
  Ta      119   72.86706   71.47976   -0.13294    1.84282      -31233.05548
  Ta      120   72.97921   71.59191   -0.02079    1.74712      -31233.00301
  Ta      121   72.91223   71.52493   -0.08777    1.80838      -31233.04285
  Ta      122   72.85817   71.47087   -0.14183    1.84807      -31233.06447
  Ta      123   72.88083   71.49353   -0.11917    1.83522      -31233.06074
  Ta      124   72.93032   71.54303   -0.06968    1.79453      -31233.03068
  Ta      125   72.91805   71.53076   -0.08195    1.79437      -31233.03625
  Ta      126   72.80260   71.41531   -0.19740    1.90830      -31233.10145
  Ta      127   72.92143   71.53413   -0.07857    1.80178      -31233.03590
  Ta      128   72.93021   71.54292   -0.06979    1.79533      -31233.03057
