System Description            : WNbMoTaV, BCC structure                         
Number of Atoms in Unit Cell  : 20                                              
Number of Atomic Species      : 5                                               
Number of Atoms in Each Type  : 4(W), 4(Nb), 4(Mo), 4(Ta), 4(V)                 
Energy Offset                 : -16231                                          
=======================================================================================
    Iter     Energy      3PV     Efermi   Rms_rho    Rms_pot   Mix  Alg  Alpha 
---------------------------------------------------------------------------------------
**       1  -0.850010  1839.009  0.58766  0.140E+01  0.205E+00  pot  B   0.1000
         2  -0.961943  1816.906  0.60368  0.785E-02  0.517E+00  pot  B   0.1000
         3  -1.234532  1812.314  0.59898  0.255E-02  0.299E+00  pot  B   0.1000
         4  -1.228607  1802.221  0.60831  0.363E-02  0.437E+00  pot  B   0.1000
         5  -1.465445  1790.778  0.61521  0.377E-02  0.110E+00  pot  B   0.1000
         6  -1.660859  1751.609  0.62427  0.130E-01  0.146E+00  pot  B   0.1000
         7  -1.704725  1735.450  0.63273  0.566E-02  0.906E-01  pot  B   0.1000
         8  -1.722912  1728.893  0.63664  0.274E-02  0.354E-01  pot  B   0.1000
         9  -1.737967  1722.399  0.63848  0.311E-02  0.502E-01  pot  B   0.1000
        10  -1.754481  1712.577  0.64082  0.513E-02  0.168E-01  pot  B   0.1000
        11  -1.757099  1707.557  0.64240  0.282E-02  0.121E-01  pot  B   0.1000
        12  -1.757379  1707.414  0.64331  0.192E-03  0.734E-02  pot  B   0.1000
        13  -1.757562  1707.238  0.64441  0.241E-03  0.469E-02  pot  B   0.1000
        14  -1.757826  1706.920  0.64679  0.515E-03  0.393E-02  pot  B   0.1000
        15  -1.757869  1706.842  0.64831  0.241E-03  0.997E-03  pot  B   0.1000
        16  -1.757863  1706.778  0.64875  0.852E-04  0.880E-03  pot  B   0.1000
        17  -1.757865  1706.782  0.64887  0.374E-04  0.632E-03  pot  B   0.1000
        18  -1.757867  1706.861  0.64898  0.702E-04  0.345E-03  pot  B   0.1000
        19  -1.757867  1706.865  0.64902  0.154E-04  0.118E-03  pot  B   0.1000
        20  -1.757867  1706.842  0.64905  0.124E-04  0.177E-03  pot  B   0.1000
        21  -1.757868  1706.814  0.64909  0.104E-04  0.107E-03  pot  B   0.1000
        22  -1.757868  1706.802  0.64911  0.428E-05  0.458E-04  pot  B   0.1000
        23  -1.757868  1706.800  0.64912  0.129E-05  0.563E-04  pot  B   0.1000
        24  -1.757868  1706.806  0.64913  0.308E-05  0.358E-04  pot  B   0.1000
        25  -1.757868  1706.811  0.64914  0.243E-05  0.143E-04  pot  B   0.1000
        26  -1.757868  1706.812  0.64914  0.487E-06  0.124E-04  pot  B   0.1000
        27  -1.757868  1706.814  0.64914  0.716E-06  0.113E-04  pot  B   0.1000
        28  -1.757868  1706.815  0.64914  0.624E-06  0.585E-05  pot  B   0.1000
        29  -1.757868  1706.815  0.64914  0.625E-06  0.482E-05  pot  B   0.1000
        30  -1.757868  1706.815  0.64915  0.772E-07  0.254E-05  pot  B   0.1000
        31  -1.757868  1706.815  0.64915  0.803E-07  0.204E-05  pot  B   0.1000
        32  -1.757868  1706.815  0.64915  0.456E-07  0.108E-05  pot  B   0.1000
        33  -1.757868  1706.816  0.64915  0.284E-07  0.113E-05  pot  B   0.1000
        34  -1.757868  1706.815  0.64915  0.312E-07  0.559E-06  pot  B   0.1000
        35  -1.757868  1706.815  0.64915  0.301E-07  0.511E-06  pot  B   0.1000
        36  -1.757868  1706.815  0.64915  0.808E-08  0.227E-06  pot  B   0.1000
        37  -1.757868  1706.815  0.64915  0.911E-08  0.189E-06  pot  B   0.1000
        38  -1.757868  1706.815  0.64915  0.117E-07  0.178E-06  pot  B   0.1000
        39  -1.757868  1706.815  0.64915  0.420E-08  0.205E-06  pot  B   0.1000
        40  -1.757868  1706.815  0.64915  0.623E-08  0.895E-07  pot  B   0.1000
        41  -1.757868  1706.815  0.64915  0.173E-08  0.264E-07  pot  B   0.1000
        42  -1.757868  1706.815  0.64915  0.186E-08  0.127E-07  pot  B   0.1000
        43  -1.757868  1706.815  0.64915  0.100E-08  0.163E-07  pot  B   0.1000
        44  -1.757868  1706.815  0.64915  0.365E-09  0.118E-07  pot  B   0.1000
        45  -1.757868  1706.815  0.64915  0.461E-09  0.654E-08  pot  B   0.1000
**      46  -1.757868  1706.815  0.64915  0.456E-12  0.654E-08  pot  B   0.1000
