 Atom   Index      Q          Qmt        dQ        Vmad        Local Energy
  W         1   73.96632   72.66533   -0.03368    1.62664      -32312.42744
  W         2   73.77850   72.47750   -0.22150    1.81900      -32312.54432
  W         3   73.95455   72.65355   -0.04545    1.63118      -32312.40713
  W         4   73.93761   72.63661   -0.06239    1.64411      -32312.43235
  W         5   74.05979   72.75879    0.05979    1.53251      -32312.36687
  W         6   73.70321   72.40222   -0.29679    1.88860      -32312.58947
  W         7   73.86376   72.56276   -0.13624    1.73231      -32312.49049
  W         8   73.88930   72.58830   -0.11070    1.70314      -32312.46865
  W         9   73.79270   72.49171   -0.20730    1.80078      -32312.52924
  W        10   73.89425   72.59326   -0.10575    1.69312      -32312.46587
  W        11   73.91641   72.61542   -0.08359    1.67226      -32312.45281
  W        12   73.86269   72.56169   -0.13731    1.73397      -32312.48732
  W        13   73.85560   72.55460   -0.14440    1.74217      -32312.50174
  W        14   73.88461   72.58362   -0.11539    1.71705      -32312.49804
  W        15   73.71077   72.40977   -0.28923    1.88570      -32312.59639
  W        16   73.86950   72.56851   -0.13050    1.72660      -32312.49527
  W        17   73.81824   72.51725   -0.18176    1.77077      -32312.50533
  W        18   73.74543   72.44443   -0.25457    1.85090      -32312.57230
  W        19   73.84792   72.54692   -0.15208    1.74942      -32312.50905
  W        20   73.91272   72.61172   -0.08728    1.67889      -32312.45731
  W        21   73.78246   72.48146   -0.21754    1.81334      -32312.54425
  W        22   73.85899   72.55799   -0.14101    1.73551      -32312.49825
  W        23   74.07069   72.76970    0.07069    1.52733      -32312.37311
  W        24   73.92110   72.62011   -0.07890    1.66611      -32312.44748
  W        25   73.89199   72.59099   -0.10801    1.70347      -32312.47160
  W        26   73.95493   72.65394   -0.04507    1.63587      -32312.43493
  W        27   73.86046   72.55946   -0.13954    1.72843      -32312.47850
  W        28   73.70032   72.39932   -0.29968    1.89525      -32312.59950
  W        29   73.96480   72.66380   -0.03520    1.61896      -32312.40504
  W        30   73.88623   72.58524   -0.11377    1.70739      -32312.46660
  W        31   73.84963   72.54863   -0.15037    1.73154      -32312.48261
  W        32   73.76285   72.46186   -0.23715    1.82837      -32312.54360
  W        33   73.90545   72.60446   -0.09455    1.68824      -32312.46418
  W        34   73.88804   72.58704   -0.11196    1.70885      -32312.48035
  W        35   73.65963   72.35863   -0.34037    1.92718      -32312.60584
  W        36   73.88861   72.58762   -0.11139    1.69939      -32312.46443
  W        37   73.79263   72.49164   -0.20737    1.80105      -32312.53135
  W        38   73.92412   72.62313   -0.07588    1.66948      -32312.45586
  W        39   73.78181   72.48082   -0.21819    1.80646      -32312.52440
  W        40   73.81003   72.50904   -0.18997    1.78976      -32312.53280
  W        41   73.97752   72.67653   -0.02248    1.61006      -32312.40373
  W        42   73.83016   72.52916   -0.16984    1.76154      -32312.50991
  W        43   73.99409   72.69309   -0.00591    1.59559      -32312.40251
  W        44   73.85606   72.55506   -0.14394    1.73948      -32312.49377
  W        45   73.80734   72.50635   -0.19266    1.77507      -32312.50275
  W        46   73.76374   72.46274   -0.23626    1.82787      -32312.55108
  W        47   73.86048   72.55949   -0.13952    1.72715      -32312.47884
  W        48   73.99028   72.68928   -0.00972    1.59935      -32312.39878
  W        49   73.64065   72.33966   -0.35935    1.96303      -32312.64299
  W        50   74.05911   72.75811    0.05911    1.54251      -32312.38245
  W        51   73.86344   72.56244   -0.13656    1.72760      -32312.48683
  W        52   73.74973   72.44874   -0.25027    1.84057      -32312.56130
  W        53   73.88794   72.58694   -0.11206    1.71037      -32312.49001
  W        54   74.01707   72.71608    0.01707    1.57038      -32312.38149
  W        55   73.81395   72.51295   -0.18605    1.78347      -32312.52052
  W        56   73.80127   72.50028   -0.19873    1.79940      -32312.53824
  W        57   73.91055   72.60955   -0.08945    1.68808      -32312.45573
  W        58   73.62044   72.31944   -0.37956    1.97299      -32312.64108
  W        59   73.89012   72.58913   -0.10988    1.70432      -32312.47849
  W        60   73.73083   72.42984   -0.26917    1.86376      -32312.57206
  W        61   73.70958   72.40858   -0.29042    1.88174      -32312.57850
  W        62   73.96523   72.66423   -0.03477    1.62956      -32312.43022
  W        63   73.88960   72.58860   -0.11040    1.70673      -32312.48381
  W        64   73.93580   72.63480   -0.06420    1.65746      -32312.45018
  Nb       65   40.78482   39.48382   -0.21518    1.84012       -7632.65167
  Nb       66   40.84073   39.53974   -0.15927    1.78519       -7632.62129
  Nb       67   40.94551   39.64452   -0.05449    1.67681       -7632.55991
  Nb       68   40.84429   39.54330   -0.15571    1.78085       -7632.61163
  Nb       69   40.76505   39.46405   -0.23495    1.86171       -7632.66609
  Nb       70   40.78087   39.47988   -0.21913    1.84366       -7632.65117
  Nb       71   40.91061   39.60961   -0.08939    1.72273       -7632.58601
  Nb       72   40.72899   39.42799   -0.27101    1.89978       -7632.69505
  Nb       73   41.01307   39.71207    0.01307    1.60913       -7632.51268
  Nb       74   40.98721   39.68621   -0.01279    1.63596       -7632.53356
  Nb       75   40.85378   39.55279   -0.14622    1.76791       -7632.60119
  Nb       76   40.91753   39.61654   -0.08247    1.70577       -7632.58243
  Nb       77   40.93015   39.62915   -0.06985    1.70304       -7632.58144
  Nb       78   40.85036   39.54936   -0.14964    1.77733       -7632.62171
  Nb       79   40.77580   39.47480   -0.22420    1.85666       -7632.67390
  Nb       80   40.76031   39.45932   -0.23969    1.86342       -7632.67510
  Nb       81   40.94834   39.64734   -0.05166    1.67949       -7632.55713
  Nb       82   40.93561   39.63462   -0.06439    1.68639       -7632.55864
  Nb       83   40.79293   39.49194   -0.20707    1.83318       -7632.65482
  Nb       84   40.87605   39.57506   -0.12395    1.74586       -7632.59140
  Nb       85   41.12676   39.82576    0.12676    1.50038       -7632.44520
  Nb       86   40.98233   39.68133   -0.01767    1.64235       -7632.54016
  Nb       87   40.94165   39.64065   -0.05835    1.68286       -7632.55284
  Nb       88   41.00052   39.69953    0.00052    1.62872       -7632.52713
  Nb       89   40.76072   39.45973   -0.23928    1.86815       -7632.67368
  Nb       90   40.90443   39.60344   -0.09557    1.72208       -7632.58118
  Nb       91   40.95162   39.65062   -0.04838    1.67147       -7632.54975
  Nb       92   40.83287   39.53188   -0.16713    1.79025       -7632.61545
  Nb       93   40.84196   39.54096   -0.15804    1.78615       -7632.61913
  Nb       94   41.00664   39.70564    0.00664    1.61577       -7632.51487
  Nb       95   40.82290   39.52190   -0.17710    1.79926       -7632.62494
  Nb       96   41.07136   39.77037    0.07136    1.55116       -7632.47981
  Nb       97   40.97196   39.67096   -0.02804    1.65685       -7632.54349
  Nb       98   40.93563   39.63463   -0.06437    1.68752       -7632.56192
  Nb       99   40.79784   39.49684   -0.20216    1.82373       -7632.63937
  Nb      100   40.87182   39.57083   -0.12818    1.75063       -7632.59969
  Nb      101   40.92033   39.61933   -0.07967    1.71084       -7632.57914
  Nb      102   40.92963   39.62864   -0.07037    1.69680       -7632.57128
  Nb      103   40.99617   39.69517   -0.00383    1.63008       -7632.52672
  Nb      104   40.96624   39.66524   -0.03376    1.65721       -7632.54330
  Nb      105   40.93996   39.63896   -0.06004    1.68836       -7632.56417
  Nb      106   40.98417   39.68317   -0.01583    1.63443       -7632.52925
  Nb      107   41.04749   39.74650    0.04749    1.57845       -7632.49446
  Nb      108   40.91030   39.60930   -0.08970    1.71448       -7632.58771
  Nb      109   40.99056   39.68956   -0.00944    1.63123       -7632.51659
  Nb      110   40.92954   39.62854   -0.07046    1.69732       -7632.56374
  Nb      111   40.83788   39.53689   -0.16212    1.78533       -7632.61245
  Nb      112   40.88879   39.58780   -0.11121    1.73906       -7632.59427
  Nb      113   40.91825   39.61726   -0.08175    1.70236       -7632.57802
  Nb      114   40.82780   39.52680   -0.17220    1.80160       -7632.63049
  Nb      115   40.82563   39.52463   -0.17437    1.79965       -7632.63215
  Nb      116   40.74748   39.44649   -0.25252    1.87307       -7632.66542
  Nb      117   40.73910   39.43811   -0.26090    1.88746       -7632.69418
  Nb      118   41.01225   39.71125    0.01225    1.61239       -7632.51117
  Nb      119   40.72895   39.42796   -0.27105    1.90005       -7632.69823
  Nb      120   40.93547   39.63448   -0.06453    1.68780       -7632.54717
  Nb      121   40.69093   39.38994   -0.30907    1.93502       -7632.71240
  Nb      122   40.75932   39.45833   -0.24068    1.86651       -7632.67170
  Nb      123   40.65598   39.35499   -0.34402    1.97069       -7632.72865
  Nb      124   40.89835   39.59735   -0.10165    1.72946       -7632.59568
  Nb      125   40.87973   39.57873   -0.12027    1.74378       -7632.60928
  Nb      126   40.92829   39.62729   -0.07171    1.69530       -7632.56910
  Nb      127   40.92748   39.62648   -0.07252    1.69655       -7632.56814
  Nb      128   41.00034   39.69935    0.00034    1.62358       -7632.52586
  Mo      129   42.00142   40.70043    0.00142    1.71665       -8090.60196
  Mo      130   42.11815   40.81715    0.11815    1.60402       -8090.53935
  Mo      131   42.10480   40.80380    0.10480    1.60704       -8090.52973
  Mo      132   41.96733   40.66634   -0.03267    1.75386       -8090.62524
  Mo      133   42.13376   40.83276    0.13376    1.57899       -8090.51825
  Mo      134   42.03319   40.73220    0.03319    1.68507       -8090.58167
  Mo      135   41.86333   40.56234   -0.13667    1.86324       -8090.69156
  Mo      136   42.22321   40.92221    0.22321    1.48462       -8090.46103
  Mo      137   41.98317   40.68218   -0.01683    1.73917       -8090.61346
  Mo      138   41.87074   40.56974   -0.12926    1.84838       -8090.67223
  Mo      139   42.05136   40.75036    0.05136    1.66727       -8090.57267
  Mo      140   42.14275   40.84176    0.14275    1.57730       -8090.52127
  Mo      141   42.16609   40.86510    0.16609    1.54926       -8090.49900
  Mo      142   42.15303   40.85203    0.15303    1.56522       -8090.51414
  Mo      143   42.13287   40.83187    0.13287    1.57825       -8090.51571
  Mo      144   42.20142   40.90043    0.20142    1.51576       -8090.49062
  Mo      145   42.16688   40.86588    0.16688    1.54925       -8090.51326
  Mo      146   42.00878   40.70779    0.00878    1.70697       -8090.59935
  Mo      147   42.05803   40.75703    0.05803    1.66213       -8090.57107
  Mo      148   42.12274   40.82175    0.12274    1.58988       -8090.51065
  Mo      149   42.08845   40.78745    0.08845    1.62873       -8090.54488
  Mo      150   42.11260   40.81160    0.11260    1.60560       -8090.53714
  Mo      151   41.85931   40.55831   -0.14069    1.86530       -8090.68679
  Mo      152   41.97137   40.67037   -0.02863    1.74017       -8090.60352
  Mo      153   42.04563   40.74463    0.04563    1.66809       -8090.57657
  Mo      154   41.92764   40.62665   -0.07236    1.79825       -8090.65662
  Mo      155   41.93916   40.63816   -0.06084    1.77834       -8090.63575
  Mo      156   42.05893   40.75793    0.05893    1.66771       -8090.58511
  Mo      157   42.21869   40.91769    0.21869    1.49235       -8090.46536
  Mo      158   42.05252   40.75152    0.05252    1.65887       -8090.55796
  Mo      159   42.12112   40.82013    0.12112    1.59677       -8090.53518
  Mo      160   42.18947   40.88847    0.18947    1.53109       -8090.48938
  Mo      161   42.20212   40.90112    0.20212    1.51283       -8090.47435
  Mo      162   42.12964   40.82864    0.12964    1.59622       -8090.54011
  Mo      163   41.96469   40.66369   -0.03531    1.75199       -8090.61758
  Mo      164   42.04376   40.74277    0.04376    1.67681       -8090.58700
  Mo      165   42.04835   40.74736    0.04835    1.67478       -8090.57686
  Mo      166   42.16484   40.86384    0.16484    1.55415       -8090.50458
  Mo      167   42.07112   40.77012    0.07112    1.65013       -8090.56367
  Mo      168   42.15451   40.85351    0.15451    1.56480       -8090.50277
  Mo      169   42.10679   40.80579    0.10679    1.60809       -8090.52811
  Mo      170   41.93853   40.63754   -0.06147    1.79117       -8090.65659
  Mo      171   42.03225   40.73125    0.03225    1.69327       -8090.59694
  Mo      172   42.15558   40.85459    0.15558    1.56370       -8090.50495
  Mo      173   42.15683   40.85583    0.15683    1.55513       -8090.50893
  Mo      174   42.01008   40.70908    0.01008    1.70382       -8090.58611
  Mo      175   42.01283   40.71183    0.01283    1.71040       -8090.60181
  Mo      176   41.97789   40.67690   -0.02211    1.73917       -8090.61862
  Mo      177   42.20073   40.89973    0.20073    1.51298       -8090.47980
  Mo      178   42.16230   40.86130    0.16230    1.55260       -8090.50344
  Mo      179   42.16149   40.86049    0.16149    1.55214       -8090.50201
  Mo      180   42.03451   40.73351    0.03451    1.68993       -8090.59636
  Mo      181   41.98090   40.67991   -0.01910    1.73417       -8090.61007
  Mo      182   42.31322   41.01223    0.31322    1.40244       -8090.42368
  Mo      183   42.03348   40.73249    0.03348    1.68779       -8090.58829
  Mo      184   42.09705   40.79606    0.09705    1.62799       -8090.55181
  Mo      185   42.16504   40.86404    0.16504    1.55137       -8090.50190
  Mo      186   41.94154   40.64054   -0.05846    1.78514       -8090.64438
  Mo      187   41.96257   40.66157   -0.03743    1.75550       -8090.62513
  Mo      188   42.01002   40.70902    0.01002    1.70290       -8090.58075
  Mo      189   42.04432   40.74332    0.04432    1.67280       -8090.57822
  Mo      190   42.18485   40.88385    0.18485    1.53191       -8090.49233
  Mo      191   42.11230   40.81131    0.11230    1.60812       -8090.53856
  Mo      192   42.17525   40.87425    0.17525    1.53404       -8090.48313
  Ta      193   72.79974   71.49874   -0.20026    1.73368      -31232.91150
  Ta      194   72.65237   71.35137   -0.34763    1.87372      -31232.98373
  Ta      195   72.91297   71.61197   -0.08703    1.62505      -31232.82812
  Ta      196   72.78820   71.48720   -0.21180    1.74247      -31232.90569
  Ta      197   72.57820   71.27721   -0.42180    1.95848      -31233.05234
  Ta      198   72.81153   71.51054   -0.18847    1.72104      -31232.89472
  Ta      199   72.71207   71.41107   -0.28793    1.81774      -31232.94620
  Ta      200   72.58845   71.28746   -0.41155    1.94562      -31233.03324
  Ta      201   72.65273   71.35174   -0.34727    1.88350      -31232.99190
  Ta      202   72.79977   71.49877   -0.20023    1.73278      -31232.90418
  Ta      203   72.68380   71.38280   -0.31620    1.83844      -31232.95349
  Ta      204   72.66297   71.36197   -0.33703    1.86202      -31232.97956
  Ta      205   72.78054   71.47954   -0.21946    1.75391      -31232.90630
  Ta      206   72.69843   71.39743   -0.30157    1.83354      -31232.95923
  Ta      207   72.79362   71.49262   -0.20638    1.73530      -31232.90172
  Ta      208   72.74893   71.44793   -0.25107    1.79243      -31232.94334
  Ta      209   72.92695   71.62596   -0.07305    1.60659      -31232.82210
  Ta      210   72.79445   71.49346   -0.20555    1.74502      -31232.91226
  Ta      211   72.78199   71.48099   -0.21801    1.75854      -31232.91291
  Ta      212   72.74015   71.43916   -0.25985    1.79008      -31232.92360
  Ta      213   72.75688   71.45589   -0.24312    1.77892      -31232.93175
  Ta      214   72.69186   71.39086   -0.30814    1.84703      -31232.97701
  Ta      215   72.70795   71.40695   -0.29205    1.82453      -31232.95593
  Ta      216   72.80111   71.50011   -0.19889    1.73482      -31232.89590
  Ta      217   72.87360   71.57260   -0.12640    1.65321      -31232.84393
  Ta      218   72.67203   71.37104   -0.32797    1.85665      -31232.98444
  Ta      219   72.68566   71.38467   -0.31434    1.85380      -31232.97313
  Ta      220   72.63043   71.32944   -0.36957    1.89725      -31233.00336
  Ta      221   72.72658   71.42558   -0.27342    1.81106      -31232.95651
  Ta      222   72.80827   71.50728   -0.19173    1.72174      -31232.89022
  Ta      223   72.76965   71.46865   -0.23035    1.76374      -31232.92384
  Ta      224   72.83361   71.53261   -0.16639    1.69989      -31232.87947
  Ta      225   72.89323   71.59224   -0.10677    1.64325      -31232.84566
  Ta      226   72.65510   71.35410   -0.34490    1.88318      -31232.99799
  Ta      227   72.75630   71.45530   -0.24370    1.77591      -31232.93343
  Ta      228   72.92402   71.62302   -0.07598    1.61196      -31232.82060
  Ta      229   72.76157   71.46057   -0.23843    1.77210      -31232.92438
  Ta      230   72.89286   71.59187   -0.10714    1.64648      -31232.85122
  Ta      231   72.66179   71.36079   -0.33821    1.87642      -31233.00811
  Ta      232   72.80748   71.50649   -0.19252    1.72634      -31232.89083
  Ta      233   72.85417   71.55318   -0.14583    1.68509      -31232.88320
  Ta      234   72.92602   71.62503   -0.07398    1.60815      -31232.81730
  Ta      235   72.70946   71.40847   -0.29054    1.83181      -31232.97173
  Ta      236   72.61972   71.31872   -0.38028    1.90878      -31233.01334
  Ta      237   72.84182   71.54082   -0.15818    1.69353      -31232.87771
  Ta      238   72.55257   71.25158   -0.44743    1.97887      -31233.06070
  Ta      239   72.77008   71.46909   -0.22992    1.76845      -31232.94294
  Ta      240   72.85545   71.55446   -0.14455    1.67680      -31232.87102
  Ta      241   72.91190   71.61090   -0.08810    1.62401      -31232.84742
  Ta      242   72.76113   71.46013   -0.23887    1.76615      -31232.91508
  Ta      243   72.86421   71.56322   -0.13579    1.67538      -31232.87112
  Ta      244   72.84037   71.53937   -0.15963    1.68459      -31232.86351
  Ta      245   72.61432   71.31333   -0.38568    1.92616      -31233.02262
  Ta      246   72.70726   71.40627   -0.29274    1.81638      -31232.96094
  Ta      247   72.83770   71.53671   -0.16230    1.69349      -31232.88297
  Ta      248   72.74833   71.44734   -0.25167    1.78094      -31232.92727
  Ta      249   72.88103   71.58004   -0.11897    1.65658      -31232.86150
  Ta      250   72.58229   71.28129   -0.41771    1.94622      -31233.03108
  Ta      251   72.58573   71.28473   -0.41427    1.93717      -31233.02020
  Ta      252   72.79579   71.49480   -0.20421    1.73318      -31232.90314
  Ta      253   72.63959   71.33859   -0.36041    1.89283      -31232.99484
  Ta      254   72.75138   71.45039   -0.24862    1.78073      -31232.92970
  Ta      255   72.79860   71.49760   -0.20140    1.73571      -31232.90292
  Ta      256   72.79728   71.49628   -0.20272    1.74002      -31232.90479
  V       257   23.39827   22.09728    0.39827    1.54907       -1895.22071
  V       258   23.35874   22.05775    0.35874    1.59074       -1895.26311
  V       259   23.48265   22.18165    0.48265    1.45581       -1895.17337
  V       260   23.35309   22.05210    0.35309    1.60336       -1895.26827
  V       261   23.48738   22.18639    0.48738    1.45919       -1895.18355
  V       262   23.41324   22.11224    0.41324    1.53569       -1895.22420
  V       263   23.40069   22.09969    0.40069    1.54483       -1895.21454
  V       264   23.52727   22.22627    0.52727    1.41778       -1895.15138
  V       265   23.55772   22.25673    0.55772    1.38785       -1895.16243
  V       266   23.51851   22.21752    0.51851    1.42286       -1895.16712
  V       267   23.38543   22.08443    0.38543    1.56809       -1895.22979
  V       268   23.54468   22.24368    0.54468    1.39742       -1895.14265
  V       269   23.34369   22.04269    0.34369    1.60507       -1895.26312
  V       270   23.33768   22.03669    0.33768    1.61466       -1895.27595
  V       271   23.52552   22.22453    0.52552    1.41352       -1895.14086
  V       272   23.40016   22.09917    0.40016    1.54840       -1895.24460
  V       273   23.37004   22.06905    0.37004    1.58038       -1895.25521
  V       274   23.50518   22.20418    0.50518    1.43776       -1895.16697
  V       275   23.49247   22.19147    0.49247    1.45038       -1895.15852
  V       276   23.44881   22.14781    0.44881    1.49571       -1895.19957
  V       277   23.40920   22.10821    0.40920    1.54280       -1895.23641
  V       278   23.52213   22.22113    0.52213    1.42905       -1895.16216
  V       279   23.33690   22.03590    0.33690    1.61441       -1895.26867
  V       280   23.36847   22.06748    0.36847    1.58666       -1895.26344
  V       281   23.47398   22.17299    0.47398    1.46763       -1895.18238
  V       282   23.28696   21.98597    0.28696    1.66609       -1895.28658
  V       283   23.22282   21.92182    0.22282    1.73585       -1895.35254
  V       284   23.41280   22.11180    0.41280    1.53564       -1895.22031
  V       285   23.22417   21.92317    0.22417    1.73134       -1895.32497
  V       286   23.34382   22.04282    0.34382    1.61275       -1895.28270
  V       287   23.39837   22.09737    0.39837    1.55034       -1895.22705
  V       288   23.46906   22.16806    0.46906    1.48151       -1895.20060
  V       289   23.34602   22.04503    0.34602    1.60660       -1895.26645
  V       290   23.53036   22.22937    0.53036    1.41667       -1895.16517
  V       291   23.36779   22.06679    0.36779    1.58355       -1895.25906
  V       292   23.36777   22.06678    0.36777    1.58195       -1895.25928
  V       293   23.43262   22.13162    0.43262    1.51382       -1895.23023
  V       294   23.27247   21.97147    0.27247    1.68053       -1895.30880
  V       295   23.46905   22.16805    0.46905    1.46967       -1895.17271
  V       296   23.34786   22.04686    0.34786    1.60693       -1895.27022
  V       297   23.55098   22.24998    0.55098    1.39079       -1895.14645
  V       298   23.44349   22.14249    0.44349    1.49983       -1895.19473
  V       299   23.48475   22.18375    0.48475    1.46551       -1895.19170
  V       300   23.55212   22.25112    0.55212    1.39741       -1895.15834
  V       301   23.21856   21.91756    0.21856    1.74432       -1895.34881
  V       302   23.49217   22.19118    0.49217    1.45160       -1895.18063
  V       303   23.43980   22.13880    0.43980    1.50543       -1895.21345
  V       304   23.43354   22.13254    0.43354    1.51750       -1895.21117
  V       305   23.45141   22.15042    0.45141    1.49531       -1895.21098
  V       306   23.23458   21.93358    0.23458    1.72324       -1895.33408
  V       307   23.51635   22.21536    0.51635    1.42723       -1895.15185
  V       308   23.59930   22.29831    0.59930    1.34200       -1895.12502
  V       309   23.35223   22.05123    0.35223    1.59460       -1895.26770
  V       310   23.43496   22.13396    0.43496    1.50935       -1895.20506
  V       311   23.46083   22.15983    0.46083    1.48381       -1895.18530
  V       312   23.41338   22.11238    0.41338    1.53594       -1895.22920
  V       313   23.35743   22.05644    0.35743    1.58943       -1895.24493
  V       314   23.21959   21.91860    0.21959    1.74367       -1895.34756
  V       315   23.49837   22.19737    0.49837    1.44384       -1895.16933
  V       316   23.49855   22.19756    0.49855    1.45217       -1895.17229
  V       317   23.44653   22.14553    0.44653    1.50460       -1895.20247
  V       318   23.45608   22.15509    0.45608    1.49005       -1895.20620
  V       319   23.36527   22.06427    0.36527    1.58356       -1895.23795
  V       320   23.46146   22.16047    0.46146    1.47999       -1895.18402
