System Description            : WNbMoTaTi, BCC structure                        
Number of Atoms in Unit Cell  : 20                                              
Number of Atomic Species      : 5                                               
Number of Atoms in Each Type  : 4(W), 4(Nb), 4(Mo), 4(Ta), 4(Ti)                
Energy Offset                 : -16193                                          
=======================================================================================
    Iter     Energy      3PV     Efermi   Rms_rho    Rms_pot   Mix  Alg  Alpha 
---------------------------------------------------------------------------------------
**       1  -0.720428  1840.191  0.50778  0.140E+01  0.174E+00  pot  B   0.1000
         2  -1.057831  1815.694  0.58937  0.753E-02  0.366E+00  pot  B   0.1000
         3  -1.043045  1811.079  0.57496  0.192E-02  0.344E+00  pot  B   0.1000
         4  -1.138470  1798.415  0.58414  0.446E-02  0.382E+00  pot  B   0.1000
         5  -1.346893  1776.625  0.59754  0.713E-02  0.291E+00  pot  B   0.1000
         6  -1.500942  1753.911  0.61516  0.756E-02  0.157E+00  pot  B   0.1000
         7  -1.556525  1732.668  0.62833  0.735E-02  0.914E-01  pot  B   0.1000
         8  -1.573505  1726.266  0.63568  0.286E-02  0.452E-01  pot  B   0.1000
         9  -1.591302  1717.084  0.64392  0.466E-02  0.465E-01  pot  B   0.1000
        10  -1.598066  1712.079  0.64855  0.254E-02  0.316E-01  pot  B   0.1000
        11  -1.601858  1707.125  0.65280  0.291E-02  0.137E-01  pot  B   0.1000
        12  -1.602052  1706.367  0.65390  0.564E-03  0.527E-02  pot  B   0.1000
        13  -1.602184  1706.220  0.65485  0.257E-03  0.553E-02  pot  B   0.1000
        14  -1.602291  1706.199  0.65585  0.250E-03  0.457E-02  pot  B   0.1000
        15  -1.602372  1706.144  0.65711  0.261E-03  0.114E-02  pot  B   0.1000
        16  -1.602375  1706.164  0.65762  0.820E-04  0.129E-02  pot  B   0.1000
        17  -1.602378  1706.158  0.65779  0.240E-04  0.394E-03  pot  B   0.1000
        18  -1.602383  1706.142  0.65803  0.336E-04  0.343E-03  pot  B   0.1000
        19  -1.602388  1706.156  0.65821  0.289E-04  0.151E-03  pot  B   0.1000
        20  -1.602388  1706.167  0.65826  0.108E-04  0.800E-04  pot  B   0.1000
        21  -1.602388  1706.180  0.65826  0.732E-05  0.657E-04  pot  B   0.1000
        22  -1.602388  1706.186  0.65826  0.365E-05  0.427E-04  pot  B   0.1000
        23  -1.602387  1706.187  0.65827  0.142E-05  0.196E-04  pot  B   0.1000
        24  -1.602387  1706.186  0.65827  0.117E-05  0.217E-04  pot  B   0.1000
        25  -1.602387  1706.184  0.65828  0.127E-05  0.200E-04  pot  B   0.1000
        26  -1.602387  1706.182  0.65828  0.634E-06  0.653E-05  pot  B   0.1000
        27  -1.602387  1706.182  0.65829  0.781E-06  0.320E-05  pot  B   0.1000
        28  -1.602387  1706.182  0.65829  0.189E-06  0.145E-05  pot  B   0.1000
        29  -1.602387  1706.182  0.65829  0.128E-06  0.131E-05  pot  B   0.1000
        30  -1.602387  1706.182  0.65829  0.291E-06  0.142E-05  pot  B   0.1000
        31  -1.602387  1706.182  0.65829  0.123E-06  0.539E-06  pot  B   0.1000
        32  -1.602387  1706.182  0.65829  0.685E-07  0.524E-06  pot  B   0.1000
        33  -1.602387  1706.183  0.65829  0.628E-07  0.303E-06  pot  B   0.1000
        34  -1.602387  1706.183  0.65829  0.328E-07  0.249E-06  pot  B   0.1000
        35  -1.602387  1706.183  0.65829  0.908E-08  0.117E-06  pot  B   0.1000
        36  -1.602387  1706.183  0.65829  0.978E-08  0.102E-06  pot  B   0.1000
        37  -1.602387  1706.183  0.65829  0.714E-08  0.114E-06  pot  B   0.1000
        38  -1.602387  1706.183  0.65829  0.401E-08  0.552E-07  pot  B   0.1000
        39  -1.602387  1706.183  0.65829  0.416E-08  0.369E-07  pot  B   0.1000
        40  -1.602387  1706.183  0.65829  0.456E-08  0.282E-07  pot  B   0.1000
        41  -1.602387  1706.183  0.65829  0.156E-08  0.110E-07  pot  B   0.1000
        42  -1.602387  1706.183  0.65829  0.106E-08  0.559E-08  pot  B   0.1000
**      43  -1.602387  1706.183  0.65829  0.459E-12  0.559E-08  pot  B   0.1000
