 Atom   Index      Q          Qmt        dQ        Vmad        Local Energy
  W         1   73.84952   72.54487   -0.15048    1.77418      -32312.54183
  W         2   73.93148   72.62683   -0.06852    1.68772      -32312.48348
  W         3   73.93302   72.62838   -0.06698    1.68741      -32312.49310
  W         4   73.84300   72.53835   -0.15700    1.77104      -32312.52795
  W         5   73.96028   72.65564   -0.03972    1.65293      -32312.45156
  W         6   73.84188   72.53724   -0.15812    1.77177      -32312.53280
  W         7   73.92127   72.61663   -0.07873    1.69188      -32312.48744
  W         8   73.93977   72.63513   -0.06023    1.67719      -32312.46433
  W         9   73.92452   72.61988   -0.07548    1.69085      -32312.47394
  W        10   73.89137   72.58672   -0.10863    1.71851      -32312.49213
  W        11   73.90390   72.59925   -0.09610    1.71102      -32312.49899
  W        12   73.74071   72.43606   -0.25929    1.88523      -32312.61264
  W        13   73.87408   72.56944   -0.12592    1.74391      -32312.51489
  W        14   73.82401   72.51936   -0.17599    1.79143      -32312.55457
  W        15   73.94898   72.64434   -0.05102    1.66688      -32312.46272
  W        16   73.94718   72.64254   -0.05282    1.67388      -32312.47802
  W        17   73.90011   72.59546   -0.09989    1.71482      -32312.50096
  W        18   74.01467   72.71002    0.01467    1.60425      -32312.43077
  W        19   73.93641   72.63177   -0.06359    1.67783      -32312.47689
  W        20   73.94667   72.64202   -0.05333    1.67953      -32312.49067
  W        21   73.94930   72.64466   -0.05070    1.66687      -32312.47329
  W        22   73.77283   72.46819   -0.22717    1.85966      -32312.60194
  W        23   73.93091   72.62627   -0.06909    1.69168      -32312.49082
  W        24   73.81238   72.50773   -0.18762    1.80564      -32312.55982
  W        25   73.93578   72.63113   -0.06422    1.68080      -32312.47555
  W        26   73.83192   72.52728   -0.16808    1.78194      -32312.54596
  W        27   73.94243   72.63779   -0.05757    1.66904      -32312.46690
  W        28   73.89632   72.59168   -0.10368    1.71845      -32312.49267
  W        29   73.82779   72.52315   -0.17221    1.78547      -32312.54349
  W        30   73.96142   72.65678   -0.03858    1.66952      -32312.48001
  W        31   73.93948   72.63484   -0.06052    1.67434      -32312.46406
  W        32   73.87447   72.56983   -0.12553    1.75462      -32312.53670
  Nb       33   41.05627   39.75163    0.05627    1.58883       -7632.51553
  Nb       34   40.95272   39.64808   -0.04728    1.69235       -7632.58324
  Nb       35   40.90132   39.59667   -0.09868    1.73890       -7632.61252
  Nb       36   40.95054   39.64590   -0.04946    1.69433       -7632.58874
  Nb       37   40.99955   39.69491   -0.00045    1.64823       -7632.55407
  Nb       38   40.86580   39.56116   -0.13420    1.77966       -7632.62998
  Nb       39   40.95491   39.65026   -0.04509    1.69578       -7632.58983
  Nb       40   40.92946   39.62482   -0.07054    1.72512       -7632.60677
  Nb       41   40.87347   39.56883   -0.12653    1.78345       -7632.64638
  Nb       42   40.90159   39.59695   -0.09841    1.74680       -7632.61114
  Nb       43   41.05358   39.74894    0.05358    1.59804       -7632.52715
  Nb       44   40.92348   39.61884   -0.07652    1.72333       -7632.59849
  Nb       45   40.86978   39.56514   -0.13022    1.78061       -7632.62411
  Nb       46   40.81340   39.50876   -0.18660    1.84058       -7632.67111
  Nb       47   40.87519   39.57055   -0.12481    1.77641       -7632.63138
  Nb       48   40.99886   39.69422   -0.00114    1.65453       -7632.55969
  Nb       49   40.88104   39.57640   -0.11896    1.77258       -7632.63404
  Nb       50   40.97968   39.67504   -0.02032    1.66930       -7632.56604
  Nb       51   40.95185   39.64721   -0.04815    1.69307       -7632.57149
  Nb       52   40.93065   39.62601   -0.06935    1.71399       -7632.60170
  Nb       53   40.99319   39.68855   -0.00681    1.65424       -7632.56187
  Nb       54   40.97099   39.66635   -0.02901    1.67383       -7632.56536
  Nb       55   40.97959   39.67494   -0.02041    1.66710       -7632.56200
  Nb       56   40.93382   39.62918   -0.06618    1.72024       -7632.60273
  Nb       57   41.02954   39.72490    0.02954    1.61974       -7632.54112
  Nb       58   40.85110   39.54646   -0.14890    1.79745       -7632.64282
  Nb       59   40.97055   39.66590   -0.02945    1.67452       -7632.57120
  Nb       60   40.88746   39.58282   -0.11254    1.75921       -7632.61929
  Nb       61   40.94386   39.63921   -0.05614    1.70137       -7632.58511
  Nb       62   40.92572   39.62107   -0.07428    1.72575       -7632.59884
  Nb       63   40.94218   39.63753   -0.05782    1.69932       -7632.57692
  Nb       64   41.00848   39.70384    0.00848    1.64439       -7632.55766
  Mo       65   42.16966   40.86502    0.16966    1.56996       -8090.53493
  Mo       66   42.16098   40.85633    0.16098    1.57884       -8090.53415
  Mo       67   42.05396   40.74931    0.05396    1.68834       -8090.59841
  Mo       68   42.08890   40.78426    0.08890    1.66073       -8090.59767
  Mo       69   42.08895   40.78431    0.08895    1.66647       -8090.60573
  Mo       70   42.06131   40.75667    0.06131    1.68992       -8090.62085
  Mo       71   42.22858   40.92393    0.22858    1.51762       -8090.51092
  Mo       72   42.19506   40.89042    0.19506    1.54145       -8090.50956
  Mo       73   42.01294   40.70830    0.01294    1.73429       -8090.63647
  Mo       74   42.19620   40.89156    0.19620    1.53674       -8090.50643
  Mo       75   42.06109   40.75645    0.06109    1.68103       -8090.59881
  Mo       76   42.09429   40.78965    0.09429    1.64444       -8090.57069
  Mo       77   42.09867   40.79402    0.09867    1.64324       -8090.58181
  Mo       78   42.15998   40.85533    0.15998    1.58800       -8090.55014
  Mo       79   42.15261   40.84797    0.15261    1.59406       -8090.55236
  Mo       80   41.93648   40.63183   -0.06352    1.81781       -8090.68535
  Mo       81   42.24892   40.94427    0.24892    1.48874       -8090.49414
  Mo       82   42.08821   40.78357    0.08821    1.64874       -8090.57780
  Mo       83   42.04569   40.74105    0.04569    1.69147       -8090.60447
  Mo       84   42.12104   40.81640    0.12104    1.61796       -8090.55666
  Mo       85   42.10612   40.80148    0.10612    1.63627       -8090.57585
  Mo       86   42.08707   40.78243    0.08707    1.65228       -8090.58767
  Mo       87   42.05012   40.74548    0.05012    1.69662       -8090.61615
  Mo       88   42.09282   40.78818    0.09282    1.64473       -8090.57272
  Mo       89   42.03893   40.73429    0.03893    1.70640       -8090.61407
  Mo       90   42.07451   40.76987    0.07451    1.66760       -8090.59243
  Mo       91   42.05850   40.75385    0.05850    1.69122       -8090.60739
  Mo       92   41.99595   40.69130   -0.00405    1.74690       -8090.63067
  Mo       93   42.04152   40.73688    0.04152    1.71060       -8090.62055
  Mo       94   42.03964   40.73499    0.03964    1.70513       -8090.61431
  Mo       95   42.08371   40.77907    0.08371    1.66038       -8090.59299
  Mo       96   42.19980   40.89515    0.19980    1.53857       -8090.51209
  Ta       97   72.73020   71.42556   -0.26980    1.82240      -31232.95905
  Ta       98   72.78996   71.48532   -0.21004    1.76086      -31232.93602
  Ta       99   72.74620   71.44156   -0.25380    1.80944      -31232.95946
  Ta      100   72.89321   71.58857   -0.10679    1.66864      -31232.87266
  Ta      101   72.87929   71.57465   -0.12071    1.67930      -31232.88645
  Ta      102   72.85278   71.54814   -0.14722    1.70670      -31232.90219
  Ta      103   72.85629   71.55165   -0.14371    1.69698      -31232.88738
  Ta      104   72.79438   71.48974   -0.20562    1.76460      -31232.94195
  Ta      105   72.82021   71.51557   -0.17979    1.74016      -31232.92679
  Ta      106   72.79838   71.49374   -0.20162    1.75903      -31232.93575
  Ta      107   72.73043   71.42579   -0.26957    1.82695      -31232.97742
  Ta      108   72.88363   71.57899   -0.11637    1.67843      -31232.89270
  Ta      109   72.69198   71.38733   -0.30802    1.86542      -31232.99388
  Ta      110   72.80002   71.49538   -0.19998    1.76250      -31232.93652
  Ta      111   72.65484   71.35019   -0.34516    1.90306      -31233.02716
  Ta      112   72.75478   71.45014   -0.24522    1.80002      -31232.96040
  Ta      113   72.59082   71.28617   -0.40918    1.95417      -31233.03267
  Ta      114   72.80327   71.49862   -0.19673    1.75163      -31232.92503
  Ta      115   72.59155   71.28691   -0.40845    1.96038      -31233.06823
  Ta      116   72.78768   71.48304   -0.21232    1.77259      -31232.94215
  Ta      117   72.85342   71.54878   -0.14658    1.70661      -31232.89732
  Ta      118   72.85330   71.54865   -0.14670    1.70471      -31232.89438
  Ta      119   72.83616   71.53151   -0.16384    1.71880      -31232.91093
  Ta      120   72.81669   71.51205   -0.18331    1.73353      -31232.91116
  Ta      121   72.71532   71.41068   -0.28468    1.83380      -31232.96476
  Ta      122   72.77716   71.47251   -0.22284    1.79041      -31232.95148
  Ta      123   72.86181   71.55716   -0.13819    1.69826      -31232.89564
  Ta      124   72.80919   71.50454   -0.19081    1.74729      -31232.93305
  Ta      125   72.82366   71.51902   -0.17634    1.73306      -31232.91173
  Ta      126   72.77820   71.47356   -0.22180    1.78676      -31232.95650
  Ta      127   72.80629   71.50165   -0.19371    1.75080      -31232.93226
  Ta      128   72.80112   71.49648   -0.19888    1.75528      -31232.92142
  Ti      129   22.14343   20.83879    0.14343    1.71950       -1704.43354
  Ti      130   22.33737   21.03272    0.33737    1.54594       -1704.40152
  Ti      131   22.29450   20.98985    0.29450    1.58886       -1704.41757
  Ti      132   22.14375   20.83911    0.14375    1.71948       -1704.43461
  Ti      133   22.27092   20.96628    0.27092    1.60220       -1704.41033
  Ti      134   22.34915   21.04451    0.34915    1.51868       -1704.36388
  Ti      135   22.30608   21.00144    0.30608    1.56771       -1704.38898
  Ti      136   22.26061   20.95597    0.26061    1.60934       -1704.39973
  Ti      137   22.12007   20.81543    0.12007    1.74953       -1704.46075
  Ti      138   22.44785   21.14321    0.44785    1.43137       -1704.34676
  Ti      139   22.29888   20.99424    0.29888    1.57650       -1704.38629
  Ti      140   22.22213   20.91748    0.22213    1.65016       -1704.41995
  Ti      141   22.33080   21.02615    0.33080    1.55064       -1704.41557
  Ti      142   22.21631   20.91167    0.21631    1.65276       -1704.41030
  Ti      143   22.25486   20.95022    0.25486    1.62942       -1704.42958
  Ti      144   22.15796   20.85332    0.15796    1.71713       -1704.46920
  Ti      145   22.37717   21.07252    0.37717    1.50465       -1704.38442
  Ti      146   22.31543   21.01079    0.31543    1.55910       -1704.40556
  Ti      147   22.32354   21.01890    0.32354    1.55354       -1704.38792
  Ti      148   22.20978   20.90514    0.20978    1.66274       -1704.41568
  Ti      149   22.27853   20.97389    0.27853    1.59432       -1704.42165
  Ti      150   22.44051   21.13587    0.44051    1.43819       -1704.33415
  Ti      151   22.30682   21.00217    0.30682    1.56198       -1704.36925
  Ti      152   22.43481   21.13017    0.43481    1.43840       -1704.31568
  Ti      153   22.28949   20.98485    0.28949    1.58539       -1704.40939
  Ti      154   22.28352   20.97888    0.28352    1.59030       -1704.40977
  Ti      155   22.24559   20.94095    0.24559    1.63640       -1704.42015
  Ti      156   22.30536   21.00072    0.30536    1.56993       -1704.39679
  Ti      157   22.23843   20.93378    0.23843    1.63128       -1704.41107
  Ti      158   22.27718   20.97254    0.27718    1.59444       -1704.41551
  Ti      159   22.11981   20.81517    0.11981    1.76406       -1704.49761
  Ti      160   22.23741   20.93276    0.23741    1.63630       -1704.41373
