System Description            : WNbMoTa, BCC structure                          
Number of Atoms in Unit Cell  : 128                                             
Number of Atomic Species      : 4                                               
Number of Atoms in Each Type  : 32(W), 32(Nb), 32(Mo), 32(Ta)                   
Energy Offset                 : -19816                                          
=======================================================================================
    Iter     Energy      3PV     Efermi   Rms_rho    Rms_pot   Mix  Alg  Alpha 
---------------------------------------------------------------------------------------
**       1  -0.264514  2293.580  0.59445  0.140E+01  0.953E-01  pot  B   0.1000
         2  -0.624460  2265.276  0.60780  0.759E-02  0.196E+00  pot  B   0.1000
         3  -0.829855  2242.260  0.61898  0.602E-02  0.255E+00  pot  B   0.1000
         4  -1.169611  2184.762  0.64152  0.151E-01  0.134E+00  pot  B   0.1000
         5  -1.197178  2171.239  0.65703  0.387E-02  0.126E+00  pot  B   0.1000
         6  -1.226500  2161.056  0.66814  0.344E-02  0.743E-01  pot  B   0.1000
         7  -1.245879  2151.871  0.67438  0.331E-02  0.550E-01  pot  B   0.1000
         8  -1.267555  2140.432  0.67932  0.460E-02  0.176E-01  pot  B   0.1000
         9  -1.275719  2131.437  0.68361  0.393E-02  0.223E-01  pot  B   0.1000
        10  -1.276547  2129.478  0.68505  0.982E-03  0.136E-01  pot  B   0.1000
        11  -1.276789  2128.800  0.68583  0.409E-03  0.406E-02  pot  B   0.1000
        12  -1.276979  2128.535  0.68699  0.304E-03  0.483E-02  pot  B   0.1000
        13  -1.277092  2128.374  0.68808  0.244E-03  0.497E-02  pot  B   0.1000
        14  -1.277192  2128.281  0.68955  0.305E-03  0.154E-02  pot  B   0.1000
        15  -1.277198  2128.214  0.69013  0.108E-03  0.736E-03  pot  B   0.1000
        16  -1.277201  2128.269  0.69032  0.395E-04  0.511E-03  pot  B   0.1000
        17  -1.277204  2128.262  0.69048  0.297E-04  0.659E-03  pot  B   0.1000
        18  -1.277206  2128.306  0.69063  0.312E-04  0.460E-03  pot  B   0.1000
        19  -1.277207  2128.317  0.69075  0.219E-04  0.187E-03  pot  B   0.1000
        20  -1.277207  2128.309  0.69079  0.654E-05  0.166E-03  pot  B   0.1000
        21  -1.277207  2128.305  0.69080  0.434E-05  0.953E-04  pot  B   0.1000
        22  -1.277207  2128.298  0.69082  0.501E-05  0.865E-04  pot  B   0.1000
        23  -1.277207  2128.292  0.69083  0.225E-05  0.547E-04  pot  B   0.1000
        24  -1.277207  2128.290  0.69083  0.104E-05  0.436E-04  pot  B   0.1000
        25  -1.277207  2128.286  0.69084  0.128E-05  0.349E-04  pot  B   0.1000
        26  -1.277207  2128.283  0.69084  0.152E-05  0.226E-04  pot  B   0.1000
        27  -1.277207  2128.281  0.69085  0.114E-05  0.181E-04  pot  B   0.1000
        28  -1.277207  2128.279  0.69085  0.634E-06  0.177E-04  pot  B   0.1000
        29  -1.277207  2128.278  0.69085  0.778E-06  0.143E-04  pot  B   0.1000
        30  -1.277207  2128.276  0.69086  0.859E-06  0.646E-05  pot  B   0.1000
        31  -1.277207  2128.275  0.69086  0.433E-06  0.472E-05  pot  B   0.1000
        32  -1.277207  2128.275  0.69086  0.198E-06  0.508E-05  pot  B   0.1000
        33  -1.277207  2128.275  0.69086  0.191E-06  0.449E-05  pot  B   0.1000
        34  -1.277207  2128.275  0.69087  0.227E-06  0.227E-05  pot  B   0.1000
        35  -1.277207  2128.275  0.69087  0.122E-06  0.195E-05  pot  B   0.1000
        36  -1.277207  2128.275  0.69087  0.416E-07  0.157E-05  pot  B   0.1000
        37  -1.277207  2128.275  0.69087  0.569E-07  0.815E-06  pot  B   0.1000
        38  -1.277207  2128.275  0.69087  0.602E-07  0.688E-06  pot  B   0.1000
        39  -1.277207  2128.275  0.69087  0.300E-07  0.602E-06  pot  B   0.1000
        40  -1.277207  2128.275  0.69087  0.217E-07  0.528E-06  pot  B   0.1000
        41  -1.277207  2128.275  0.69087  0.203E-07  0.403E-06  pot  B   0.1000
        42  -1.277207  2128.275  0.69087  0.151E-07  0.320E-06  pot  B   0.1000
        43  -1.277207  2128.275  0.69087  0.784E-08  0.197E-06  pot  B   0.1000
        44  -1.277207  2128.275  0.69087  0.813E-08  0.250E-06  pot  B   0.1000
        45  -1.277207  2128.275  0.69087  0.909E-08  0.218E-06  pot  B   0.1000
        46  -1.277207  2128.275  0.69087  0.800E-08  0.117E-06  pot  B   0.1000
        47  -1.277207  2128.275  0.69087  0.402E-08  0.103E-06  pot  B   0.1000
        48  -1.277207  2128.275  0.69087  0.233E-08  0.941E-07  pot  B   0.1000
        49  -1.277207  2128.275  0.69087  0.316E-08  0.515E-07  pot  B   0.1000
        50  -1.277207  2128.275  0.69087  0.300E-08  0.367E-07  pot  B   0.1000
        51  -1.277207  2128.275  0.69087  0.125E-08  0.292E-07  pot  B   0.1000
        52  -1.277207  2128.275  0.69087  0.881E-09  0.295E-07  pot  B   0.1000
        53  -1.277207  2128.275  0.69087  0.759E-09  0.214E-07  pot  B   0.1000
        54  -1.277207  2128.275  0.69087  0.716E-09  0.142E-07  pot  B   0.1000
        55  -1.277207  2128.275  0.69087  0.633E-09  0.107E-07  pot  B   0.1000
        56  -1.277207  2128.275  0.69087  0.778E-09  0.106E-07  pot  B   0.1000
        57  -1.277207  2128.275  0.69087  0.485E-09  0.840E-08  pot  B   0.1000
**      58  -1.277207  2128.275  0.69087  0.491E-12  0.840E-08  pot  B   0.1000
