 Atom   Index      Q          Qmt        dQ        Vmad        Local Energy
  W         1   73.81902   72.51415   -0.18098    1.79550      -32312.54245
  W         2   73.88629   72.58142   -0.11371    1.73660      -32312.52411
  W         3   73.86377   72.55891   -0.13623    1.74952      -32312.51704
  W         4   73.93817   72.63330   -0.06183    1.69305      -32312.49914
  W         5   73.87920   72.57433   -0.12080    1.72883      -32312.50575
  W         6   73.83710   72.53223   -0.16290    1.78164      -32312.54109
  W         7   73.80632   72.50145   -0.19368    1.80612      -32312.56122
  W         8   73.86301   72.55815   -0.13699    1.75293      -32312.52436
  W         9   73.91879   72.61392   -0.08121    1.69975      -32312.48229
  W        10   73.90548   72.60061   -0.09452    1.70522      -32312.48810
  W        11   73.79073   72.48586   -0.20927    1.83092      -32312.57217
  W        12   73.94642   72.64155   -0.05358    1.67582      -32312.48103
  W        13   73.70988   72.40501   -0.29012    1.91624      -32312.63871
  W        14   73.91551   72.61064   -0.08449    1.69208      -32312.46673
  W        15   73.92449   72.61962   -0.07551    1.68734      -32312.47382
  W        16   73.96342   72.65855   -0.03658    1.64747      -32312.45024
  W        17   73.92857   72.62371   -0.07143    1.67965      -32312.46501
  W        18   73.74116   72.43629   -0.25884    1.88643      -32312.61580
  W        19   73.76720   72.46233   -0.23280    1.86621      -32312.60729
  W        20   73.87723   72.57236   -0.12277    1.73697      -32312.51390
  W        21   73.93475   72.62988   -0.06525    1.69679      -32312.50142
  W        22   73.85539   72.55053   -0.14461    1.76596      -32312.53591
  W        23   73.89563   72.59077   -0.10437    1.72004      -32312.50022
  W        24   73.90906   72.60419   -0.09094    1.71424      -32312.50338
  W        25   73.88435   72.57948   -0.11565    1.74041      -32312.51079
  W        26   73.87850   72.57363   -0.12150    1.75408      -32312.53517
  W        27   73.88521   72.58034   -0.11479    1.74117      -32312.52061
  W        28   73.86893   72.56406   -0.13107    1.74805      -32312.52309
  W        29   73.94965   72.64478   -0.05035    1.67401      -32312.47884
  W        30   73.98109   72.67622   -0.01891    1.63466      -32312.45435
  W        31   73.95835   72.65348   -0.04165    1.64768      -32312.45370
  W        32   73.86581   72.56094   -0.13419    1.76865      -32312.54785
  Nb       33   41.00097   39.69610    0.00097    1.65063       -7632.55319
  Nb       34   40.92877   39.62391   -0.07123    1.72294       -7632.60178
  Nb       35   40.91364   39.60877   -0.08636    1.73695       -7632.61059
  Nb       36   41.04884   39.74397    0.04884    1.60098       -7632.52365
  Nb       37   40.92504   39.62017   -0.07496    1.72969       -7632.61019
  Nb       38   40.94073   39.63586   -0.05927    1.71183       -7632.59899
  Nb       39   40.90794   39.60307   -0.09206    1.74092       -7632.59578
  Nb       40   41.00325   39.69839    0.00325    1.65123       -7632.56762
  Nb       41   40.85708   39.55221   -0.14292    1.79743       -7632.64412
  Nb       42   40.88450   39.57963   -0.11550    1.75857       -7632.61257
  Nb       43   40.87092   39.56605   -0.12908    1.78518       -7632.63939
  Nb       44   40.95919   39.65432   -0.04081    1.69697       -7632.58522
  Nb       45   40.91435   39.60949   -0.08565    1.72943       -7632.60269
  Nb       46   40.86910   39.56424   -0.13090    1.78496       -7632.63714
  Nb       47   40.90902   39.60415   -0.09098    1.74271       -7632.61508
  Nb       48   40.91677   39.61190   -0.08323    1.73400       -7632.60940
  Nb       49   40.86920   39.56433   -0.13080    1.78737       -7632.64560
  Nb       50   40.99542   39.69055   -0.00458    1.65526       -7632.55303
  Nb       51   40.92497   39.62010   -0.07503    1.72433       -7632.59744
  Nb       52   40.99804   39.69317   -0.00196    1.65505       -7632.56345
  Nb       53   40.93833   39.63346   -0.06167    1.70569       -7632.58537
  Nb       54   40.99698   39.69211   -0.00302    1.65051       -7632.55066
  Nb       55   40.90848   39.60361   -0.09152    1.74119       -7632.61205
  Nb       56   40.77997   39.47510   -0.22003    1.86955       -7632.68794
  Nb       57   41.02035   39.71548    0.02035    1.62596       -7632.53728
  Nb       58   40.95038   39.64551   -0.04962    1.70352       -7632.59291
  Nb       59   40.90387   39.59901   -0.09613    1.74511       -7632.61719
  Nb       60   40.89421   39.58935   -0.10579    1.75235       -7632.60557
  Nb       61   41.00759   39.70273    0.00759    1.63947       -7632.54179
  Nb       62   40.97125   39.66638   -0.02875    1.67520       -7632.57140
  Nb       63   40.93557   39.63070   -0.06443    1.71888       -7632.59483
  Nb       64   40.98378   39.67891   -0.01622    1.66495       -7632.56550
  Mo       65   42.08367   40.77880    0.08367    1.65432       -8090.57968
  Mo       66   42.12894   40.82407    0.12894    1.61915       -8090.56832
  Mo       67   42.11966   40.81479    0.11966    1.60561       -8090.53799
  Mo       68   42.14976   40.84489    0.14976    1.59113       -8090.54395
  Mo       69   42.11438   40.80951    0.11438    1.61570       -8090.55174
  Mo       70   42.07475   40.76988    0.07475    1.67513       -8090.60735
  Mo       71   42.09275   40.78788    0.09275    1.65078       -8090.58293
  Mo       72   42.10399   40.79912    0.10399    1.62197       -8090.55114
  Mo       73   42.13099   40.82612    0.13099    1.60118       -8090.53842
  Mo       74   41.99139   40.68653   -0.00861    1.75279       -8090.64428
  Mo       75   42.06970   40.76483    0.06970    1.66836       -8090.59042
  Mo       76   42.13096   40.82609    0.13096    1.59948       -8090.54765
  Mo       77   42.03560   40.73073    0.03560    1.71496       -8090.62085
  Mo       78   42.01756   40.71269    0.01756    1.72022       -8090.61593
  Mo       79   41.96767   40.66280   -0.03233    1.78354       -8090.66586
  Mo       80   42.20091   40.89605    0.20091    1.54232       -8090.51370
  Mo       81   42.05314   40.74827    0.05314    1.69082       -8090.60689
  Mo       82   42.07793   40.77306    0.07793    1.66407       -8090.59030
  Mo       83   42.04709   40.74222    0.04709    1.69932       -8090.61331
  Mo       84   42.04748   40.74261    0.04748    1.68768       -8090.59309
  Mo       85   42.09541   40.79054    0.09541    1.64445       -8090.57686
  Mo       86   41.96223   40.65736   -0.03777    1.78929       -8090.67616
  Mo       87   42.13131   40.82644    0.13131    1.60432       -8090.54895
  Mo       88   42.19059   40.88573    0.19059    1.55525       -8090.52527
  Mo       89   42.02942   40.72455    0.02942    1.71530       -8090.61416
  Mo       90   42.05966   40.75479    0.05966    1.68451       -8090.60937
  Mo       91   42.10626   40.80139    0.10626    1.63634       -8090.57124
  Mo       92   42.17221   40.86734    0.17221    1.56724       -8090.53207
  Mo       93   42.17069   40.86582    0.17069    1.56681       -8090.52648
  Mo       94   42.12263   40.81776    0.12263    1.61281       -8090.56440
  Mo       95   42.17236   40.86749    0.17236    1.58105       -8090.55250
  Mo       96   42.00669   40.70182    0.00669    1.74270       -8090.64556
  Ta       97   72.77779   71.47292   -0.22221    1.77983      -31232.94214
  Ta       98   72.72845   71.42359   -0.27155    1.82966      -31232.96805
  Ta       99   72.81226   71.50739   -0.18774    1.74304      -31232.92452
  Ta      100   72.71500   71.41014   -0.28500    1.84574      -31232.98952
  Ta      101   72.76181   71.45694   -0.23819    1.79672      -31232.95961
  Ta      102   72.81721   71.51234   -0.18279    1.74424      -31232.93234
  Ta      103   72.91186   71.60699   -0.08814    1.64841      -31232.86959
  Ta      104   72.75628   71.45142   -0.24372    1.79686      -31232.96347
  Ta      105   72.81893   71.51406   -0.18107    1.73834      -31232.91603
  Ta      106   72.64291   71.33805   -0.35709    1.91104      -31233.02381
  Ta      107   72.83645   71.53158   -0.16355    1.72125      -31232.91132
  Ta      108   72.79595   71.49108   -0.20405    1.76450      -31232.93857
  Ta      109   72.84189   71.53702   -0.15811    1.71703      -31232.91861
  Ta      110   72.69002   71.38516   -0.30998    1.86113      -31232.99216
  Ta      111   72.78073   71.47586   -0.21927    1.78087      -31232.95669
  Ta      112   72.77367   71.46880   -0.22633    1.79066      -31232.95427
  Ta      113   72.73070   71.42583   -0.26930    1.83631      -31232.99230
  Ta      114   72.84186   71.53699   -0.15814    1.71478      -31232.90254
  Ta      115   72.80504   71.50017   -0.19496    1.75716      -31232.93556
  Ta      116   72.77192   71.46705   -0.22808    1.77859      -31232.94877
  Ta      117   72.81219   71.50732   -0.18781    1.73756      -31232.92175
  Ta      118   72.64903   71.34416   -0.35097    1.90254      -31233.01824
  Ta      119   72.72379   71.41892   -0.27621    1.83699      -31232.97498
  Ta      120   72.83588   71.53101   -0.16412    1.72705      -31232.91759
  Ta      121   72.74831   71.44344   -0.25169    1.80850      -31232.97076
  Ta      122   72.78805   71.48318   -0.21195    1.77185      -31232.93629
  Ta      123   72.75398   71.44911   -0.24602    1.80143      -31232.95714
  Ta      124   72.85664   71.55177   -0.14336    1.70341      -31232.89675
  Ta      125   72.84344   71.53857   -0.15656    1.71962      -31232.91321
  Ta      126   72.79437   71.48950   -0.20563    1.76942      -31232.94648
  Ta      127   72.78294   71.47807   -0.21706    1.78671      -31232.95680
  Ta      128   72.80862   71.50375   -0.19138    1.74613      -31232.91116
  Ti      129   22.32147   21.01660    0.32147    1.54356       -1704.36375
  Ti      130   22.39820   21.09333    0.39820    1.47437       -1704.33769
  Ti      131   22.30880   21.00393    0.30880    1.55835       -1704.37542
  Ti      132   22.24543   20.94056    0.24543    1.63924       -1704.45439
  Ti      133   22.14590   20.84104    0.14590    1.73493       -1704.48793
  Ti      134   22.36453   21.05966    0.36453    1.51513       -1704.36420
  Ti      135   22.30291   20.99804    0.30291    1.57986       -1704.40790
  Ti      136   22.38007   21.07521    0.38007    1.48562       -1704.32793
  Ti      137   22.44164   21.13677    0.44164    1.43074       -1704.30950
  Ti      138   22.39257   21.08770    0.39257    1.48637       -1704.36224
  Ti      139   22.27721   20.97234    0.27721    1.59014       -1704.37214
  Ti      140   22.35484   21.04997    0.35484    1.52006       -1704.36651
  Ti      141   22.44832   21.14345    0.44832    1.42345       -1704.30690
  Ti      142   22.26018   20.95532    0.26018    1.61404       -1704.41928
  Ti      143   22.30946   21.00459    0.30946    1.56750       -1704.40869
  Ti      144   22.18606   20.88119    0.18606    1.67246       -1704.40320
  Ti      145   22.34464   21.03977    0.34464    1.53265       -1704.37094
  Ti      146   22.42632   21.12145    0.42632    1.45117       -1704.33431
  Ti      147   22.23102   20.92615    0.23102    1.65144       -1704.44948
  Ti      148   22.25124   20.94637    0.25124    1.62080       -1704.42113
  Ti      149   22.25865   20.95378    0.25865    1.61812       -1704.41758
  Ti      150   22.37009   21.06523    0.37009    1.50636       -1704.37670
  Ti      151   22.34569   21.04082    0.34569    1.52765       -1704.37211
  Ti      152   22.34159   21.03672    0.34159    1.52391       -1704.34613
  Ti      153   22.23320   20.92833    0.23320    1.64004       -1704.43420
  Ti      154   22.30068   20.99582    0.30068    1.55876       -1704.34360
  Ti      155   22.17425   20.86938    0.17425    1.68536       -1704.42061
  Ti      156   22.34248   21.03762    0.34248    1.53049       -1704.36980
  Ti      157   22.35913   21.05426    0.35913    1.51727       -1704.39049
  Ti      158   22.29270   20.98784    0.29270    1.58809       -1704.40892
  Ti      159   22.30461   20.99974    0.30461    1.56654       -1704.37360
  Ti      160   22.34341   21.03855    0.34341    1.53597       -1704.38763
