System Description            : WNbMoTaV, BCC structure                         
Number of Atoms in Unit Cell  : 160                                             
Number of Atomic Species      : 5                                               
Number of Atoms in Each Type  : 32(W), 32(Nb), 32(Mo), 32(Ta), 32(V)            
Energy Offset                 : -16231                                          
=======================================================================================
    Iter     Energy      3PV     Efermi   Rms_rho    Rms_pot   Mix  Alg  Alpha 
---------------------------------------------------------------------------------------
**       1  -0.860229  1839.049  0.58722  0.140E+01  0.163E+00  pot  B   0.1000
         2  -1.134035  1816.582  0.59710  0.796E-02  0.482E+00  pot  B   0.1000
         3  -1.209549  1810.327  0.60226  0.444E-02  0.463E+00  pot  B   0.1000
         4  -1.401930  1797.163  0.61115  0.435E-02  0.220E+00  pot  B   0.1000
         5  -1.534726  1776.876  0.62017  0.681E-02  0.298E+00  pot  B   0.1000
         6  -1.636220  1753.273  0.62655  0.796E-02  0.295E+00  pot  B   0.1000
         7  -1.685972  1740.059  0.63112  0.454E-02  0.196E+00  pot  B   0.1000
         8  -1.713398  1733.507  0.63453  0.249E-02  0.939E-01  pot  B   0.1000
         9  -1.727913  1727.581  0.63723  0.260E-02  0.677E-01  pot  B   0.1000
        10  -1.738563  1722.835  0.63839  0.232E-02  0.695E-01  pot  B   0.1000
        11  -1.750209  1716.633  0.63955  0.320E-02  0.770E-01  pot  B   0.1000
        12  -1.757326  1710.094  0.64119  0.351E-02  0.490E-01  pot  B   0.1000
        13  -1.758768  1708.554  0.64198  0.885E-03  0.194E-01  pot  B   0.1000
        14  -1.759177  1707.776  0.64293  0.553E-03  0.150E-01  pot  B   0.1000
        15  -1.759351  1707.429  0.64336  0.231E-03  0.789E-02  pot  B   0.1000
        16  -1.759499  1707.166  0.64455  0.295E-03  0.113E-01  pot  B   0.1000
        17  -1.759650  1707.246  0.64577  0.250E-03  0.747E-02  pot  B   0.1000
        18  -1.759710  1707.181  0.64672  0.174E-03  0.798E-02  pot  B   0.1000
        19  -1.759760  1707.182  0.64764  0.140E-03  0.516E-02  pot  B   0.1000
        20  -1.759764  1707.203  0.64792  0.781E-04  0.551E-02  pot  B   0.1000
        21  -1.759778  1707.160  0.64821  0.612E-04  0.370E-02  pot  B   0.1000
        22  -1.759785  1707.127  0.64838  0.372E-04  0.205E-02  pot  B   0.1000
        23  -1.759790  1707.118  0.64852  0.322E-04  0.227E-02  pot  B   0.1000
        24  -1.759794  1707.093  0.64860  0.287E-04  0.153E-02  pot  B   0.1000
        25  -1.759795  1707.066  0.64864  0.214E-04  0.123E-02  pot  B   0.1000
        26  -1.759796  1707.023  0.64869  0.290E-04  0.984E-03  pot  B   0.1000
        27  -1.759796  1707.003  0.64869  0.116E-04  0.717E-03  pot  B   0.1000
        28  -1.759796  1706.967  0.64872  0.206E-04  0.462E-03  pot  B   0.1000
        29  -1.759795  1706.934  0.64874  0.186E-04  0.588E-03  pot  B   0.1000
        30  -1.759795  1706.892  0.64877  0.233E-04  0.646E-03  pot  B   0.1000
        31  -1.759794  1706.870  0.64878  0.115E-04  0.558E-03  pot  B   0.1000
        32  -1.759794  1706.865  0.64879  0.616E-05  0.490E-03  pot  B   0.1000
        33  -1.759795  1706.853  0.64880  0.730E-05  0.231E-03  pot  B   0.1000
        34  -1.759795  1706.845  0.64882  0.494E-05  0.200E-03  pot  B   0.1000
        35  -1.759795  1706.833  0.64885  0.705E-05  0.178E-03  pot  B   0.1000
        36  -1.759795  1706.828  0.64887  0.405E-05  0.223E-03  pot  B   0.1000
        37  -1.759796  1706.820  0.64890  0.520E-05  0.181E-03  pot  B   0.1000
        38  -1.759796  1706.815  0.64892  0.313E-05  0.886E-04  pot  B   0.1000
        39  -1.759796  1706.814  0.64893  0.158E-05  0.141E-03  pot  B   0.1000
        40  -1.759796  1706.811  0.64894  0.178E-05  0.114E-03  pot  B   0.1000
        41  -1.759797  1706.810  0.64895  0.109E-05  0.630E-04  pot  B   0.1000
        42  -1.759797  1706.809  0.64895  0.151E-05  0.692E-04  pot  B   0.1000
        43  -1.759797  1706.808  0.64895  0.113E-05  0.565E-04  pot  B   0.1000
        44  -1.759797  1706.808  0.64896  0.675E-06  0.749E-04  pot  B   0.1000
        45  -1.759797  1706.808  0.64896  0.511E-06  0.496E-04  pot  B   0.1000
        46  -1.759796  1706.807  0.64896  0.413E-06  0.417E-04  pot  B   0.1000
        47  -1.759796  1706.807  0.64896  0.749E-06  0.323E-04  pot  B   0.1000
        48  -1.759796  1706.806  0.64896  0.572E-06  0.261E-04  pot  B   0.1000
        49  -1.759796  1706.806  0.64896  0.547E-06  0.199E-04  pot  B   0.1000
        50  -1.759796  1706.805  0.64896  0.272E-06  0.148E-04  pot  B   0.1000
        51  -1.759796  1706.805  0.64896  0.461E-06  0.139E-04  pot  B   0.1000
        52  -1.759796  1706.804  0.64896  0.223E-06  0.183E-04  pot  B   0.1000
        53  -1.759796  1706.804  0.64896  0.341E-06  0.110E-04  pot  B   0.1000
        54  -1.759796  1706.803  0.64896  0.270E-06  0.676E-05  pot  B   0.1000
        55  -1.759796  1706.803  0.64897  0.235E-06  0.762E-05  pot  B   0.1000
        56  -1.759796  1706.802  0.64897  0.182E-06  0.107E-04  pot  B   0.1000
        57  -1.759796  1706.802  0.64897  0.129E-06  0.764E-05  pot  B   0.1000
        58  -1.759796  1706.802  0.64897  0.103E-06  0.917E-05  pot  B   0.1000
        59  -1.759796  1706.802  0.64897  0.956E-07  0.644E-05  pot  B   0.1000
        60  -1.759796  1706.802  0.64897  0.148E-06  0.520E-05  pot  B   0.1000
        61  -1.759797  1706.802  0.64897  0.855E-07  0.474E-05  pot  B   0.1000
        62  -1.759797  1706.802  0.64897  0.464E-07  0.413E-05  pot  B   0.1000
        63  -1.759796  1706.802  0.64897  0.727E-07  0.327E-05  pot  B   0.1000
        64  -1.759796  1706.802  0.64897  0.340E-07  0.425E-05  pot  B   0.1000
        65  -1.759796  1706.802  0.64897  0.534E-07  0.213E-05  pot  B   0.1000
        66  -1.759796  1706.802  0.64897  0.444E-07  0.158E-05  pot  B   0.1000
        67  -1.759796  1706.802  0.64897  0.386E-07  0.125E-05  pot  B   0.1000
        68  -1.759796  1706.802  0.64897  0.353E-07  0.151E-05  pot  B   0.1000
        69  -1.759796  1706.802  0.64897  0.226E-07  0.118E-05  pot  B   0.1000
        70  -1.759796  1706.802  0.64897  0.181E-07  0.139E-05  pot  B   0.1000
        71  -1.759796  1706.802  0.64897  0.140E-07  0.976E-06  pot  B   0.1000
        72  -1.759796  1706.802  0.64897  0.151E-07  0.661E-06  pot  B   0.1000
        73  -1.759796  1706.802  0.64897  0.112E-07  0.588E-06  pot  B   0.1000
        74  -1.759796  1706.802  0.64897  0.858E-08  0.616E-06  pot  B   0.1000
        75  -1.759796  1706.802  0.64897  0.603E-08  0.358E-06  pot  B   0.1000
        76  -1.759796  1706.802  0.64897  0.753E-08  0.412E-06  pot  B   0.1000
        77  -1.759796  1706.802  0.64897  0.526E-08  0.301E-06  pot  B   0.1000
        78  -1.759796  1706.801  0.64897  0.702E-08  0.375E-06  pot  B   0.1000
        79  -1.759796  1706.802  0.64897  0.542E-08  0.126E-06  pot  B   0.1000
        80  -1.759796  1706.801  0.64897  0.452E-08  0.240E-06  pot  B   0.1000
        81  -1.759796  1706.801  0.64897  0.242E-08  0.260E-06  pot  B   0.1000
        82  -1.759796  1706.801  0.64897  0.157E-08  0.195E-06  pot  B   0.1000
        83  -1.759796  1706.801  0.64897  0.251E-08  0.179E-06  pot  B   0.1000
        84  -1.759796  1706.801  0.64897  0.220E-08  0.139E-06  pot  B   0.1000
        85  -1.759796  1706.801  0.64897  0.213E-08  0.103E-06  pot  B   0.1000
        86  -1.759796  1706.801  0.64897  0.218E-08  0.867E-07  pot  B   0.1000
        87  -1.759796  1706.801  0.64897  0.113E-08  0.836E-07  pot  B   0.1000
        88  -1.759796  1706.801  0.64897  0.265E-08  0.795E-07  pot  B   0.1000
        89  -1.759796  1706.801  0.64897  0.151E-08  0.962E-07  pot  B   0.1000
        90  -1.759796  1706.801  0.64897  0.246E-08  0.506E-07  pot  B   0.1000
        91  -1.759796  1706.801  0.64897  0.107E-08  0.324E-07  pot  B   0.1000
        92  -1.759796  1706.801  0.64897  0.803E-09  0.240E-07  pot  B   0.1000
        93  -1.759796  1706.801  0.64897  0.320E-09  0.236E-07  pot  B   0.1000
        94  -1.759796  1706.801  0.64897  0.266E-09  0.158E-07  pot  B   0.1000
        95  -1.759796  1706.801  0.64897  0.294E-09  0.185E-07  pot  B   0.1000
        96  -1.759796  1706.801  0.64897  0.238E-09  0.145E-07  pot  B   0.1000
        97  -1.759796  1706.801  0.64897  0.218E-09  0.100E-07  pot  B   0.1000
        98  -1.759796  1706.801  0.64897  0.184E-09  0.892E-08  pot  B   0.1000
**      99  -1.759796  1706.801  0.64897  0.125E-11  0.892E-08  pot  B   0.1000
