 Atom   Index      Q          Qmt        dQ        Vmad        Local Energy
  W         1   73.84321   72.54222   -0.15679    1.75372      -32312.50608
  W         2   73.75759   72.45659   -0.24241    1.84237      -32312.56725
  W         3   73.80662   72.50562   -0.19338    1.79545      -32312.54060
  W         4   74.01407   72.71307    0.01407    1.58090      -32312.39707
  W         5   73.88089   72.57989   -0.11911    1.71464      -32312.47290
  W         6   73.87631   72.57532   -0.12369    1.70892      -32312.46965
  W         7   73.94919   72.64819   -0.05081    1.64589      -32312.44489
  W         8   73.77536   72.47436   -0.22464    1.81190      -32312.53289
  W         9   73.87287   72.57187   -0.12713    1.70860      -32312.45947
  W        10   73.95947   72.65847   -0.04053    1.63294      -32312.42996
  W        11   73.80705   72.50605   -0.19295    1.77838      -32312.50657
  W        12   73.71525   72.41425   -0.28475    1.88095      -32312.57953
  W        13   73.66950   72.36850   -0.33050    1.93263      -32312.62143
  W        14   73.88759   72.58660   -0.11241    1.70329      -32312.46679
  W        15   73.82946   72.52846   -0.17054    1.76543      -32312.51429
  W        16   73.80796   72.50696   -0.19204    1.77600      -32312.50415
  W        17   73.86185   72.56085   -0.13815    1.73140      -32312.49611
  W        18   73.78091   72.47991   -0.21909    1.81185      -32312.53340
  W        19   73.76543   72.46443   -0.23457    1.83358      -32312.56384
  W        20   74.00678   72.70578    0.00678    1.59066      -32312.40566
  W        21   73.94883   72.64784   -0.05117    1.65448      -32312.44797
  W        22   73.81306   72.51206   -0.18694    1.77848      -32312.51626
  W        23   73.89807   72.59707   -0.10193    1.69292      -32312.46561
  W        24   73.80769   72.50670   -0.19231    1.77429      -32312.49813
  W        25   73.91264   72.61164   -0.08736    1.67936      -32312.45824
  W        26   73.99353   72.69253   -0.00647    1.60722      -32312.41925
  W        27   73.92397   72.62297   -0.07603    1.65964      -32312.43323
  W        28   73.87729   72.57629   -0.12271    1.71798      -32312.47570
  W        29   73.87965   72.57866   -0.12035    1.71397      -32312.47633
  W        30   73.82767   72.52667   -0.17233    1.76631      -32312.51327
  W        31   73.83856   72.53756   -0.16144    1.76080      -32312.51517
  W        32   73.91594   72.61494   -0.08406    1.67760      -32312.45887
  Nb       33   41.00717   39.70618    0.00717    1.60575       -7632.50406
  Nb       34   40.97652   39.67552   -0.02348    1.65337       -7632.54791
  Nb       35   40.84507   39.54407   -0.15493    1.77531       -7632.61237
  Nb       36   40.99912   39.69813   -0.00088    1.62382       -7632.51462
  Nb       37   41.02824   39.72725    0.02824    1.59386       -7632.50242
  Nb       38   40.80592   39.50493   -0.19408    1.81636       -7632.64299
  Nb       39   40.98771   39.68671   -0.01229    1.64097       -7632.53425
  Nb       40   40.72151   39.42051   -0.27849    1.90672       -7632.69553
  Nb       41   40.78595   39.48495   -0.21405    1.84120       -7632.64876
  Nb       42   40.87529   39.57429   -0.12471    1.75035       -7632.59850
  Nb       43   40.96768   39.66668   -0.03232    1.65565       -7632.53731
  Nb       44   41.03018   39.72918    0.03018    1.59605       -7632.51354
  Nb       45   40.91446   39.61346   -0.08554    1.71298       -7632.58034
  Nb       46   41.02426   39.72326    0.02426    1.60761       -7632.51356
  Nb       47   40.85469   39.55369   -0.14531    1.77003       -7632.60987
  Nb       48   40.93654   39.63555   -0.06346    1.68785       -7632.56334
  Nb       49   40.82424   39.52325   -0.17576    1.79968       -7632.63120
  Nb       50   40.86005   39.55905   -0.13995    1.76488       -7632.61030
  Nb       51   40.96338   39.66238   -0.03662    1.66247       -7632.54302
  Nb       52   40.88428   39.58328   -0.11572    1.74428       -7632.60976
  Nb       53   40.82342   39.52242   -0.17658    1.80867       -7632.64059
  Nb       54   40.92786   39.62686   -0.07214    1.69729       -7632.56643
  Nb       55   40.88716   39.58616   -0.11284    1.74029       -7632.59297
  Nb       56   41.02347   39.72247    0.02347    1.59993       -7632.50809
  Nb       57   40.98108   39.68008   -0.01892    1.64870       -7632.54009
  Nb       58   41.03302   39.73202    0.03302    1.59806       -7632.50781
  Nb       59   40.67642   39.37542   -0.32358    1.95526       -7632.72116
  Nb       60   40.96442   39.66342   -0.03558    1.66634       -7632.55046
  Nb       61   40.95347   39.65247   -0.04653    1.67263       -7632.55775
  Nb       62   40.75337   39.45237   -0.24663    1.87757       -7632.68194
  Nb       63   40.89341   39.59242   -0.10659    1.73383       -7632.59244
  Nb       64   40.97816   39.67716   -0.02184    1.65024       -7632.53533
  Mo       65   41.96167   40.66067   -0.03833    1.76852       -8090.64505
  Mo       66   42.14743   40.84643    0.14743    1.55938       -8090.49733
  Mo       67   41.98761   40.68661   -0.01239    1.72364       -8090.59450
  Mo       68   42.04670   40.74570    0.04670    1.66567       -8090.56057
  Mo       69   41.95558   40.65458   -0.04442    1.76456       -8090.63001
  Mo       70   42.04821   40.74721    0.04821    1.67282       -8090.57816
  Mo       71   42.06780   40.76680    0.06780    1.65584       -8090.56839
  Mo       72   42.23088   40.92989    0.23088    1.48863       -8090.47282
  Mo       73   42.00876   40.70776    0.00876    1.71663       -8090.61082
  Mo       74   42.11109   40.81009    0.11109    1.61196       -8090.54232
  Mo       75   41.96917   40.66817   -0.03083    1.75032       -8090.62008
  Mo       76   42.09568   40.79468    0.09568    1.61241       -8090.53180
  Mo       77   42.09491   40.79391    0.09491    1.62605       -8090.54967
  Mo       78   41.96936   40.66837   -0.03064    1.75378       -8090.63232
  Mo       79   42.00790   40.70690    0.00790    1.71789       -8090.60573
  Mo       80   42.18156   40.88056    0.18156    1.53746       -8090.49546
  Mo       81   41.92342   40.62242   -0.07658    1.79300       -8090.65031
  Mo       82   42.07963   40.77863    0.07963    1.62657       -8090.54379
  Mo       83   42.05652   40.75552    0.05652    1.66489       -8090.57710
  Mo       84   41.91464   40.61364   -0.08536    1.80803       -8090.65482
  Mo       85   41.91322   40.61222   -0.08678    1.80681       -8090.65885
  Mo       86   42.12735   40.82635    0.12735    1.58872       -8090.53262
  Mo       87   41.99588   40.69488   -0.00412    1.71820       -8090.59598
  Mo       88   42.16963   40.86863    0.16963    1.54933       -8090.50385
  Mo       89   42.15009   40.84909    0.15009    1.56941       -8090.52279
  Mo       90   42.16012   40.85913    0.16012    1.55490       -8090.50586
  Mo       91   42.07206   40.77106    0.07206    1.63287       -8090.53095
  Mo       92   42.00852   40.70752    0.00852    1.71053       -8090.59823
  Mo       93   42.11976   40.81876    0.11976    1.59596       -8090.53617
  Mo       94   41.84094   40.53994   -0.15906    1.87966       -8090.69992
  Mo       95   42.01608   40.71509    0.01608    1.69955       -8090.58817
  Mo       96   42.02845   40.72745    0.02845    1.68193       -8090.57772
  Ta       97   72.74485   71.44386   -0.25515    1.79482      -31232.93718
  Ta       98   72.81391   71.51291   -0.18609    1.72571      -31232.89407
  Ta       99   72.78867   71.48767   -0.21133    1.75040      -31232.90952
  Ta      100   72.89355   71.59256   -0.10645    1.64774      -31232.84517
  Ta      101   72.71558   71.41458   -0.28442    1.81164      -31232.94531
  Ta      102   72.87203   71.57104   -0.12797    1.66026      -31232.85291
  Ta      103   72.67363   71.37263   -0.32637    1.86150      -31232.98300
  Ta      104   72.72032   71.41932   -0.27968    1.81608      -31232.95814
  Ta      105   72.69979   71.39879   -0.30021    1.82713      -31232.95574
  Ta      106   72.79434   71.49334   -0.20566    1.73155      -31232.88788
  Ta      107   72.73870   71.43770   -0.26130    1.79325      -31232.93904
  Ta      108   72.67727   71.37627   -0.32273    1.85821      -31232.98693
  Ta      109   72.88734   71.58635   -0.11266    1.64990      -31232.84087
  Ta      110   72.70351   71.40251   -0.29649    1.82555      -31232.95996
  Ta      111   72.71382   71.41282   -0.28618    1.81662      -31232.95386
  Ta      112   72.89571   71.59471   -0.10429    1.63708      -31232.83939
  Ta      113   72.70085   71.39985   -0.29915    1.83070      -31232.96666
  Ta      114   72.75951   71.45851   -0.24049    1.77336      -31232.92447
  Ta      115   72.64465   71.34366   -0.35535    1.88261      -31233.00440
  Ta      116   72.88463   71.58363   -0.11537    1.65025      -31232.84968
  Ta      117   72.75432   71.45332   -0.24568    1.78229      -31232.93199
  Ta      118   72.71951   71.41851   -0.28049    1.81563      -31232.95028
  Ta      119   72.51851   71.21751   -0.48149    2.01633      -31233.09558
  Ta      120   72.72931   71.42832   -0.27069    1.80095      -31232.94543
  Ta      121   72.72071   71.41971   -0.27929    1.81506      -31232.94792
  Ta      122   72.84221   71.54121   -0.15779    1.69136      -31232.87524
  Ta      123   72.78983   71.48883   -0.21017    1.74127      -31232.90215
  Ta      124   72.99405   71.69305   -0.00595    1.54890      -31232.78471
  Ta      125   72.70909   71.40809   -0.29091    1.82372      -31232.95921
  Ta      126   72.70750   71.40650   -0.29250    1.82236      -31232.95294
  Ta      127   72.68376   71.38277   -0.31624    1.83995      -31232.95516
  Ta      128   72.65272   71.35172   -0.34728    1.87575      -31232.99111
  V       129   23.46079   22.15979    0.46079    1.48590       -1895.19967
  V       130   23.57825   22.27725    0.57825    1.36493       -1895.11976
  V       131   23.39568   22.09468    0.39568    1.54987       -1895.24409
  V       132   23.39741   22.09641    0.39741    1.55215       -1895.24184
  V       133   23.30726   22.00627    0.30726    1.64750       -1895.27820
  V       134   23.37172   22.07072    0.37172    1.57623       -1895.24157
  V       135   23.41874   22.11774    0.41874    1.53096       -1895.22793
  V       136   23.38182   22.08082    0.38182    1.56614       -1895.24717
  V       137   23.47771   22.17671    0.47771    1.46928       -1895.18902
  V       138   23.38346   22.08246    0.38346    1.56503       -1895.24279
  V       139   23.56297   22.26197    0.56297    1.37527       -1895.13387
  V       140   23.30038   21.99939    0.30038    1.65065       -1895.28781
  V       141   23.20821   21.90721    0.20821    1.74741       -1895.34022
  V       142   23.35644   22.05544    0.35644    1.59649       -1895.25212
  V       143   23.46625   22.16526    0.46625    1.47804       -1895.18638
  V       144   23.48095   22.17995    0.48095    1.46237       -1895.16474
  V       145   23.56256   22.26156    0.56256    1.37646       -1895.14033
  V       146   23.54325   22.24226    0.54325    1.39536       -1895.14646
  V       147   23.41985   22.11885    0.41985    1.52967       -1895.21252
  V       148   23.52825   22.22725    0.52825    1.42124       -1895.15840
  V       149   23.42293   22.12193    0.42293    1.52536       -1895.23507
  V       150   23.43633   22.13533    0.43633    1.51117       -1895.21805
  V       151   23.50328   22.20229    0.50328    1.43894       -1895.16666
  V       152   23.39674   22.09574    0.39674    1.54862       -1895.22674
  V       153   23.49466   22.19366    0.49466    1.45313       -1895.19186
  V       154   23.42763   22.12663    0.42763    1.52016       -1895.22391
  V       155   23.31827   22.01727    0.31827    1.63825       -1895.27702
  V       156   23.37228   22.07128    0.37228    1.57090       -1895.24378
  V       157   23.42171   22.12071    0.42171    1.52718       -1895.23367
  V       158   23.47650   22.17550    0.47650    1.46810       -1895.19387
  V       159   23.37753   22.07653    0.37753    1.57733       -1895.25574
  V       160   23.45367   22.15267    0.45367    1.49338       -1895.20898
