 Atom   Index      Q          Qmt        dQ        Vmad        Local Energy
  W         1   73.69991   72.39886   -0.30009    1.89655      -32312.59305
  W         2   73.78868   72.48762   -0.21132    1.80122      -32312.53850
  W         3   73.85042   72.54937   -0.14958    1.74902      -32312.50765
  W         4   73.88833   72.58727   -0.11167    1.70607      -32312.47622
  W         5   73.96903   72.66798   -0.03097    1.62603      -32312.42423
  W         6   73.92046   72.61941   -0.07954    1.67327      -32312.45960
  W         7   73.61633   72.31528   -0.38367    1.98180      -32312.65030
  W         8   73.78835   72.48730   -0.21165    1.80668      -32312.53648
  W         9   73.88642   72.58537   -0.11358    1.70488      -32312.47210
  W        10   73.91101   72.60996   -0.08899    1.67821      -32312.45530
  W        11   73.89141   72.59036   -0.10859    1.70035      -32312.46554
  W        12   73.84373   72.54267   -0.15627    1.75543      -32312.50684
  W        13   73.98687   72.68582   -0.01313    1.61031      -32312.41336
  W        14   73.92313   72.62208   -0.07687    1.66642      -32312.44646
  W        15   73.81497   72.51392   -0.18503    1.77607      -32312.51659
  W        16   73.93639   72.63533   -0.06361    1.65737      -32312.44909
  Nb       17   40.92299   39.62194   -0.07701    1.70823       -7632.57985
  Nb       18   41.07354   39.77249    0.07354    1.55153       -7632.47037
  Nb       19   40.97321   39.67216   -0.02679    1.65023       -7632.54297
  Nb       20   41.00076   39.69971    0.00076    1.62782       -7632.51843
  Nb       21   40.75457   39.45351   -0.24543    1.86938       -7632.66539
  Nb       22   40.82390   39.52285   -0.17610    1.79741       -7632.62717
  Nb       23   41.07730   39.77625    0.07730    1.55099       -7632.48516
  Nb       24   40.96974   39.66869   -0.03026    1.65688       -7632.55469
  Nb       25   40.80598   39.50493   -0.19402    1.82361       -7632.64404
  Nb       26   40.87319   39.57213   -0.12681    1.74998       -7632.60466
  Nb       27   40.88143   39.58038   -0.11857    1.74378       -7632.59711
  Nb       28   40.86581   39.56476   -0.13419    1.75754       -7632.61456
  Nb       29   40.70663   39.40558   -0.29337    1.92032       -7632.69577
  Nb       30   41.08525   39.78419    0.08525    1.54181       -7632.47983
  Nb       31   40.93480   39.63375   -0.06520    1.69042       -7632.55892
  Nb       32   40.93902   39.63797   -0.06098    1.67978       -7632.55327
  Mo       33   42.06211   40.76106    0.06211    1.65727       -8090.56902
  Mo       34   42.00272   40.70167    0.00272    1.71290       -8090.59482
  Mo       35   42.07867   40.77762    0.07867    1.64379       -8090.56173
  Mo       36   41.89763   40.59658   -0.10237    1.82247       -8090.66135
  Mo       37   42.09056   40.78951    0.09056    1.62430       -8090.54415
  Mo       38   42.09601   40.79496    0.09601    1.62378       -8090.55144
  Mo       39   41.88403   40.58298   -0.11597    1.84038       -8090.67499
  Mo       40   42.20163   40.90058    0.20163    1.50618       -8090.46824
  Mo       41   42.04798   40.74693    0.04798    1.66679       -8090.57317
  Mo       42   42.12284   40.82178    0.12284    1.59695       -8090.53805
  Mo       43   41.83200   40.53095   -0.16800    1.89542       -8090.71068
  Mo       44   42.00190   40.70085    0.00190    1.72584       -8090.61057
  Mo       45   42.21064   40.90959    0.21064    1.50274       -8090.47731
  Mo       46   41.92398   40.62293   -0.07602    1.80001       -8090.65323
  Mo       47   41.98074   40.67969   -0.01926    1.74007       -8090.61208
  Mo       48   42.08936   40.78831    0.08936    1.63298       -8090.55889
  Ta       49   72.80379   71.50274   -0.19621    1.73735      -31232.91304
  Ta       50   72.78821   71.48715   -0.21179    1.74909      -31232.91501
  Ta       51   72.87056   71.56951   -0.12944    1.66534      -31232.86686
  Ta       52   72.77461   71.47356   -0.22539    1.75979      -31232.92647
  Ta       53   72.73211   71.43106   -0.26789    1.80163      -31232.94219
  Ta       54   72.80657   71.50551   -0.19343    1.72582      -31232.88890
  Ta       55   72.77108   71.47003   -0.22892    1.76148      -31232.91605
  Ta       56   72.76052   71.45947   -0.23948    1.77115      -31232.91920
  Ta       57   72.77878   71.47773   -0.22122    1.75420      -31232.91543
  Ta       58   72.68846   71.38741   -0.31154    1.83767      -31232.96146
  Ta       59   72.60652   71.30547   -0.39348    1.92677      -31233.02456
  Ta       60   72.74856   71.44751   -0.25144    1.78950      -31232.93163
  Ta       61   72.85640   71.55535   -0.14360    1.67407      -31232.87057
  Ta       62   72.65693   71.35588   -0.34307    1.87295      -31232.98717
  Ta       63   72.54985   71.24880   -0.45015    1.97807      -31233.06477
  Ta       64   72.55267   71.25161   -0.44733    1.97643      -31233.05274
  V        65   23.49997   22.19892    0.49997    1.44366       -1895.16952
  V        66   23.40083   22.09977    0.40083    1.54704       -1895.23521
  V        67   23.46770   22.16665    0.46770    1.47435       -1895.18122
  V        68   23.50741   22.20636    0.50741    1.43311       -1895.17194
  V        69   23.59352   22.29247    0.59352    1.33856       -1895.11612
  V        70   23.36181   22.06076    0.36181    1.58686       -1895.25864
  V        71   23.38542   22.08437    0.38542    1.56760       -1895.24175
  V        72   23.46176   22.16070    0.46176    1.48901       -1895.19295
  V        73   23.37808   22.07703    0.37808    1.57587       -1895.24701
  V        74   23.53204   22.23098    0.53204    1.41584       -1895.16034
  V        75   23.58157   22.28052    0.58157    1.36187       -1895.13203
  V        76   23.25405   21.95300    0.25405    1.70028       -1895.31107
  V        77   23.40206   22.10100    0.40206    1.55217       -1895.23964
  V        78   23.50070   22.19965    0.50070    1.44156       -1895.17695
  V        79   23.53993   22.23887    0.53993    1.39809       -1895.14563
  V        80   23.46116   22.16011    0.46116    1.48616       -1895.18816
