System Description            : WNbMoTa, BCC structure                          
Number of Atoms in Unit Cell  : 64                                              
Number of Atomic Species      : 4                                               
Number of Atoms in Each Type  : 16(W), 16(Nb), 16(Mo), 16(Ta)                   
Energy Offset                 : -19816                                          
=======================================================================================
    Iter     Energy      3PV     Efermi   Rms_rho    Rms_pot   Mix  Alg  Alpha 
---------------------------------------------------------------------------------------
**       1  -0.261379  2293.579  0.59513  0.140E+01  0.120E+00  pot  B   0.1000
         2  -0.619636  2265.245  0.60847  0.743E-02  0.196E+00  pot  B   0.1000
         3  -0.806154  2246.164  0.61753  0.494E-02  0.205E+00  pot  B   0.1000
         4  -1.181694  2180.609  0.64175  0.172E-01  0.871E-01  pot  B   0.1000
         5  -1.204053  2168.879  0.65778  0.347E-02  0.735E-01  pot  B   0.1000
         6  -1.235449  2156.875  0.66990  0.422E-02  0.507E-01  pot  B   0.1000
         7  -1.248709  2150.268  0.67511  0.241E-02  0.480E-01  pot  B   0.1000
         8  -1.267099  2139.922  0.67945  0.414E-02  0.213E-01  pot  B   0.1000
         9  -1.275016  2131.359  0.68370  0.379E-02  0.157E-01  pot  B   0.1000
        10  -1.275755  2129.163  0.68525  0.109E-02  0.125E-01  pot  B   0.1000
        11  -1.275965  2128.787  0.68582  0.266E-03  0.466E-02  pot  B   0.1000
        12  -1.276154  2128.503  0.68697  0.318E-03  0.384E-02  pot  B   0.1000
        13  -1.276254  2128.340  0.68808  0.256E-03  0.497E-02  pot  B   0.1000
        14  -1.276322  2128.330  0.68889  0.170E-03  0.333E-02  pot  B   0.1000
        15  -1.276357  2128.277  0.68973  0.172E-03  0.104E-02  pot  B   0.1000
        16  -1.276363  2128.319  0.69003  0.538E-04  0.588E-03  pot  B   0.1000
        17  -1.276367  2128.348  0.69022  0.331E-04  0.319E-03  pot  B   0.1000
        18  -1.276369  2128.319  0.69049  0.434E-04  0.164E-03  pot  B   0.1000
        19  -1.276369  2128.296  0.69055  0.105E-04  0.169E-03  pot  B   0.1000
        20  -1.276369  2128.293  0.69056  0.315E-05  0.887E-04  pot  B   0.1000
        21  -1.276369  2128.271  0.69059  0.589E-05  0.457E-04  pot  B   0.1000
        22  -1.276369  2128.266  0.69059  0.254E-05  0.315E-04  pot  B   0.1000
        23  -1.276369  2128.265  0.69060  0.113E-05  0.274E-04  pot  B   0.1000
        24  -1.276369  2128.267  0.69060  0.115E-05  0.253E-04  pot  B   0.1000
        25  -1.276369  2128.269  0.69061  0.106E-05  0.111E-04  pot  B   0.1000
        26  -1.276369  2128.272  0.69061  0.681E-06  0.662E-05  pot  B   0.1000
        27  -1.276369  2128.273  0.69061  0.488E-06  0.508E-05  pot  B   0.1000
        28  -1.276369  2128.274  0.69061  0.357E-06  0.510E-05  pot  B   0.1000
        29  -1.276369  2128.275  0.69061  0.542E-06  0.251E-05  pot  B   0.1000
        30  -1.276369  2128.275  0.69061  0.400E-06  0.130E-05  pot  B   0.1000
        31  -1.276369  2128.276  0.69061  0.164E-06  0.137E-05  pot  B   0.1000
        32  -1.276369  2128.276  0.69061  0.117E-06  0.112E-05  pot  B   0.1000
        33  -1.276369  2128.276  0.69061  0.582E-07  0.957E-06  pot  B   0.1000
        34  -1.276369  2128.276  0.69061  0.187E-07  0.546E-06  pot  B   0.1000
        35  -1.276369  2128.276  0.69061  0.761E-08  0.456E-06  pot  B   0.1000
        36  -1.276369  2128.276  0.69061  0.143E-07  0.488E-06  pot  B   0.1000
        37  -1.276369  2128.276  0.69061  0.133E-07  0.263E-06  pot  B   0.1000
        38  -1.276369  2128.276  0.69061  0.114E-07  0.143E-06  pot  B   0.1000
        39  -1.276369  2128.276  0.69061  0.551E-08  0.103E-06  pot  B   0.1000
        40  -1.276369  2128.276  0.69061  0.464E-08  0.114E-06  pot  B   0.1000
        41  -1.276369  2128.276  0.69061  0.405E-08  0.538E-07  pot  B   0.1000
        42  -1.276369  2128.276  0.69061  0.134E-08  0.348E-07  pot  B   0.1000
        43  -1.276369  2128.276  0.69061  0.136E-08  0.256E-07  pot  B   0.1000
        44  -1.276369  2128.276  0.69061  0.187E-08  0.203E-07  pot  B   0.1000
        45  -1.276369  2128.276  0.69061  0.931E-09  0.141E-07  pot  B   0.1000
        46  -1.276369  2128.276  0.69061  0.734E-09  0.675E-08  pot  B   0.1000
**      47  -1.276369  2128.276  0.69061  0.442E-12  0.675E-08  pot  B   0.1000
