 Atom   Index      Q          Qmt        dQ        Vmad        Local Energy
  W         1   73.95160   72.56432   -0.04840    1.81777      -32312.62133
  W         2   73.94280   72.55552   -0.05720    1.82601      -32312.62732
  W         3   73.94506   72.55778   -0.05494    1.82245      -32312.62924
  W         4   73.91508   72.52780   -0.08492    1.84944      -32312.64497
  W         5   74.01255   72.62527    0.01255    1.76229      -32312.60247
  W         6   73.92972   72.54244   -0.07028    1.83899      -32312.64072
  W         7   73.88051   72.49323   -0.11949    1.89022      -32312.67566
  W         8   73.96925   72.58197   -0.03075    1.79243      -32312.61456
  W         9   73.98966   72.60238   -0.01034    1.78527      -32312.62363
  W        10   73.96300   72.57572   -0.03700    1.80623      -32312.62060
  W        11   73.87686   72.48958   -0.12314    1.88022      -32312.65236
  W        12   73.93808   72.55080   -0.06192    1.82857      -32312.63640
  W        13   73.91966   72.53238   -0.08034    1.85140      -32312.65110
  W        14   73.96158   72.57430   -0.03842    1.80668      -32312.62399
  W        15   73.86340   72.47612   -0.13660    1.89098      -32312.66563
  W        16   73.98886   72.60158   -0.01114    1.77840      -32312.60261
  Nb       17   41.05109   39.66381    0.05109    1.75972       -7632.69975
  Nb       18   40.99000   39.60272   -0.01000    1.81531       -7632.73920
  Nb       19   40.93480   39.54752   -0.06520    1.86052       -7632.76495
  Nb       20   41.03995   39.65267    0.03995    1.76509       -7632.70173
  Nb       21   41.07604   39.68876    0.07604    1.73625       -7632.68702
  Nb       22   41.01290   39.62562    0.01290    1.79227       -7632.72418
  Nb       23   41.06610   39.67882    0.06610    1.73468       -7632.68259
  Nb       24   40.97981   39.59253   -0.02019    1.82424       -7632.73524
  Nb       25   41.02013   39.63285    0.02013    1.78742       -7632.72351
  Nb       26   41.04084   39.65356    0.04084    1.76720       -7632.70570
  Nb       27   40.94802   39.56074   -0.05198    1.85117       -7632.75133
  Nb       28   41.00691   39.61963    0.00691    1.79535       -7632.72085
  Nb       29   41.03104   39.64376    0.03104    1.77786       -7632.71837
  Nb       30   40.94313   39.55585   -0.05687    1.84854       -7632.74436
  Nb       31   41.06749   39.68021    0.06749    1.74211       -7632.68535
  Nb       32   41.08344   39.69616    0.08344    1.72762       -7632.68141
  Mo       33   42.16235   40.77507    0.16235    1.73313       -8090.70591
  Mo       34   42.16841   40.78113    0.16841    1.72508       -8090.69745
  Mo       35   42.17420   40.78692    0.17420    1.71861       -8090.69688
  Mo       36   42.19869   40.81141    0.19869    1.69620       -8090.67934
  Mo       37   42.17089   40.78361    0.17089    1.72449       -8090.70195
  Mo       38   42.17526   40.78798    0.17526    1.72540       -8090.70716
  Mo       39   42.13839   40.75111    0.13839    1.74933       -8090.71209
  Mo       40   42.18993   40.80265    0.18993    1.71167       -8090.69625
  Mo       41   42.19973   40.81245    0.19973    1.69848       -8090.68392
  Mo       42   42.18791   40.80063    0.18791    1.70347       -8090.67915
  Mo       43   42.13166   40.74438    0.13166    1.76256       -8090.70856
  Mo       44   42.09967   40.71239    0.09967    1.78452       -8090.71753
  Mo       45   42.08398   40.69670    0.08398    1.79566       -8090.73066
  Mo       46   42.12566   40.73838    0.12566    1.76092       -8090.70464
  Mo       47   42.08173   40.69445    0.08173    1.80142       -8090.73516
  Mo       48   42.19413   40.80685    0.19413    1.69274       -8090.67589
  Ta       49   72.88580   71.49852   -0.11420    1.82959      -31233.04366
  Ta       50   72.85947   71.47219   -0.14053    1.85602      -31233.06800
  Ta       51   72.89284   71.50556   -0.10716    1.82293      -31233.04617
  Ta       52   72.93868   71.55140   -0.06132    1.78107      -31233.01805
  Ta       53   72.86311   71.47583   -0.13689    1.84933      -31233.06056
  Ta       54   72.89610   71.50882   -0.10390    1.82479      -31233.04892
  Ta       55   72.90323   71.51595   -0.09677    1.81572      -31233.04701
  Ta       56   72.88859   71.50131   -0.11141    1.82848      -31233.04562
  Ta       57   72.84441   71.45713   -0.15559    1.87017      -31233.07852
  Ta       58   72.88658   71.49930   -0.11342    1.82873      -31233.05335
  Ta       59   72.85434   71.46706   -0.14566    1.86655      -31233.08212
  Ta       60   72.90421   71.51693   -0.09579    1.81007      -31233.03741
  Ta       61   72.88426   71.49698   -0.11574    1.83419      -31233.06418
  Ta       62   72.93469   71.54741   -0.06531    1.79085      -31233.02763
  Ta       63   72.86964   71.48236   -0.13036    1.84591      -31233.06206
  Ta       64   72.87211   71.48483   -0.12789    1.84644      -31233.07368
