System Description            : WNbMoTaTi, BCC structure                        
Number of Atoms in Unit Cell  : 20                                              
Number of Atomic Species      : 5                                               
Number of Atoms in Each Type  : 4(W), 4(Nb), 4(Mo), 4(Ta), 4(Ti)                
Energy Offset                 : -16193                                          
=======================================================================================
    Iter     Energy      3PV     Efermi   Rms_rho    Rms_pot   Mix  Alg  Alpha 
---------------------------------------------------------------------------------------
**       1  -0.748175  1839.794  0.52695  0.140E+01  0.169E+00  pot  B   0.1000
         2  -0.569498  1816.964  0.57961  0.771E-02  0.811E+00  pot  B   0.1000
         3  -1.102300  1814.397  0.57824  0.160E-02  0.124E+00  pot  B   0.1000
         4  -1.082385  1788.661  0.59391  0.862E-02  0.552E+00  pot  B   0.1000
         5  -1.400016  1772.884  0.60519  0.525E-02  0.244E+00  pot  B   0.1000
         6  -1.519021  1746.191  0.62555  0.902E-02  0.148E+00  pot  B   0.1000
         7  -1.557787  1732.569  0.63447  0.491E-02  0.630E-01  pot  B   0.1000
         8  -1.576950  1726.948  0.64055  0.262E-02  0.232E-01  pot  B   0.1000
         9  -1.593566  1716.535  0.64903  0.511E-02  0.612E-01  pot  B   0.1000
        10  -1.602347  1710.733  0.65329  0.315E-02  0.151E-01  pot  B   0.1000
        11  -1.604734  1707.035  0.65625  0.216E-02  0.845E-02  pot  B   0.1000
        12  -1.604916  1706.397  0.65727  0.485E-03  0.496E-02  pot  B   0.1000
        13  -1.605042  1706.223  0.65820  0.236E-03  0.259E-02  pot  B   0.1000
        14  -1.605210  1706.147  0.66005  0.378E-03  0.476E-02  pot  B   0.1000
        15  -1.605243  1706.119  0.66103  0.203E-03  0.225E-02  pot  B   0.1000
        16  -1.605246  1706.102  0.66137  0.660E-04  0.108E-02  pot  B   0.1000
        17  -1.605251  1706.127  0.66155  0.323E-04  0.573E-03  pot  B   0.1000
        18  -1.605256  1706.191  0.66174  0.428E-04  0.328E-03  pot  B   0.1000
        19  -1.605257  1706.209  0.66184  0.210E-04  0.132E-03  pot  B   0.1000
        20  -1.605257  1706.207  0.66187  0.619E-05  0.124E-03  pot  B   0.1000
        21  -1.605257  1706.180  0.66191  0.974E-05  0.805E-04  pot  B   0.1000
        22  -1.605258  1706.170  0.66193  0.387E-05  0.223E-04  pot  B   0.1000
        23  -1.605258  1706.167  0.66194  0.147E-05  0.200E-04  pot  B   0.1000
        24  -1.605258  1706.168  0.66194  0.120E-05  0.143E-04  pot  B   0.1000
        25  -1.605258  1706.170  0.66194  0.180E-05  0.869E-05  pot  B   0.1000
        26  -1.605258  1706.172  0.66195  0.581E-06  0.396E-05  pot  B   0.1000
        27  -1.605258  1706.171  0.66195  0.350E-06  0.248E-05  pot  B   0.1000
        28  -1.605258  1706.172  0.66195  0.954E-07  0.191E-05  pot  B   0.1000
        29  -1.605258  1706.172  0.66195  0.415E-07  0.110E-05  pot  B   0.1000
        30  -1.605258  1706.172  0.66195  0.264E-06  0.742E-06  pot  B   0.1000
        31  -1.605258  1706.172  0.66195  0.138E-06  0.399E-06  pot  B   0.1000
        32  -1.605258  1706.172  0.66195  0.819E-07  0.477E-06  pot  B   0.1000
        33  -1.605258  1706.172  0.66195  0.457E-07  0.327E-06  pot  B   0.1000
        34  -1.605258  1706.172  0.66195  0.271E-07  0.174E-06  pot  B   0.1000
        35  -1.605258  1706.172  0.66195  0.102E-07  0.425E-07  pot  B   0.1000
        36  -1.605258  1706.172  0.66195  0.629E-08  0.708E-07  pot  B   0.1000
        37  -1.605258  1706.172  0.66195  0.584E-08  0.331E-07  pot  B   0.1000
        38  -1.605258  1706.172  0.66195  0.105E-08  0.193E-07  pot  B   0.1000
        39  -1.605258  1706.172  0.66195  0.998E-09  0.128E-07  pot  B   0.1000
        40  -1.605258  1706.172  0.66195  0.745E-09  0.104E-07  pot  B   0.1000
        41  -1.605258  1706.172  0.66195  0.733E-09  0.103E-07  pot  B   0.1000
        42  -1.605258  1706.172  0.66195  0.613E-09  0.718E-08  pot  B   0.1000
**      43  -1.605258  1706.172  0.66195  0.478E-12  0.718E-08  pot  B   0.1000
