 Atom   Index      Q          Qmt        dQ        Vmad        Local Energy
  W         1   73.97578   72.67115   -0.02422    1.64068      -32312.44757
  W         2   74.00540   72.70077    0.00540    1.61219      -32312.42834
  W         3   73.90196   72.59732   -0.09804    1.71326      -32312.49835
  W         4   73.88403   72.57940   -0.11597    1.73715      -32312.51885
  W         5   73.94426   72.63963   -0.05574    1.67110      -32312.47058
  W         6   73.94335   72.63872   -0.05665    1.67548      -32312.47067
  W         7   73.83230   72.52767   -0.16770    1.78276      -32312.53124
  W         8   73.93283   72.62820   -0.06717    1.67992      -32312.47126
  W         9   73.84356   72.53893   -0.15644    1.77495      -32312.53881
  W        10   73.87412   72.56949   -0.12588    1.74115      -32312.51220
  W        11   73.85220   72.54757   -0.14780    1.77322      -32312.54097
  W        12   73.82440   72.51977   -0.17560    1.79078      -32312.54872
  W        13   73.95855   72.65392   -0.04145    1.66094      -32312.46283
  W        14   73.83732   72.53268   -0.16268    1.77578      -32312.53346
  W        15   73.95452   72.64989   -0.04548    1.66038      -32312.46801
  W        16   73.90770   72.60307   -0.09230    1.71115      -32312.50081
  Nb       17   40.97774   39.67311   -0.02226    1.67211       -7632.56161
  Nb       18   40.85038   39.54575   -0.14962    1.79354       -7632.62535
  Nb       19   40.88337   39.57874   -0.11663    1.77174       -7632.62879
  Nb       20   40.93517   39.63054   -0.06483    1.70985       -7632.59430
  Nb       21   41.00003   39.69540    0.00003    1.64444       -7632.54659
  Nb       22   40.90911   39.60448   -0.09089    1.74039       -7632.61843
  Nb       23   40.88134   39.57671   -0.11866    1.76223       -7632.62584
  Nb       24   40.99142   39.68679   -0.00858    1.65402       -7632.56486
  Nb       25   40.97655   39.67192   -0.02345    1.67232       -7632.56953
  Nb       26   40.87559   39.57096   -0.12441    1.77910       -7632.63863
  Nb       27   41.01758   39.71295    0.01758    1.63471       -7632.55607
  Nb       28   40.93008   39.62545   -0.06992    1.71839       -7632.59979
  Nb       29   40.98967   39.68504   -0.01033    1.65655       -7632.56228
  Nb       30   40.95293   39.64830   -0.04707    1.69414       -7632.58165
  Nb       31   40.81856   39.51393   -0.18144    1.83635       -7632.67174
  Nb       32   40.97907   39.67444   -0.02093    1.67517       -7632.56183
  Mo       33   42.13943   40.83480    0.13943    1.60033       -8090.55314
  Mo       34   42.09593   40.79130    0.09593    1.64487       -8090.57525
  Mo       35   42.09141   40.78678    0.09141    1.65619       -8090.59269
  Mo       36   42.05641   40.75178    0.05641    1.69435       -8090.60760
  Mo       37   42.12727   40.82264    0.12727    1.60930       -8090.55386
  Mo       38   42.11629   40.81166    0.11629    1.62523       -8090.56895
  Mo       39   42.01040   40.70577    0.01040    1.73179       -8090.63352
  Mo       40   42.06373   40.75910    0.06373    1.68214       -8090.60191
  Mo       41   42.13445   40.82982    0.13445    1.59949       -8090.54570
  Mo       42   42.08834   40.78371    0.08834    1.66132       -8090.59885
  Mo       43   41.99895   40.69431   -0.00105    1.73884       -8090.63257
  Mo       44   42.13264   40.82801    0.13264    1.61849       -8090.56938
  Mo       45   42.10536   40.80073    0.10536    1.63275       -8090.57238
  Mo       46   42.04868   40.74404    0.04868    1.70692       -8090.62700
  Mo       47   41.97016   40.66553   -0.02984    1.78665       -8090.67744
  Mo       48   42.17049   40.86586    0.17049    1.56808       -8090.53308
  Ta       49   72.84090   71.53627   -0.15910    1.71687      -31232.89757
  Ta       50   72.76327   71.45864   -0.23673    1.79234      -31232.95884
  Ta       51   72.86710   71.56247   -0.13290    1.69320      -31232.89311
  Ta       52   72.80575   71.50112   -0.19425    1.74562      -31232.91918
  Ta       53   72.86841   71.56378   -0.13159    1.68281      -31232.87545
  Ta       54   72.73302   71.42839   -0.26698    1.82336      -31232.96919
  Ta       55   72.86277   71.55814   -0.13723    1.69534      -31232.89223
  Ta       56   72.77479   71.47016   -0.22521    1.78221      -31232.94881
  Ta       57   72.75730   71.45267   -0.24270    1.80434      -31232.97294
  Ta       58   72.76996   71.46533   -0.23004    1.78784      -31232.94082
  Ta       59   72.73506   71.43043   -0.26494    1.82174      -31232.97473
  Ta       60   72.83981   71.53518   -0.16019    1.71695      -31232.91191
  Ta       61   72.81431   71.50968   -0.18569    1.73973      -31232.91685
  Ta       62   72.77337   71.46874   -0.22663    1.78587      -31232.93674
  Ta       63   72.84646   71.54183   -0.15354    1.72037      -31232.91200
  Ta       64   72.73903   71.43439   -0.26097    1.81909      -31232.96691
  Ti       65   22.31415   21.00952    0.31415    1.55167       -1704.36524
  Ti       66   22.27258   20.96795    0.27258    1.61625       -1704.44016
  Ti       67   22.21830   20.91366    0.21830    1.64589       -1704.40925
  Ti       68   22.29029   20.98566    0.29029    1.58492       -1704.39740
  Ti       69   22.32722   21.02259    0.32722    1.55012       -1704.39724
  Ti       70   22.39726   21.09263    0.39726    1.47917       -1704.36465
  Ti       71   22.24101   20.93638    0.24101    1.63485       -1704.41825
  Ti       72   22.25757   20.95294    0.25757    1.62348       -1704.43591
  Ti       73   22.24575   20.94112    0.24575    1.62168       -1704.41915
  Ti       74   22.23860   20.93397    0.23860    1.62129       -1704.37348
  Ti       75   22.25112   20.94649    0.25112    1.62456       -1704.42427
  Ti       76   22.26646   20.96183    0.26646    1.60617       -1704.42256
  Ti       77   22.35669   21.05206    0.35669    1.52362       -1704.37803
  Ti       78   22.23106   20.92643    0.23106    1.64912       -1704.43172
  Ti       79   22.21882   20.91419    0.21882    1.64717       -1704.41112
  Ti       80   22.29104   20.98641    0.29104    1.58472       -1704.41868
