 Atom   Index      Q          Qmt        dQ        Vmad        Local Energy
  W         1   73.97167   72.58434   -0.02833    1.79859      -32312.61471
  W         2   73.99405   72.60671   -0.00595    1.77554      -32312.59700
  W         3   73.95401   72.56667   -0.04599    1.81258      -32312.62812
  W         4   73.94250   72.55516   -0.05750    1.82242      -32312.62757
  W         5   73.86680   72.47946   -0.13320    1.89668      -32312.66704
  W         6   73.96774   72.58040   -0.03226    1.80049      -32312.62187
  W         7   73.95352   72.56618   -0.04648    1.81666      -32312.62651
  W         8   73.90523   72.51789   -0.09477    1.86220      -32312.65288
  W         9   73.96432   72.57698   -0.03568    1.80641      -32312.62092
  W        10   73.88236   72.49502   -0.11764    1.88125      -32312.66721
  W        11   73.91061   72.52327   -0.08939    1.85781      -32312.64941
  W        12   73.88380   72.49647   -0.11620    1.88211      -32312.67336
  W        13   73.86869   72.48135   -0.13131    1.89287      -32312.67008
  W        14   73.99276   72.60543   -0.00724    1.77900      -32312.60720
  W        15   73.94799   72.56065   -0.05201    1.82472      -32312.63449
  W        16   74.00754   72.62021    0.00754    1.76630      -32312.59600
  W        17   74.01476   72.62743    0.01476    1.75955      -32312.59147
  W        18   73.90328   72.51594   -0.09672    1.85853      -32312.64754
  W        19   73.98792   72.60059   -0.01208    1.77744      -32312.60344
  W        20   73.99961   72.61227   -0.00039    1.77509      -32312.60607
  W        21   73.92205   72.53472   -0.07795    1.84987      -32312.65214
  W        22   73.92222   72.53488   -0.07778    1.84928      -32312.64626
  W        23   73.99628   72.60894   -0.00372    1.77208      -32312.59596
  W        24   73.93194   72.54460   -0.06806    1.83849      -32312.64839
  W        25   73.89542   72.50808   -0.10458    1.86706      -32312.65013
  W        26   73.90140   72.51407   -0.09860    1.86424      -32312.65212
  W        27   73.98684   72.59951   -0.01316    1.78129      -32312.60499
  W        28   73.98380   72.59647   -0.01620    1.78310      -32312.60727
  W        29   73.91271   72.52538   -0.08729    1.85284      -32312.64441
  W        30   73.87644   72.48910   -0.12356    1.88264      -32312.66141
  W        31   73.95046   72.56313   -0.04954    1.82151      -32312.63464
  W        32   74.00400   72.61666    0.00400    1.77493      -32312.61102
  W        33   73.88670   72.49936   -0.11330    1.87519      -32312.66564
  W        34   73.91129   72.52395   -0.08871    1.85101      -32312.64379
  W        35   74.01685   72.62951    0.01685    1.75756      -32312.59565
  W        36   73.99196   72.60463   -0.00804    1.78253      -32312.60400
  W        37   74.00626   72.61892    0.00626    1.76795      -32312.60274
  W        38   73.94654   72.55920   -0.05346    1.82283      -32312.63221
  W        39   73.98197   72.59463   -0.01803    1.79111      -32312.61196
  W        40   73.99440   72.60706   -0.00560    1.77724      -32312.60483
  W        41   73.99027   72.60294   -0.00973    1.78398      -32312.61745
  W        42   73.95160   72.56426   -0.04840    1.81654      -32312.62697
  W        43   73.82950   72.44216   -0.17050    1.93215      -32312.69155
  W        44   73.99990   72.61257   -0.00010    1.77237      -32312.60535
  W        45   73.98802   72.60068   -0.01198    1.78752      -32312.61498
  W        46   73.96126   72.57392   -0.03874    1.80998      -32312.62973
  W        47   73.90535   72.51802   -0.09465    1.85937      -32312.65210
  W        48   73.97895   72.59161   -0.02105    1.79152      -32312.60887
  W        49   73.90251   72.51518   -0.09749    1.86427      -32312.64893
  W        50   73.91659   72.52925   -0.08341    1.85387      -32312.65116
  W        51   73.91377   72.52644   -0.08623    1.85164      -32312.64717
  W        52   73.91236   72.52502   -0.08764    1.85741      -32312.65763
  W        53   73.93891   72.55157   -0.06109    1.82646      -32312.63209
  W        54   73.99567   72.60833   -0.00433    1.77844      -32312.60855
  W        55   73.99121   72.60387   -0.00879    1.78092      -32312.60836
  W        56   74.03309   72.64576    0.03309    1.74882      -32312.59385
  W        57   73.94155   72.55421   -0.05845    1.82924      -32312.63595
  W        58   73.98045   72.59312   -0.01955    1.79106      -32312.61821
  W        59   73.89866   72.51132   -0.10134    1.86994      -32312.65583
  W        60   73.92856   72.54123   -0.07144    1.83611      -32312.63067
  W        61   73.90361   72.51628   -0.09639    1.86046      -32312.65127
  W        62   74.03012   72.64278    0.03012    1.74608      -32312.58567
  W        63   73.96057   72.57323   -0.03943    1.81152      -32312.63198
  W        64   73.92540   72.53806   -0.07460    1.83992      -32312.64289
  Nb       65   40.99225   39.60491   -0.00775    1.80859       -7632.73707
  Nb       66   41.07430   39.68696    0.07430    1.73362       -7632.69105
  Nb       67   41.08184   39.69450    0.08184    1.73312       -7632.68458
  Nb       68   41.10357   39.71623    0.10357    1.70179       -7632.66534
  Nb       69   40.93644   39.54910   -0.06356    1.85938       -7632.76063
  Nb       70   40.93685   39.54951   -0.06315    1.86184       -7632.76097
  Nb       71   41.00088   39.61354    0.00088    1.79871       -7632.71911
  Nb       72   41.04396   39.65662    0.04396    1.75867       -7632.70095
  Nb       73   40.95757   39.57024   -0.04243    1.84944       -7632.75182
  Nb       74   41.02543   39.63809    0.02543    1.78270       -7632.70879
  Nb       75   41.03838   39.65104    0.03838    1.76736       -7632.70696
  Nb       76   40.99342   39.60608   -0.00658    1.81058       -7632.72776
  Nb       77   41.05650   39.66916    0.05650    1.75344       -7632.69393
  Nb       78   41.02256   39.63523    0.02256    1.78208       -7632.71296
  Nb       79   41.02118   39.63385    0.02118    1.78612       -7632.72072
  Nb       80   41.02895   39.64161    0.02895    1.77985       -7632.71561
  Nb       81   41.02192   39.63458    0.02192    1.78466       -7632.71144
  Nb       82   41.01123   39.62389    0.01123    1.79225       -7632.72082
  Nb       83   40.98800   39.60066   -0.01200    1.81868       -7632.73785
  Nb       84   40.93277   39.54543   -0.06723    1.86408       -7632.76568
  Nb       85   40.96142   39.57408   -0.03858    1.84009       -7632.74975
  Nb       86   41.04503   39.65769    0.04503    1.76564       -7632.69963
  Nb       87   41.01977   39.63243    0.01977    1.78444       -7632.70745
  Nb       88   41.01938   39.63205    0.01938    1.78431       -7632.71736
  Nb       89   41.06209   39.67475    0.06209    1.74080       -7632.68737
  Nb       90   40.99321   39.60587   -0.00679    1.80999       -7632.73199
  Nb       91   41.10261   39.71527    0.10261    1.71231       -7632.67409
  Nb       92   41.04535   39.65801    0.04535    1.76008       -7632.69878
  Nb       93   40.95093   39.56359   -0.04907    1.84898       -7632.75478
  Nb       94   41.07376   39.68643    0.07376    1.73577       -7632.69384
  Nb       95   40.98576   39.59843   -0.01424    1.81678       -7632.73279
  Nb       96   41.04408   39.65674    0.04408    1.75975       -7632.70022
  Nb       97   41.03292   39.64558    0.03292    1.76988       -7632.70771
  Nb       98   40.98837   39.60103   -0.01163    1.81493       -7632.73495
  Nb       99   40.94369   39.55636   -0.05631    1.85742       -7632.76087
  Nb      100   41.04718   39.65984    0.04718    1.75999       -7632.69871
  Nb      101   41.03777   39.65043    0.03777    1.76841       -7632.70573
  Nb      102   41.02469   39.63735    0.02469    1.78049       -7632.70654
  Nb      103   41.00727   39.61993    0.00727    1.80232       -7632.73193
  Nb      104   41.09411   39.70678    0.09411    1.71944       -7632.67811
  Nb      105   40.99055   39.60321   -0.00945    1.81214       -7632.72959
  Nb      106   40.93619   39.54885   -0.06381    1.86294       -7632.76703
  Nb      107   41.04176   39.65442    0.04176    1.76043       -7632.69839
  Nb      108   41.07384   39.68650    0.07384    1.73518       -7632.68164
  Nb      109   40.99449   39.60715   -0.00551    1.80700       -7632.72890
  Nb      110   40.99768   39.61034   -0.00232    1.80690       -7632.72643
  Nb      111   40.99790   39.61056   -0.00210    1.80572       -7632.72385
  Nb      112   41.03198   39.64464    0.03198    1.77066       -7632.71184
  Nb      113   40.98220   39.59487   -0.01780    1.82369       -7632.73648
  Nb      114   41.02612   39.63879    0.02612    1.78132       -7632.71239
  Nb      115   41.01114   39.62381    0.01114    1.79749       -7632.72172
  Nb      116   41.01869   39.63136    0.01869    1.78587       -7632.72042
  Nb      117   41.09074   39.70340    0.09074    1.72589       -7632.68319
  Nb      118   41.05946   39.67212    0.05946    1.74615       -7632.69486
  Nb      119   41.07879   39.69145    0.07879    1.73411       -7632.68381
  Nb      120   41.06025   39.67291    0.06025    1.75258       -7632.69650
  Nb      121   41.03182   39.64448    0.03182    1.77626       -7632.71565
  Nb      122   41.01038   39.62304    0.01038    1.79379       -7632.71550
  Nb      123   41.06110   39.67377    0.06110    1.74937       -7632.69266
  Nb      124   40.98653   39.59920   -0.01347    1.81315       -7632.73422
  Nb      125   41.03496   39.64762    0.03496    1.77238       -7632.70892
  Nb      126   40.98829   39.60095   -0.01171    1.81244       -7632.72764
  Nb      127   41.01319   39.62585    0.01319    1.79294       -7632.72241
  Nb      128   41.01857   39.63123    0.01857    1.78742       -7632.71859
  Mo      129   42.11028   40.72294    0.11028    1.78149       -8090.72735
  Mo      130   42.22957   40.84223    0.22957    1.67213       -8090.67293
  Mo      131   42.18914   40.80181    0.18914    1.70454       -8090.67993
  Mo      132   42.14172   40.75439    0.14172    1.74779       -8090.70946
  Mo      133   42.19762   40.81029    0.19762    1.69487       -8090.67846
  Mo      134   42.12747   40.74013    0.12747    1.76236       -8090.71828
  Mo      135   42.23232   40.84499    0.23232    1.66561       -8090.66400
  Mo      136   42.21149   40.82415    0.21149    1.68159       -8090.66636
  Mo      137   42.18935   40.80202    0.18935    1.70195       -8090.68860
  Mo      138   42.20971   40.82237    0.20971    1.68474       -8090.67575
  Mo      139   42.16211   40.77477    0.16211    1.73217       -8090.70160
  Mo      140   42.20623   40.81889    0.20623    1.69103       -8090.67686
  Mo      141   42.11802   40.73068    0.11802    1.77100       -8090.71804
  Mo      142   42.10051   40.71317    0.10051    1.78627       -8090.73042
  Mo      143   42.15794   40.77060    0.15794    1.73673       -8090.69987
  Mo      144   42.15487   40.76753    0.15487    1.73745       -8090.69376
  Mo      145   42.17133   40.78400    0.17133    1.72462       -8090.70720
  Mo      146   42.16398   40.77664    0.16398    1.72509       -8090.68934
  Mo      147   42.14236   40.75502    0.14236    1.74848       -8090.70960
  Mo      148   42.21194   40.82460    0.21194    1.68555       -8090.67318
  Mo      149   42.22258   40.83524    0.22258    1.67344       -8090.66260
  Mo      150   42.12534   40.73800    0.12534    1.76426       -8090.70889
  Mo      151   42.20078   40.81345    0.20078    1.69620       -8090.68329
  Mo      152   42.22255   40.83522    0.22255    1.67678       -8090.66744
  Mo      153   42.16612   40.77878    0.16612    1.72640       -8090.69567
  Mo      154   42.14320   40.75587    0.14320    1.74873       -8090.70794
  Mo      155   42.13367   40.74634    0.13367    1.75491       -8090.71220
  Mo      156   42.21567   40.82833    0.21567    1.68090       -8090.67422
  Mo      157   42.24896   40.86162    0.24896    1.64935       -8090.65901
  Mo      158   42.14250   40.75516    0.14250    1.74989       -8090.70839
  Mo      159   42.19005   40.80272    0.19005    1.70536       -8090.69219
  Mo      160   42.25152   40.86419    0.25152    1.65179       -8090.65584
  Mo      161   42.18747   40.80014    0.18747    1.70712       -8090.68939
  Mo      162   42.15679   40.76946    0.15679    1.73608       -8090.70026
  Mo      163   42.21834   40.83100    0.21834    1.67969       -8090.67721
  Mo      164   42.21612   40.82878    0.21612    1.68008       -8090.67236
  Mo      165   42.14201   40.75467    0.14201    1.74866       -8090.70951
  Mo      166   42.17555   40.78821    0.17555    1.71750       -8090.69121
  Mo      167   42.14147   40.75414    0.14147    1.75059       -8090.70922
  Mo      168   42.16108   40.77374    0.16108    1.73135       -8090.70263
  Mo      169   42.14617   40.75883    0.14617    1.74305       -8090.70093
  Mo      170   42.12623   40.73890    0.12623    1.76354       -8090.71788
  Mo      171   42.19959   40.81226    0.19959    1.69519       -8090.68153
  Mo      172   42.08032   40.69298    0.08032    1.80586       -8090.73938
  Mo      173   42.14924   40.76190    0.14924    1.73832       -8090.69982
  Mo      174   42.16323   40.77590    0.16323    1.73113       -8090.70376
  Mo      175   42.13574   40.74840    0.13574    1.75143       -8090.70626
  Mo      176   42.14414   40.75681    0.14414    1.74248       -8090.70618
  Mo      177   42.25104   40.86371    0.25104    1.64723       -8090.65783
  Mo      178   42.19060   40.80326    0.19060    1.70776       -8090.69135
  Mo      179   42.14628   40.75894    0.14628    1.74183       -8090.69657
  Mo      180   42.25237   40.86504    0.25237    1.65078       -8090.66152
  Mo      181   42.18931   40.80198    0.18931    1.70719       -8090.69558
  Mo      182   42.13998   40.75265    0.13998    1.75188       -8090.71251
  Mo      183   42.16294   40.77560    0.16294    1.72803       -8090.69926
  Mo      184   42.17313   40.78579    0.17313    1.72203       -8090.69804
  Mo      185   42.15937   40.77204    0.15937    1.72949       -8090.69190
  Mo      186   42.19158   40.80424    0.19158    1.70404       -8090.68377
  Mo      187   42.21612   40.82878    0.21612    1.67800       -8090.66638
  Mo      188   42.18572   40.79838    0.18572    1.70671       -8090.68921
  Mo      189   42.15894   40.77161    0.15894    1.73168       -8090.69900
  Mo      190   42.22766   40.84032    0.22766    1.66649       -8090.65954
  Mo      191   42.17312   40.78579    0.17312    1.71843       -8090.68318
  Mo      192   42.12757   40.74023    0.12757    1.76199       -8090.71291
  Ta      193   72.83381   71.44647   -0.16619    1.87619      -31233.08586
  Ta      194   72.87989   71.49255   -0.12011    1.83361      -31233.05758
  Ta      195   72.82843   71.44109   -0.17157    1.88656      -31233.08747
  Ta      196   72.87084   71.48350   -0.12916    1.84594      -31233.06468
  Ta      197   72.84354   71.45620   -0.15646    1.87009      -31233.08079
  Ta      198   72.88528   71.49794   -0.11472    1.83535      -31233.05950
  Ta      199   72.82970   71.44237   -0.17030    1.88193      -31233.09170
  Ta      200   72.83720   71.44986   -0.16280    1.87552      -31233.08597
  Ta      201   72.86858   71.48125   -0.13142    1.84234      -31233.05496
  Ta      202   72.86547   71.47814   -0.13453    1.84739      -31233.06248
  Ta      203   72.82990   71.44256   -0.17010    1.88046      -31233.08378
  Ta      204   72.91308   71.52574   -0.08692    1.80692      -31233.04610
  Ta      205   72.83640   71.44906   -0.16360    1.87665      -31233.08318
  Ta      206   72.83911   71.45177   -0.16089    1.87227      -31233.07264
  Ta      207   72.84338   71.45604   -0.15662    1.87136      -31233.07639
  Ta      208   72.88348   71.49614   -0.11652    1.82843      -31233.05111
  Ta      209   72.88815   71.50081   -0.11185    1.82800      -31233.04997
  Ta      210   72.87855   71.49121   -0.12145    1.83900      -31233.05590
  Ta      211   72.82255   71.43521   -0.17745    1.88533      -31233.08984
  Ta      212   72.87926   71.49192   -0.12074    1.83715      -31233.05704
  Ta      213   72.93090   71.54356   -0.06910    1.79197      -31233.03434
  Ta      214   72.85203   71.46470   -0.14797    1.86060      -31233.06948
  Ta      215   72.85625   71.46892   -0.14375    1.85946      -31233.07104
  Ta      216   72.92008   71.53274   -0.07992    1.79715      -31233.03213
  Ta      217   72.91302   71.52568   -0.08698    1.80825      -31233.03566
  Ta      218   72.84438   71.45705   -0.15562    1.87163      -31233.08703
  Ta      219   72.87929   71.49195   -0.12071    1.83792      -31233.05275
  Ta      220   72.82662   71.43928   -0.17338    1.88433      -31233.08897
  Ta      221   72.89313   71.50579   -0.10687    1.82585      -31233.05042
  Ta      222   72.79707   71.40973   -0.20293    1.91272      -31233.09979
  Ta      223   72.78930   71.40196   -0.21070    1.91394      -31233.10776
  Ta      224   72.84853   71.46119   -0.15147    1.86253      -31233.07219
  Ta      225   72.81565   71.42831   -0.18435    1.89107      -31233.08832
  Ta      226   72.87705   71.48972   -0.12295    1.83372      -31233.05237
  Ta      227   72.78707   71.39973   -0.21293    1.91745      -31233.10544
  Ta      228   72.91566   71.52832   -0.08434    1.80314      -31233.03717
  Ta      229   72.86951   71.48218   -0.13049    1.84933      -31233.07022
  Ta      230   72.86327   71.47593   -0.13673    1.85726      -31233.07621
  Ta      231   72.90131   71.51397   -0.09869    1.81593      -31233.04204
  Ta      232   72.80340   71.41606   -0.19660    1.90628      -31233.09724
  Ta      233   72.83017   71.44283   -0.16983    1.88639      -31233.08859
  Ta      234   72.84154   71.45420   -0.15846    1.86950      -31233.08117
  Ta      235   72.84387   71.45653   -0.15613    1.86684      -31233.07741
  Ta      236   72.87773   71.49040   -0.12227    1.83714      -31233.06284
  Ta      237   72.82800   71.44066   -0.17200    1.88431      -31233.08724
  Ta      238   72.83084   71.44350   -0.16916    1.87780      -31233.08418
  Ta      239   72.87154   71.48420   -0.12846    1.83835      -31233.06191
  Ta      240   72.84485   71.45751   -0.15515    1.86288      -31233.07206
  Ta      241   72.90510   71.51776   -0.09490    1.81502      -31233.03606
  Ta      242   72.90211   71.51477   -0.09789    1.81340      -31233.04564
  Ta      243   72.92994   71.54261   -0.07006    1.79015      -31233.02684
  Ta      244   72.77503   71.38769   -0.22497    1.92934      -31233.11423
  Ta      245   72.88178   71.49444   -0.11822    1.83395      -31233.06510
  Ta      246   72.86917   71.48183   -0.13083    1.84642      -31233.06545
  Ta      247   72.80913   71.42179   -0.19087    1.90023      -31233.09536
  Ta      248   72.86667   71.47934   -0.13333    1.84820      -31233.06651
  Ta      249   72.82698   71.43965   -0.17302    1.88230      -31233.08694
  Ta      250   72.85048   71.46314   -0.14952    1.86446      -31233.07027
  Ta      251   72.81494   71.42761   -0.18506    1.89363      -31233.09307
  Ta      252   72.84311   71.45578   -0.15689    1.86549      -31233.07635
  Ta      253   72.88952   71.50218   -0.11048    1.83034      -31233.05353
  Ta      254   72.82387   71.43654   -0.17613    1.88627      -31233.08950
  Ta      255   72.88316   71.49582   -0.11684    1.82739      -31233.04648
  Ta      256   72.83965   71.45231   -0.16035    1.87461      -31233.08347
