System Description            : WNbMoTa, BCC structure                          
Number of Atoms in Unit Cell  : 512                                             
Number of Atomic Species      : 4                                               
Number of Atoms in Each Type  : 128(W), 128(Nb), 128(Mo), 128(Ta)               
Energy Offset                 : -19816                                          
=======================================================================================
    Iter     Energy      3PV     Efermi   Rms_rho    Rms_pot   Mix  Alg  Alpha 
---------------------------------------------------------------------------------------
**       1  -0.260664  2293.581  0.59431  0.140E+01  0.215E+00  pot  B   0.1000
         2  -0.023050  2265.909  0.61666  0.792E-02  0.202E+01  pot  B   0.1000
         3  -0.636641  2263.112  0.61255  0.229E-02  0.299E+00  pot  B   0.1000
         4  -0.694577  2254.368  0.61679  0.246E-02  0.462E+00  pot  B   0.1000
         5  -0.825393  2225.491  0.63162  0.782E-02  0.887E+00  pot  B   0.1000
         6  -1.141822  2186.035  0.64761  0.105E-01  0.369E+00  pot  B   0.1000
         7  -1.171349  2176.591  0.65893  0.271E-02  0.338E+00  pot  B   0.1000
         8  -1.196064  2171.153  0.66421  0.168E-02  0.200E+00  pot  B   0.1000
         9  -1.217455  2163.311  0.66877  0.253E-02  0.163E+00  pot  B   0.1000
        10  -1.237640  2155.072  0.67302  0.287E-02  0.111E+00  pot  B   0.1000
        11  -1.243174  2151.295  0.67499  0.146E-02  0.169E+00  pot  B   0.1000
        12  -1.258832  2145.139  0.67766  0.245E-02  0.910E-01  pot  B   0.1000
        13  -1.271842  2135.756  0.68188  0.399E-02  0.783E-01  pot  B   0.1000
        14  -1.271530  2135.810  0.68228  0.247E-03  0.762E-01  pot  B   0.1000
        15  -1.274173  2129.905  0.68550  0.191E-02  0.454E-01  pot  B   0.1000
        16  -1.276230  2127.948  0.68661  0.128E-02  0.119E-01  pot  B   0.1000
        17  -1.276352  2127.851  0.68696  0.235E-03  0.267E-01  pot  B   0.1000
        18  -1.276714  2128.100  0.68727  0.247E-03  0.158E-01  pot  B   0.1000
        19  -1.276865  2128.287  0.68763  0.192E-03  0.125E-01  pot  B   0.1000
        20  -1.276822  2128.086  0.68789  0.763E-04  0.213E-01  pot  B   0.1000
        21  -1.276901  2128.351  0.68794  0.807E-04  0.126E-01  pot  B   0.1000
        22  -1.276971  2128.525  0.68831  0.132E-03  0.104E-01  pot  B   0.1000
        23  -1.276975  2128.523  0.68846  0.395E-04  0.116E-01  pot  B   0.1000
        24  -1.277005  2128.632  0.68859  0.384E-04  0.609E-02  pot  B   0.1000
        25  -1.277032  2128.664  0.68902  0.111E-03  0.489E-02  pot  B   0.1000
        26  -1.277066  2128.897  0.68953  0.112E-03  0.371E-02  pot  B   0.1000
        27  -1.277074  2128.869  0.68985  0.477E-04  0.535E-02  pot  B   0.1000
        28  -1.277078  2128.855  0.69002  0.900E-04  0.254E-02  pot  B   0.1000
        29  -1.277085  2128.831  0.69032  0.448E-04  0.278E-02  pot  B   0.1000
        30  -1.277088  2128.816  0.69043  0.195E-04  0.222E-02  pot  B   0.1000
        31  -1.277090  2128.793  0.69054  0.193E-04  0.211E-02  pot  B   0.1000
        32  -1.277092  2128.676  0.69070  0.415E-04  0.324E-02  pot  B   0.1000
        33  -1.277093  2128.643  0.69078  0.185E-04  0.309E-02  pot  B   0.1000
        34  -1.277094  2128.634  0.69085  0.143E-04  0.226E-02  pot  B   0.1000
        35  -1.277094  2128.594  0.69091  0.179E-04  0.325E-02  pot  B   0.1000
        36  -1.277096  2128.555  0.69098  0.171E-04  0.155E-02  pot  B   0.1000
        37  -1.277095  2128.571  0.69103  0.965E-05  0.141E-02  pot  B   0.1000
        38  -1.277097  2128.458  0.69115  0.412E-04  0.601E-03  pot  B   0.1000
        39  -1.277097  2128.383  0.69123  0.294E-04  0.713E-03  pot  B   0.1000
        40  -1.277097  2128.418  0.69120  0.135E-04  0.102E-02  pot  B   0.1000
        41  -1.277097  2128.342  0.69127  0.288E-04  0.557E-03  pot  B   0.1000
        42  -1.277097  2128.331  0.69129  0.474E-05  0.642E-03  pot  B   0.1000
        43  -1.277097  2128.316  0.69130  0.560E-05  0.371E-03  pot  B   0.1000
        44  -1.277097  2128.292  0.69131  0.825E-05  0.497E-03  pot  B   0.1000
        45  -1.277097  2128.285  0.69131  0.260E-05  0.567E-03  pot  B   0.1000
        46  -1.277097  2128.280  0.69131  0.173E-05  0.342E-03  pot  B   0.1000
        47  -1.277097  2128.274  0.69131  0.233E-05  0.490E-03  pot  B   0.1000
        48  -1.277097  2128.270  0.69131  0.134E-05  0.292E-03  pot  B   0.1000
        49  -1.277097  2128.273  0.69130  0.140E-05  0.279E-03  pot  B   0.1000
        50  -1.277097  2128.259  0.69130  0.471E-05  0.141E-03  pot  B   0.1000
        51  -1.277096  2128.255  0.69130  0.188E-05  0.112E-03  pot  B   0.1000
        52  -1.277096  2128.259  0.69129  0.189E-05  0.240E-03  pot  B   0.1000
        53  -1.277096  2128.253  0.69129  0.235E-05  0.983E-04  pot  B   0.1000
        54  -1.277096  2128.253  0.69128  0.657E-06  0.126E-03  pot  B   0.1000
        55  -1.277096  2128.253  0.69128  0.952E-06  0.107E-03  pot  B   0.1000
        56  -1.277096  2128.254  0.69127  0.250E-05  0.128E-03  pot  B   0.1000
        57  -1.277096  2128.254  0.69126  0.769E-06  0.167E-03  pot  B   0.1000
        58  -1.277096  2128.255  0.69126  0.993E-06  0.115E-03  pot  B   0.1000
        59  -1.277096  2128.257  0.69125  0.162E-05  0.145E-03  pot  B   0.1000
        60  -1.277096  2128.258  0.69125  0.679E-06  0.106E-03  pot  B   0.1000
        61  -1.277096  2128.258  0.69125  0.419E-06  0.132E-03  pot  B   0.1000
        62  -1.277096  2128.259  0.69125  0.143E-05  0.424E-04  pot  B   0.1000
        63  -1.277096  2128.262  0.69124  0.160E-05  0.296E-04  pot  B   0.1000
        64  -1.277096  2128.264  0.69124  0.109E-05  0.851E-04  pot  B   0.1000
        65  -1.277096  2128.266  0.69123  0.747E-06  0.342E-04  pot  B   0.1000
        66  -1.277096  2128.267  0.69123  0.536E-06  0.546E-04  pot  B   0.1000
        67  -1.277096  2128.268  0.69123  0.724E-06  0.356E-04  pot  B   0.1000
        68  -1.277096  2128.271  0.69123  0.114E-05  0.318E-04  pot  B   0.1000
        69  -1.277096  2128.272  0.69123  0.262E-06  0.500E-04  pot  B   0.1000
        70  -1.277096  2128.273  0.69123  0.343E-06  0.329E-04  pot  B   0.1000
        71  -1.277096  2128.274  0.69123  0.455E-06  0.332E-04  pot  B   0.1000
        72  -1.277096  2128.274  0.69123  0.155E-06  0.308E-04  pot  B   0.1000
        73  -1.277096  2128.275  0.69123  0.261E-06  0.373E-04  pot  B   0.1000
        74  -1.277096  2128.275  0.69123  0.396E-06  0.143E-04  pot  B   0.1000
        75  -1.277096  2128.276  0.69123  0.392E-06  0.110E-04  pot  B   0.1000
        76  -1.277096  2128.277  0.69123  0.368E-06  0.224E-04  pot  B   0.1000
        77  -1.277096  2128.277  0.69123  0.201E-06  0.119E-04  pot  B   0.1000
        78  -1.277096  2128.278  0.69123  0.125E-06  0.193E-04  pot  B   0.1000
        79  -1.277096  2128.278  0.69123  0.130E-06  0.131E-04  pot  B   0.1000
        80  -1.277096  2128.278  0.69123  0.211E-06  0.977E-05  pot  B   0.1000
        81  -1.277096  2128.278  0.69123  0.678E-07  0.130E-04  pot  B   0.1000
        82  -1.277096  2128.278  0.69123  0.853E-07  0.111E-04  pot  B   0.1000
        83  -1.277096  2128.278  0.69123  0.121E-06  0.989E-05  pot  B   0.1000
        84  -1.277096  2128.278  0.69123  0.666E-07  0.105E-04  pot  B   0.1000
        85  -1.277096  2128.278  0.69123  0.876E-07  0.155E-04  pot  B   0.1000
        86  -1.277096  2128.278  0.69123  0.207E-07  0.638E-05  pot  B   0.1000
        87  -1.277096  2128.278  0.69123  0.155E-06  0.472E-05  pot  B   0.1000
        88  -1.277096  2128.278  0.69123  0.227E-06  0.633E-05  pot  B   0.1000
        89  -1.277096  2128.278  0.69123  0.290E-07  0.424E-05  pot  B   0.1000
        90  -1.277096  2128.278  0.69123  0.886E-07  0.698E-05  pot  B   0.1000
        91  -1.277096  2128.278  0.69123  0.621E-07  0.448E-05  pot  B   0.1000
        92  -1.277096  2128.277  0.69123  0.116E-06  0.267E-05  pot  B   0.1000
        93  -1.277096  2128.277  0.69123  0.626E-07  0.502E-05  pot  B   0.1000
        94  -1.277096  2128.277  0.69123  0.600E-07  0.425E-05  pot  B   0.1000
        95  -1.277096  2128.277  0.69123  0.684E-07  0.360E-05  pot  B   0.1000
        96  -1.277096  2128.277  0.69123  0.352E-07  0.370E-05  pot  B   0.1000
        97  -1.277096  2128.277  0.69123  0.354E-07  0.465E-05  pot  B   0.1000
        98  -1.277096  2128.277  0.69123  0.109E-07  0.261E-05  pot  B   0.1000
        99  -1.277096  2128.277  0.69123  0.663E-07  0.140E-05  pot  B   0.1000
       100  -1.277096  2128.277  0.69123  0.644E-07  0.176E-05  pot  B   0.1000
**     101  -1.277096  2128.277  0.69123  0.509E-12  0.176E-05  pot  B   0.1000
       102  -1.277096  2128.277  0.69123  0.190E-07  0.868E-05  pot  B   0.1000
       103  -1.277096  2128.277  0.69123  0.888E-08  0.266E-05  pot  B   0.1000
       104  -1.277096  2128.277  0.69123  0.327E-08  0.297E-06  pot  B   0.1000
       105  -1.277096  2128.276  0.69123  0.574E-07  0.232E-05  pot  B   0.1000
**     106  -1.277096  2128.277  0.69123  0.509E-12  0.176E-05  pot  B   0.1000
**     107  -1.277096  2128.277  0.69123  0.509E-12  0.176E-05  pot  B   0.1000
