 Atom   Index      Q          Qmt        dQ        Vmad        Local Energy
  W         1   73.96934   72.58196   -0.03066    1.80137      -32312.61719
  W         2   74.00005   72.61267    0.00005    1.77435      -32312.60262
  W         3   73.93580   72.54843   -0.06420    1.83067      -32312.63118
  W         4   73.90339   72.51602   -0.09661    1.85979      -32312.64683
  W         5   73.95792   72.57054   -0.04208    1.80900      -32312.62032
  W         6   74.02134   72.63396    0.02134    1.75301      -32312.59369
  W         7   73.95591   72.56853   -0.04409    1.81278      -32312.63256
  W         8   73.92441   72.53704   -0.07559    1.83917      -32312.63704
  W         9   73.97260   72.58523   -0.02740    1.79323      -32312.61224
  W        10   73.94922   72.56184   -0.05078    1.81959      -32312.62715
  W        11   73.95457   72.56719   -0.04543    1.81393      -32312.63118
  W        12   74.04976   72.66238    0.04976    1.72776      -32312.57739
  W        13   73.91279   72.52542   -0.08721    1.85254      -32312.64781
  W        14   74.01670   72.62932    0.01670    1.75591      -32312.58835
  W        15   74.02856   72.64118    0.02856    1.74624      -32312.59078
  W        16   73.96227   72.57490   -0.03773    1.80880      -32312.62305
  W        17   73.97964   72.59226   -0.02036    1.78967      -32312.61081
  W        18   73.95811   72.57074   -0.04189    1.81603      -32312.62945
  W        19   74.01083   72.62345    0.01083    1.75962      -32312.59453
  W        20   73.89600   72.50863   -0.10400    1.86942      -32312.65366
  W        21   73.98662   72.59924   -0.01338    1.78008      -32312.60242
  W        22   73.88407   72.49669   -0.11593    1.87591      -32312.65674
  W        23   73.90014   72.51277   -0.09986    1.86686      -32312.65605
  W        24   73.98561   72.59823   -0.01439    1.77805      -32312.60535
  W        25   74.00315   72.61577    0.00315    1.77063      -32312.60581
  W        26   73.91225   72.52487   -0.08775    1.85119      -32312.64229
  W        27   73.87721   72.48984   -0.12279    1.88463      -32312.65921
  W        28   73.92876   72.54138   -0.07124    1.83955      -32312.63524
  W        29   73.95877   72.57140   -0.04123    1.81468      -32312.62955
  W        30   73.96614   72.57876   -0.03386    1.80589      -32312.62857
  W        31   73.96611   72.57873   -0.03389    1.79858      -32312.61435
  W        32   73.93808   72.55070   -0.06192    1.83488      -32312.63914
  W        33   73.99067   72.60330   -0.00933    1.78441      -32312.60661
  W        34   73.91224   72.52486   -0.08776    1.85278      -32312.65322
  W        35   73.92111   72.53373   -0.07889    1.84462      -32312.63937
  W        36   73.94780   72.56042   -0.05220    1.82061      -32312.62349
  W        37   73.95705   72.56967   -0.04295    1.81579      -32312.63272
  W        38   73.96870   72.58133   -0.03130    1.80926      -32312.62404
  W        39   73.85824   72.47086   -0.14176    1.90362      -32312.67687
  W        40   73.99654   72.60916   -0.00346    1.77571      -32312.60577
  W        41   73.99476   72.60738   -0.00524    1.77569      -32312.60673
  W        42   73.99793   72.61055   -0.00207    1.77581      -32312.60259
  W        43   73.92591   72.53853   -0.07409    1.84318      -32312.64007
  W        44   73.98063   72.59325   -0.01937    1.79368      -32312.62215
  W        45   73.93758   72.55020   -0.06242    1.83758      -32312.64532
  W        46   73.91566   72.52828   -0.08434    1.84945      -32312.65237
  W        47   73.96693   72.57956   -0.03307    1.80306      -32312.62881
  W        48   73.94280   72.55542   -0.05720    1.82580      -32312.62843
  W        49   73.95711   72.56973   -0.04289    1.81098      -32312.62038
  W        50   73.98132   72.59395   -0.01868    1.79189      -32312.62288
  W        51   73.98547   72.59810   -0.01453    1.78451      -32312.60647
  W        52   73.94671   72.55933   -0.05329    1.82169      -32312.62568
  W        53   73.95049   72.56311   -0.04951    1.81773      -32312.62927
  W        54   73.95901   72.57164   -0.04099    1.80669      -32312.62020
  W        55   73.86623   72.47885   -0.13377    1.89461      -32312.66478
  W        56   73.85129   72.46391   -0.14871    1.90743      -32312.67669
  W        57   73.93480   72.54743   -0.06520    1.83631      -32312.63559
  W        58   73.88865   72.50128   -0.11135    1.86966      -32312.65515
  W        59   73.91870   72.53133   -0.08130    1.85303      -32312.65225
  W        60   73.90219   72.51481   -0.09781    1.86154      -32312.65921
  W        61   74.00401   72.61663    0.00401    1.77299      -32312.60683
  W        62   73.94983   72.56245   -0.05017    1.81670      -32312.63119
  W        63   73.93474   72.54736   -0.06526    1.83595      -32312.64527
  W        64   73.97965   72.59227   -0.02035    1.79022      -32312.62155
  W        65   73.94767   72.56029   -0.05233    1.81781      -32312.62704
  W        66   74.02069   72.63331    0.02069    1.75832      -32312.59267
  W        67   73.94561   72.55823   -0.05439    1.81848      -32312.62146
  W        68   73.91736   72.52998   -0.08264    1.85136      -32312.64514
  W        69   73.82312   72.43574   -0.17688    1.93716      -32312.68724
  W        70   74.00765   72.62028    0.00765    1.76708      -32312.60196
  W        71   73.91028   72.52291   -0.08972    1.85851      -32312.65893
  W        72   73.98225   72.59487   -0.01775    1.78917      -32312.61215
  W        73   73.95379   72.56641   -0.04621    1.80948      -32312.62011
  W        74   73.97357   72.58619   -0.02643    1.79206      -32312.60758
  W        75   73.95092   72.56354   -0.04908    1.81912      -32312.63196
  W        76   74.00635   72.61897    0.00635    1.76608      -32312.59360
  W        77   73.96329   72.57591   -0.03671    1.80592      -32312.62490
  W        78   73.94536   72.55798   -0.05464    1.82009      -32312.62915
  W        79   73.92623   72.53885   -0.07377    1.83477      -32312.63883
  W        80   73.94487   72.55750   -0.05513    1.82716      -32312.64190
  W        81   73.98500   72.59763   -0.01500    1.78220      -32312.59886
  W        82   73.90865   72.52127   -0.09135    1.85349      -32312.64695
  W        83   74.01860   72.63122    0.01860    1.75343      -32312.58989
  W        84   73.98616   72.59878   -0.01384    1.78028      -32312.60720
  W        85   73.91105   72.52367   -0.08895    1.85129      -32312.64122
  W        86   74.01428   72.62691    0.01428    1.76309      -32312.59475
  W        87   74.02006   72.63268    0.02006    1.75821      -32312.59755
  W        88   74.00364   72.61626    0.00364    1.77181      -32312.60474
  W        89   73.91760   72.53022   -0.08240    1.84885      -32312.64922
  W        90   74.03782   72.65045    0.03782    1.73615      -32312.57981
  W        91   74.03068   72.64330    0.03068    1.74889      -32312.58934
  W        92   73.99807   72.61069   -0.00193    1.77000      -32312.60255
  W        93   73.94962   72.56224   -0.05038    1.81858      -32312.62765
  W        94   74.03997   72.65259    0.03997    1.73631      -32312.58541
  W        95   73.93732   72.54994   -0.06268    1.82785      -32312.63323
  W        96   73.98712   72.59974   -0.01288    1.78318      -32312.61090
  W        97   73.97680   72.58942   -0.02320    1.79167      -32312.61299
  W        98   74.01090   72.62352    0.01090    1.75782      -32312.59083
  W        99   74.01524   72.62787    0.01524    1.76037      -32312.59776
  W       100   73.97984   72.59246   -0.02016    1.78697      -32312.61257
  W       101   73.93174   72.54436   -0.06826    1.83119      -32312.63461
  W       102   73.97558   72.58820   -0.02442    1.79450      -32312.61336
  W       103   74.00253   72.61516    0.00253    1.77662      -32312.61042
  W       104   73.92978   72.54240   -0.07022    1.83030      -32312.63529
  W       105   73.96035   72.57297   -0.03965    1.81112      -32312.62729
  W       106   73.95149   72.56412   -0.04851    1.82098      -32312.63593
  W       107   73.96266   72.57528   -0.03734    1.80893      -32312.62290
  W       108   73.98212   72.59474   -0.01788    1.79383      -32312.61411
  W       109   73.94682   72.55944   -0.05318    1.81551      -32312.61979
  W       110   73.99796   72.61058   -0.00204    1.77968      -32312.61164
  W       111   73.95207   72.56469   -0.04793    1.81987      -32312.63503
  W       112   73.96091   72.57353   -0.03909    1.80854      -32312.62917
  W       113   73.90735   72.51997   -0.09265    1.86088      -32312.65647
  W       114   73.93161   72.54423   -0.06839    1.83865      -32312.63929
  W       115   73.91739   72.53002   -0.08261    1.84920      -32312.64447
  W       116   73.94847   72.56109   -0.05153    1.82044      -32312.63200
  W       117   73.97918   72.59181   -0.02082    1.78543      -32312.60035
  W       118   73.93312   72.54575   -0.06688    1.82598      -32312.62902
  W       119   73.97504   72.58766   -0.02496    1.79517      -32312.61482
  W       120   73.96342   72.57605   -0.03658    1.80299      -32312.62072
  W       121   73.92249   72.53511   -0.07751    1.84341      -32312.64283
  W       122   73.98619   72.59881   -0.01381    1.78522      -32312.60493
  W       123   73.92978   72.54240   -0.07022    1.83281      -32312.64011
  W       124   73.89868   72.51130   -0.10132    1.87086      -32312.66484
  W       125   73.91636   72.52899   -0.08364    1.85096      -32312.65241
  W       126   73.87648   72.48911   -0.12352    1.88463      -32312.66348
  W       127   73.98616   72.59878   -0.01384    1.78187      -32312.60513
  W       128   73.97805   72.59067   -0.02195    1.78997      -32312.60663
  Nb      129   41.01696   39.62958    0.01696    1.79008       -7632.71788
  Nb      130   41.09914   39.71177    0.09914    1.71480       -7632.67341
  Nb      131   40.99912   39.61174   -0.00088    1.80349       -7632.72537
  Nb      132   40.91900   39.53162   -0.08100    1.87553       -7632.76611
  Nb      133   41.07857   39.69119    0.07857    1.72861       -7632.68556
  Nb      134   40.96275   39.57537   -0.03725    1.83941       -7632.74111
  Nb      135   41.08482   39.69744    0.08482    1.72902       -7632.68376
  Nb      136   41.05464   39.66727    0.05464    1.75071       -7632.69168
  Nb      137   41.05416   39.66679    0.05416    1.74829       -7632.69652
  Nb      138   41.07525   39.68787    0.07525    1.73102       -7632.68424
  Nb      139   41.03195   39.64457    0.03195    1.77232       -7632.70455
  Nb      140   41.01471   39.62733    0.01471    1.79069       -7632.71990
  Nb      141   40.98819   39.60081   -0.01181    1.81385       -7632.73546
  Nb      142   40.95446   39.56709   -0.04554    1.83791       -7632.74505
  Nb      143   41.01865   39.63127    0.01865    1.78372       -7632.71022
  Nb      144   41.07386   39.68648    0.07386    1.73585       -7632.68452
  Nb      145   40.93038   39.54300   -0.06962    1.86647       -7632.76117
  Nb      146   41.02463   39.63725    0.02463    1.78320       -7632.70768
  Nb      147   41.05138   39.66400    0.05138    1.75779       -7632.70220
  Nb      148   41.01068   39.62330    0.01068    1.79025       -7632.71532
  Nb      149   41.07671   39.68933    0.07671    1.72992       -7632.68125
  Nb      150   40.98983   39.60245   -0.01017    1.80975       -7632.73311
  Nb      151   41.00166   39.61428    0.00166    1.80824       -7632.72631
  Nb      152   40.97196   39.58458   -0.02804    1.82835       -7632.74035
  Nb      153   40.99825   39.61087   -0.00175    1.80872       -7632.72650
  Nb      154   40.98689   39.59951   -0.01311    1.81564       -7632.73342
  Nb      155   41.03522   39.64785    0.03522    1.76829       -7632.70418
  Nb      156   40.98324   39.59586   -0.01676    1.81589       -7632.73708
  Nb      157   41.04858   39.66121    0.04858    1.75338       -7632.69329
  Nb      158   40.99049   39.60311   -0.00951    1.81235       -7632.72657
  Nb      159   41.07557   39.68820    0.07557    1.73145       -7632.68424
  Nb      160   40.99955   39.61217   -0.00045    1.80782       -7632.72954
  Nb      161   40.99014   39.60276   -0.00986    1.81863       -7632.74087
  Nb      162   41.01035   39.62297    0.01035    1.80002       -7632.72455
  Nb      163   41.05658   39.66921    0.05658    1.74819       -7632.69129
  Nb      164   41.03543   39.64805    0.03543    1.77043       -7632.70932
  Nb      165   40.98063   39.59326   -0.01937    1.82341       -7632.73482
  Nb      166   40.97259   39.58521   -0.02741    1.83143       -7632.74646
  Nb      167   41.03203   39.64465    0.03203    1.76871       -7632.71200
  Nb      168   40.99810   39.61072   -0.00190    1.80503       -7632.73375
  Nb      169   40.98636   39.59898   -0.01364    1.81715       -7632.73349
  Nb      170   40.95343   39.56606   -0.04657    1.84612       -7632.74856
  Nb      171   40.99105   39.60367   -0.00895    1.80758       -7632.72152
  Nb      172   41.10495   39.71757    0.10495    1.70579       -7632.66739
  Nb      173   40.96505   39.57768   -0.03495    1.83534       -7632.74636
  Nb      174   41.03207   39.64470    0.03207    1.77762       -7632.70438
  Nb      175   40.98532   39.59795   -0.01468    1.81762       -7632.73356
  Nb      176   40.98975   39.60238   -0.01025    1.81351       -7632.73741
  Nb      177   41.07754   39.69016    0.07754    1.73240       -7632.68619
  Nb      178   41.02052   39.63314    0.02052    1.78449       -7632.71922
  Nb      179   41.02519   39.63781    0.02519    1.78100       -7632.71075
  Nb      180   41.05669   39.66931    0.05669    1.75235       -7632.69714
  Nb      181   41.05775   39.67038    0.05775    1.75064       -7632.69517
  Nb      182   41.01644   39.62906    0.01644    1.79105       -7632.72551
  Nb      183   41.02250   39.63512    0.02250    1.78153       -7632.70861
  Nb      184   41.02404   39.63666    0.02404    1.78238       -7632.71636
  Nb      185   41.04773   39.66035    0.04773    1.76334       -7632.70205
  Nb      186   41.04116   39.65379    0.04116    1.76538       -7632.69841
  Nb      187   41.06988   39.68250    0.06988    1.74384       -7632.69216
  Nb      188   41.00218   39.61481    0.00218    1.79858       -7632.72427
  Nb      189   41.03504   39.64766    0.03504    1.76646       -7632.70511
  Nb      190   41.00924   39.62186    0.00924    1.79979       -7632.72862
  Nb      191   40.99866   39.61128   -0.00134    1.80953       -7632.72899
  Nb      192   41.09091   39.70354    0.09091    1.71994       -7632.67853
  Nb      193   41.03365   39.64627    0.03365    1.77428       -7632.70799
  Nb      194   41.00786   39.62048    0.00786    1.79693       -7632.71617
  Nb      195   40.93865   39.55127   -0.06135    1.85887       -7632.75363
  Nb      196   40.96635   39.57898   -0.03365    1.83368       -7632.74698
  Nb      197   41.01806   39.63068    0.01806    1.78566       -7632.70693
  Nb      198   41.02255   39.63517    0.02255    1.78467       -7632.72304
  Nb      199   41.00805   39.62068    0.00805    1.79411       -7632.71648
  Nb      200   40.99245   39.60508   -0.00755    1.81229       -7632.72574
  Nb      201   41.03661   39.64923    0.03661    1.77555       -7632.71353
  Nb      202   40.95549   39.56811   -0.04451    1.84882       -7632.76009
  Nb      203   41.07127   39.68390    0.07127    1.73382       -7632.68891
  Nb      204   41.01654   39.62916    0.01654    1.79395       -7632.72472
  Nb      205   40.98410   39.59673   -0.01590    1.82386       -7632.73650
  Nb      206   41.04163   39.65425    0.04163    1.76754       -7632.70325
  Nb      207   40.97441   39.58703   -0.02559    1.82833       -7632.74116
  Nb      208   40.95824   39.57086   -0.04176    1.84291       -7632.74900
  Nb      209   41.02653   39.63915    0.02653    1.78093       -7632.72096
  Nb      210   41.01386   39.62648    0.01386    1.79280       -7632.71808
  Nb      211   40.95737   39.56999   -0.04263    1.84447       -7632.76183
  Nb      212   40.99919   39.61181   -0.00081    1.80568       -7632.73294
  Nb      213   40.98429   39.59691   -0.01571    1.81700       -7632.73372
  Nb      214   41.07928   39.69190    0.07928    1.72443       -7632.68560
  Nb      215   41.03788   39.65050    0.03788    1.77501       -7632.71488
  Nb      216   40.99524   39.60786   -0.00476    1.80938       -7632.72968
  Nb      217   40.97364   39.58626   -0.02636    1.82686       -7632.73823
  Nb      218   40.97174   39.58436   -0.02826    1.83384       -7632.74678
  Nb      219   40.95782   39.57044   -0.04218    1.84615       -7632.75179
  Nb      220   41.05387   39.66649    0.05387    1.75625       -7632.70279
  Nb      221   40.97559   39.58821   -0.02441    1.82389       -7632.74205
  Nb      222   41.10679   39.71941    0.10679    1.70425       -7632.66626
  Nb      223   41.00808   39.62070    0.00808    1.79637       -7632.72395
  Nb      224   41.03500   39.64762    0.03500    1.76936       -7632.69863
  Nb      225   40.99482   39.60744   -0.00518    1.80989       -7632.72656
  Nb      226   40.98728   39.59990   -0.01272    1.81856       -7632.73622
  Nb      227   41.11769   39.73032    0.11769    1.69400       -7632.65866
  Nb      228   40.99208   39.60470   -0.00792    1.81108       -7632.73097
  Nb      229   41.03641   39.64904    0.03641    1.77641       -7632.71578
  Nb      230   40.99407   39.60669   -0.00593    1.80865       -7632.72935
  Nb      231   41.03173   39.64435    0.03173    1.77812       -7632.71511
  Nb      232   41.02335   39.63597    0.02335    1.78427       -7632.71963
  Nb      233   40.96140   39.57402   -0.03860    1.84142       -7632.74901
  Nb      234   41.01783   39.63045    0.01783    1.78557       -7632.71565
  Nb      235   40.97141   39.58403   -0.02859    1.83582       -7632.75042
  Nb      236   40.96348   39.57610   -0.03652    1.83944       -7632.74597
  Nb      237   40.96931   39.58193   -0.03069    1.83189       -7632.73825
  Nb      238   41.02226   39.63488    0.02226    1.78250       -7632.71276
  Nb      239   41.06760   39.68023    0.06760    1.74043       -7632.69103
  Nb      240   41.00346   39.61608    0.00346    1.79999       -7632.72169
  Nb      241   41.00516   39.61778    0.00516    1.80381       -7632.72554
  Nb      242   40.99855   39.61118   -0.00145    1.80422       -7632.72287
  Nb      243   40.95360   39.56622   -0.04640    1.85022       -7632.75665
  Nb      244   41.01264   39.62526    0.01264    1.79242       -7632.72140
  Nb      245   41.04373   39.65635    0.04373    1.76478       -7632.69691
  Nb      246   41.03656   39.64918    0.03656    1.76434       -7632.70247
  Nb      247   41.07174   39.68436    0.07174    1.73873       -7632.69207
  Nb      248   40.94796   39.56058   -0.05204    1.85155       -7632.74863
  Nb      249   41.06719   39.67982    0.06719    1.74023       -7632.68761
  Nb      250   40.99851   39.61113   -0.00149    1.80190       -7632.73361
  Nb      251   41.00955   39.62217    0.00955    1.79443       -7632.71270
  Nb      252   40.96813   39.58075   -0.03187    1.83685       -7632.74694
  Nb      253   40.98763   39.60025   -0.01237    1.81435       -7632.73330
  Nb      254   40.98829   39.60092   -0.01171    1.81155       -7632.72383
  Nb      255   41.02080   39.63342    0.02080    1.78376       -7632.71534
  Nb      256   41.03064   39.64326    0.03064    1.77111       -7632.70659
  Mo      257   42.15681   40.76943    0.15681    1.73132       -8090.69825
  Mo      258   42.23592   40.84855    0.23592    1.65772       -8090.65636
  Mo      259   42.16924   40.78186    0.16924    1.72538       -8090.69902
  Mo      260   42.27292   40.88555    0.27292    1.63042       -8090.64656
  Mo      261   42.16637   40.77899    0.16637    1.73167       -8090.70232
  Mo      262   42.13606   40.74869    0.13606    1.75552       -8090.71335
  Mo      263   42.15727   40.76989    0.15727    1.73602       -8090.70767
  Mo      264   42.21293   40.82555    0.21293    1.68147       -8090.67895
  Mo      265   42.17721   40.78983    0.17721    1.71736       -8090.69286
  Mo      266   42.13074   40.74336    0.13074    1.75895       -8090.71343
  Mo      267   42.08885   40.70148    0.08885    1.80133       -8090.73663
  Mo      268   42.16563   40.77825    0.16563    1.72393       -8090.69732
  Mo      269   42.19420   40.80682    0.19420    1.69542       -8090.67695
  Mo      270   42.10470   40.71732    0.10470    1.78705       -8090.72737
  Mo      271   42.12302   40.73564    0.12302    1.77005       -8090.71952
  Mo      272   42.16233   40.77495    0.16233    1.72738       -8090.69506
  Mo      273   42.22798   40.84060    0.22798    1.66929       -8090.66541
  Mo      274   42.08478   40.69741    0.08478    1.80168       -8090.73682
  Mo      275   42.08950   40.70212    0.08950    1.80010       -8090.73793
  Mo      276   42.16205   40.77467    0.16205    1.73635       -8090.70808
  Mo      277   42.21633   40.82896    0.21633    1.67947       -8090.67078
  Mo      278   42.13299   40.74562    0.13299    1.75974       -8090.70874
  Mo      279   42.13687   40.74949    0.13687    1.76221       -8090.72012
  Mo      280   42.12794   40.74056    0.12794    1.75955       -8090.71103
  Mo      281   42.17133   40.78395    0.17133    1.72552       -8090.69903
  Mo      282   42.17305   40.78567    0.17305    1.72358       -8090.69478
  Mo      283   42.23545   40.84807    0.23545    1.66300       -8090.66343
  Mo      284   42.16229   40.77491    0.16229    1.72265       -8090.68762
  Mo      285   42.17438   40.78701    0.17438    1.71712       -8090.69347
  Mo      286   42.18600   40.79863    0.18600    1.71201       -8090.68662
  Mo      287   42.15197   40.76459    0.15197    1.74663       -8090.71053
  Mo      288   42.13288   40.74550    0.13288    1.75778       -8090.71339
  Mo      289   42.16635   40.77897    0.16635    1.73220       -8090.70730
  Mo      290   42.09408   40.70670    0.09408    1.79582       -8090.73553
  Mo      291   42.15176   40.76438    0.15176    1.74372       -8090.71124
  Mo      292   42.13495   40.74757    0.13495    1.75305       -8090.70782
  Mo      293   42.17499   40.78761    0.17499    1.72104       -8090.69619
  Mo      294   42.17928   40.79190    0.17928    1.72063       -8090.69995
  Mo      295   42.02275   40.63537    0.02275    1.86537       -8090.77206
  Mo      296   42.18244   40.79506    0.18244    1.71123       -8090.68492
  Mo      297   42.19453   40.80715    0.19453    1.70332       -8090.68239
  Mo      298   42.14536   40.75798    0.14536    1.74168       -8090.71159
  Mo      299   42.17478   40.78741    0.17478    1.72094       -8090.69511
  Mo      300   42.17717   40.78979    0.17717    1.71260       -8090.68722
  Mo      301   42.16548   40.77810    0.16548    1.72534       -8090.70120
  Mo      302   42.15653   40.76915    0.15653    1.73551       -8090.69963
  Mo      303   42.18760   40.80023    0.18760    1.70172       -8090.67392
  Mo      304   42.13893   40.75155    0.13893    1.75138       -8090.70837
  Mo      305   42.13525   40.74787    0.13525    1.74996       -8090.70583
  Mo      306   42.14319   40.75581    0.14319    1.74994       -8090.70896
  Mo      307   42.10059   40.71321    0.10059    1.79072       -8090.72567
  Mo      308   42.23258   40.84520    0.23258    1.66116       -8090.66187
  Mo      309   42.15293   40.76555    0.15293    1.74243       -8090.70484
  Mo      310   42.10906   40.72168    0.10906    1.77628       -8090.72256
  Mo      311   42.11726   40.72988    0.11726    1.77295       -8090.71814
  Mo      312   42.21922   40.83184    0.21922    1.67862       -8090.68084
  Mo      313   42.15417   40.76679    0.15417    1.74034       -8090.70203
  Mo      314   42.23955   40.85217    0.23955    1.65926       -8090.66118
  Mo      315   42.23740   40.85002    0.23740    1.65955       -8090.66716
  Mo      316   42.15904   40.77166    0.15904    1.73790       -8090.70242
  Mo      317   42.18454   40.79716    0.18454    1.71141       -8090.68967
  Mo      318   42.19153   40.80415    0.19153    1.70307       -8090.68637
  Mo      319   42.14837   40.76099    0.14837    1.74592       -8090.70950
  Mo      320   42.19303   40.80565    0.19303    1.69834       -8090.67684
  Mo      321   42.19855   40.81117    0.19855    1.69600       -8090.67669
  Mo      322   42.18262   40.79524    0.18262    1.70767       -8090.68061
  Mo      323   42.20735   40.81997    0.20735    1.68691       -8090.68005
  Mo      324   42.19070   40.80333    0.19070    1.70330       -8090.68641
  Mo      325   42.18656   40.79918    0.18656    1.71362       -8090.69087
  Mo      326   42.13034   40.74296    0.13034    1.76356       -8090.71258
  Mo      327   42.12745   40.74007    0.12745    1.75970       -8090.71208
  Mo      328   42.16820   40.78083    0.16820    1.73157       -8090.69769
  Mo      329   42.23530   40.84792    0.23530    1.65964       -8090.66707
  Mo      330   42.20029   40.81291    0.20029    1.69802       -8090.68236
  Mo      331   42.20202   40.81464    0.20202    1.69551       -8090.68082
  Mo      332   42.11918   40.73180    0.11918    1.77438       -8090.71752
  Mo      333   42.13394   40.74656    0.13394    1.75795       -8090.71772
  Mo      334   42.17548   40.78811    0.17548    1.71909       -8090.69379
  Mo      335   42.18477   40.79739    0.18477    1.71422       -8090.69426
  Mo      336   42.18256   40.79518    0.18256    1.71346       -8090.69566
  Mo      337   42.12793   40.74055    0.12793    1.76204       -8090.71245
  Mo      338   42.22118   40.83380    0.22118    1.67228       -8090.66722
  Mo      339   42.17782   40.79045    0.17782    1.71201       -8090.69234
  Mo      340   42.18602   40.79864    0.18602    1.70755       -8090.68944
  Mo      341   42.16943   40.78206    0.16943    1.72394       -8090.69874
  Mo      342   42.16485   40.77748    0.16485    1.73144       -8090.70053
  Mo      343   42.17132   40.78394    0.17132    1.72868       -8090.70338
  Mo      344   42.18663   40.79925    0.18663    1.71132       -8090.69322
  Mo      345   42.18956   40.80218    0.18956    1.70880       -8090.68866
  Mo      346   42.20179   40.81442    0.20179    1.69490       -8090.68181
  Mo      347   42.19922   40.81184    0.19922    1.69825       -8090.68545
  Mo      348   42.20749   40.82012    0.20749    1.69071       -8090.68219
  Mo      349   42.13360   40.74622    0.13360    1.75767       -8090.71283
  Mo      350   42.24083   40.85346    0.24083    1.65615       -8090.65993
  Mo      351   42.24766   40.86028    0.24766    1.64844       -8090.65162
  Mo      352   42.12754   40.74016    0.12754    1.76453       -8090.72072
  Mo      353   42.15175   40.76437    0.15175    1.73795       -8090.69816
  Mo      354   42.12091   40.73354    0.12091    1.76689       -8090.71636
  Mo      355   42.15904   40.77166    0.15904    1.73068       -8090.69155
  Mo      356   42.19055   40.80317    0.19055    1.70195       -8090.68601
  Mo      357   42.23647   40.84909    0.23647    1.66180       -8090.66179
  Mo      358   42.09622   40.70885    0.09622    1.79082       -8090.72831
  Mo      359   42.18958   40.80220    0.18958    1.70881       -8090.68902
  Mo      360   42.20272   40.81535    0.20272    1.69233       -8090.67797
  Mo      361   42.12213   40.73475    0.12213    1.76626       -8090.71083
  Mo      362   42.25267   40.86529    0.25267    1.64970       -8090.65852
  Mo      363   42.12091   40.73353    0.12091    1.77133       -8090.71692
  Mo      364   42.16508   40.77770    0.16508    1.72603       -8090.69820
  Mo      365   42.19681   40.80944    0.19681    1.69578       -8090.67064
  Mo      366   42.15486   40.76748    0.15486    1.73536       -8090.69390
  Mo      367   42.14134   40.75396    0.14134    1.75413       -8090.71197
  Mo      368   42.13717   40.74979    0.13717    1.75158       -8090.70861
  Mo      369   42.22431   40.83694    0.22431    1.67195       -8090.66313
  Mo      370   42.14593   40.75856    0.14593    1.74785       -8090.71052
  Mo      371   42.13602   40.74864    0.13602    1.75565       -8090.71287
  Mo      372   42.13288   40.74550    0.13288    1.75492       -8090.71235
  Mo      373   42.14905   40.76168    0.14905    1.74107       -8090.69806
  Mo      374   42.12822   40.74084    0.12822    1.76281       -8090.71554
  Mo      375   42.14263   40.75525    0.14263    1.75180       -8090.70782
  Mo      376   42.17843   40.79106    0.17843    1.71714       -8090.69135
  Mo      377   42.14443   40.75705    0.14443    1.74252       -8090.70359
  Mo      378   42.14312   40.75575    0.14312    1.75157       -8090.71236
  Mo      379   42.17920   40.79182    0.17920    1.71166       -8090.68435
  Mo      380   42.24073   40.85335    0.24073    1.66334       -8090.66818
  Mo      381   42.12447   40.73709    0.12447    1.76108       -8090.71466
  Mo      382   42.19648   40.80910    0.19648    1.70199       -8090.69125
  Mo      383   42.28493   40.89756    0.28493    1.61408       -8090.63771
  Mo      384   42.15283   40.76546    0.15283    1.73905       -8090.70831
  Ta      385   72.82998   71.44260   -0.17002    1.88490      -31233.08727
  Ta      386   72.95262   71.56525   -0.04738    1.76857      -31233.01270
  Ta      387   72.78315   71.39577   -0.21685    1.92734      -31233.11480
  Ta      388   72.83785   71.45047   -0.16215    1.87782      -31233.08138
  Ta      389   72.86046   71.47308   -0.13954    1.85005      -31233.06663
  Ta      390   72.78698   71.39961   -0.21302    1.92198      -31233.11448
  Ta      391   72.90234   71.51496   -0.09766    1.81117      -31233.04655
  Ta      392   72.92055   71.53317   -0.07945    1.79796      -31233.03386
  Ta      393   72.88317   71.49579   -0.11683    1.83189      -31233.05279
  Ta      394   72.79138   71.40401   -0.20862    1.91845      -31233.10548
  Ta      395   72.85969   71.47232   -0.14031    1.85016      -31233.06059
  Ta      396   72.80172   71.41434   -0.19828    1.90811      -31233.09025
  Ta      397   72.83557   71.44819   -0.16443    1.87326      -31233.07642
  Ta      398   72.92944   71.54207   -0.07056    1.78968      -31233.02443
  Ta      399   72.84459   71.45721   -0.15541    1.86454      -31233.08852
  Ta      400   72.92796   71.54058   -0.07204    1.79100      -31233.03050
  Ta      401   72.84566   71.45828   -0.15434    1.86762      -31233.07670
  Ta      402   72.83986   71.45248   -0.16014    1.87243      -31233.08696
  Ta      403   72.83601   71.44864   -0.16399    1.87896      -31233.08656
  Ta      404   72.80396   71.41659   -0.19604    1.90872      -31233.10251
  Ta      405   72.90233   71.51496   -0.09767    1.81312      -31233.04382
  Ta      406   72.92272   71.53535   -0.07728    1.79719      -31233.02853
  Ta      407   72.81807   71.43069   -0.18193    1.88876      -31233.08747
  Ta      408   72.76459   71.37722   -0.23541    1.94709      -31233.12306
  Ta      409   72.80766   71.42028   -0.19234    1.90026      -31233.09472
  Ta      410   72.78022   71.39285   -0.21978    1.92535      -31233.11636
  Ta      411   72.86125   71.47388   -0.13875    1.85231      -31233.06569
  Ta      412   72.88105   71.49367   -0.11895    1.83708      -31233.06290
  Ta      413   72.91291   71.52553   -0.08709    1.79906      -31233.03394
  Ta      414   72.84081   71.45343   -0.15919    1.87332      -31233.08140
  Ta      415   72.88093   71.49355   -0.11907    1.83477      -31233.05706
  Ta      416   72.88689   71.49952   -0.11311    1.82493      -31233.04795
  Ta      417   72.89192   71.50455   -0.10808    1.82204      -31233.04989
  Ta      418   72.72561   71.33823   -0.27439    1.97497      -31233.14200
  Ta      419   72.88324   71.49586   -0.11676    1.83334      -31233.05403
  Ta      420   72.79132   71.40395   -0.20868    1.91529      -31233.10718
  Ta      421   72.83997   71.45259   -0.16003    1.87373      -31233.08542
  Ta      422   72.94559   71.55822   -0.05441    1.77469      -31233.02272
  Ta      423   72.85782   71.47045   -0.14218    1.85891      -31233.06937
  Ta      424   72.94115   71.55378   -0.05885    1.77896      -31233.02549
  Ta      425   72.89908   71.51170   -0.10092    1.81595      -31233.04284
  Ta      426   72.85017   71.46279   -0.14983    1.86270      -31233.07321
  Ta      427   72.86174   71.47436   -0.13826    1.85308      -31233.06270
  Ta      428   72.80690   71.41952   -0.19310    1.90065      -31233.09506
  Ta      429   72.91343   71.52605   -0.08657    1.80543      -31233.03372
  Ta      430   72.84794   71.46056   -0.15206    1.85987      -31233.06857
  Ta      431   72.89025   71.50288   -0.10975    1.83285      -31233.05976
  Ta      432   72.77627   71.38890   -0.22373    1.93063      -31233.10865
  Ta      433   72.92797   71.54059   -0.07203    1.78498      -31233.02589
  Ta      434   72.90209   71.51471   -0.09791    1.81195      -31233.04380
  Ta      435   72.83450   71.44712   -0.16550    1.88070      -31233.08427
  Ta      436   72.89943   71.51205   -0.10057    1.81536      -31233.03857
  Ta      437   72.87230   71.48492   -0.12770    1.83934      -31233.06139
  Ta      438   72.81880   71.43142   -0.18120    1.88979      -31233.09324
  Ta      439   72.81563   71.42825   -0.18437    1.89448      -31233.09323
  Ta      440   72.83423   71.44685   -0.16577    1.87827      -31233.08337
  Ta      441   72.91128   71.52391   -0.08872    1.80575      -31233.03764
  Ta      442   72.79103   71.40365   -0.20897    1.91648      -31233.10212
  Ta      443   72.90259   71.51521   -0.09741    1.81736      -31233.04363
  Ta      444   72.81541   71.42803   -0.18459    1.89250      -31233.09323
  Ta      445   72.93752   71.55015   -0.06248    1.78463      -31233.02790
  Ta      446   72.90436   71.51699   -0.09564    1.81071      -31233.04163
  Ta      447   72.90561   71.51823   -0.09439    1.81293      -31233.05073
  Ta      448   72.89155   71.50417   -0.10845    1.83178      -31233.05892
  Ta      449   72.84431   71.45693   -0.15569    1.86953      -31233.07240
  Ta      450   72.88505   71.49767   -0.11495    1.83392      -31233.05995
  Ta      451   72.89028   71.50291   -0.10972    1.83090      -31233.05894
  Ta      452   72.86370   71.47632   -0.13630    1.85184      -31233.07170
  Ta      453   72.85389   71.46651   -0.14611    1.85650      -31233.06726
  Ta      454   72.90242   71.51504   -0.09758    1.81357      -31233.04622
  Ta      455   72.83198   71.44461   -0.16802    1.88079      -31233.08195
  Ta      456   72.89894   71.51156   -0.10106    1.82049      -31233.04737
  Ta      457   72.88965   71.50227   -0.11035    1.82552      -31233.04336
  Ta      458   72.85678   71.46940   -0.14322    1.85408      -31233.07285
  Ta      459   72.91870   71.53132   -0.08130    1.79987      -31233.04042
  Ta      460   72.84417   71.45679   -0.15583    1.87078      -31233.08367
  Ta      461   72.76853   71.38116   -0.23147    1.93658      -31233.11471
  Ta      462   72.80494   71.41757   -0.19506    1.90550      -31233.10107
  Ta      463   72.84865   71.46127   -0.15135    1.86684      -31233.07676
  Ta      464   72.86573   71.47836   -0.13427    1.84814      -31233.07136
  Ta      465   72.82982   71.44244   -0.17018    1.88399      -31233.09032
  Ta      466   72.83619   71.44881   -0.16381    1.87901      -31233.08851
  Ta      467   72.82612   71.43874   -0.17388    1.88870      -31233.08997
  Ta      468   72.92149   71.53411   -0.07851    1.79477      -31233.03061
  Ta      469   72.85771   71.47033   -0.14229    1.85589      -31233.06263
  Ta      470   72.77164   71.38426   -0.22836    1.93501      -31233.11341
  Ta      471   72.83780   71.45043   -0.16220    1.87188      -31233.08104
  Ta      472   72.82136   71.43398   -0.17864    1.89213      -31233.09368
  Ta      473   72.92053   71.53315   -0.07947    1.80021      -31233.04475
  Ta      474   72.94858   71.56120   -0.05142    1.77434      -31233.02336
  Ta      475   72.82612   71.43874   -0.17388    1.88124      -31233.08529
  Ta      476   72.85948   71.47211   -0.14052    1.85776      -31233.07530
  Ta      477   72.88018   71.49280   -0.11982    1.83111      -31233.05636
  Ta      478   72.90550   71.51812   -0.09450    1.81035      -31233.04223
  Ta      479   72.91647   71.52909   -0.08353    1.80017      -31233.03502
  Ta      480   72.80933   71.42195   -0.19067    1.90265      -31233.10282
  Ta      481   72.86035   71.47298   -0.13965    1.85828      -31233.06683
  Ta      482   72.90804   71.52066   -0.09196    1.80824      -31233.04143
  Ta      483   72.90363   71.51625   -0.09637    1.81348      -31233.04065
  Ta      484   72.82781   71.44044   -0.17219    1.88125      -31233.09342
  Ta      485   72.94592   71.55854   -0.05408    1.77749      -31233.01925
  Ta      486   72.92235   71.53497   -0.07765    1.79357      -31233.02993
  Ta      487   72.91076   71.52338   -0.08924    1.80752      -31233.04004
  Ta      488   72.82165   71.43427   -0.17835    1.89169      -31233.09447
  Ta      489   72.88559   71.49821   -0.11441    1.82815      -31233.04844
  Ta      490   72.88220   71.49483   -0.11780    1.83260      -31233.05425
  Ta      491   72.82683   71.43946   -0.17317    1.88248      -31233.08597
  Ta      492   72.85083   71.46346   -0.14917    1.86392      -31233.08050
  Ta      493   72.78506   71.39768   -0.21494    1.92551      -31233.10418
  Ta      494   72.82760   71.44022   -0.17240    1.88592      -31233.08910
  Ta      495   72.81544   71.42806   -0.18456    1.89824      -31233.09351
  Ta      496   72.84219   71.45481   -0.15781    1.86777      -31233.08984
  Ta      497   72.91019   71.52281   -0.08981    1.80520      -31233.04216
  Ta      498   72.85105   71.46367   -0.14895    1.86523      -31233.07616
  Ta      499   72.79171   71.40433   -0.20829    1.91580      -31233.10068
  Ta      500   72.86225   71.47487   -0.13775    1.85089      -31233.06430
  Ta      501   72.89550   71.50812   -0.10450    1.81851      -31233.04458
  Ta      502   72.85429   71.46691   -0.14571    1.86070      -31233.07235
  Ta      503   72.88261   71.49523   -0.11739    1.83078      -31233.05130
  Ta      504   72.83836   71.45099   -0.16164    1.87495      -31233.07950
  Ta      505   72.85051   71.46314   -0.14949    1.86934      -31233.08315
  Ta      506   72.83749   71.45011   -0.16251    1.87411      -31233.08129
  Ta      507   72.85834   71.47096   -0.14166    1.85496      -31233.06630
  Ta      508   72.87565   71.48827   -0.12435    1.84130      -31233.05529
  Ta      509   72.89455   71.50718   -0.10545    1.81863      -31233.04444
  Ta      510   72.89808   71.51070   -0.10192    1.81978      -31233.04649
  Ta      511   72.94375   71.55638   -0.05625    1.77821      -31233.01659
  Ta      512   72.86006   71.47268   -0.13994    1.85567      -31233.07163
