System Description            : WNbMoTaV, BCC structure                         
Number of Atoms in Unit Cell  : 40                                              
Number of Atomic Species      : 5                                               
Number of Atoms in Each Type  : 8(W), 8(Nb), 8(Mo), 8(Ta), 8(V)                 
Energy Offset                 : -16231                                          
=======================================================================================
    Iter     Energy      3PV     Efermi   Rms_rho    Rms_pot   Mix  Alg  Alpha 
---------------------------------------------------------------------------------------
**       1  -0.863745  1839.086  0.58704  0.140E+01  0.129E+00  pot  B   0.1000
         2  -1.007683  1816.745  0.59938  0.776E-02  0.555E+00  pot  B   0.1000
         3  -1.249820  1812.768  0.59935  0.269E-02  0.271E+00  pot  B   0.1000
         4  -1.392029  1795.489  0.61223  0.566E-02  0.256E+00  pot  B   0.1000
         5  -1.481412  1783.987  0.61593  0.392E-02  0.261E+00  pot  B   0.1000
         6  -1.618193  1756.136  0.62408  0.929E-02  0.227E+00  pot  B   0.1000
         7  -1.702162  1737.601  0.63110  0.634E-02  0.106E+00  pot  B   0.1000
         8  -1.728217  1727.993  0.63658  0.389E-02  0.505E-01  pot  B   0.1000
         9  -1.742355  1721.467  0.63850  0.317E-02  0.419E-01  pot  B   0.1000
        10  -1.756760  1712.619  0.63977  0.463E-02  0.299E-01  pot  B   0.1000
        11  -1.759711  1708.158  0.64142  0.253E-02  0.184E-01  pot  B   0.1000
        12  -1.760263  1707.506  0.64238  0.456E-03  0.715E-02  pot  B   0.1000
        13  -1.760578  1707.162  0.64417  0.455E-03  0.360E-02  pot  B   0.1000
        14  -1.760751  1706.887  0.64645  0.431E-03  0.517E-02  pot  B   0.1000
        15  -1.760782  1706.810  0.64737  0.155E-03  0.155E-02  pot  B   0.1000
        16  -1.760804  1706.779  0.64803  0.119E-03  0.139E-02  pot  B   0.1000
        17  -1.760803  1706.764  0.64812  0.306E-04  0.982E-03  pot  B   0.1000
        18  -1.760806  1706.823  0.64820  0.392E-04  0.808E-03  pot  B   0.1000
        19  -1.760808  1706.835  0.64832  0.512E-04  0.716E-03  pot  B   0.1000
        20  -1.760808  1706.843  0.64836  0.168E-04  0.323E-03  pot  B   0.1000
        21  -1.760808  1706.849  0.64837  0.787E-05  0.234E-03  pot  B   0.1000
        22  -1.760808  1706.841  0.64840  0.770E-05  0.109E-03  pot  B   0.1000
        23  -1.760808  1706.834  0.64842  0.579E-05  0.240E-03  pot  B   0.1000
        24  -1.760809  1706.827  0.64844  0.308E-05  0.686E-04  pot  B   0.1000
        25  -1.760809  1706.820  0.64844  0.204E-05  0.792E-04  pot  B   0.1000
        26  -1.760809  1706.817  0.64845  0.188E-05  0.473E-04  pot  B   0.1000
        27  -1.760808  1706.809  0.64846  0.457E-05  0.332E-04  pot  B   0.1000
        28  -1.760808  1706.805  0.64847  0.234E-05  0.319E-04  pot  B   0.1000
        29  -1.760808  1706.801  0.64848  0.250E-05  0.333E-04  pot  B   0.1000
        30  -1.760808  1706.799  0.64848  0.114E-05  0.209E-04  pot  B   0.1000
        31  -1.760808  1706.798  0.64848  0.939E-06  0.110E-04  pot  B   0.1000
        32  -1.760809  1706.796  0.64849  0.122E-05  0.918E-05  pot  B   0.1000
        33  -1.760809  1706.794  0.64849  0.669E-06  0.742E-05  pot  B   0.1000
        34  -1.760809  1706.793  0.64850  0.281E-06  0.472E-05  pot  B   0.1000
        35  -1.760809  1706.793  0.64850  0.147E-06  0.205E-05  pot  B   0.1000
        36  -1.760809  1706.793  0.64850  0.844E-07  0.205E-05  pot  B   0.1000
        37  -1.760809  1706.793  0.64850  0.117E-06  0.161E-05  pot  B   0.1000
        38  -1.760809  1706.793  0.64850  0.815E-07  0.134E-05  pot  B   0.1000
        39  -1.760809  1706.793  0.64850  0.977E-07  0.717E-06  pot  B   0.1000
        40  -1.760809  1706.793  0.64850  0.337E-07  0.548E-06  pot  B   0.1000
        41  -1.760809  1706.793  0.64850  0.311E-07  0.408E-06  pot  B   0.1000
        42  -1.760809  1706.793  0.64850  0.345E-07  0.471E-06  pot  B   0.1000
        43  -1.760809  1706.793  0.64850  0.147E-07  0.522E-06  pot  B   0.1000
        44  -1.760809  1706.793  0.64850  0.210E-07  0.841E-07  pot  B   0.1000
        45  -1.760809  1706.793  0.64850  0.109E-07  0.111E-06  pot  B   0.1000
        46  -1.760809  1706.793  0.64850  0.892E-08  0.876E-07  pot  B   0.1000
        47  -1.760809  1706.793  0.64850  0.138E-07  0.652E-07  pot  B   0.1000
        48  -1.760809  1706.793  0.64850  0.766E-08  0.733E-07  pot  B   0.1000
        49  -1.760809  1706.793  0.64850  0.339E-08  0.378E-07  pot  B   0.1000
        50  -1.760809  1706.793  0.64850  0.152E-08  0.233E-07  pot  B   0.1000
        51  -1.760809  1706.793  0.64850  0.535E-09  0.134E-07  pot  B   0.1000
        52  -1.760809  1706.793  0.64850  0.506E-09  0.108E-07  pot  B   0.1000
        53  -1.760809  1706.793  0.64850  0.509E-09  0.113E-07  pot  B   0.1000
        54  -1.760809  1706.793  0.64850  0.359E-09  0.433E-08  pot  B   0.1000
**      55  -1.760809  1706.793  0.64850  0.529E-12  0.433E-08  pot  B   0.1000
