 Atom   Index      Q          Qmt        dQ        Vmad        Local Energy
  W         1   73.78809   72.48677   -0.21191    1.81784      -32312.55132
  W         2   73.81262   72.51130   -0.18738    1.77472      -32312.51510
  W         3   73.89807   72.59676   -0.10193    1.69472      -32312.47037
  W         4   74.01343   72.71212    0.01343    1.57857      -32312.39510
  W         5   73.88371   72.58239   -0.11629    1.69610      -32312.45404
  W         6   73.71207   72.41076   -0.28793    1.88468      -32312.59025
  W         7   73.81397   72.51265   -0.18603    1.77660      -32312.51981
  W         8   73.85531   72.55399   -0.14469    1.74091      -32312.50180
  W         9   73.81185   72.51054   -0.18815    1.77968      -32312.52697
  W        10   73.80522   72.50390   -0.19478    1.79531      -32312.54230
  W        11   73.86754   72.56622   -0.13246    1.72117      -32312.48502
  W        12   73.92062   72.61931   -0.07938    1.67507      -32312.45680
  W        13   73.89037   72.58906   -0.10963    1.70366      -32312.47018
  W        14   73.99095   72.68964   -0.00905    1.60538      -32312.40194
  W        15   73.94521   72.64390   -0.05479    1.65010      -32312.43547
  W        16   73.84906   72.54774   -0.15094    1.74546      -32312.49756
  Nb       17   40.79500   39.49369   -0.20500    1.83545       -7632.65362
  Nb       18   40.80137   39.50005   -0.19863    1.82665       -7632.64001
  Nb       19   41.00724   39.70592    0.00724    1.61917       -7632.52940
  Nb       20   40.93110   39.62979   -0.06890    1.69427       -7632.56467
  Nb       21   40.92221   39.62089   -0.07779    1.70394       -7632.57628
  Nb       22   41.06957   39.76826    0.06957    1.55479       -7632.48646
  Nb       23   40.87293   39.57161   -0.12707    1.75451       -7632.59377
  Nb       24   40.95673   39.65541   -0.04327    1.66838       -7632.55255
  Nb       25   40.85568   39.55437   -0.14432    1.77232       -7632.61937
  Nb       26   40.98457   39.68325   -0.01543    1.64717       -7632.53732
  Nb       27   40.85415   39.55283   -0.14585    1.77848       -7632.61572
  Nb       28   40.88203   39.58072   -0.11797    1.74831       -7632.60372
  Nb       29   40.94085   39.63954   -0.05915    1.68241       -7632.56303
  Nb       30   41.08742   39.78611    0.08742    1.53829       -7632.47502
  Nb       31   40.96079   39.65947   -0.03921    1.66933       -7632.55403
  Nb       32   40.92342   39.62210   -0.07658    1.69552       -7632.56680
  Mo       33   41.99857   40.69726   -0.00143    1.71844       -8090.60602
  Mo       34   42.04359   40.74228    0.04359    1.66913       -8090.57076
  Mo       35   41.92043   40.61912   -0.07957    1.80579       -8090.66281
  Mo       36   42.02298   40.72167    0.02298    1.69101       -8090.58977
  Mo       37   42.06460   40.76329    0.06460    1.64822       -8090.55926
  Mo       38   42.12251   40.82120    0.12251    1.58215       -8090.50640
  Mo       39   42.11227   40.81096    0.11227    1.61078       -8090.54705
  Mo       40   42.01408   40.71277    0.01408    1.69944       -8090.58835
  Mo       41   41.92407   40.62276   -0.07593    1.80422       -8090.65493
  Mo       42   41.98338   40.68207   -0.01662    1.72504       -8090.59782
  Mo       43   42.09857   40.79726    0.09857    1.61796       -8090.54206
  Mo       44   42.14382   40.84251    0.14382    1.57866       -8090.52939
  Mo       45   41.91233   40.61101   -0.08767    1.81701       -8090.66184
  Mo       46   42.01904   40.71772    0.01904    1.68640       -8090.57150
  Mo       47   41.96771   40.66640   -0.03229    1.75467       -8090.61992
  Mo       48   42.11276   40.81145    0.11276    1.60426       -8090.53989
  Ta       49   72.74402   71.44270   -0.25598    1.78959      -31232.91740
  Ta       50   72.57897   71.27766   -0.42103    1.95308      -31233.04127
  Ta       51   72.69697   71.39566   -0.30303    1.83189      -31232.94994
  Ta       52   72.77170   71.47039   -0.22830    1.76228      -31232.91875
  Ta       53   72.70432   71.40300   -0.29568    1.82211      -31232.95833
  Ta       54   72.54710   71.24579   -0.45290    1.98750      -31233.05847
  Ta       55   72.68882   71.38751   -0.31118    1.84538      -31232.98524
  Ta       56   72.80629   71.50498   -0.19371    1.72511      -31232.88823
  Ta       57   72.84324   71.54192   -0.15676    1.69305      -31232.88250
  Ta       58   72.76996   71.46864   -0.23004    1.77004      -31232.93667
  Ta       59   72.62971   71.32839   -0.37029    1.90308      -31232.99750
  Ta       60   72.80198   71.50066   -0.19802    1.73211      -31232.89845
  Ta       61   72.81898   71.51767   -0.18102    1.71573      -31232.87705
  Ta       62   72.75870   71.45738   -0.24130    1.78022      -31232.93990
  Ta       63   72.81057   71.50925   -0.18943    1.72221      -31232.89703
  Ta       64   72.55678   71.25546   -0.44322    1.97647      -31233.04928
  V        65   23.33761   22.03629    0.33761    1.61068       -1895.24579
  V        66   23.47187   22.17055    0.47187    1.47598       -1895.20093
  V        67   23.42840   22.12709    0.42840    1.52431       -1895.21711
  V        68   23.49289   22.19158    0.49289    1.45271       -1895.15874
  V        69   23.53821   22.23690    0.53821    1.40859       -1895.16883
  V        70   23.35457   22.05326    0.35457    1.59370       -1895.24923
  V        71   23.59395   22.29263    0.59395    1.35395       -1895.13293
  V        72   23.22273   21.92141    0.22273    1.73142       -1895.32453
  V        73   23.52410   22.22279    0.52410    1.41630       -1895.17543
  V        74   23.39386   22.09255    0.39386    1.55791       -1895.22598
  V        75   23.52749   22.22618    0.52749    1.42514       -1895.17636
  V        76   23.58300   22.28168    0.58300    1.36517       -1895.14613
  V        77   23.38883   22.08752    0.38883    1.56182       -1895.22668
  V        78   23.43270   22.13139    0.43270    1.52326       -1895.22662
  V        79   23.45410   22.15278    0.45410    1.49038       -1895.19781
  V        80   23.56373   22.26242    0.56373    1.37839       -1895.14008
