System Description            : WNbMoTaTi, BCC structure                        
Number of Atoms in Unit Cell  : 40                                              
Number of Atomic Species      : 5                                               
Number of Atoms in Each Type  : 8(W), 8(Nb), 8(Mo), 8(Ta), 8(Ti)                
Energy Offset                 : -16193                                          
=======================================================================================
    Iter     Energy      3PV     Efermi   Rms_rho    Rms_pot   Mix  Alg  Alpha 
---------------------------------------------------------------------------------------
**       1  -0.749510  1839.872  0.53855  0.140E+01  0.125E+00  pot  B   0.1000
         2  -1.013849  1816.488  0.57756  0.762E-02  0.352E+00  pot  B   0.1000
         3  -1.055757  1811.999  0.57807  0.240E-02  0.343E+00  pot  B   0.1000
         4  -1.310246  1780.675  0.59760  0.102E-01  0.308E+00  pot  B   0.1000
         5  -1.391968  1772.565  0.60467  0.278E-02  0.281E+00  pot  B   0.1000
         6  -1.510557  1752.490  0.61936  0.683E-02  0.153E+00  pot  B   0.1000
         7  -1.563294  1732.000  0.63398  0.715E-02  0.716E-01  pot  B   0.1000
         8  -1.574919  1725.788  0.63999  0.270E-02  0.480E-01  pot  B   0.1000
         9  -1.590344  1718.510  0.64764  0.397E-02  0.508E-01  pot  B   0.1000
        10  -1.601348  1710.332  0.65355  0.431E-02  0.297E-01  pot  B   0.1000
        11  -1.603947  1707.917  0.65516  0.137E-02  0.955E-02  pot  B   0.1000
        12  -1.604515  1706.463  0.65649  0.918E-03  0.362E-02  pot  B   0.1000
        13  -1.604628  1706.248  0.65733  0.259E-03  0.417E-02  pot  B   0.1000
        14  -1.604774  1706.174  0.65864  0.275E-03  0.319E-02  pot  B   0.1000
        15  -1.604866  1706.191  0.66019  0.302E-03  0.108E-02  pot  B   0.1000
        16  -1.604856  1706.151  0.66063  0.707E-04  0.606E-03  pot  B   0.1000
        17  -1.604857  1706.187  0.66075  0.244E-04  0.489E-03  pot  B   0.1000
        18  -1.604862  1706.185  0.66097  0.357E-04  0.257E-03  pot  B   0.1000
        19  -1.604865  1706.183  0.66114  0.272E-04  0.226E-03  pot  B   0.1000
        20  -1.604865  1706.201  0.66117  0.106E-04  0.869E-04  pot  B   0.1000
        21  -1.604865  1706.201  0.66118  0.383E-05  0.509E-04  pot  B   0.1000
        22  -1.604865  1706.202  0.66118  0.294E-05  0.489E-04  pot  B   0.1000
        23  -1.604865  1706.198  0.66119  0.165E-05  0.191E-04  pot  B   0.1000
        24  -1.604865  1706.196  0.66120  0.931E-06  0.143E-04  pot  B   0.1000
        25  -1.604865  1706.195  0.66120  0.851E-06  0.153E-04  pot  B   0.1000
        26  -1.604865  1706.194  0.66120  0.394E-06  0.168E-04  pot  B   0.1000
        27  -1.604865  1706.194  0.66121  0.573E-06  0.564E-05  pot  B   0.1000
        28  -1.604865  1706.194  0.66121  0.161E-06  0.412E-05  pot  B   0.1000
        29  -1.604865  1706.195  0.66121  0.205E-06  0.418E-05  pot  B   0.1000
        30  -1.604865  1706.196  0.66121  0.201E-06  0.225E-05  pot  B   0.1000
        31  -1.604865  1706.196  0.66121  0.113E-06  0.985E-06  pot  B   0.1000
        32  -1.604865  1706.196  0.66121  0.528E-07  0.826E-06  pot  B   0.1000
        33  -1.604865  1706.196  0.66121  0.324E-07  0.525E-06  pot  B   0.1000
        34  -1.604865  1706.196  0.66121  0.174E-07  0.350E-06  pot  B   0.1000
        35  -1.604865  1706.196  0.66121  0.191E-07  0.222E-06  pot  B   0.1000
        36  -1.604865  1706.196  0.66121  0.906E-08  0.115E-06  pot  B   0.1000
        37  -1.604865  1706.196  0.66121  0.701E-08  0.762E-07  pot  B   0.1000
        38  -1.604865  1706.196  0.66121  0.318E-08  0.605E-07  pot  B   0.1000
        39  -1.604865  1706.196  0.66121  0.251E-08  0.479E-07  pot  B   0.1000
        40  -1.604865  1706.196  0.66121  0.124E-08  0.258E-07  pot  B   0.1000
        41  -1.604865  1706.196  0.66121  0.180E-08  0.167E-07  pot  B   0.1000
        42  -1.604865  1706.196  0.66121  0.185E-08  0.183E-07  pot  B   0.1000
        43  -1.604865  1706.196  0.66121  0.743E-09  0.215E-07  pot  B   0.1000
        44  -1.604865  1706.196  0.66121  0.406E-09  0.813E-08  pot  B   0.1000
**      45  -1.604865  1706.196  0.66121  0.523E-12  0.813E-08  pot  B   0.1000
