 Atom   Index      Q          Qmt        dQ        Vmad        Local Energy
  W         1   73.97397   72.58666   -0.02603    1.79308      -32312.61119
  W         2   73.92986   72.54256   -0.07014    1.83114      -32312.62667
  W         3   73.96811   72.58080   -0.03189    1.80420      -32312.62747
  W         4   73.90258   72.51527   -0.09742    1.85820      -32312.64565
  W         5   73.99774   72.61044   -0.00226    1.78077      -32312.61596
  W         6   73.97440   72.58710   -0.02560    1.79964      -32312.61823
  W         7   73.86281   72.47550   -0.13719    1.89816      -32312.67097
  W         8   73.94488   72.55757   -0.05512    1.82248      -32312.62167
  W         9   74.00010   72.61279    0.00010    1.77069      -32312.60624
  W        10   73.98874   72.60143   -0.01126    1.77786      -32312.60108
  W        11   73.92664   72.53933   -0.07336    1.84144      -32312.64311
  W        12   73.85634   72.46903   -0.14366    1.90282      -32312.67493
  W        13   73.89268   72.50537   -0.10732    1.85970      -32312.64025
  W        14   73.98499   72.59768   -0.01501    1.77867      -32312.59894
  W        15   73.97772   72.59041   -0.02228    1.78505      -32312.60998
  W        16   73.94864   72.56133   -0.05136    1.82015      -32312.63191
  W        17   73.98204   72.59474   -0.01796    1.79576      -32312.61868
  W        18   73.96051   72.57321   -0.03949    1.81855      -32312.63300
  W        19   73.97603   72.58873   -0.02397    1.79007      -32312.61118
  W        20   73.94432   72.55702   -0.05568    1.83069      -32312.63912
  W        21   73.91383   72.52652   -0.08617    1.84604      -32312.63744
  W        22   74.00033   72.61303    0.00033    1.77026      -32312.60104
  W        23   74.00128   72.61397    0.00128    1.76776      -32312.59908
  W        24   73.85670   72.46939   -0.14330    1.90244      -32312.67511
  W        25   73.94239   72.55508   -0.05761    1.81260      -32312.62085
  W        26   73.97778   72.59048   -0.02222    1.80174      -32312.62808
  W        27   73.95664   72.56934   -0.04336    1.81039      -32312.62019
  W        28   74.03229   72.64498    0.03229    1.75180      -32312.60089
  W        29   73.91913   72.53182   -0.08087    1.84032      -32312.62778
  W        30   73.89890   72.51159   -0.10110    1.87033      -32312.66270
  W        31   73.96296   72.57565   -0.03704    1.80028      -32312.61708
  W        32   73.98338   72.59608   -0.01662    1.79103      -32312.61898
  W        33   73.95504   72.56773   -0.04496    1.80973      -32312.62489
  W        34   73.87681   72.48950   -0.12319    1.88035      -32312.65822
  W        35   73.94822   72.56091   -0.05178    1.81032      -32312.61826
  W        36   74.02162   72.63431    0.02162    1.75194      -32312.58751
  W        37   74.02266   72.63535    0.02266    1.75806      -32312.60188
  W        38   73.99684   72.60953   -0.00316    1.77497      -32312.60253
  W        39   73.95928   72.57198   -0.04072    1.80677      -32312.62777
  W        40   74.04743   72.66013    0.04743    1.72507      -32312.57287
  W        41   73.99070   72.60339   -0.00930    1.78370      -32312.61603
  W        42   73.94468   72.55737   -0.05532    1.80699      -32312.61407
  W        43   73.98845   72.60115   -0.01155    1.78356      -32312.61014
  W        44   73.98637   72.59907   -0.01363    1.77830      -32312.60769
  W        45   73.97668   72.58937   -0.02332    1.78763      -32312.61286
  W        46   73.92125   72.53395   -0.07875    1.84386      -32312.63859
  W        47   73.98944   72.60213   -0.01056    1.78289      -32312.60924
  W        48   73.91724   72.52993   -0.08276    1.84695      -32312.64153
  W        49   73.97686   72.58955   -0.02314    1.79598      -32312.61486
  W        50   73.91496   72.52765   -0.08504    1.84709      -32312.63645
  W        51   73.99065   72.60334   -0.00935    1.78391      -32312.60553
  W        52   74.00039   72.61309    0.00039    1.76418      -32312.58737
  W        53   73.99906   72.61176   -0.00094    1.77585      -32312.60653
  W        54   73.98835   72.60104   -0.01165    1.77424      -32312.60253
  W        55   73.94055   72.55324   -0.05945    1.82591      -32312.63287
  W        56   73.90649   72.51918   -0.09351    1.85893      -32312.64617
  W        57   73.94753   72.56023   -0.05247    1.82485      -32312.64159
  W        58   73.96948   72.58217   -0.03052    1.79605      -32312.60856
  W        59   73.91624   72.52893   -0.08376    1.85075      -32312.64238
  W        60   73.95400   72.56669   -0.04600    1.81047      -32312.61960
  W        61   73.92788   72.54057   -0.07212    1.83498      -32312.63669
  W        62   74.04331   72.65600    0.04331    1.72738      -32312.57694
  W        63   74.03409   72.64678    0.03409    1.74591      -32312.59190
  W        64   74.04174   72.65444    0.04174    1.73564      -32312.58700
  W        65   73.97947   72.59217   -0.02053    1.78698      -32312.61103
  W        66   73.95576   72.56845   -0.04424    1.80919      -32312.60902
  W        67   74.05499   72.66768    0.05499    1.72694      -32312.58425
  W        68   73.95101   72.56371   -0.04899    1.81297      -32312.62569
  W        69   73.97294   72.58563   -0.02706    1.79163      -32312.60364
  W        70   74.00955   72.62225    0.00955    1.76772      -32312.60631
  W        71   73.94619   72.55888   -0.05381    1.81362      -32312.62391
  W        72   73.87378   72.48647   -0.12622    1.87934      -32312.65478
  W        73   73.96125   72.57394   -0.03875    1.80742      -32312.62468
  W        74   73.91840   72.53110   -0.08160    1.85209      -32312.64959
  W        75   73.92549   72.53818   -0.07451    1.82893      -32312.62734
  W        76   73.87578   72.48848   -0.12422    1.88896      -32312.66725
  W        77   73.97294   72.58563   -0.02706    1.79822      -32312.62020
  W        78   73.96811   72.58081   -0.03189    1.79770      -32312.61577
  W        79   73.96825   72.58094   -0.03175    1.79545      -32312.61573
  W        80   73.98516   72.59785   -0.01484    1.78770      -32312.61866
  W        81   73.92189   72.53459   -0.07811    1.83847      -32312.63333
  W        82   73.90477   72.51746   -0.09523    1.85852      -32312.64811
  W        83   73.93233   72.54502   -0.06767    1.83331      -32312.63676
  W        84   73.95305   72.56574   -0.04695    1.81530      -32312.62884
  W        85   73.93403   72.54672   -0.06597    1.83815      -32312.64375
  W        86   73.93120   72.54390   -0.06880    1.83896      -32312.63889
  W        87   73.92052   72.53321   -0.07948    1.84916      -32312.65004
  W        88   73.81787   72.43056   -0.18213    1.93559      -32312.68109
  W        89   74.01817   72.63087    0.01817    1.75613      -32312.59488
  W        90   73.92666   72.53935   -0.07334    1.84036      -32312.63912
  W        91   73.91499   72.52769   -0.08501    1.85578      -32312.65488
  W        92   73.93532   72.54801   -0.06468    1.81792      -32312.62243
  W        93   74.00988   72.62257    0.00988    1.76237      -32312.59785
  W        94   73.98905   72.60174   -0.01095    1.78085      -32312.60145
  W        95   74.05713   72.66983    0.05713    1.71817      -32312.57600
  W        96   73.91792   72.53061   -0.08208    1.85406      -32312.64757
  W        97   73.97553   72.58823   -0.02447    1.78941      -32312.60716
  W        98   73.92973   72.54242   -0.07027    1.83528      -32312.63123
  W        99   73.93722   72.54991   -0.06278    1.82722      -32312.63032
  W       100   73.93481   72.54750   -0.06519    1.83378      -32312.63282
  W       101   73.91799   72.53069   -0.08201    1.84323      -32312.63309
  W       102   73.96452   72.57721   -0.03548    1.80906      -32312.62915
  W       103   73.95369   72.56638   -0.04631    1.81408      -32312.62391
  W       104   74.01061   72.62331    0.01061    1.76514      -32312.60245
  W       105   73.87435   72.48705   -0.12565    1.88315      -32312.66168
  W       106   74.02851   72.64120    0.02851    1.74078      -32312.58395
  W       107   73.92298   72.53567   -0.07702    1.84184      -32312.63858
  W       108   73.98038   72.59307   -0.01962    1.79584      -32312.61994
  W       109   73.97427   72.58696   -0.02573    1.79754      -32312.62362
  W       110   74.05425   72.66694    0.05425    1.72849      -32312.58337
  W       111   73.95493   72.56762   -0.04507    1.81487      -32312.62772
  W       112   73.94519   72.55789   -0.05481    1.81792      -32312.62284
  W       113   73.97635   72.58904   -0.02365    1.79921      -32312.62191
  W       114   74.00912   72.62182    0.00912    1.75877      -32312.58731
  W       115   74.01538   72.62807    0.01538    1.76075      -32312.60366
  W       116   74.00468   72.61737    0.00468    1.77300      -32312.60485
  W       117   73.97034   72.58303   -0.02966    1.79251      -32312.61484
  W       118   73.99655   72.60924   -0.00345    1.77543      -32312.60356
  W       119   73.95065   72.56335   -0.04935    1.81835      -32312.62745
  W       120   73.87291   72.48561   -0.12709    1.88977      -32312.66738
  W       121   73.88790   72.50060   -0.11210    1.87082      -32312.64824
  W       122   73.92441   72.53710   -0.07559    1.84504      -32312.64173
  W       123   73.92669   72.53938   -0.07331    1.83419      -32312.63127
  W       124   73.86925   72.48194   -0.13075    1.89133      -32312.66661
  W       125   73.88911   72.50180   -0.11089    1.86068      -32312.64253
  W       126   73.87179   72.48448   -0.12821    1.88907      -32312.66830
  W       127   73.89067   72.50336   -0.10933    1.86635      -32312.65582
  W       128   73.95866   72.57135   -0.04134    1.80215      -32312.60861
  Nb      129   41.02737   39.64007    0.02737    1.77754       -7632.71415
  Nb      130   40.98702   39.59971   -0.01298    1.81174       -7632.72630
  Nb      131   41.03310   39.64579    0.03310    1.77645       -7632.70976
  Nb      132   41.03476   39.64746    0.03476    1.77470       -7632.71775
  Nb      133   41.05749   39.67018    0.05749    1.75390       -7632.69602
  Nb      134   41.02965   39.64234    0.02965    1.77507       -7632.70753
  Nb      135   41.00567   39.61836    0.00567    1.80061       -7632.72111
  Nb      136   40.97088   39.58357   -0.02912    1.82889       -7632.73663
  Nb      137   41.06720   39.67989    0.06720    1.74757       -7632.70132
  Nb      138   40.99672   39.60942   -0.00328    1.81160       -7632.73801
  Nb      139   40.96365   39.57635   -0.03635    1.83883       -7632.75179
  Nb      140   41.00969   39.62238    0.00969    1.79667       -7632.72536
  Nb      141   41.00816   39.62085    0.00816    1.79450       -7632.72786
  Nb      142   41.08446   39.69716    0.08446    1.72405       -7632.67862
  Nb      143   41.02960   39.64229    0.02960    1.77417       -7632.70898
  Nb      144   41.07828   39.69097    0.07828    1.72793       -7632.68229
  Nb      145   41.04569   39.65838    0.04569    1.76542       -7632.70592
  Nb      146   40.91578   39.52848   -0.08422    1.88650       -7632.77627
  Nb      147   41.01372   39.62641    0.01372    1.79274       -7632.71818
  Nb      148   41.07475   39.68744    0.07475    1.74186       -7632.69308
  Nb      149   41.05043   39.66313    0.05043    1.75596       -7632.70042
  Nb      150   40.98413   39.59683   -0.01587    1.82557       -7632.74126
  Nb      151   41.01862   39.63131    0.01862    1.78241       -7632.71659
  Nb      152   41.00500   39.61769    0.00500    1.79958       -7632.72261
  Nb      153   41.03488   39.64757    0.03488    1.77118       -7632.70301
  Nb      154   41.03791   39.65061    0.03791    1.77018       -7632.71245
  Nb      155   40.96585   39.57854   -0.03415    1.84057       -7632.75328
  Nb      156   41.05918   39.67187    0.05918    1.75488       -7632.70258
  Nb      157   41.11716   39.72985    0.11716    1.69378       -7632.66323
  Nb      158   41.05297   39.66566    0.05297    1.75524       -7632.69812
  Nb      159   41.02974   39.64243    0.02974    1.77517       -7632.71253
  Nb      160   41.01317   39.62586    0.01317    1.79756       -7632.72494
  Nb      161   40.98635   39.59905   -0.01365    1.82239       -7632.74581
  Nb      162   41.05481   39.66750    0.05481    1.75809       -7632.70047
  Nb      163   41.04949   39.66219    0.04949    1.76018       -7632.70543
  Nb      164   40.92179   39.53448   -0.07821    1.87100       -7632.76119
  Nb      165   40.86883   39.48153   -0.13117    1.92126       -7632.78854
  Nb      166   41.06268   39.67538    0.06268    1.74683       -7632.69364
  Nb      167   40.98066   39.59335   -0.01934    1.82745       -7632.73747
  Nb      168   40.94639   39.55909   -0.05361    1.84890       -7632.75425
  Nb      169   41.04080   39.65350    0.04080    1.76767       -7632.70476
  Nb      170   41.00848   39.62117    0.00848    1.79970       -7632.72345
  Nb      171   40.98816   39.60085   -0.01184    1.81803       -7632.73713
  Nb      172   40.96896   39.58165   -0.03104    1.83215       -7632.73951
  Nb      173   40.92423   39.53692   -0.07577    1.87542       -7632.76391
  Nb      174   41.10242   39.71512    0.10242    1.71715       -7632.67872
  Nb      175   40.99782   39.61051   -0.00218    1.80770       -7632.73153
  Nb      176   41.03566   39.64835    0.03566    1.76909       -7632.70346
  Nb      177   41.02532   39.63801    0.02532    1.78373       -7632.71723
  Nb      178   41.02566   39.63835    0.02566    1.78419       -7632.71450
  Nb      179   41.06957   39.68226    0.06957    1.73741       -7632.68547
  Nb      180   41.02018   39.63287    0.02018    1.78302       -7632.71194
  Nb      181   41.07797   39.69066    0.07797    1.72874       -7632.68773
  Nb      182   41.07857   39.69126    0.07857    1.73157       -7632.68643
  Nb      183   40.99658   39.60927   -0.00342    1.80726       -7632.73225
  Nb      184   40.94344   39.55613   -0.05656    1.85476       -7632.75608
  Nb      185   40.97376   39.58646   -0.02624    1.83386       -7632.74730
  Nb      186   40.96559   39.57828   -0.03441    1.83572       -7632.73665
  Nb      187   41.00352   39.61621    0.00352    1.79681       -7632.72369
  Nb      188   41.04081   39.65350    0.04081    1.77118       -7632.71121
  Nb      189   40.95750   39.57019   -0.04250    1.84700       -7632.75251
  Nb      190   41.05301   39.66570    0.05301    1.75428       -7632.69471
  Nb      191   41.00446   39.61715    0.00446    1.80375       -7632.72829
  Nb      192   41.00218   39.61487    0.00218    1.80265       -7632.72623
  Nb      193   40.95455   39.56724   -0.04545    1.85176       -7632.75518
  Nb      194   41.10021   39.71290    0.10021    1.72230       -7632.68154
  Nb      195   41.04702   39.65971    0.04702    1.76188       -7632.70099
  Nb      196   40.95074   39.56343   -0.04926    1.85008       -7632.74985
  Nb      197   41.01964   39.63233    0.01964    1.78972       -7632.71400
  Nb      198   41.04199   39.65468    0.04199    1.77227       -7632.71627
  Nb      199   41.05249   39.66518    0.05249    1.76045       -7632.70481
  Nb      200   41.04973   39.66243    0.04973    1.75554       -7632.69583
  Nb      201   41.07926   39.69195    0.07926    1.73326       -7632.68295
  Nb      202   41.02040   39.63309    0.02040    1.78765       -7632.71541
  Nb      203   41.07530   39.68799    0.07530    1.73887       -7632.69110
  Nb      204   41.05649   39.66918    0.05649    1.75403       -7632.70079
  Nb      205   40.93987   39.55256   -0.06013    1.86398       -7632.76274
  Nb      206   40.98661   39.59931   -0.01339    1.82157       -7632.74122
  Nb      207   41.01398   39.62668    0.01398    1.78649       -7632.72036
  Nb      208   40.95737   39.57006   -0.04263    1.83959       -7632.74049
  Nb      209   40.99968   39.61238   -0.00032    1.80667       -7632.73407
  Nb      210   41.01095   39.62364    0.01095    1.79560       -7632.72621
  Nb      211   41.08167   39.69437    0.08167    1.73104       -7632.67979
  Nb      212   40.95760   39.57030   -0.04240    1.84048       -7632.75009
  Nb      213   41.04004   39.65273    0.04004    1.76498       -7632.70060
  Nb      214   41.00719   39.61988    0.00719    1.79949       -7632.72826
  Nb      215   41.07975   39.69245    0.07975    1.74128       -7632.69089
  Nb      216   40.94168   39.55437   -0.05832    1.85732       -7632.76174
  Nb      217   41.07248   39.68518    0.07248    1.73747       -7632.68694
  Nb      218   40.97601   39.58870   -0.02399    1.82992       -7632.74307
  Nb      219   41.00641   39.61911    0.00641    1.79209       -7632.72052
  Nb      220   40.95670   39.56939   -0.04330    1.83782       -7632.73307
  Nb      221   41.05762   39.67031    0.05762    1.75679       -7632.70267
  Nb      222   41.01424   39.62693    0.01424    1.79232       -7632.72498
  Nb      223   41.09326   39.70595    0.09326    1.71794       -7632.68200
  Nb      224   41.02008   39.63278    0.02008    1.78106       -7632.71283
  Nb      225   40.94671   39.55940   -0.05329    1.85169       -7632.75116
  Nb      226   40.97184   39.58453   -0.02816    1.83449       -7632.73948
  Nb      227   41.07601   39.68871    0.07601    1.73625       -7632.68804
  Nb      228   41.03779   39.65048    0.03779    1.76958       -7632.69901
  Nb      229   41.03706   39.64975    0.03706    1.76809       -7632.70732
  Nb      230   41.11018   39.72287    0.11018    1.70223       -7632.66599
  Nb      231   40.98586   39.59855   -0.01414    1.82051       -7632.73647
  Nb      232   40.99665   39.60934   -0.00335    1.80668       -7632.72611
  Nb      233   40.93994   39.55263   -0.06006    1.86142       -7632.76326
  Nb      234   41.00682   39.61951    0.00682    1.80288       -7632.73010
  Nb      235   41.00071   39.61340    0.00071    1.80401       -7632.72729
  Nb      236   40.99606   39.60875   -0.00394    1.81478       -7632.73200
  Nb      237   41.03468   39.64738    0.03468    1.76865       -7632.70513
  Nb      238   41.05537   39.66806    0.05537    1.75311       -7632.69681
  Nb      239   41.02696   39.63965    0.02696    1.77917       -7632.71396
  Nb      240   41.01868   39.63137    0.01868    1.78898       -7632.72150
  Nb      241   41.04782   39.66052    0.04782    1.76179       -7632.70405
  Nb      242   40.96161   39.57430   -0.03839    1.84192       -7632.74953
  Nb      243   41.04569   39.65838    0.04569    1.76103       -7632.70624
  Nb      244   40.94195   39.55464   -0.05805    1.85876       -7632.76073
  Nb      245   41.07506   39.68776    0.07506    1.73768       -7632.69342
  Nb      246   41.06545   39.67815    0.06545    1.73807       -7632.67908
  Nb      247   41.08969   39.70238    0.08969    1.71763       -7632.67768
  Nb      248   41.06254   39.67523    0.06254    1.75109       -7632.69935
  Nb      249   41.05205   39.66475    0.05205    1.75876       -7632.70898
  Nb      250   40.91779   39.53048   -0.08221    1.87726       -7632.75867
  Nb      251   41.02086   39.63355    0.02086    1.78450       -7632.70419
  Nb      252   41.00331   39.61600    0.00331    1.80191       -7632.72996
  Nb      253   40.96714   39.57983   -0.03286    1.83529       -7632.74974
  Nb      254   40.98054   39.59323   -0.01946    1.81968       -7632.74248
  Nb      255   41.01421   39.62691    0.01421    1.78923       -7632.71552
  Nb      256   40.95491   39.56760   -0.04509    1.84316       -7632.74741
  Mo      257   42.15874   40.77143    0.15874    1.72749       -8090.68876
  Mo      258   42.21490   40.82759    0.21490    1.69041       -8090.68127
  Mo      259   42.16984   40.78253    0.16984    1.71840       -8090.68638
  Mo      260   42.17211   40.78481    0.17211    1.72441       -8090.69897
  Mo      261   42.09888   40.71157    0.09888    1.78284       -8090.72042
  Mo      262   42.17532   40.78801    0.17532    1.72822       -8090.71250
  Mo      263   42.20693   40.81962    0.20693    1.69107       -8090.67849
  Mo      264   42.17315   40.78584    0.17315    1.72438       -8090.69589
  Mo      265   42.17901   40.79170    0.17901    1.72168       -8090.69647
  Mo      266   42.09481   40.70750    0.09481    1.79139       -8090.73087
  Mo      267   42.17029   40.78298    0.17029    1.72107       -8090.69463
  Mo      268   42.11100   40.72369    0.11100    1.77261       -8090.71765
  Mo      269   42.09063   40.70332    0.09063    1.79943       -8090.73456
  Mo      270   42.17372   40.78641    0.17372    1.72375       -8090.70345
  Mo      271   42.13584   40.74853    0.13584    1.75248       -8090.70747
  Mo      272   42.19431   40.80700    0.19431    1.70296       -8090.68696
  Mo      273   42.15823   40.77092    0.15823    1.73819       -8090.70614
  Mo      274   42.16245   40.77514    0.16245    1.72705       -8090.68818
  Mo      275   42.15992   40.77261    0.15992    1.72466       -8090.69198
  Mo      276   42.22117   40.83386    0.22117    1.67522       -8090.66910
  Mo      277   42.21894   40.83163    0.21894    1.68476       -8090.67982
  Mo      278   42.22705   40.83975    0.22705    1.67516       -8090.67235
  Mo      279   42.20100   40.81370    0.20100    1.69873       -8090.68704
  Mo      280   42.16884   40.78153    0.16884    1.73131       -8090.69615
  Mo      281   42.08968   40.70238    0.08968    1.79917       -8090.73793
  Mo      282   42.16497   40.77766    0.16497    1.72584       -8090.69554
  Mo      283   42.16413   40.77682    0.16413    1.73031       -8090.70107
  Mo      284   42.15363   40.76633    0.15363    1.74196       -8090.70761
  Mo      285   42.13519   40.74788    0.13519    1.74679       -8090.70559
  Mo      286   42.13904   40.75173    0.13904    1.75317       -8090.70187
  Mo      287   42.21764   40.83033    0.21764    1.68439       -8090.68217
  Mo      288   42.18976   40.80245    0.18976    1.71485       -8090.69581
  Mo      289   42.20031   40.81301    0.20031    1.68595       -8090.67064
  Mo      290   42.24995   40.86264    0.24995    1.65040       -8090.65953
  Mo      291   42.14169   40.75438    0.14169    1.74268       -8090.69635
  Mo      292   42.12401   40.73670    0.12401    1.76684       -8090.71405
  Mo      293   42.14065   40.75335    0.14065    1.74695       -8090.70568
  Mo      294   42.14310   40.75579    0.14310    1.74298       -8090.70146
  Mo      295   42.13127   40.74396    0.13127    1.76517       -8090.71843
  Mo      296   42.08721   40.69990    0.08721    1.80583       -8090.74084
  Mo      297   42.08864   40.70133    0.08864    1.79547       -8090.72502
  Mo      298   42.11849   40.73118    0.11849    1.77361       -8090.72406
  Mo      299   42.16017   40.77286    0.16017    1.73781       -8090.70591
  Mo      300   42.18746   40.80015    0.18746    1.70691       -8090.69434
  Mo      301   42.23991   40.85260    0.23991    1.66507       -8090.67398
  Mo      302   42.16343   40.77613    0.16343    1.72773       -8090.69876
  Mo      303   42.15017   40.76287    0.15017    1.73690       -8090.70025
  Mo      304   42.16678   40.77947    0.16678    1.72335       -8090.69531
  Mo      305   42.12042   40.73311    0.12042    1.76944       -8090.72111
  Mo      306   42.09609   40.70878    0.09609    1.79070       -8090.72214
  Mo      307   42.13315   40.74585    0.13315    1.76295       -8090.71369
  Mo      308   42.17830   40.79099    0.17830    1.71062       -8090.68995
  Mo      309   42.15589   40.76858    0.15589    1.72740       -8090.69023
  Mo      310   42.09177   40.70446    0.09177    1.79242       -8090.72650
  Mo      311   42.13197   40.74466    0.13197    1.75608       -8090.70721
  Mo      312   42.20155   40.81424    0.20155    1.69468       -8090.68246
  Mo      313   42.19133   40.80402    0.19133    1.70683       -8090.69662
  Mo      314   42.21255   40.82525    0.21255    1.69096       -8090.68513
  Mo      315   42.14950   40.76220    0.14950    1.73899       -8090.69944
  Mo      316   42.19788   40.81057    0.19788    1.70042       -8090.68614
  Mo      317   42.14423   40.75693    0.14423    1.74209       -8090.70499
  Mo      318   42.25305   40.86574    0.25305    1.63530       -8090.64701
  Mo      319   42.15767   40.77037    0.15767    1.73602       -8090.69833
  Mo      320   42.20149   40.81418    0.20149    1.69892       -8090.68846
  Mo      321   42.21131   40.82400    0.21131    1.68718       -8090.67636
  Mo      322   42.16839   40.78108    0.16839    1.72205       -8090.69267
  Mo      323   42.15076   40.76345    0.15076    1.74030       -8090.70902
  Mo      324   42.14415   40.75685    0.14415    1.74808       -8090.71072
  Mo      325   42.20119   40.81388    0.20119    1.69058       -8090.67521
  Mo      326   42.17766   40.79035    0.17766    1.71963       -8090.69680
  Mo      327   42.12504   40.73773    0.12504    1.75733       -8090.70353
  Mo      328   42.20372   40.81641    0.20372    1.69868       -8090.69262
  Mo      329   42.19773   40.81042    0.19773    1.70009       -8090.68844
  Mo      330   42.16524   40.77793    0.16524    1.71358       -8090.67947
  Mo      331   42.20902   40.82171    0.20902    1.68938       -8090.68048
  Mo      332   42.11595   40.72864    0.11595    1.76696       -8090.71503
  Mo      333   42.21351   40.82620    0.21351    1.67138       -8090.65896
  Mo      334   42.12164   40.73433    0.12164    1.77210       -8090.72327
  Mo      335   42.14878   40.76148    0.14878    1.74631       -8090.70769
  Mo      336   42.22966   40.84235    0.22966    1.66978       -8090.66799
  Mo      337   42.22922   40.84191    0.22922    1.67098       -8090.66630
  Mo      338   42.25299   40.86568    0.25299    1.64973       -8090.66422
  Mo      339   42.14772   40.76041    0.14772    1.74138       -8090.70112
  Mo      340   42.27022   40.88291    0.27022    1.63470       -8090.65171
  Mo      341   42.15925   40.77195    0.15925    1.73920       -8090.71657
  Mo      342   42.18369   40.79638    0.18369    1.70718       -8090.68500
  Mo      343   42.16866   40.78136    0.16866    1.72642       -8090.69384
  Mo      344   42.11434   40.72703    0.11434    1.76973       -8090.72078
  Mo      345   42.20553   40.81822    0.20553    1.68741       -8090.67497
  Mo      346   42.21357   40.82626    0.21357    1.68245       -8090.66873
  Mo      347   42.20779   40.82049    0.20779    1.68753       -8090.67933
  Mo      348   42.12747   40.74016    0.12747    1.76440       -8090.72019
  Mo      349   42.20034   40.81303    0.20034    1.68768       -8090.67827
  Mo      350   42.16293   40.77562    0.16293    1.71586       -8090.67629
  Mo      351   42.20294   40.81563    0.20294    1.68971       -8090.67543
  Mo      352   42.23207   40.84476    0.23207    1.67191       -8090.67570
  Mo      353   42.12569   40.73838    0.12569    1.76209       -8090.71082
  Mo      354   42.09336   40.70605    0.09336    1.79290       -8090.72800
  Mo      355   42.22058   40.83328    0.22058    1.66712       -8090.66289
  Mo      356   42.18821   40.80090    0.18821    1.71099       -8090.68657
  Mo      357   42.25263   40.86533    0.25263    1.64764       -8090.65131
  Mo      358   42.11868   40.73137    0.11868    1.77777       -8090.73328
  Mo      359   42.17431   40.78701    0.17431    1.72098       -8090.69505
  Mo      360   42.21397   40.82667    0.21397    1.68441       -8090.67438
  Mo      361   42.19577   40.80846    0.19577    1.70355       -8090.69793
  Mo      362   42.19860   40.81129    0.19860    1.69611       -8090.68748
  Mo      363   42.15238   40.76507    0.15238    1.74025       -8090.70105
  Mo      364   42.18523   40.79792    0.18523    1.70461       -8090.68172
  Mo      365   42.15986   40.77255    0.15986    1.73121       -8090.69484
  Mo      366   42.11925   40.73195    0.11925    1.76473       -8090.71093
  Mo      367   42.19443   40.80712    0.19443    1.68977       -8090.67151
  Mo      368   42.22308   40.83578    0.22308    1.67607       -8090.66657
  Mo      369   42.14496   40.75766    0.14496    1.74466       -8090.70155
  Mo      370   42.18349   40.79618    0.18349    1.70867       -8090.68900
  Mo      371   42.14590   40.75859    0.14590    1.74510       -8090.69955
  Mo      372   42.19026   40.80295    0.19026    1.70499       -8090.69098
  Mo      373   42.12741   40.74011    0.12741    1.76211       -8090.71331
  Mo      374   42.12867   40.74137    0.12867    1.76242       -8090.71784
  Mo      375   42.21387   40.82656    0.21387    1.69105       -8090.68356
  Mo      376   42.16005   40.77275    0.16005    1.72794       -8090.69108
  Mo      377   42.16552   40.77821    0.16552    1.72585       -8090.69169
  Mo      378   42.17930   40.79199    0.17930    1.72210       -8090.70688
  Mo      379   42.23914   40.85183    0.23914    1.65649       -8090.65886
  Mo      380   42.16762   40.78032    0.16762    1.72198       -8090.69098
  Mo      381   42.13053   40.74322    0.13053    1.76613       -8090.72113
  Mo      382   42.16612   40.77882    0.16612    1.73134       -8090.70212
  Mo      383   42.19244   40.80513    0.19244    1.70108       -8090.68243
  Mo      384   42.14977   40.76247    0.14977    1.74411       -8090.70305
  Ta      385   72.89171   71.50440   -0.10829    1.81793      -31233.05217
  Ta      386   72.81982   71.43251   -0.18018    1.89162      -31233.09350
  Ta      387   72.77511   71.38780   -0.22489    1.93335      -31233.11209
  Ta      388   72.86514   71.47784   -0.13486    1.85167      -31233.06101
  Ta      389   72.88981   71.50250   -0.11019    1.83641      -31233.05930
  Ta      390   72.84722   71.45991   -0.15278    1.85660      -31233.06460
  Ta      391   72.96398   71.57668   -0.03602    1.76540      -31233.01430
  Ta      392   72.87726   71.48995   -0.12274    1.83304      -31233.05814
  Ta      393   72.83204   71.44474   -0.16796    1.88519      -31233.08446
  Ta      394   72.78591   71.39860   -0.21409    1.92358      -31233.11138
  Ta      395   72.89635   71.50904   -0.10365    1.82059      -31233.04820
  Ta      396   72.82308   71.43577   -0.17692    1.88732      -31233.08876
  Ta      397   72.85119   71.46389   -0.14881    1.86045      -31233.06496
  Ta      398   72.81872   71.43141   -0.18128    1.88684      -31233.08887
  Ta      399   72.89486   71.50755   -0.10514    1.82214      -31233.05116
  Ta      400   72.80926   71.42195   -0.19074    1.90298      -31233.09562
  Ta      401   72.89327   71.50596   -0.10673    1.82581      -31233.04867
  Ta      402   72.87480   71.48750   -0.12520    1.84293      -31233.06429
  Ta      403   72.83946   71.45215   -0.16054    1.87247      -31233.07706
  Ta      404   72.83147   71.44417   -0.16853    1.88208      -31233.08227
  Ta      405   72.86615   71.47884   -0.13385    1.84476      -31233.06445
  Ta      406   72.94589   71.55859   -0.05411    1.77195      -31233.01564
  Ta      407   72.91803   71.53073   -0.08197    1.80674      -31233.03986
  Ta      408   72.81457   71.42726   -0.18543    1.89749      -31233.09865
  Ta      409   72.84762   71.46031   -0.15238    1.86482      -31233.07488
  Ta      410   72.88376   71.49645   -0.11624    1.83397      -31233.05725
  Ta      411   72.90368   71.51637   -0.09632    1.81619      -31233.04731
  Ta      412   72.91205   71.52474   -0.08795    1.80698      -31233.04417
  Ta      413   72.86596   71.47865   -0.13404    1.85280      -31233.07300
  Ta      414   72.87196   71.48465   -0.12804    1.84605      -31233.06134
  Ta      415   72.82621   71.43890   -0.17379    1.88628      -31233.08616
  Ta      416   72.92243   71.53512   -0.07757    1.80125      -31233.03378
  Ta      417   72.81024   71.42293   -0.18976    1.90303      -31233.10683
  Ta      418   72.88488   71.49757   -0.11512    1.83523      -31233.05299
  Ta      419   72.88165   71.49434   -0.11835    1.82901      -31233.05555
  Ta      420   72.81577   71.42847   -0.18423    1.89676      -31233.09621
  Ta      421   72.87696   71.48965   -0.12304    1.83468      -31233.05564
  Ta      422   72.90916   71.52185   -0.09084    1.81143      -31233.04798
  Ta      423   72.81143   71.42413   -0.18857    1.89635      -31233.08922
  Ta      424   72.88084   71.49353   -0.11916    1.83942      -31233.05908
  Ta      425   72.89325   71.50594   -0.10675    1.82025      -31233.05122
  Ta      426   72.88461   71.49730   -0.11539    1.82780      -31233.05336
  Ta      427   72.83550   71.44820   -0.16450    1.87151      -31233.08139
  Ta      428   72.75446   71.36715   -0.24554    1.95013      -31233.12323
  Ta      429   72.87971   71.49240   -0.12029    1.83650      -31233.06136
  Ta      430   72.76087   71.37356   -0.23913    1.94234      -31233.11907
  Ta      431   72.89721   71.50991   -0.10279    1.82088      -31233.05181
  Ta      432   72.88694   71.49963   -0.11306    1.82916      -31233.05135
  Ta      433   72.84165   71.45434   -0.15835    1.88037      -31233.08545
  Ta      434   72.91515   71.52784   -0.08485    1.80757      -31233.03867
  Ta      435   72.83837   71.45106   -0.16163    1.87573      -31233.08030
  Ta      436   72.91361   71.52630   -0.08639    1.80037      -31233.03382
  Ta      437   72.90209   71.51478   -0.09791    1.81838      -31233.04479
  Ta      438   72.87574   71.48843   -0.12426    1.83784      -31233.05475
  Ta      439   72.82481   71.43750   -0.17519    1.88837      -31233.09115
  Ta      440   72.87566   71.48835   -0.12434    1.83931      -31233.05451
  Ta      441   72.87695   71.48964   -0.12305    1.83531      -31233.06415
  Ta      442   72.88020   71.49290   -0.11980    1.83782      -31233.05616
  Ta      443   72.86557   71.47826   -0.13443    1.85612      -31233.06914
  Ta      444   72.86893   71.48162   -0.13107    1.85300      -31233.06980
  Ta      445   72.82600   71.43870   -0.17400    1.89083      -31233.09450
  Ta      446   72.90817   71.52086   -0.09183    1.81222      -31233.04727
  Ta      447   72.86464   71.47733   -0.13536    1.84859      -31233.06137
  Ta      448   72.76036   71.37306   -0.23964    1.94707      -31233.12681
  Ta      449   72.87120   71.48390   -0.12880    1.84444      -31233.06215
  Ta      450   72.83875   71.45144   -0.16125    1.87972      -31233.08931
  Ta      451   72.87012   71.48281   -0.12988    1.84105      -31233.05824
  Ta      452   72.87894   71.49163   -0.12106    1.84157      -31233.06096
  Ta      453   72.77860   71.39129   -0.22140    1.93107      -31233.11793
  Ta      454   72.83419   71.44688   -0.16581    1.87961      -31233.08625
  Ta      455   72.85941   71.47210   -0.14059    1.85442      -31233.06135
  Ta      456   72.86334   71.47603   -0.13666    1.84560      -31233.05979
  Ta      457   72.89045   71.50314   -0.10955    1.82806      -31233.05499
  Ta      458   72.86334   71.47603   -0.13666    1.85049      -31233.06375
  Ta      459   72.87408   71.48677   -0.12592    1.84338      -31233.06747
  Ta      460   72.89121   71.50390   -0.10879    1.82141      -31233.05689
  Ta      461   72.85219   71.46488   -0.14781    1.85730      -31233.06909
  Ta      462   72.86370   71.47639   -0.13630    1.85168      -31233.07387
  Ta      463   72.85819   71.47088   -0.14181    1.85123      -31233.06143
  Ta      464   72.91010   71.52280   -0.08990    1.80977      -31233.04047
  Ta      465   72.84502   71.45771   -0.15498    1.87060      -31233.08256
  Ta      466   72.78584   71.39854   -0.21416    1.92811      -31233.11910
  Ta      467   72.88218   71.49487   -0.11782    1.83347      -31233.05428
  Ta      468   72.84573   71.45842   -0.15427    1.86819      -31233.07514
  Ta      469   72.88184   71.49453   -0.11816    1.82963      -31233.05197
  Ta      470   72.84475   71.45744   -0.15525    1.87102      -31233.08710
  Ta      471   72.92301   71.53570   -0.07699    1.79669      -31233.03414
  Ta      472   72.77591   71.38860   -0.22409    1.93029      -31233.12271
  Ta      473   72.89998   71.51267   -0.10002    1.81457      -31233.04655
  Ta      474   72.81479   71.42748   -0.18521    1.89694      -31233.09092
  Ta      475   72.86950   71.48219   -0.13050    1.84662      -31233.06041
  Ta      476   72.83208   71.44477   -0.16792    1.88042      -31233.08127
  Ta      477   72.84917   71.46187   -0.15083    1.85472      -31233.06642
  Ta      478   72.86636   71.47905   -0.13364    1.85181      -31233.07155
  Ta      479   72.86724   71.47993   -0.13276    1.85003      -31233.06550
  Ta      480   72.81707   71.42976   -0.18293    1.88424      -31233.08949
  Ta      481   72.83333   71.44602   -0.16667    1.87968      -31233.08119
  Ta      482   72.85015   71.46284   -0.14985    1.86229      -31233.07266
  Ta      483   72.84893   71.46162   -0.15107    1.85540      -31233.07159
  Ta      484   72.81943   71.43213   -0.18057    1.88748      -31233.08897
  Ta      485   72.87918   71.49188   -0.12082    1.83908      -31233.06174
  Ta      486   72.88766   71.50035   -0.11234    1.82832      -31233.05415
  Ta      487   72.88219   71.49489   -0.11781    1.82999      -31233.05313
  Ta      488   72.85535   71.46805   -0.14465    1.85576      -31233.07044
  Ta      489   72.85264   71.46533   -0.14736    1.86508      -31233.08424
  Ta      490   72.82680   71.43949   -0.17320    1.88613      -31233.08768
  Ta      491   72.82156   71.43425   -0.17844    1.89003      -31233.09674
  Ta      492   72.77264   71.38533   -0.22736    1.93200      -31233.11633
  Ta      493   72.86088   71.47358   -0.13912    1.85917      -31233.06935
  Ta      494   72.85128   71.46397   -0.14872    1.85515      -31233.06355
  Ta      495   72.75649   71.36919   -0.24351    1.94683      -31233.12794
  Ta      496   72.82754   71.44023   -0.17246    1.88688      -31233.08741
  Ta      497   72.90947   71.52216   -0.09053    1.80920      -31233.04388
  Ta      498   72.78870   71.40139   -0.21130    1.91998      -31233.10710
  Ta      499   72.89909   71.51178   -0.10091    1.82491      -31233.04774
  Ta      500   72.88868   71.50137   -0.11132    1.83324      -31233.05535
  Ta      501   72.85590   71.46860   -0.14410    1.86174      -31233.07175
  Ta      502   72.86092   71.47361   -0.13908    1.84733      -31233.06352
  Ta      503   72.88606   71.49875   -0.11394    1.83254      -31233.05593
  Ta      504   72.86264   71.47533   -0.13736    1.85332      -31233.07157
  Ta      505   72.86484   71.47753   -0.13516    1.85211      -31233.06749
  Ta      506   72.89602   71.50871   -0.10398    1.82709      -31233.05763
  Ta      507   72.86146   71.47416   -0.13854    1.85556      -31233.07213
  Ta      508   72.89227   71.50496   -0.10773    1.81957      -31233.04296
  Ta      509   72.77504   71.38773   -0.22496    1.93456      -31233.11571
  Ta      510   72.94083   71.55353   -0.05917    1.77769      -31233.02301
  Ta      511   72.84019   71.45288   -0.15981    1.87374      -31233.07810
  Ta      512   72.83706   71.44975   -0.16294    1.87327      -31233.07331
