 Atom   Index      Q          Qmt        dQ        Vmad        Local Energy
  W         1   73.71901   72.41785   -0.28099    1.86895      -32312.56884
  W         2   73.74970   72.44854   -0.25030    1.84334      -32312.55848
  W         3   73.94200   72.64084   -0.05800    1.64362      -32312.42833
  W         4   73.85924   72.55808   -0.14076    1.73877      -32312.50007
  W         5   73.72253   72.42137   -0.27747    1.87450      -32312.58749
  W         6   73.85062   72.54946   -0.14938    1.74730      -32312.50516
  W         7   73.62695   72.32579   -0.37305    1.96831      -32312.64676
  W         8   74.00882   72.70766    0.00882    1.58077      -32312.38984
  W         9   73.97997   72.67881   -0.02003    1.59825      -32312.39083
  W        10   73.80707   72.50591   -0.19293    1.78440      -32312.52354
  W        11   73.89983   72.59867   -0.10017    1.69167      -32312.46074
  W        12   73.90130   72.60014   -0.09870    1.69671      -32312.46933
  W        13   73.79081   72.48965   -0.20919    1.79791      -32312.52131
  W        14   74.01276   72.71160    0.01276    1.58511      -32312.39886
  W        15   73.96316   72.66200   -0.03684    1.63508      -32312.43870
  W        16   73.69452   72.39336   -0.30548    1.90677      -32312.60207
  W        17   73.78805   72.48689   -0.21195    1.81143      -32312.55593
  W        18   73.94779   72.64663   -0.05221    1.64773      -32312.43778
  W        19   73.87701   72.57585   -0.12299    1.72557      -32312.49232
  W        20   73.90651   72.60535   -0.09349    1.68558      -32312.47022
  W        21   73.78473   72.48357   -0.21527    1.81100      -32312.53913
  W        22   73.87645   72.57529   -0.12355    1.71725      -32312.47862
  W        23   73.82724   72.52608   -0.17276    1.77620      -32312.53367
  W        24   73.84345   72.54229   -0.15655    1.75493      -32312.50603
  W        25   73.75819   72.45703   -0.24181    1.83670      -32312.55957
  W        26   73.93336   72.63220   -0.06664    1.65988      -32312.45164
  W        27   73.81098   72.50982   -0.18902    1.78549      -32312.53329
  W        28   73.77933   72.47817   -0.22067    1.81991      -32312.54960
  W        29   73.87666   72.57550   -0.12334    1.72119      -32312.48908
  W        30   73.92867   72.62751   -0.07133    1.66712      -32312.44919
  W        31   73.78951   72.48835   -0.21049    1.80893      -32312.54900
  W        32   73.79053   72.48937   -0.20947    1.81132      -32312.54827
  W        33   73.92409   72.62293   -0.07591    1.66879      -32312.44873
  W        34   73.78112   72.47996   -0.21888    1.81429      -32312.55045
  W        35   73.89562   72.59446   -0.10438    1.70116      -32312.48114
  W        36   73.89409   72.59294   -0.10591    1.69465      -32312.47572
  W        37   73.88607   72.58491   -0.11393    1.69265      -32312.45416
  W        38   73.91177   72.61061   -0.08823    1.68742      -32312.46750
  W        39   73.92055   72.61939   -0.07945    1.67749      -32312.46560
  W        40   73.76752   72.46636   -0.23248    1.82510      -32312.56150
  W        41   73.76197   72.46081   -0.23803    1.82988      -32312.55293
  W        42   73.87875   72.57759   -0.12125    1.71380      -32312.46993
  W        43   73.77706   72.47590   -0.22294    1.81993      -32312.54846
  W        44   73.85670   72.55554   -0.14330    1.72350      -32312.47654
  W        45   73.79807   72.49691   -0.20193    1.80222      -32312.54935
  W        46   73.93689   72.63573   -0.06311    1.65355      -32312.43558
  W        47   73.95100   72.64984   -0.04900    1.64693      -32312.43265
  W        48   73.85131   72.55015   -0.14869    1.72523      -32312.47809
  W        49   73.89003   72.58887   -0.10997    1.70409      -32312.47924
  W        50   73.90298   72.60182   -0.09702    1.68202      -32312.44720
  W        51   73.66049   72.35933   -0.33951    1.93334      -32312.61507
  W        52   73.93938   72.63822   -0.06062    1.63737      -32312.41113
  W        53   73.85471   72.55355   -0.14529    1.73560      -32312.48514
  W        54   74.01861   72.71746    0.01861    1.57656      -32312.39337
  W        55   73.75636   72.45520   -0.24364    1.84659      -32312.57578
  W        56   73.82287   72.52171   -0.17713    1.77776      -32312.52564
  W        57   73.82811   72.52695   -0.17189    1.74772      -32312.48663
  W        58   73.74711   72.44595   -0.25289    1.85270      -32312.57281
  W        59   73.86963   72.56848   -0.13037    1.72646      -32312.49716
  W        60   73.73601   72.43485   -0.26399    1.85225      -32312.56114
  W        61   73.74112   72.43996   -0.25888    1.85337      -32312.56734
  W        62   73.86165   72.56049   -0.13835    1.73052      -32312.49757
  W        63   73.75147   72.45031   -0.24853    1.84415      -32312.56760
  W        64   73.66353   72.36237   -0.33647    1.93859      -32312.62942
  W        65   74.01810   72.71694    0.01810    1.57033      -32312.38239
  W        66   73.78056   72.47940   -0.21944    1.81278      -32312.54117
  W        67   73.89006   72.58890   -0.10994    1.70452      -32312.48107
  W        68   73.79269   72.49153   -0.20731    1.80207      -32312.53300
  W        69   73.83693   72.53577   -0.16307    1.74955      -32312.49703
  W        70   73.86315   72.56199   -0.13685    1.72847      -32312.48541
  W        71   73.75550   72.45434   -0.24450    1.84536      -32312.57017
  W        72   73.93229   72.63113   -0.06771    1.66515      -32312.46257
  W        73   73.81855   72.51739   -0.18145    1.76965      -32312.51518
  W        74   73.82045   72.51929   -0.17955    1.77087      -32312.51120
  W        75   73.78825   72.48709   -0.21175    1.80278      -32312.53255
  W        76   74.00859   72.70743    0.00859    1.58944      -32312.39834
  W        77   73.88652   72.58536   -0.11348    1.70413      -32312.47626
  W        78   73.70612   72.40496   -0.29388    1.89289      -32312.60122
  W        79   73.96000   72.65884   -0.04000    1.64016      -32312.44513
  W        80   73.76632   72.46516   -0.23368    1.82511      -32312.55619
  W        81   73.86231   72.56115   -0.13769    1.72967      -32312.49890
  W        82   74.00494   72.70378    0.00494    1.58571      -32312.39381
  W        83   73.95058   72.64942   -0.04942    1.65497      -32312.44978
  W        84   73.90224   72.60108   -0.09776    1.69375      -32312.46996
  W        85   73.75594   72.45478   -0.24406    1.83590      -32312.55164
  W        86   73.87646   72.57530   -0.12354    1.72148      -32312.49209
  W        87   73.68983   72.38867   -0.31017    1.90478      -32312.59177
  W        88   73.96779   72.66663   -0.03221    1.62670      -32312.41535
  W        89   73.97732   72.67616   -0.02268    1.61483      -32312.40733
  W        90   73.91933   72.61817   -0.08067    1.68180      -32312.47931
  W        91   73.90555   72.60439   -0.09445    1.69534      -32312.47453
  W        92   73.92893   72.62777   -0.07107    1.65629      -32312.43295
  W        93   73.92826   72.62710   -0.07174    1.65746      -32312.42903
  W        94   73.79754   72.49638   -0.20246    1.78002      -32312.50772
  W        95   73.86515   72.56399   -0.13485    1.73092      -32312.49748
  W        96   73.85452   72.55336   -0.14548    1.73996      -32312.50511
  W        97   73.77621   72.47505   -0.22379    1.81880      -32312.54689
  W        98   73.81429   72.51313   -0.18571    1.78130      -32312.51862
  W        99   73.94876   72.64760   -0.05124    1.63066      -32312.41443
  W       100   73.73222   72.43106   -0.26778    1.86518      -32312.57766
  W       101   73.80237   72.50121   -0.19763    1.79163      -32312.52389
  W       102   73.92716   72.62600   -0.07284    1.66701      -32312.44962
  W       103   73.93218   72.63102   -0.06782    1.66145      -32312.45103
  W       104   73.89410   72.59294   -0.10590    1.69836      -32312.46514
  W       105   74.02883   72.72767    0.02883    1.56913      -32312.39439
  W       106   73.77718   72.47602   -0.22282    1.81736      -32312.54765
  W       107   73.87460   72.57344   -0.12540    1.72672      -32312.49325
  W       108   73.69753   72.39637   -0.30247    1.89945      -32312.59198
  W       109   73.80457   72.50341   -0.19543    1.78245      -32312.51597
  W       110   74.03409   72.73293    0.03409    1.55499      -32312.38000
  W       111   73.73630   72.43514   -0.26370    1.85303      -32312.56017
  W       112   73.72722   72.42606   -0.27278    1.87465      -32312.59642
  W       113   73.92863   72.62747   -0.07137    1.66918      -32312.45922
  W       114   73.72202   72.42086   -0.27798    1.87714      -32312.59291
  W       115   73.77415   72.47299   -0.22585    1.81904      -32312.55242
  W       116   73.99371   72.69255   -0.00629    1.59908      -32312.40698
  W       117   73.88590   72.58474   -0.11410    1.70123      -32312.46326
  W       118   73.83388   72.53272   -0.16612    1.75701      -32312.50045
  W       119   73.85422   72.55306   -0.14578    1.73619      -32312.48636
  W       120   73.78419   72.48303   -0.21581    1.80789      -32312.53085
  W       121   74.00394   72.70278    0.00394    1.59515      -32312.41760
  W       122   73.71661   72.41545   -0.28339    1.88054      -32312.59515
  W       123   73.91649   72.61533   -0.08351    1.68287      -32312.45587
  W       124   73.71902   72.41786   -0.28098    1.88122      -32312.58731
  W       125   73.94677   72.64561   -0.05323    1.64577      -32312.43548
  W       126   73.77257   72.47141   -0.22743    1.82540      -32312.56281
  W       127   73.79810   72.49694   -0.20190    1.79385      -32312.52985
  W       128   73.83939   72.53823   -0.16061    1.75654      -32312.51150
  Nb      129   40.98879   39.68763   -0.01121    1.63859       -7632.52733
  Nb      130   40.92234   39.62118   -0.07766    1.70227       -7632.57408
  Nb      131   40.90485   39.60369   -0.09515    1.71573       -7632.57409
  Nb      132   40.96613   39.66497   -0.03387    1.66615       -7632.55538
  Nb      133   40.83648   39.53533   -0.16352    1.78743       -7632.62387
  Nb      134   40.90694   39.60578   -0.09306    1.71162       -7632.57923
  Nb      135   40.83104   39.52988   -0.16896    1.79587       -7632.62565
  Nb      136   40.86708   39.56593   -0.13292    1.76375       -7632.61123
  Nb      137   40.77129   39.47013   -0.22871    1.85543       -7632.65404
  Nb      138   40.91903   39.61787   -0.08097    1.70073       -7632.56457
  Nb      139   41.08389   39.78273    0.08389    1.54529       -7632.48674
  Nb      140   40.89241   39.59125   -0.10759    1.73279       -7632.59649
  Nb      141   41.02300   39.72184    0.02300    1.59490       -7632.49659
  Nb      142   40.97056   39.66940   -0.02944    1.65948       -7632.54883
  Nb      143   40.95086   39.64970   -0.04914    1.66593       -7632.53909
  Nb      144   40.92061   39.61945   -0.07939    1.70169       -7632.56687
  Nb      145   41.00464   39.70348    0.00464    1.62082       -7632.51869
  Nb      146   40.93254   39.63138   -0.06746    1.69443       -7632.57318
  Nb      147   40.99378   39.69262   -0.00622    1.63695       -7632.53714
  Nb      148   41.02810   39.72695    0.02810    1.60416       -7632.51340
  Nb      149   40.88752   39.58636   -0.11248    1.74582       -7632.60393
  Nb      150   40.79949   39.49833   -0.20051    1.82341       -7632.63811
  Nb      151   40.75623   39.45507   -0.24377    1.86742       -7632.67040
  Nb      152   41.00536   39.70420    0.00536    1.62035       -7632.52397
  Nb      153   40.98671   39.68555   -0.01329    1.64026       -7632.52870
  Nb      154   40.97328   39.67212   -0.02672    1.65835       -7632.54804
  Nb      155   40.73256   39.43140   -0.26744    1.89569       -7632.69067
  Nb      156   40.82252   39.52136   -0.17748    1.80391       -7632.63061
  Nb      157   40.99040   39.68924   -0.00960    1.63425       -7632.52672
  Nb      158   40.91361   39.61246   -0.08639    1.71525       -7632.57207
  Nb      159   40.84413   39.54297   -0.15587    1.78301       -7632.61734
  Nb      160   40.90248   39.60132   -0.09752    1.72354       -7632.58564
  Nb      161   40.86010   39.55894   -0.13990    1.76967       -7632.61983
  Nb      162   40.88444   39.58328   -0.11556    1.74285       -7632.58438
  Nb      163   40.92979   39.62863   -0.07021    1.70000       -7632.58321
  Nb      164   40.92457   39.62341   -0.07543    1.69559       -7632.55469
  Nb      165   40.90084   39.59968   -0.09916    1.71731       -7632.59232
  Nb      166   40.77495   39.47379   -0.22505    1.85205       -7632.66230
  Nb      167   40.87869   39.57754   -0.12131    1.74635       -7632.59799
  Nb      168   41.01152   39.71036    0.01152    1.60992       -7632.51229
  Nb      169   40.81508   39.51392   -0.18492    1.81428       -7632.63534
  Nb      170   40.65832   39.35716   -0.34168    1.97229       -7632.74181
  Nb      171   41.09183   39.79067    0.09183    1.53311       -7632.45939
  Nb      172   40.96629   39.66513   -0.03371    1.66152       -7632.53880
  Nb      173   40.92549   39.62433   -0.07451    1.69964       -7632.56079
  Nb      174   40.93311   39.63195   -0.06689    1.69354       -7632.56292
  Nb      175   40.79648   39.49532   -0.20352    1.83071       -7632.65971
  Nb      176   40.91625   39.61509   -0.08375    1.71008       -7632.57583
  Nb      177   40.72958   39.42842   -0.27042    1.89674       -7632.69267
  Nb      178   40.90914   39.60798   -0.09086    1.71377       -7632.56765
  Nb      179   40.90695   39.60579   -0.09305    1.71841       -7632.57020
  Nb      180   41.15774   39.85658    0.15774    1.47209       -7632.43387
  Nb      181   40.84644   39.54528   -0.15356    1.78052       -7632.62125
  Nb      182   40.96139   39.66023   -0.03861    1.66423       -7632.53660
  Nb      183   40.93403   39.63287   -0.06597    1.68922       -7632.56416
  Nb      184   40.81664   39.51548   -0.18336    1.80808       -7632.62133
  Nb      185   40.92701   39.62585   -0.07299    1.69836       -7632.56596
  Nb      186   40.89693   39.59577   -0.10307    1.72809       -7632.58963
  Nb      187   40.89200   39.59084   -0.10800    1.73690       -7632.58437
  Nb      188   40.78047   39.47931   -0.21953    1.84536       -7632.65838
  Nb      189   40.90375   39.60259   -0.09625    1.71377       -7632.56978
  Nb      190   40.95515   39.65399   -0.04485    1.66918       -7632.55263
  Nb      191   41.04227   39.74111    0.04227    1.57515       -7632.48268
  Nb      192   40.96831   39.66715   -0.03169    1.65564       -7632.54323
  Nb      193   41.06486   39.76370    0.06486    1.56638       -7632.49725
  Nb      194   41.05634   39.75518    0.05634    1.56911       -7632.47690
  Nb      195   40.94726   39.64610   -0.05274    1.68289       -7632.57331
  Nb      196   40.98414   39.68298   -0.01586    1.64590       -7632.54551
  Nb      197   40.89680   39.59564   -0.10320    1.73009       -7632.58776
  Nb      198   40.83487   39.53372   -0.16513    1.78797       -7632.62240
  Nb      199   40.99975   39.69859   -0.00025    1.62698       -7632.52507
  Nb      200   40.96880   39.66764   -0.03120    1.65406       -7632.54560
  Nb      201   40.90727   39.60611   -0.09273    1.71932       -7632.57393
  Nb      202   40.78290   39.48174   -0.21710    1.84794       -7632.66551
  Nb      203   40.86168   39.56052   -0.13832    1.76530       -7632.60813
  Nb      204   40.93752   39.63636   -0.06248    1.68916       -7632.57313
  Nb      205   40.99770   39.69654   -0.00230    1.62897       -7632.52827
  Nb      206   40.76974   39.46858   -0.23026    1.85801       -7632.66626
  Nb      207   40.96762   39.66646   -0.03238    1.65908       -7632.54398
  Nb      208   40.94036   39.63920   -0.05964    1.68237       -7632.56020
  Nb      209   40.89310   39.59194   -0.10690    1.73420       -7632.58808
  Nb      210   41.05856   39.75741    0.05856    1.56880       -7632.49306
  Nb      211   40.91366   39.61250   -0.08634    1.71583       -7632.58192
  Nb      212   41.07210   39.77094    0.07210    1.55419       -7632.47853
  Nb      213   40.86861   39.56745   -0.13139    1.75383       -7632.59210
  Nb      214   40.85129   39.55013   -0.14871    1.77252       -7632.61624
  Nb      215   40.95040   39.64924   -0.04960    1.67757       -7632.55151
  Nb      216   41.00590   39.70474    0.00590    1.61917       -7632.51792
  Nb      217   40.81881   39.51765   -0.18119    1.80486       -7632.63629
  Nb      218   41.02104   39.71988    0.02104    1.60830       -7632.51226
  Nb      219   40.89472   39.59356   -0.10528    1.72961       -7632.58430
  Nb      220   40.75736   39.45620   -0.24264    1.86999       -7632.67722
  Nb      221   40.91445   39.61329   -0.08555    1.70073       -7632.56607
  Nb      222   40.89976   39.59860   -0.10024    1.73362       -7632.59935
  Nb      223   40.92361   39.62245   -0.07639    1.70597       -7632.57883
  Nb      224   40.90937   39.60822   -0.09063    1.70713       -7632.56711
  Nb      225   40.88097   39.57981   -0.11903    1.74151       -7632.59555
  Nb      226   41.01284   39.71168    0.01284    1.61156       -7632.51550
  Nb      227   40.99667   39.69551   -0.00333    1.62351       -7632.52327
  Nb      228   40.97351   39.67235   -0.02649    1.64822       -7632.53539
  Nb      229   40.73961   39.43845   -0.26039    1.89133       -7632.68381
  Nb      230   41.05958   39.75842    0.05958    1.56747       -7632.49085
  Nb      231   40.91410   39.61294   -0.08590    1.71424       -7632.57415
  Nb      232   40.86859   39.56743   -0.13141    1.75001       -7632.58885
  Nb      233   40.98670   39.68554   -0.01330    1.63971       -7632.53543
  Nb      234   41.02838   39.72722    0.02838    1.59490       -7632.49347
  Nb      235   40.84042   39.53926   -0.15958    1.79272       -7632.62622
  Nb      236   41.02917   39.72801    0.02917    1.60462       -7632.52301
  Nb      237   40.92098   39.61982   -0.07902    1.70295       -7632.56542
  Nb      238   40.95771   39.65655   -0.04229    1.65971       -7632.53590
  Nb      239   40.96560   39.66444   -0.03440    1.65997       -7632.55359
  Nb      240   41.10694   39.80578    0.10694    1.52467       -7632.46506
  Nb      241   40.92526   39.62410   -0.07474    1.70520       -7632.58564
  Nb      242   40.79907   39.49791   -0.20093    1.82384       -7632.65013
  Nb      243   41.00250   39.70134    0.00250    1.61815       -7632.50974
  Nb      244   40.91040   39.60924   -0.08960    1.71843       -7632.59457
  Nb      245   40.84577   39.54461   -0.15423    1.77387       -7632.60173
  Nb      246   40.84437   39.54322   -0.15563    1.78200       -7632.62231
  Nb      247   40.97436   39.67321   -0.02564    1.65330       -7632.54179
  Nb      248   40.95644   39.65528   -0.04356    1.66720       -7632.55017
  Nb      249   40.94531   39.64415   -0.05469    1.68220       -7632.55802
  Nb      250   40.93176   39.63060   -0.06824    1.69061       -7632.55594
  Nb      251   40.83780   39.53664   -0.16220    1.78958       -7632.61760
  Nb      252   41.00808   39.70692    0.00808    1.61907       -7632.51472
  Nb      253   40.94495   39.64379   -0.05505    1.68570       -7632.56348
  Nb      254   40.86338   39.56222   -0.13662    1.76705       -7632.61317
  Nb      255   40.87868   39.57753   -0.12132    1.74566       -7632.58411
  Nb      256   41.06666   39.76550    0.06666    1.55348       -7632.47699
  Mo      257   42.08602   40.78486    0.08602    1.63030       -8090.54650
  Mo      258   41.92954   40.62838   -0.07046    1.80096       -8090.66108
  Mo      259   41.87610   40.57494   -0.12390    1.85258       -8090.68529
  Mo      260   42.00806   40.70690    0.00806    1.70878       -8090.59606
  Mo      261   42.14316   40.84200    0.14316    1.57506       -8090.51814
  Mo      262   41.99156   40.69040   -0.00844    1.72810       -8090.60186
  Mo      263   42.08061   40.77945    0.08061    1.64555       -8090.56038
  Mo      264   42.12413   40.82297    0.12413    1.58310       -8090.51793
  Mo      265   42.14017   40.83901    0.14017    1.56964       -8090.50177
  Mo      266   41.87918   40.57802   -0.12082    1.84752       -8090.68410
  Mo      267   41.94829   40.64713   -0.05171    1.76533       -8090.62018
  Mo      268   41.97921   40.67805   -0.02079    1.74746       -8090.62608
  Mo      269   42.10054   40.79938    0.10054    1.61045       -8090.53130
  Mo      270   41.94910   40.64794   -0.05090    1.77937       -8090.65383
  Mo      271   41.99566   40.69450   -0.00434    1.72531       -8090.60445
  Mo      272   41.94589   40.64474   -0.05411    1.76684       -8090.62821
  Mo      273   42.06042   40.75926    0.06042    1.66292       -8090.57779
  Mo      274   41.94397   40.64281   -0.05603    1.77642       -8090.62873
  Mo      275   42.11707   40.81591    0.11707    1.60277       -8090.53389
  Mo      276   42.13619   40.83503    0.13619    1.58099       -8090.52444
  Mo      277   42.07172   40.77056    0.07172    1.65036       -8090.56210
  Mo      278   42.08901   40.78785    0.08901    1.62554       -8090.54569
  Mo      279   42.19611   40.89495    0.19611    1.52034       -8090.49285
  Mo      280   42.08068   40.77952    0.08068    1.62774       -8090.54211
  Mo      281   42.24859   40.94743    0.24859    1.47345       -8090.46024
  Mo      282   42.00676   40.70560    0.00676    1.71484       -8090.60187
  Mo      283   42.10396   40.80280    0.10396    1.60929       -8090.53823
  Mo      284   41.91326   40.61211   -0.08674    1.81085       -8090.66318
  Mo      285   42.02370   40.72254    0.02370    1.69182       -8090.58566
  Mo      286   42.16401   40.86285    0.16401    1.54449       -8090.49647
  Mo      287   42.18511   40.88395    0.18511    1.52897       -8090.49099
  Mo      288   42.06185   40.76069    0.06185    1.66696       -8090.58525
  Mo      289   42.12083   40.81967    0.12083    1.58791       -8090.51934
  Mo      290   41.99965   40.69849   -0.00035    1.71524       -8090.59259
  Mo      291   42.07100   40.76984    0.07100    1.65055       -8090.57063
  Mo      292   42.03884   40.73768    0.03884    1.67656       -8090.57326
  Mo      293   42.03134   40.73018    0.03134    1.68143       -8090.57590
  Mo      294   42.11948   40.81832    0.11948    1.58875       -8090.50874
  Mo      295   42.12140   40.82024    0.12140    1.60432       -8090.54176
  Mo      296   42.09980   40.79864    0.09980    1.62128       -8090.55233
  Mo      297   41.98944   40.68828   -0.01056    1.72400       -8090.59591
  Mo      298   42.04529   40.74413    0.04529    1.66554       -8090.56924
  Mo      299   42.06845   40.76729    0.06845    1.65231       -8090.56071
  Mo      300   42.10265   40.80149    0.10265    1.62033       -8090.54412
  Mo      301   42.15035   40.84919    0.15035    1.56323       -8090.50628
  Mo      302   42.04186   40.74070    0.04186    1.66181       -8090.55940
  Mo      303   42.01070   40.70954    0.01070    1.71076       -8090.60027
  Mo      304   42.06818   40.76702    0.06818    1.65522       -8090.57058
  Mo      305   41.91840   40.61724   -0.08160    1.79832       -8090.64736
  Mo      306   42.11650   40.81534    0.11650    1.58990       -8090.51592
  Mo      307   42.11346   40.81230    0.11346    1.60906       -8090.53736
  Mo      308   42.06404   40.76288    0.06404    1.65284       -8090.56399
  Mo      309   41.98283   40.68167   -0.01717    1.73546       -8090.61107
  Mo      310   42.00174   40.70058    0.00174    1.71958       -8090.59958
  Mo      311   42.15304   40.85188    0.15304    1.57092       -8090.51853
  Mo      312   42.03477   40.73361    0.03477    1.69064       -8090.59275
  Mo      313   42.04748   40.74632    0.04748    1.67168       -8090.57516
  Mo      314   42.05145   40.75030    0.05145    1.66983       -8090.57684
  Mo      315   42.11882   40.81766    0.11882    1.59503       -8090.52460
  Mo      316   42.09509   40.79393    0.09509    1.62497       -8090.54308
  Mo      317   42.09025   40.78909    0.09025    1.62840       -8090.55042
  Mo      318   42.14956   40.84840    0.14956    1.56407       -8090.51714
  Mo      319   41.98660   40.68544   -0.01340    1.72647       -8090.60008
  Mo      320   41.94720   40.64604   -0.05280    1.78054       -8090.64613
  Mo      321   42.15722   40.85606    0.15722    1.55040       -8090.48649
  Mo      322   42.10991   40.80875    0.10991    1.60791       -8090.53664
  Mo      323   42.03736   40.73620    0.03736    1.68419       -8090.58401
  Mo      324   42.09891   40.79775    0.09891    1.62020       -8090.55460
  Mo      325   42.18192   40.88076    0.18192    1.53912       -8090.49802
  Mo      326   42.04279   40.74163    0.04279    1.67196       -8090.56395
  Mo      327   42.10608   40.80492    0.10608    1.60793       -8090.53491
  Mo      328   42.00658   40.70542    0.00658    1.71809       -8090.60568
  Mo      329   42.06306   40.76190    0.06306    1.64569       -8090.54924
  Mo      330   42.02280   40.72164    0.02280    1.70421       -8090.59458
  Mo      331   42.09927   40.79811    0.09927    1.62368       -8090.55276
  Mo      332   42.05647   40.75531    0.05647    1.65832       -8090.57193
  Mo      333   42.00482   40.70366    0.00482    1.72159       -8090.61096
  Mo      334   42.01047   40.70931    0.01047    1.70842       -8090.59728
  Mo      335   42.12258   40.82142    0.12258    1.59408       -8090.52869
  Mo      336   42.08398   40.78282    0.08398    1.63021       -8090.54189
  Mo      337   42.00743   40.70627    0.00743    1.72559       -8090.62145
  Mo      338   42.09310   40.79194    0.09310    1.62565       -8090.54524
  Mo      339   42.16765   40.86649    0.16765    1.55524       -8090.51606
  Mo      340   42.14889   40.84773    0.14889    1.57475       -8090.53298
  Mo      341   42.06341   40.76225    0.06341    1.65322       -8090.56830
  Mo      342   41.98015   40.67899   -0.01985    1.74216       -8090.62312
  Mo      343   42.16848   40.86732    0.16848    1.55379       -8090.51424
  Mo      344   42.12012   40.81896    0.12012    1.59413       -8090.52399
  Mo      345   41.99387   40.69271   -0.00613    1.72737       -8090.60948
  Mo      346   41.96241   40.66125   -0.03759    1.75860       -8090.62431
  Mo      347   42.16631   40.86515    0.16631    1.54717       -8090.49780
  Mo      348   42.14046   40.83931    0.14046    1.58220       -8090.52974
  Mo      349   42.01910   40.71794    0.01910    1.70390       -8090.59509
  Mo      350   42.11020   40.80904    0.11020    1.60396       -8090.53971
  Mo      351   42.04492   40.74376    0.04492    1.68038       -8090.58264
  Mo      352   41.98435   40.68320   -0.01565    1.73492       -8090.61460
  Mo      353   42.01590   40.71474    0.01590    1.70329       -8090.59747
  Mo      354   41.87112   40.56996   -0.12888    1.85236       -8090.67878
  Mo      355   41.87190   40.57074   -0.12810    1.85769       -8090.69419
  Mo      356   42.06874   40.76758    0.06874    1.64257       -8090.54187
  Mo      357   42.01514   40.71398    0.01514    1.69718       -8090.58773
  Mo      358   42.06150   40.76034    0.06150    1.64332       -8090.54808
  Mo      359   42.09513   40.79397    0.09513    1.61882       -8090.54378
  Mo      360   42.07845   40.77729    0.07845    1.63402       -8090.55020
  Mo      361   41.93398   40.63282   -0.06602    1.78937       -8090.64966
  Mo      362   42.01221   40.71105    0.01221    1.69944       -8090.58890
  Mo      363   42.16470   40.86354    0.16470    1.55488       -8090.51404
  Mo      364   41.98141   40.68025   -0.01859    1.74012       -8090.61368
  Mo      365   42.10974   40.80858    0.10974    1.60240       -8090.53089
  Mo      366   42.17967   40.87851    0.17967    1.54220       -8090.49376
  Mo      367   42.10117   40.80001    0.10117    1.61804       -8090.54393
  Mo      368   42.02754   40.72638    0.02754    1.68533       -8090.57535
  Mo      369   41.97657   40.67541   -0.02343    1.73903       -8090.60360
  Mo      370   41.88204   40.58088   -0.11796    1.84144       -8090.68245
  Mo      371   42.07398   40.77283    0.07398    1.64473       -8090.56683
  Mo      372   42.13838   40.83722    0.13838    1.57923       -8090.52263
  Mo      373   42.19370   40.89254    0.19370    1.52563       -8090.49059
  Mo      374   41.97506   40.67390   -0.02494    1.75226       -8090.62722
  Mo      375   42.10186   40.80071    0.10186    1.61754       -8090.53629
  Mo      376   41.96857   40.66741   -0.03143    1.75985       -8090.63657
  Mo      377   42.13978   40.83862    0.13978    1.58001       -8090.52973
  Mo      378   41.92439   40.62323   -0.07561    1.79937       -8090.65193
  Mo      379   42.08088   40.77972    0.08088    1.63974       -8090.55339
  Mo      380   41.96881   40.66765   -0.03119    1.74799       -8090.61760
  Mo      381   42.09322   40.79206    0.09322    1.61277       -8090.53249
  Mo      382   42.03381   40.73266    0.03381    1.68103       -8090.57831
  Mo      383   42.08708   40.78592    0.08708    1.62730       -8090.54239
  Mo      384   42.07341   40.77225    0.07341    1.64781       -8090.55484
  Ta      385   72.76856   71.46740   -0.23144    1.76444      -31232.91730
  Ta      386   72.68341   71.38225   -0.31659    1.84733      -31232.96310
  Ta      387   72.78802   71.48686   -0.21198    1.74561      -31232.91232
  Ta      388   72.68397   71.38281   -0.31603    1.84659      -31232.96895
  Ta      389   72.65198   71.35082   -0.34802    1.87296      -31232.98927
  Ta      390   72.71970   71.41854   -0.28030    1.81461      -31232.95632
  Ta      391   72.61719   71.31603   -0.38281    1.91564      -31233.01287
  Ta      392   72.71005   71.40889   -0.28995    1.82313      -31232.96218
  Ta      393   72.66529   71.36414   -0.33471    1.86680      -31232.98660
  Ta      394   72.77571   71.47455   -0.22429    1.76285      -31232.91868
  Ta      395   72.62779   71.32663   -0.37221    1.90512      -31233.01009
  Ta      396   72.66119   71.36003   -0.33881    1.86992      -31232.99050
  Ta      397   72.67461   71.37345   -0.32539    1.85917      -31232.97549
  Ta      398   72.78819   71.48703   -0.21181    1.75061      -31232.91359
  Ta      399   72.85864   71.55748   -0.14136    1.67563      -31232.86966
  Ta      400   72.75662   71.45546   -0.24338    1.77526      -31232.92216
  Ta      401   72.78312   71.48196   -0.21688    1.75526      -31232.91608
  Ta      402   72.59512   71.29396   -0.40488    1.93692      -31233.03164
  Ta      403   72.55855   71.25739   -0.44145    1.97524      -31233.06614
  Ta      404   72.66534   71.36418   -0.33466    1.86207      -31232.97845
  Ta      405   72.70783   71.40667   -0.29217    1.82239      -31232.94923
  Ta      406   72.58076   71.27960   -0.41924    1.94553      -31233.03203
  Ta      407   72.86187   71.56071   -0.13813    1.67688      -31232.86698
  Ta      408   72.83658   71.53542   -0.16342    1.69978      -31232.88152
  Ta      409   72.77465   71.47350   -0.22535    1.75454      -31232.90048
  Ta      410   72.67001   71.36885   -0.32999    1.86459      -31232.98663
  Ta      411   72.78246   71.48130   -0.21754    1.75891      -31232.91606
  Ta      412   72.49689   71.19574   -0.50311    2.04117      -31233.10114
  Ta      413   72.67546   71.37430   -0.32454    1.85622      -31232.97491
  Ta      414   72.79567   71.49451   -0.20433    1.73847      -31232.90993
  Ta      415   72.79674   71.49558   -0.20326    1.74294      -31232.90607
  Ta      416   72.83842   71.53726   -0.16158    1.69572      -31232.87418
  Ta      417   72.41622   71.11506   -0.58378    2.11616      -31233.14499
  Ta      418   72.74800   71.44684   -0.25200    1.78109      -31232.92619
  Ta      419   72.78414   71.48298   -0.21586    1.74583      -31232.90419
  Ta      420   72.85463   71.55347   -0.14537    1.67360      -31232.84813
  Ta      421   72.72797   71.42681   -0.27203    1.80387      -31232.94054
  Ta      422   72.73083   71.42967   -0.26917    1.79799      -31232.93807
  Ta      423   72.76453   71.46337   -0.23547    1.77267      -31232.92596
  Ta      424   72.83515   71.53399   -0.16485    1.70040      -31232.87199
  Ta      425   72.80760   71.50644   -0.19240    1.72695      -31232.89252
  Ta      426   72.58808   71.28692   -0.41192    1.94461      -31233.03282
  Ta      427   72.64078   71.33962   -0.35922    1.89265      -31232.99568
  Ta      428   72.69649   71.39533   -0.30351    1.83984      -31232.96352
  Ta      429   72.70539   71.40423   -0.29461    1.81608      -31232.93595
  Ta      430   72.75138   71.45022   -0.24862    1.78929      -31232.94925
  Ta      431   72.84613   71.54497   -0.15387    1.69155      -31232.87456
  Ta      432   72.70294   71.40178   -0.29706    1.83254      -31232.96499
  Ta      433   72.90152   71.60036   -0.09848    1.63956      -31232.84570
  Ta      434   72.80251   71.50135   -0.19749    1.73866      -31232.91113
  Ta      435   72.57193   71.27077   -0.42807    1.96131      -31233.03897
  Ta      436   72.80499   71.50383   -0.19501    1.72620      -31232.89190
  Ta      437   72.67070   71.36954   -0.32930    1.86305      -31232.98908
  Ta      438   72.58130   71.28014   -0.41870    1.94945      -31233.04708
  Ta      439   72.76398   71.46282   -0.23602    1.76303      -31232.91906
  Ta      440   72.72107   71.41992   -0.27893    1.81233      -31232.94723
  Ta      441   72.65175   71.35059   -0.34825    1.88549      -31233.00261
  Ta      442   72.78030   71.47914   -0.21970    1.75802      -31232.92060
  Ta      443   72.82640   71.52524   -0.17360    1.70786      -31232.87992
  Ta      444   72.91850   71.61734   -0.08150    1.62012      -31232.83512
  Ta      445   72.60335   71.30219   -0.39665    1.93147      -31233.02678
  Ta      446   72.69282   71.39166   -0.30718    1.84092      -31232.97400
  Ta      447   72.62988   71.32872   -0.37012    1.90167      -31233.00145
  Ta      448   72.67210   71.37094   -0.32790    1.86331      -31232.98286
  Ta      449   72.65770   71.35654   -0.34230    1.86998      -31232.99044
  Ta      450   72.80002   71.49886   -0.19998    1.73186      -31232.90989
  Ta      451   72.79630   71.49514   -0.20370    1.73886      -31232.90028
  Ta      452   72.67045   71.36929   -0.32955    1.86292      -31232.98309
  Ta      453   72.68928   71.38812   -0.31072    1.83982      -31232.96394
  Ta      454   72.87605   71.57489   -0.12395    1.65599      -31232.84316
  Ta      455   72.72794   71.42678   -0.27206    1.79938      -31232.94250
  Ta      456   72.64597   71.34481   -0.35403    1.88775      -31232.99620
  Ta      457   72.61940   71.31824   -0.38060    1.91325      -31233.01804
  Ta      458   72.69696   71.39580   -0.30304    1.83868      -31232.97775
  Ta      459   72.73015   71.42899   -0.26985    1.80570      -31232.94054
  Ta      460   72.60985   71.30869   -0.39015    1.92424      -31233.02180
  Ta      461   72.54344   71.24228   -0.45656    1.99143      -31233.07332
  Ta      462   72.70961   71.40845   -0.29039    1.82667      -31232.96185
  Ta      463   72.75147   71.45031   -0.24853    1.78635      -31232.93701
  Ta      464   72.60225   71.30109   -0.39775    1.92986      -31233.02545
  Ta      465   72.58461   71.28345   -0.41539    1.94391      -31233.03059
  Ta      466   72.75748   71.45632   -0.24252    1.76900      -31232.91579
  Ta      467   72.76733   71.46617   -0.23267    1.77197      -31232.93479
  Ta      468   72.77095   71.46979   -0.22905    1.76496      -31232.92407
  Ta      469   72.74017   71.43901   -0.25983    1.79757      -31232.94415
  Ta      470   72.77855   71.47739   -0.22145    1.75751      -31232.92640
  Ta      471   72.79340   71.49224   -0.20660    1.73692      -31232.88702
  Ta      472   72.65176   71.35060   -0.34824    1.87947      -31232.98174
  Ta      473   72.88613   71.58497   -0.11387    1.65190      -31232.85794
  Ta      474   72.77913   71.47798   -0.22087    1.75282      -31232.91571
  Ta      475   72.63767   71.33651   -0.36233    1.89312      -31233.00808
  Ta      476   72.63517   71.33401   -0.36483    1.90112      -31233.00882
  Ta      477   72.81741   71.51625   -0.18259    1.71672      -31232.89969
  Ta      478   72.73736   71.43620   -0.26264    1.80016      -31232.93548
  Ta      479   72.74757   71.44641   -0.25243    1.78398      -31232.93077
  Ta      480   72.59368   71.29252   -0.40632    1.93966      -31233.02756
  Ta      481   72.77308   71.47192   -0.22692    1.75356      -31232.90640
  Ta      482   72.69017   71.38902   -0.30983    1.83850      -31232.97005
  Ta      483   72.77436   71.47320   -0.22564    1.76552      -31232.92854
  Ta      484   72.72776   71.42661   -0.27224    1.81078      -31232.95813
  Ta      485   72.81930   71.51814   -0.18070    1.71409      -31232.89257
  Ta      486   72.66459   71.36343   -0.33541    1.86353      -31232.97779
  Ta      487   72.81651   71.51535   -0.18349    1.71391      -31232.89301
  Ta      488   72.75269   71.45153   -0.24731    1.78385      -31232.92974
  Ta      489   72.81789   71.51673   -0.18211    1.70954      -31232.88634
  Ta      490   72.80977   71.50862   -0.19023    1.72265      -31232.89687
  Ta      491   72.82201   71.52085   -0.17799    1.71454      -31232.89408
  Ta      492   72.62950   71.32834   -0.37050    1.89962      -31233.00760
  Ta      493   72.69095   71.38979   -0.30905    1.84130      -31232.96749
  Ta      494   72.77098   71.46982   -0.22902    1.75808      -31232.90050
  Ta      495   72.74722   71.44606   -0.25278    1.78758      -31232.92583
  Ta      496   72.75740   71.45624   -0.24260    1.77689      -31232.93587
  Ta      497   72.69825   71.39709   -0.30175    1.83903      -31232.97148
  Ta      498   72.63776   71.33661   -0.36224    1.89130      -31232.99623
  Ta      499   72.83882   71.53766   -0.16118    1.69526      -31232.87228
  Ta      500   72.90363   71.60247   -0.09637    1.62728      -31232.83097
  Ta      501   72.66111   71.35995   -0.33889    1.87572      -31232.99391
  Ta      502   72.80347   71.50231   -0.19653    1.72814      -31232.89257
  Ta      503   72.77800   71.47684   -0.22200    1.75724      -31232.91097
  Ta      504   72.83553   71.53437   -0.16447    1.69736      -31232.87654
  Ta      505   72.78980   71.48865   -0.21020    1.73916      -31232.90882
  Ta      506   72.77518   71.47402   -0.22482    1.75996      -31232.92700
  Ta      507   72.75163   71.45047   -0.24837    1.78675      -31232.92534
  Ta      508   72.54500   71.24384   -0.45500    1.97979      -31233.05872
  Ta      509   72.83931   71.53815   -0.16069    1.69935      -31232.87567
  Ta      510   72.69027   71.38911   -0.30973    1.84536      -31232.97509
  Ta      511   72.80625   71.50509   -0.19375    1.72805      -31232.89472
  Ta      512   72.89759   71.59643   -0.10241    1.63745      -31232.83820
  V       513   23.54554   22.24438    0.54554    1.39259       -1895.14867
  V       514   23.51612   22.21496    0.51612    1.42840       -1895.17022
  V       515   23.43647   22.13531    0.43647    1.51038       -1895.20197
  V       516   23.41117   22.11001    0.41117    1.53729       -1895.21436
  V       517   23.58391   22.28275    0.58391    1.36232       -1895.14007
  V       518   23.46558   22.16442    0.46558    1.48162       -1895.18633
  V       519   23.50867   22.20751    0.50867    1.43823       -1895.17535
  V       520   23.47537   22.17421    0.47537    1.47288       -1895.19301
  V       521   23.35694   22.05578    0.35694    1.59375       -1895.24074
  V       522   23.56306   22.26190    0.56306    1.37488       -1895.11946
  V       523   23.41131   22.11015    0.41131    1.53631       -1895.20830
  V       524   23.52683   22.22567    0.52683    1.42380       -1895.16539
  V       525   23.44825   22.14709    0.44825    1.50001       -1895.20507
  V       526   23.42282   22.12166    0.42282    1.52663       -1895.22135
  V       527   23.53473   22.23357    0.53473    1.40969       -1895.15952
  V       528   23.41544   22.11428    0.41544    1.53529       -1895.22746
  V       529   23.42565   22.12449    0.42565    1.52412       -1895.21592
  V       530   23.35287   22.05171    0.35287    1.59560       -1895.26360
  V       531   23.41845   22.11729    0.41845    1.53266       -1895.23498
  V       532   23.40712   22.10596    0.40712    1.54316       -1895.22738
  V       533   23.48625   22.18509    0.48625    1.46139       -1895.17585
  V       534   23.41305   22.11189    0.41305    1.53717       -1895.23438
  V       535   23.34414   22.04298    0.34414    1.60876       -1895.27755
  V       536   23.56383   22.26268    0.56383    1.37822       -1895.14521
  V       537   23.52801   22.22685    0.52801    1.40910       -1895.14013
  V       538   23.46036   22.15920    0.46036    1.48146       -1895.19389
  V       539   23.28662   21.98547    0.28662    1.66500       -1895.28874
  V       540   23.39558   22.09442    0.39558    1.54969       -1895.23269
  V       541   23.51027   22.20911    0.51027    1.43329       -1895.14486
  V       542   23.41327   22.11212    0.41327    1.53039       -1895.22855
  V       543   23.51009   22.20893    0.51009    1.43191       -1895.17474
  V       544   23.44643   22.14527    0.44643    1.49850       -1895.19908
  V       545   23.48160   22.18044    0.48160    1.46794       -1895.19980
  V       546   23.54488   22.24372    0.54488    1.40337       -1895.16326
  V       547   23.49369   22.19253    0.49369    1.45406       -1895.18110
  V       548   23.36453   22.06337    0.36453    1.58392       -1895.25671
  V       549   23.53333   22.23218    0.53333    1.41290       -1895.16810
  V       550   23.43082   22.12966    0.43082    1.51082       -1895.20300
  V       551   23.42551   22.12435    0.42551    1.52225       -1895.21923
  V       552   23.36984   22.06868    0.36984    1.58017       -1895.25403
  V       553   23.56791   22.26675    0.56791    1.37813       -1895.13851
  V       554   23.47615   22.17499    0.47615    1.47260       -1895.19191
  V       555   23.45581   22.15465    0.45581    1.48849       -1895.20489
  V       556   23.47991   22.17876    0.47991    1.46286       -1895.16750
  V       557   23.44493   22.14377    0.44493    1.50217       -1895.19835
  V       558   23.47637   22.17521    0.47637    1.46891       -1895.19691
  V       559   23.37804   22.07688    0.37804    1.57223       -1895.25065
  V       560   23.44933   22.14817    0.44933    1.49601       -1895.20232
  V       561   23.55017   22.24901    0.55017    1.38750       -1895.14673
  V       562   23.55245   22.25129    0.55245    1.39378       -1895.15485
  V       563   23.54457   22.24341    0.54457    1.40004       -1895.15273
  V       564   23.38921   22.08805    0.38921    1.56211       -1895.25237
  V       565   23.49808   22.19692    0.49808    1.44442       -1895.17342
  V       566   23.43236   22.13120    0.43236    1.51672       -1895.20708
  V       567   23.39956   22.09840    0.39956    1.54818       -1895.24076
  V       568   23.40751   22.10635    0.40751    1.54463       -1895.23484
  V       569   23.39530   22.09414    0.39530    1.55503       -1895.25202
  V       570   23.50087   22.19971    0.50087    1.44767       -1895.17734
  V       571   23.61748   22.31632    0.61748    1.32505       -1895.11004
  V       572   23.39251   22.09135    0.39251    1.55818       -1895.24099
  V       573   23.37493   22.07377    0.37493    1.57195       -1895.24253
  V       574   23.30272   22.00156    0.30272    1.64966       -1895.30022
  V       575   23.45948   22.15832    0.45948    1.48153       -1895.18146
  V       576   23.54391   22.24275    0.54391    1.39439       -1895.14773
  V       577   23.50059   22.19943    0.50059    1.44103       -1895.17244
  V       578   23.49044   22.18929    0.49044    1.45767       -1895.17565
  V       579   23.37619   22.07503    0.37619    1.57288       -1895.23715
  V       580   23.43952   22.13836    0.43952    1.50672       -1895.20986
  V       581   23.31004   22.00888    0.31004    1.63881       -1895.28668
  V       582   23.45986   22.15870    0.45986    1.48235       -1895.19377
  V       583   23.37136   22.07020    0.37136    1.58336       -1895.25594
  V       584   23.60970   22.30855    0.60970    1.33640       -1895.11065
  V       585   23.50378   22.20262    0.50378    1.43968       -1895.17769
  V       586   23.45175   22.15059    0.45175    1.49660       -1895.20748
  V       587   23.49385   22.19269    0.49385    1.45768       -1895.17858
  V       588   23.40769   22.10653    0.40769    1.53656       -1895.22685
  V       589   23.41695   22.11579    0.41695    1.52934       -1895.22972
  V       590   23.57217   22.27101    0.57217    1.36569       -1895.13150
  V       591   23.60725   22.30609    0.60725    1.33618       -1895.11282
  V       592   23.56431   22.26315    0.56431    1.37815       -1895.13884
  V       593   23.40751   22.10635    0.40751    1.54475       -1895.23786
  V       594   23.32116   22.02000    0.32116    1.63683       -1895.28008
  V       595   23.30065   21.99949    0.30065    1.65969       -1895.30483
  V       596   23.48203   22.18087    0.48203    1.46149       -1895.17829
  V       597   23.27885   21.97769    0.27885    1.67761       -1895.31902
  V       598   23.38024   22.07908    0.38024    1.56310       -1895.22974
  V       599   23.39242   22.09126    0.39242    1.55225       -1895.23786
  V       600   23.59522   22.29406    0.59522    1.34698       -1895.12462
  V       601   23.58991   22.28875    0.58991    1.35138       -1895.12587
  V       602   23.45467   22.15351    0.45467    1.49398       -1895.19488
  V       603   23.37690   22.07574    0.37690    1.56824       -1895.23592
  V       604   23.45949   22.15833    0.45949    1.49239       -1895.20673
  V       605   23.45130   22.15015    0.45130    1.49433       -1895.20000
  V       606   23.36439   22.06323    0.36439    1.58967       -1895.24031
  V       607   23.41000   22.10884    0.41000    1.53692       -1895.21848
  V       608   23.38023   22.07907    0.38023    1.57266       -1895.24781
  V       609   23.38526   22.08411    0.38526    1.56422       -1895.23568
  V       610   23.34956   22.04840    0.34956    1.60838       -1895.26451
  V       611   23.44307   22.14191    0.44307    1.50604       -1895.21749
  V       612   23.50166   22.20050    0.50166    1.44638       -1895.18258
  V       613   23.49697   22.19581    0.49697    1.45427       -1895.19020
  V       614   23.46274   22.16158    0.46274    1.48180       -1895.17723
  V       615   23.43443   22.13327    0.43443    1.51280       -1895.20659
  V       616   23.39196   22.09080    0.39196    1.55691       -1895.23633
  V       617   23.33632   22.03517    0.33632    1.61947       -1895.28958
  V       618   23.42304   22.12188    0.42304    1.52513       -1895.21859
  V       619   23.24819   21.94703    0.24819    1.70971       -1895.33463
  V       620   23.28311   21.98195    0.28311    1.67041       -1895.30431
  V       621   23.46505   22.16389    0.46505    1.47671       -1895.20420
  V       622   23.45744   22.15629    0.45744    1.49069       -1895.21860
  V       623   23.45536   22.15420    0.45536    1.49412       -1895.22622
  V       624   23.47231   22.17115    0.47231    1.47499       -1895.19741
  V       625   23.50002   22.19886    0.50002    1.44494       -1895.17330
  V       626   23.38856   22.08740    0.38856    1.56242       -1895.24813
  V       627   23.33139   22.03023    0.33139    1.62001       -1895.27360
  V       628   23.42273   22.12157    0.42273    1.52593       -1895.21292
  V       629   23.28986   21.98870    0.28986    1.66505       -1895.30938
  V       630   23.43991   22.13875    0.43991    1.50922       -1895.19788
  V       631   23.38927   22.08811    0.38927    1.55698       -1895.22791
  V       632   23.37490   22.07374    0.37490    1.57512       -1895.24176
  V       633   23.49280   22.19164    0.49280    1.45171       -1895.17767
  V       634   23.37911   22.07795    0.37911    1.57673       -1895.24673
  V       635   23.47221   22.17105    0.47221    1.48408       -1895.20491
  V       636   23.42298   22.12182    0.42298    1.52733       -1895.22244
  V       637   23.50031   22.19915    0.50031    1.44913       -1895.17531
  V       638   23.54008   22.23893    0.54008    1.40137       -1895.17301
  V       639   23.49634   22.19518    0.49634    1.44708       -1895.17153
  V       640   23.44245   22.14129    0.44245    1.50893       -1895.22232
