 Atom   Index      Q          Qmt        dQ        Vmad        Local Energy
  W         1   73.83444   72.53058   -0.16556    1.77427      -32312.54026
  W         2   73.98678   72.68292   -0.01322    1.62333      -32312.44575
  W         3   73.84404   72.54019   -0.15596    1.78373      -32312.54311
  W         4   73.95944   72.65558   -0.04056    1.64919      -32312.45898
  W         5   73.82139   72.51753   -0.17861    1.80962      -32312.56506
  W         6   74.01422   72.71037    0.01422    1.60932      -32312.44367
  W         7   73.90237   72.59851   -0.09763    1.70570      -32312.48974
  W         8   73.96880   72.66494   -0.03120    1.63966      -32312.45181
  Nb        9   41.04381   39.73995    0.04381    1.59747       -7632.53564
  Nb       10   40.92051   39.61665   -0.07949    1.72570       -7632.58484
  Nb       11   40.92917   39.62532   -0.07083    1.71732       -7632.59344
  Nb       12   40.85466   39.55081   -0.14534    1.79682       -7632.64719
  Nb       13   41.03800   39.73414    0.03800    1.61358       -7632.54541
  Nb       14   40.96562   39.66176   -0.03438    1.69327       -7632.59783
  Nb       15   40.87764   39.57378   -0.12236    1.76912       -7632.62597
  Nb       16   41.05195   39.74810    0.05195    1.60478       -7632.53574
  Mo       17   42.21178   40.90793    0.21178    1.51487       -8090.50367
  Mo       18   42.09856   40.79471    0.09856    1.63709       -8090.56536
  Mo       19   41.92238   40.61853   -0.07762    1.82713       -8090.68310
  Mo       20   42.06189   40.75803    0.06189    1.68220       -8090.59700
  Mo       21   41.97897   40.67512   -0.02103    1.77044       -8090.64569
  Mo       22   41.96127   40.65741   -0.03873    1.78920       -8090.66756
  Mo       23   42.04227   40.73841    0.04227    1.70042       -8090.60199
  Mo       24   42.20606   40.90220    0.20606    1.52841       -8090.51395
  Ta       25   72.86715   71.56330   -0.13285    1.68766      -31232.89403
  Ta       26   72.91106   71.60720   -0.08894    1.64967      -31232.87180
  Ta       27   72.74710   71.44325   -0.25290    1.81006      -31232.96540
  Ta       28   72.79519   71.49133   -0.20481    1.75427      -31232.92818
  Ta       29   72.89180   71.58794   -0.10820    1.67084      -31232.88224
  Ta       30   72.66629   71.36243   -0.33371    1.89052      -31233.01442
  Ta       31   72.84189   71.53803   -0.15811    1.72283      -31232.92222
  Ta       32   72.82191   71.51806   -0.17809    1.73401      -31232.93217
  Ti       33   22.25465   20.95080    0.25465    1.62558       -1704.43170
  Ti       34   22.24190   20.93804    0.24190    1.60656       -1704.35261
  Ti       35   22.38116   21.07730    0.38116    1.50143       -1704.36742
  Ti       36   22.15011   20.84626    0.15011    1.69746       -1704.39962
  Ti       37   22.20368   20.89982    0.20368    1.67191       -1704.45441
  Ti       38   22.31168   21.00782    0.31168    1.55290       -1704.37701
  Ti       39   22.21808   20.91422    0.21808    1.66599       -1704.45912
  Ti       40   22.20031   20.89645    0.20031    1.68814       -1704.48062
