System Description            : WNbMoTaV, BCC structure                         
Number of Atoms in Unit Cell  : 1280                                            
Number of Atomic Species      : 5                                               
Number of Atoms in Each Type  : 256(W), 256(Nb), 256(Mo), 256(Ta), 256(V)       
Energy Offset                 : -16231                                          
=======================================================================================
    Iter     Energy      3PV     Efermi   Rms_rho    Rms_pot   Mix  Alg  Alpha 
---------------------------------------------------------------------------------------
**       1  -0.853948  1839.076  0.58672  0.140E+01  0.316E+00  pot  B   0.1000
         2   2.164528  1819.931  0.60800  0.955E-02  0.729E+01  pot  B   0.1000
         3  -0.352742  1816.976  0.60344  0.446E-02  0.413E+01  pot  B   0.1000
         4  -1.064602  1814.646  0.59980  0.503E-02  0.183E+01  pot  B   0.1000
         5  -0.590831  1813.374  0.60180  0.346E-02  0.320E+01  pot  B   0.1000
         6  -1.017295  1807.255  0.60683  0.505E-02  0.168E+01  pot  B   0.1000
         7  -1.278365  1798.623  0.61176  0.393E-02  0.126E+01  pot  B   0.1000
         8  -1.398937  1790.540  0.61577  0.557E-02  0.784E+00  pot  B   0.1000
         9  -1.461135  1782.956  0.61811  0.343E-02  0.849E+00  pot  B   0.1000
        10  -1.538980  1771.111  0.62070  0.434E-02  0.718E+00  pot  B   0.1000
        11  -1.565982  1759.883  0.62429  0.398E-02  0.107E+01  pot  B   0.1000
        12  -1.639744  1749.492  0.62690  0.391E-02  0.797E+00  pot  B   0.1000
        13  -1.650903  1743.898  0.62931  0.255E-02  0.511E+00  pot  B   0.1000
        14  -1.428976  1749.536  0.63014  0.525E-02  0.188E+01  pot  B   0.1000
        15  -1.697941  1737.787  0.63335  0.412E-02  0.453E+00  pot  B   0.1000
        16  -1.471458  1746.969  0.63120  0.315E-02  0.191E+01  pot  B   0.1000
        17  -1.709518  1732.917  0.63535  0.491E-02  0.463E+00  pot  B   0.1000
        18  -1.674277  1730.012  0.63604  0.143E-02  0.960E+00  pot  B   0.1000
        19  -1.705579  1732.035  0.63440  0.211E-02  0.405E+00  pot  B   0.1000
        20  -1.719035  1729.852  0.63453  0.186E-02  0.363E+00  pot  B   0.1000
        21  -1.717540  1730.299  0.63448  0.123E-02  0.433E+00  pot  B   0.1000
        22  -1.726562  1729.890  0.63485  0.171E-02  0.258E+00  pot  B   0.1000
        23  -1.732578  1728.590  0.63519  0.107E-02  0.281E+00  pot  B   0.1000
        24  -1.734604  1727.743  0.63588  0.106E-02  0.235E+00  pot  B   0.1000
        25  -1.738080  1726.812  0.63607  0.755E-03  0.145E+00  pot  B   0.1000
        26  -1.729108  1726.590  0.63613  0.109E-02  0.402E+00  pot  B   0.1000
        27  -1.740347  1726.292  0.63616  0.782E-03  0.146E+00  pot  B   0.1000
        28  -1.732556  1725.596  0.63639  0.792E-03  0.395E+00  pot  B   0.1000
        29  -1.743795  1724.738  0.63668  0.677E-03  0.100E+00  pot  B   0.1000
        30  -1.739206  1723.388  0.63724  0.689E-03  0.334E+00  pot  B   0.1000
        31  -1.742360  1723.787  0.63716  0.562E-03  0.204E+00  pot  B   0.1000
        32  -1.745825  1722.499  0.63770  0.654E-03  0.130E+00  pot  B   0.1000
        33  -1.744649  1722.330  0.63776  0.589E-03  0.189E+00  pot  B   0.1000
        34  -1.745661  1721.709  0.63804  0.934E-03  0.188E+00  pot  B   0.1000
        35  -1.746488  1721.712  0.63819  0.656E-03  0.202E+00  pot  B   0.1000
        36  -1.749086  1720.411  0.63864  0.652E-03  0.157E+00  pot  B   0.1000
        37  -1.749269  1720.312  0.63878  0.515E-03  0.115E+00  pot  B   0.1000
        38  -1.749348  1718.164  0.63981  0.108E-02  0.216E+00  pot  B   0.1000
        39  -1.749932  1720.155  0.63884  0.100E-02  0.127E+00  pot  B   0.1000
        40  -1.749372  1718.248  0.63980  0.943E-03  0.247E+00  pot  B   0.1000
        41  -1.751859  1719.123  0.63933  0.442E-03  0.719E-01  pot  B   0.1000
        42  -1.751858  1717.790  0.64007  0.657E-03  0.149E+00  pot  B   0.1000
        43  -1.751362  1718.240  0.63985  0.323E-03  0.191E+00  pot  B   0.1000
        44  -1.753143  1717.534  0.64022  0.400E-03  0.749E-01  pot  B   0.1000
        45  -1.752917  1717.180  0.64050  0.342E-03  0.973E-01  pot  B   0.1000
        46  -1.753149  1716.949  0.64064  0.525E-03  0.119E+00  pot  B   0.1000
        47  -1.753816  1716.419  0.64083  0.411E-03  0.136E+00  pot  B   0.1000
        48  -1.754308  1716.049  0.64113  0.354E-03  0.939E-01  pot  B   0.1000
        49  -1.754620  1715.751  0.64127  0.361E-03  0.828E-01  pot  B   0.1000
        50  -1.755308  1714.285  0.64214  0.718E-03  0.975E-01  pot  B   0.1000
        51  -1.754350  1715.683  0.64131  0.687E-03  0.113E+00  pot  B   0.1000
        52  -1.754793  1714.348  0.64215  0.653E-03  0.147E+00  pot  B   0.1000
        53  -1.755395  1715.061  0.64176  0.351E-03  0.665E-01  pot  B   0.1000
        54  -1.755769  1713.829  0.64252  0.604E-03  0.987E-01  pot  B   0.1000
        55  -1.755105  1714.391  0.64216  0.278E-03  0.142E+00  pot  B   0.1000
        56  -1.756105  1713.959  0.64245  0.282E-03  0.624E-01  pot  B   0.1000
        57  -1.756113  1713.561  0.64267  0.358E-03  0.757E-01  pot  B   0.1000
        58  -1.756214  1713.403  0.64278  0.338E-03  0.841E-01  pot  B   0.1000
        59  -1.756427  1713.263  0.64295  0.279E-03  0.827E-01  pot  B   0.1000
        60  -1.756722  1712.919  0.64313  0.202E-03  0.606E-01  pot  B   0.1000
        61  -1.756848  1712.804  0.64325  0.225E-03  0.467E-01  pot  B   0.1000
        62  -1.757231  1711.979  0.64381  0.406E-03  0.461E-01  pot  B   0.1000
        63  -1.756550  1712.570  0.64343  0.294E-03  0.809E-01  pot  B   0.1000
        64  -1.757125  1711.800  0.64394  0.380E-03  0.689E-01  pot  B   0.1000
        65  -1.757024  1712.202  0.64363  0.200E-03  0.647E-01  pot  B   0.1000
        66  -1.757346  1711.391  0.64425  0.403E-03  0.558E-01  pot  B   0.1000
        67  -1.756781  1711.688  0.64404  0.245E-03  0.118E+00  pot  B   0.1000
        68  -1.757438  1711.519  0.64416  0.199E-03  0.451E-01  pot  B   0.1000
        69  -1.757484  1711.246  0.64439  0.249E-03  0.441E-01  pot  B   0.1000
        70  -1.757486  1711.181  0.64445  0.217E-03  0.519E-01  pot  B   0.1000
        71  -1.757609  1710.977  0.64456  0.173E-03  0.632E-01  pot  B   0.1000
        72  -1.757670  1710.975  0.64460  0.125E-03  0.393E-01  pot  B   0.1000
        73  -1.757777  1710.835  0.64468  0.143E-03  0.271E-01  pot  B   0.1000
        74  -1.757901  1710.538  0.64492  0.148E-03  0.238E-01  pot  B   0.1000
        75  -1.757761  1710.437  0.64500  0.131E-03  0.509E-01  pot  B   0.1000
        76  -1.757915  1710.317  0.64510  0.146E-03  0.332E-01  pot  B   0.1000
        77  -1.757878  1710.314  0.64514  0.115E-03  0.357E-01  pot  B   0.1000
        78  -1.758029  1709.902  0.64545  0.208E-03  0.287E-01  pot  B   0.1000
        79  -1.757835  1709.931  0.64542  0.179E-03  0.649E-01  pot  B   0.1000
        80  -1.757987  1709.992  0.64539  0.205E-03  0.353E-01  pot  B   0.1000
        81  -1.758050  1709.772  0.64555  0.194E-03  0.325E-01  pot  B   0.1000
        82  -1.758053  1709.607  0.64568  0.113E-03  0.377E-01  pot  B   0.1000
        83  -1.758050  1709.681  0.64566  0.103E-03  0.449E-01  pot  B   0.1000
        84  -1.758090  1709.615  0.64569  0.889E-04  0.349E-01  pot  B   0.1000
        85  -1.758151  1709.522  0.64578  0.933E-04  0.207E-01  pot  B   0.1000
        86  -1.758209  1709.405  0.64588  0.109E-03  0.155E-01  pot  B   0.1000
        87  -1.758193  1709.230  0.64604  0.920E-04  0.269E-01  pot  B   0.1000
        88  -1.758230  1709.254  0.64602  0.106E-03  0.192E-01  pot  B   0.1000
        89  -1.758228  1709.160  0.64608  0.728E-04  0.208E-01  pot  B   0.1000
        90  -1.758283  1708.997  0.64624  0.916E-04  0.156E-01  pot  B   0.1000
        91  -1.758238  1708.897  0.64634  0.114E-03  0.396E-01  pot  B   0.1000
        92  -1.758258  1708.966  0.64626  0.152E-03  0.270E-01  pot  B   0.1000
        93  -1.758288  1708.840  0.64640  0.112E-03  0.193E-01  pot  B   0.1000
        94  -1.758300  1708.693  0.64653  0.758E-04  0.226E-01  pot  B   0.1000
        95  -1.758279  1708.744  0.64646  0.761E-04  0.353E-01  pot  B   0.1000
        96  -1.758292  1708.728  0.64649  0.598E-04  0.296E-01  pot  B   0.1000
        97  -1.758330  1708.597  0.64661  0.686E-04  0.197E-01  pot  B   0.1000
        98  -1.758344  1708.653  0.64656  0.845E-04  0.142E-01  pot  B   0.1000
        99  -1.758364  1708.426  0.64677  0.117E-03  0.185E-01  pot  B   0.1000
       100  -1.758361  1708.515  0.64668  0.630E-04  0.136E-01  pot  B   0.1000
       101  -1.758372  1708.408  0.64680  0.560E-04  0.165E-01  pot  B   0.1000
       102  -1.758392  1708.351  0.64684  0.563E-04  0.102E-01  pot  B   0.1000
       103  -1.758385  1708.263  0.64693  0.553E-04  0.250E-01  pot  B   0.1000
       104  -1.758384  1708.293  0.64691  0.763E-04  0.144E-01  pot  B   0.1000
       105  -1.758401  1708.192  0.64699  0.658E-04  0.138E-01  pot  B   0.1000
       106  -1.758412  1708.081  0.64710  0.580E-04  0.157E-01  pot  B   0.1000
       107  -1.758383  1708.190  0.64701  0.565E-04  0.233E-01  pot  B   0.1000
       108  -1.758402  1708.110  0.64708  0.454E-04  0.197E-01  pot  B   0.1000
       109  -1.758418  1708.017  0.64718  0.493E-04  0.139E-01  pot  B   0.1000
       110  -1.758416  1708.095  0.64710  0.645E-04  0.120E-01  pot  B   0.1000
       111  -1.758432  1707.944  0.64725  0.785E-04  0.120E-01  pot  B   0.1000
       112  -1.758422  1707.978  0.64722  0.408E-04  0.127E-01  pot  B   0.1000
       113  -1.758440  1707.902  0.64729  0.422E-04  0.771E-02  pot  B   0.1000
       114  -1.758443  1707.895  0.64730  0.392E-04  0.698E-02  pot  B   0.1000
       115  -1.758445  1707.838  0.64736  0.315E-04  0.119E-01  pot  B   0.1000
       116  -1.758444  1707.811  0.64738  0.397E-04  0.101E-01  pot  B   0.1000
       117  -1.758451  1707.773  0.64743  0.440E-04  0.855E-02  pot  B   0.1000
       118  -1.758457  1707.711  0.64749  0.330E-04  0.852E-02  pot  B   0.1000
       119  -1.758444  1707.735  0.64746  0.326E-04  0.157E-01  pot  B   0.1000
       120  -1.758453  1707.708  0.64750  0.338E-04  0.135E-01  pot  B   0.1000
       121  -1.758461  1707.633  0.64757  0.392E-04  0.999E-02  pot  B   0.1000
       122  -1.758452  1707.719  0.64748  0.454E-04  0.111E-01  pot  B   0.1000
       123  -1.758466  1707.596  0.64761  0.652E-04  0.746E-02  pot  B   0.1000
       124  -1.758461  1707.577  0.64763  0.291E-04  0.975E-02  pot  B   0.1000
       125  -1.758469  1707.558  0.64766  0.352E-04  0.588E-02  pot  B   0.1000
       126  -1.758469  1707.559  0.64765  0.268E-04  0.671E-02  pot  B   0.1000
       127  -1.758470  1707.529  0.64769  0.230E-04  0.100E-01  pot  B   0.1000
       128  -1.758472  1707.504  0.64772  0.309E-04  0.638E-02  pot  B   0.1000
       129  -1.758475  1707.475  0.64775  0.248E-04  0.705E-02  pot  B   0.1000
       130  -1.758478  1707.443  0.64778  0.182E-04  0.609E-02  pot  B   0.1000
       131  -1.758472  1707.453  0.64778  0.177E-04  0.115E-01  pot  B   0.1000
       132  -1.758476  1707.435  0.64779  0.226E-04  0.764E-02  pot  B   0.1000
       133  -1.758480  1707.395  0.64784  0.218E-04  0.542E-02  pot  B   0.1000
       134  -1.758475  1707.420  0.64781  0.224E-04  0.831E-02  pot  B   0.1000
       135  -1.758482  1707.367  0.64787  0.287E-04  0.530E-02  pot  B   0.1000
       136  -1.758481  1707.328  0.64792  0.213E-04  0.602E-02  pot  B   0.1000
       137  -1.758483  1707.325  0.64792  0.246E-04  0.428E-02  pot  B   0.1000
       138  -1.758483  1707.332  0.64791  0.183E-04  0.563E-02  pot  B   0.1000
       139  -1.758484  1707.310  0.64794  0.160E-04  0.670E-02  pot  B   0.1000
       140  -1.758485  1707.281  0.64797  0.221E-04  0.508E-02  pot  B   0.1000
       141  -1.758486  1707.275  0.64798  0.167E-04  0.501E-02  pot  B   0.1000
       142  -1.758487  1707.263  0.64799  0.136E-04  0.370E-02  pot  B   0.1000
       143  -1.758486  1707.236  0.64802  0.148E-04  0.647E-02  pot  B   0.1000
       144  -1.758487  1707.242  0.64802  0.164E-04  0.566E-02  pot  B   0.1000
       145  -1.758489  1707.224  0.64804  0.122E-04  0.408E-02  pot  B   0.1000
       146  -1.758486  1707.229  0.64803  0.137E-04  0.577E-02  pot  B   0.1000
       147  -1.758490  1707.204  0.64806  0.136E-04  0.359E-02  pot  B   0.1000
       148  -1.758490  1707.169  0.64810  0.192E-04  0.450E-02  pot  B   0.1000
       149  -1.758490  1707.175  0.64810  0.157E-04  0.275E-02  pot  B   0.1000
       150  -1.758490  1707.165  0.64811  0.109E-04  0.396E-02  pot  B   0.1000
       151  -1.758490  1707.161  0.64812  0.978E-05  0.514E-02  pot  B   0.1000
       152  -1.758491  1707.139  0.64815  0.155E-04  0.325E-02  pot  B   0.1000
       153  -1.758492  1707.129  0.64815  0.115E-04  0.406E-02  pot  B   0.1000
       154  -1.758492  1707.132  0.64815  0.976E-05  0.336E-02  pot  B   0.1000
       155  -1.758492  1707.101  0.64819  0.170E-04  0.383E-02  pot  B   0.1000
       156  -1.758492  1707.106  0.64818  0.120E-04  0.393E-02  pot  B   0.1000
       157  -1.758493  1707.104  0.64819  0.959E-05  0.247E-02  pot  B   0.1000
       158  -1.758492  1707.085  0.64821  0.110E-04  0.437E-02  pot  B   0.1000
       159  -1.758493  1707.092  0.64820  0.935E-05  0.230E-02  pot  B   0.1000
       160  -1.758494  1707.065  0.64824  0.148E-04  0.267E-02  pot  B   0.1000
       161  -1.758494  1707.064  0.64824  0.997E-05  0.266E-02  pot  B   0.1000
       162  -1.758494  1707.057  0.64825  0.819E-05  0.314E-02  pot  B   0.1000
       163  -1.758494  1707.054  0.64825  0.669E-05  0.319E-02  pot  B   0.1000
       164  -1.758495  1707.035  0.64827  0.105E-04  0.241E-02  pot  B   0.1000
       165  -1.758495  1707.032  0.64828  0.860E-05  0.265E-02  pot  B   0.1000
       166  -1.758495  1707.042  0.64827  0.697E-05  0.260E-02  pot  B   0.1000
       167  -1.758495  1707.007  0.64831  0.191E-04  0.233E-02  pot  B   0.1000
       168  -1.758495  1707.008  0.64831  0.964E-05  0.276E-02  pot  B   0.1000
       169  -1.758495  1707.017  0.64830  0.800E-05  0.213E-02  pot  B   0.1000
       170  -1.758495  1706.993  0.64833  0.131E-04  0.319E-02  pot  B   0.1000
       171  -1.758495  1707.008  0.64831  0.813E-05  0.216E-02  pot  B   0.1000
       172  -1.758496  1706.987  0.64834  0.114E-04  0.244E-02  pot  B   0.1000
       173  -1.758496  1706.987  0.64834  0.690E-05  0.175E-02  pot  B   0.1000
       174  -1.758496  1706.977  0.64835  0.787E-05  0.215E-02  pot  B   0.1000
       175  -1.758496  1706.980  0.64835  0.535E-05  0.251E-02  pot  B   0.1000
       176  -1.758496  1706.968  0.64837  0.674E-05  0.133E-02  pot  B   0.1000
       177  -1.758496  1706.961  0.64837  0.557E-05  0.198E-02  pot  B   0.1000
       178  -1.758496  1706.972  0.64836  0.662E-05  0.217E-02  pot  B   0.1000
       179  -1.758497  1706.947  0.64839  0.143E-04  0.141E-02  pot  B   0.1000
       180  -1.758497  1706.943  0.64840  0.605E-05  0.173E-02  pot  B   0.1000
       181  -1.758497  1706.952  0.64839  0.646E-05  0.140E-02  pot  B   0.1000
       182  -1.758497  1706.929  0.64842  0.129E-04  0.191E-02  pot  B   0.1000
       183  -1.758497  1706.947  0.64839  0.103E-04  0.191E-02  pot  B   0.1000
       184  -1.758497  1706.934  0.64841  0.750E-05  0.161E-02  pot  B   0.1000
       185  -1.758497  1706.929  0.64842  0.490E-05  0.173E-02  pot  B   0.1000
       186  -1.758497  1706.924  0.64843  0.574E-05  0.154E-02  pot  B   0.1000
       187  -1.758497  1706.924  0.64843  0.443E-05  0.170E-02  pot  B   0.1000
       188  -1.758497  1706.917  0.64844  0.436E-05  0.114E-02  pot  B   0.1000
       189  -1.758497  1706.914  0.64844  0.354E-05  0.113E-02  pot  B   0.1000
       190  -1.758497  1706.924  0.64843  0.574E-05  0.176E-02  pot  B   0.1000
       191  -1.758497  1706.907  0.64845  0.961E-05  0.115E-02  pot  B   0.1000
       192  -1.758498  1706.901  0.64846  0.402E-05  0.109E-02  pot  B   0.1000
       193  -1.758497  1706.906  0.64845  0.415E-05  0.106E-02  pot  B   0.1000
       194  -1.758498  1706.892  0.64847  0.796E-05  0.118E-02  pot  B   0.1000
       195  -1.758497  1706.900  0.64846  0.427E-05  0.178E-02  pot  B   0.1000
       196  -1.758498  1706.895  0.64847  0.384E-05  0.141E-02  pot  B   0.1000
       197  -1.758498  1706.891  0.64847  0.347E-05  0.110E-02  pot  B   0.1000
       198  -1.758498  1706.885  0.64848  0.346E-05  0.971E-03  pot  B   0.1000
       199  -1.758498  1706.887  0.64848  0.375E-05  0.149E-02  pot  B   0.1000
       200  -1.758498  1706.884  0.64849  0.334E-05  0.747E-03  pot  B   0.1000
       201  -1.758498  1706.880  0.64849  0.288E-05  0.888E-03  pot  B   0.1000
       202  -1.758498  1706.887  0.64848  0.416E-05  0.162E-02  pot  B   0.1000
       203  -1.758498  1706.878  0.64849  0.558E-05  0.668E-03  pot  B   0.1000
       204  -1.758498  1706.874  0.64850  0.228E-05  0.570E-03  pot  B   0.1000
       205  -1.758498  1706.875  0.64850  0.273E-05  0.679E-03  pot  B   0.1000
       206  -1.758498  1706.868  0.64851  0.414E-05  0.624E-03  pot  B   0.1000
       207  -1.758498  1706.867  0.64851  0.265E-05  0.108E-02  pot  B   0.1000
       208  -1.758498  1706.870  0.64851  0.263E-05  0.940E-03  pot  B   0.1000
       209  -1.758498  1706.865  0.64851  0.286E-05  0.847E-03  pot  B   0.1000
       210  -1.758498  1706.861  0.64852  0.205E-05  0.662E-03  pot  B   0.1000
       211  -1.758498  1706.860  0.64852  0.271E-05  0.106E-02  pot  B   0.1000
       212  -1.758498  1706.859  0.64852  0.261E-05  0.744E-03  pot  B   0.1000
       213  -1.758498  1706.858  0.64853  0.239E-05  0.537E-03  pot  B   0.1000
       214  -1.758498  1706.861  0.64852  0.264E-05  0.151E-02  pot  B   0.1000
       215  -1.758498  1706.857  0.64853  0.235E-05  0.659E-03  pot  B   0.1000
       216  -1.758498  1706.854  0.64853  0.179E-05  0.531E-03  pot  B   0.1000
       217  -1.758498  1706.853  0.64853  0.166E-05  0.488E-03  pot  B   0.1000
       218  -1.758498  1706.851  0.64854  0.185E-05  0.401E-03  pot  B   0.1000
       219  -1.758498  1706.847  0.64854  0.211E-05  0.631E-03  pot  B   0.1000
       220  -1.758498  1706.851  0.64854  0.215E-05  0.737E-03  pot  B   0.1000
       221  -1.758498  1706.848  0.64854  0.149E-05  0.445E-03  pot  B   0.1000
       222  -1.758498  1706.845  0.64855  0.214E-05  0.373E-03  pot  B   0.1000
       223  -1.758498  1706.843  0.64855  0.179E-05  0.760E-03  pot  B   0.1000
       224  -1.758498  1706.844  0.64855  0.207E-05  0.503E-03  pot  B   0.1000
       225  -1.758498  1706.842  0.64855  0.202E-05  0.453E-03  pot  B   0.1000
       226  -1.758498  1706.839  0.64856  0.193E-05  0.118E-02  pot  B   0.1000
       227  -1.758498  1706.842  0.64855  0.215E-05  0.547E-03  pot  B   0.1000
       228  -1.758498  1706.841  0.64855  0.131E-05  0.389E-03  pot  B   0.1000
       229  -1.758498  1706.838  0.64856  0.129E-05  0.316E-03  pot  B   0.1000
       230  -1.758498  1706.838  0.64856  0.143E-05  0.222E-03  pot  B   0.1000
       231  -1.758498  1706.834  0.64856  0.206E-05  0.274E-03  pot  B   0.1000
       232  -1.758498  1706.837  0.64856  0.181E-05  0.485E-03  pot  B   0.1000
       233  -1.758498  1706.836  0.64856  0.103E-05  0.362E-03  pot  B   0.1000
       234  -1.758498  1706.834  0.64857  0.112E-05  0.211E-03  pot  B   0.1000
       235  -1.758498  1706.831  0.64857  0.148E-05  0.399E-03  pot  B   0.1000
       236  -1.758498  1706.832  0.64857  0.140E-05  0.411E-03  pot  B   0.1000
       237  -1.758498  1706.831  0.64857  0.145E-05  0.279E-03  pot  B   0.1000
       238  -1.758498  1706.825  0.64858  0.354E-05  0.622E-03  pot  B   0.1000
       239  -1.758498  1706.832  0.64857  0.399E-05  0.572E-03  pot  B   0.1000
       240  -1.758498  1706.830  0.64857  0.118E-05  0.406E-03  pot  B   0.1000
       241  -1.758498  1706.828  0.64858  0.175E-05  0.306E-03  pot  B   0.1000
       242  -1.758498  1706.828  0.64858  0.118E-05  0.199E-03  pot  B   0.1000
       243  -1.758498  1706.825  0.64858  0.181E-05  0.227E-03  pot  B   0.1000
       244  -1.758498  1706.827  0.64858  0.105E-05  0.471E-03  pot  B   0.1000
       245  -1.758498  1706.827  0.64858  0.962E-06  0.271E-03  pot  B   0.1000
       246  -1.758498  1706.825  0.64858  0.902E-06  0.168E-03  pot  B   0.1000
       247  -1.758498  1706.824  0.64858  0.110E-05  0.210E-03  pot  B   0.1000
       248  -1.758498  1706.824  0.64858  0.892E-06  0.251E-03  pot  B   0.1000
       249  -1.758498  1706.823  0.64858  0.981E-06  0.206E-03  pot  B   0.1000
       250  -1.758498  1706.819  0.64859  0.251E-05  0.276E-03  pot  B   0.1000
       251  -1.758498  1706.824  0.64858  0.287E-05  0.509E-03  pot  B   0.1000
       252  -1.758498  1706.823  0.64858  0.104E-05  0.367E-03  pot  B   0.1000
       253  -1.758498  1706.821  0.64859  0.156E-05  0.205E-03  pot  B   0.1000
       254  -1.758498  1706.821  0.64859  0.822E-06  0.198E-03  pot  B   0.1000
       255  -1.758498  1706.819  0.64859  0.115E-05  0.175E-03  pot  B   0.1000
       256  -1.758498  1706.819  0.64859  0.796E-06  0.336E-03  pot  B   0.1000
       257  -1.758498  1706.819  0.64859  0.891E-06  0.288E-03  pot  B   0.1000
       258  -1.758498  1706.819  0.64859  0.406E-06  0.155E-03  pot  B   0.1000
       259  -1.758498  1706.818  0.64859  0.684E-06  0.113E-03  pot  B   0.1000
       260  -1.758498  1706.818  0.64859  0.588E-06  0.176E-03  pot  B   0.1000
       261  -1.758498  1706.818  0.64859  0.558E-06  0.846E-04  pot  B   0.1000
       262  -1.758499  1706.816  0.64860  0.107E-05  0.145E-03  pot  B   0.1000
       263  -1.758498  1706.817  0.64860  0.740E-06  0.492E-03  pot  B   0.1000
       264  -1.758498  1706.817  0.64860  0.808E-06  0.304E-03  pot  B   0.1000
       265  -1.758499  1706.816  0.64860  0.645E-06  0.820E-04  pot  B   0.1000
       266  -1.758498  1706.816  0.64860  0.518E-06  0.142E-03  pot  B   0.1000
       267  -1.758499  1706.815  0.64860  0.743E-06  0.100E-03  pot  B   0.1000
       268  -1.758499  1706.814  0.64860  0.508E-06  0.228E-03  pot  B   0.1000
       269  -1.758499  1706.815  0.64860  0.691E-06  0.209E-03  pot  B   0.1000
       270  -1.758499  1706.815  0.64860  0.356E-06  0.121E-03  pot  B   0.1000
       271  -1.758499  1706.814  0.64860  0.443E-06  0.992E-04  pot  B   0.1000
       272  -1.758499  1706.814  0.64860  0.414E-06  0.101E-03  pot  B   0.1000
       273  -1.758499  1706.814  0.64860  0.395E-06  0.878E-04  pot  B   0.1000
       274  -1.758499  1706.813  0.64860  0.728E-06  0.973E-04  pot  B   0.1000
       275  -1.758499  1706.812  0.64861  0.784E-06  0.186E-03  pot  B   0.1000
       276  -1.758499  1706.813  0.64860  0.742E-06  0.270E-03  pot  B   0.1000
       277  -1.758499  1706.813  0.64860  0.480E-06  0.526E-04  pot  B   0.1000
       278  -1.758499  1706.813  0.64860  0.377E-06  0.107E-03  pot  B   0.1000
       279  -1.758499  1706.812  0.64860  0.526E-06  0.828E-04  pot  B   0.1000
       280  -1.758499  1706.811  0.64861  0.507E-06  0.901E-04  pot  B   0.1000
       281  -1.758499  1706.811  0.64861  0.437E-06  0.162E-03  pot  B   0.1000
       282  -1.758499  1706.812  0.64861  0.501E-06  0.128E-03  pot  B   0.1000
       283  -1.758499  1706.812  0.64861  0.450E-06  0.937E-04  pot  B   0.1000
       284  -1.758499  1706.811  0.64861  0.314E-06  0.941E-04  pot  B   0.1000
       285  -1.758499  1706.812  0.64861  0.312E-06  0.746E-04  pot  B   0.1000
       286  -1.758499  1706.811  0.64861  0.485E-06  0.676E-04  pot  B   0.1000
       287  -1.758499  1706.810  0.64861  0.583E-06  0.783E-04  pot  B   0.1000
       288  -1.758499  1706.810  0.64861  0.342E-06  0.161E-03  pot  B   0.1000
       289  -1.758499  1706.811  0.64861  0.654E-06  0.689E-04  pot  B   0.1000
       290  -1.758499  1706.811  0.64861  0.338E-06  0.702E-04  pot  B   0.1000
       291  -1.758499  1706.810  0.64861  0.274E-06  0.664E-04  pot  B   0.1000
       292  -1.758499  1706.810  0.64861  0.307E-06  0.632E-04  pot  B   0.1000
       293  -1.758499  1706.810  0.64861  0.178E-06  0.545E-04  pot  B   0.1000
       294  -1.758499  1706.810  0.64861  0.225E-06  0.891E-04  pot  B   0.1000
       295  -1.758499  1706.810  0.64861  0.315E-06  0.742E-04  pot  B   0.1000
       296  -1.758499  1706.810  0.64861  0.191E-06  0.557E-04  pot  B   0.1000
       297  -1.758499  1706.810  0.64861  0.236E-06  0.693E-04  pot  B   0.1000
       298  -1.758499  1706.809  0.64861  0.257E-06  0.494E-04  pot  B   0.1000
       299  -1.758499  1706.809  0.64861  0.320E-06  0.432E-04  pot  B   0.1000
       300  -1.758499  1706.809  0.64861  0.211E-06  0.832E-04  pot  B   0.1000
**     301  -1.758499  1706.809  0.64861  0.548E-12  0.832E-04  pot  B   0.1000
