System Description            : WNbMoTaV, BCC structure                         
Number of Atoms in Unit Cell  : 640                                             
Number of Atomic Species      : 5                                               
Number of Atoms in Each Type  : 128(W), 128(Nb), 128(Mo), 128(Ta), 128(V)       
Energy Offset                 : -16231                                          
=======================================================================================
    Iter     Energy      3PV     Efermi   Rms_rho    Rms_pot   Mix  Alg  Alpha 
---------------------------------------------------------------------------------------
**       1  -0.859286  1839.065  0.58695  0.140E+01  0.217E+00  pot  B   0.1000
         2  -0.704074  1817.022  0.60233  0.806E-02  0.172E+01  pot  B   0.1000
         3  -1.109919  1814.938  0.59912  0.421E-02  0.962E+00  pot  B   0.1000
         4  -1.146365  1810.445  0.60331  0.346E-02  0.983E+00  pot  B   0.1000
         5  -1.213721  1802.638  0.60920  0.361E-02  0.943E+00  pot  B   0.1000
         6  -1.401837  1792.813  0.61527  0.372E-02  0.440E+00  pot  B   0.1000
         7  -1.458930  1778.173  0.61942  0.505E-02  0.820E+00  pot  B   0.1000
         8  -1.556578  1767.769  0.62307  0.366E-02  0.676E+00  pot  B   0.1000
         9  -1.623804  1751.193  0.62785  0.569E-02  0.602E+00  pot  B   0.1000
        10  -1.673102  1740.374  0.63119  0.378E-02  0.430E+00  pot  B   0.1000
        11  -1.684864  1736.911  0.63274  0.238E-02  0.478E+00  pot  B   0.1000
        12  -1.713031  1732.168  0.63474  0.201E-02  0.159E+00  pot  B   0.1000
        13  -1.723638  1728.474  0.63643  0.155E-02  0.142E+00  pot  B   0.1000
        14  -1.729671  1724.952  0.63728  0.160E-02  0.129E+00  pot  B   0.1000
        15  -1.737358  1723.259  0.63800  0.116E-02  0.948E-01  pot  B   0.1000
        16  -1.727806  1719.270  0.63934  0.181E-02  0.316E+00  pot  B   0.1000
        17  -1.746030  1716.030  0.63944  0.169E-02  0.169E+00  pot  B   0.1000
        18  -1.752502  1710.735  0.64107  0.253E-02  0.840E-01  pot  B   0.1000
        19  -1.753381  1708.983  0.64243  0.119E-02  0.111E+00  pot  B   0.1000
        20  -1.755472  1706.477  0.64373  0.141E-02  0.879E-01  pot  B   0.1000
        21  -1.756789  1705.747  0.64390  0.424E-03  0.450E-01  pot  B   0.1000
        22  -1.756932  1706.024  0.64396  0.321E-03  0.555E-01  pot  B   0.1000
        23  -1.757025  1706.290  0.64394  0.344E-03  0.750E-01  pot  B   0.1000
        24  -1.757130  1706.443  0.64398  0.261E-03  0.703E-01  pot  B   0.1000
        25  -1.757759  1705.869  0.64443  0.384E-03  0.212E-01  pot  B   0.1000
        26  -1.757915  1705.720  0.64497  0.330E-03  0.318E-01  pot  B   0.1000
        27  -1.758086  1705.693  0.64533  0.193E-03  0.217E-01  pot  B   0.1000
        28  -1.758142  1705.669  0.64591  0.245E-03  0.280E-01  pot  B   0.1000
        29  -1.758266  1705.522  0.64624  0.167E-03  0.141E-01  pot  B   0.1000
        30  -1.758272  1705.756  0.64640  0.124E-03  0.250E-01  pot  B   0.1000
        31  -1.758356  1705.730  0.64667  0.125E-03  0.905E-02  pot  B   0.1000
        32  -1.758311  1705.853  0.64677  0.159E-03  0.264E-01  pot  B   0.1000
        33  -1.758372  1705.895  0.64697  0.911E-04  0.149E-01  pot  B   0.1000
        34  -1.758414  1705.895  0.64726  0.854E-04  0.880E-02  pot  B   0.1000
        35  -1.758438  1705.968  0.64760  0.682E-04  0.748E-02  pot  B   0.1000
        36  -1.758464  1706.117  0.64808  0.819E-04  0.102E-01  pot  B   0.1000
        37  -1.758487  1706.200  0.64835  0.717E-04  0.902E-02  pot  B   0.1000
        38  -1.758502  1706.268  0.64856  0.499E-04  0.985E-02  pot  B   0.1000
        39  -1.758516  1706.330  0.64877  0.387E-04  0.755E-02  pot  B   0.1000
        40  -1.758523  1706.358  0.64882  0.431E-04  0.492E-02  pot  B   0.1000
        41  -1.758523  1706.394  0.64891  0.420E-04  0.825E-02  pot  B   0.1000
        42  -1.758539  1706.422  0.64901  0.360E-04  0.244E-02  pot  B   0.1000
        43  -1.758549  1706.494  0.64917  0.406E-04  0.259E-02  pot  B   0.1000
        44  -1.758552  1706.527  0.64917  0.366E-04  0.406E-02  pot  B   0.1000
        45  -1.758554  1706.553  0.64920  0.208E-04  0.370E-02  pot  B   0.1000
        46  -1.758556  1706.556  0.64924  0.258E-04  0.277E-02  pot  B   0.1000
        47  -1.758559  1706.581  0.64926  0.168E-04  0.169E-02  pot  B   0.1000
        48  -1.758560  1706.598  0.64924  0.173E-04  0.189E-02  pot  B   0.1000
        49  -1.758561  1706.617  0.64924  0.132E-04  0.207E-02  pot  B   0.1000
        50  -1.758562  1706.636  0.64924  0.119E-04  0.174E-02  pot  B   0.1000
        51  -1.758562  1706.655  0.64921  0.142E-04  0.179E-02  pot  B   0.1000
        52  -1.758563  1706.677  0.64918  0.166E-04  0.196E-02  pot  B   0.1000
        53  -1.758562  1706.718  0.64911  0.310E-04  0.227E-02  pot  B   0.1000
        54  -1.758563  1706.714  0.64917  0.107E-04  0.110E-02  pot  B   0.1000
        55  -1.758563  1706.745  0.64911  0.216E-04  0.906E-03  pot  B   0.1000
        56  -1.758563  1706.761  0.64909  0.109E-04  0.102E-02  pot  B   0.1000
        57  -1.758562  1706.788  0.64903  0.178E-04  0.103E-02  pot  B   0.1000
        58  -1.758562  1706.781  0.64905  0.106E-04  0.103E-02  pot  B   0.1000
        59  -1.758562  1706.796  0.64902  0.980E-05  0.710E-03  pot  B   0.1000
        60  -1.758562  1706.811  0.64899  0.997E-05  0.849E-03  pot  B   0.1000
        61  -1.758562  1706.817  0.64897  0.515E-05  0.811E-03  pot  B   0.1000
        62  -1.758562  1706.822  0.64896  0.416E-05  0.726E-03  pot  B   0.1000
        63  -1.758562  1706.828  0.64895  0.376E-05  0.533E-03  pot  B   0.1000
        64  -1.758562  1706.829  0.64894  0.266E-05  0.503E-03  pot  B   0.1000
        65  -1.758561  1706.834  0.64893  0.375E-05  0.393E-03  pot  B   0.1000
        66  -1.758561  1706.833  0.64892  0.221E-05  0.251E-03  pot  B   0.1000
        67  -1.758561  1706.836  0.64891  0.351E-05  0.312E-03  pot  B   0.1000
        68  -1.758561  1706.836  0.64891  0.229E-05  0.318E-03  pot  B   0.1000
        69  -1.758561  1706.835  0.64890  0.333E-05  0.270E-03  pot  B   0.1000
        70  -1.758561  1706.835  0.64889  0.251E-05  0.308E-03  pot  B   0.1000
        71  -1.758561  1706.835  0.64889  0.142E-05  0.261E-03  pot  B   0.1000
        72  -1.758561  1706.833  0.64888  0.195E-05  0.273E-03  pot  B   0.1000
        73  -1.758561  1706.831  0.64888  0.165E-05  0.194E-03  pot  B   0.1000
        74  -1.758561  1706.831  0.64888  0.120E-05  0.220E-03  pot  B   0.1000
        75  -1.758561  1706.830  0.64888  0.130E-05  0.200E-03  pot  B   0.1000
        76  -1.758561  1706.827  0.64887  0.157E-05  0.170E-03  pot  B   0.1000
        77  -1.758561  1706.825  0.64887  0.160E-05  0.182E-03  pot  B   0.1000
        78  -1.758561  1706.824  0.64887  0.108E-05  0.137E-03  pot  B   0.1000
        79  -1.758561  1706.821  0.64887  0.145E-05  0.135E-03  pot  B   0.1000
        80  -1.758561  1706.820  0.64887  0.106E-05  0.141E-03  pot  B   0.1000
        81  -1.758561  1706.817  0.64887  0.120E-05  0.170E-03  pot  B   0.1000
        82  -1.758561  1706.816  0.64887  0.863E-06  0.741E-04  pot  B   0.1000
        83  -1.758561  1706.815  0.64887  0.534E-06  0.721E-04  pot  B   0.1000
        84  -1.758561  1706.813  0.64887  0.837E-06  0.107E-03  pot  B   0.1000
        85  -1.758561  1706.812  0.64887  0.508E-06  0.685E-04  pot  B   0.1000
        86  -1.758561  1706.812  0.64887  0.392E-06  0.848E-04  pot  B   0.1000
        87  -1.758561  1706.811  0.64887  0.535E-06  0.887E-04  pot  B   0.1000
        88  -1.758561  1706.810  0.64887  0.545E-06  0.685E-04  pot  B   0.1000
        89  -1.758561  1706.809  0.64887  0.459E-06  0.576E-04  pot  B   0.1000
        90  -1.758561  1706.809  0.64887  0.384E-06  0.534E-04  pot  B   0.1000
        91  -1.758561  1706.808  0.64887  0.380E-06  0.494E-04  pot  B   0.1000
        92  -1.758561  1706.808  0.64887  0.347E-06  0.392E-04  pot  B   0.1000
        93  -1.758561  1706.807  0.64887  0.433E-06  0.402E-04  pot  B   0.1000
        94  -1.758561  1706.807  0.64887  0.296E-06  0.352E-04  pot  B   0.1000
        95  -1.758561  1706.807  0.64887  0.336E-06  0.346E-04  pot  B   0.1000
        96  -1.758561  1706.806  0.64887  0.390E-06  0.484E-04  pot  B   0.1000
        97  -1.758561  1706.806  0.64887  0.359E-06  0.314E-04  pot  B   0.1000
        98  -1.758561  1706.806  0.64887  0.199E-06  0.294E-04  pot  B   0.1000
        99  -1.758561  1706.806  0.64887  0.205E-06  0.293E-04  pot  B   0.1000
       100  -1.758561  1706.806  0.64887  0.265E-06  0.220E-04  pot  B   0.1000
       101  -1.758561  1706.806  0.64888  0.223E-06  0.233E-04  pot  B   0.1000
       102  -1.758561  1706.806  0.64888  0.175E-06  0.174E-04  pot  B   0.1000
       103  -1.758561  1706.806  0.64888  0.186E-06  0.176E-04  pot  B   0.1000
       104  -1.758561  1706.806  0.64888  0.211E-06  0.257E-04  pot  B   0.1000
       105  -1.758561  1706.806  0.64888  0.147E-06  0.222E-04  pot  B   0.1000
       106  -1.758561  1706.806  0.64888  0.167E-06  0.129E-04  pot  B   0.1000
       107  -1.758561  1706.806  0.64888  0.117E-06  0.163E-04  pot  B   0.1000
       108  -1.758561  1706.806  0.64888  0.158E-06  0.164E-04  pot  B   0.1000
       109  -1.758561  1706.806  0.64888  0.109E-06  0.117E-04  pot  B   0.1000
       110  -1.758561  1706.806  0.64888  0.537E-07  0.108E-04  pot  B   0.1000
       111  -1.758561  1706.806  0.64888  0.636E-07  0.164E-04  pot  B   0.1000
       112  -1.758561  1706.806  0.64888  0.919E-07  0.963E-05  pot  B   0.1000
       113  -1.758561  1706.806  0.64888  0.769E-07  0.111E-04  pot  B   0.1000
       114  -1.758561  1706.806  0.64888  0.487E-07  0.797E-05  pot  B   0.1000
       115  -1.758561  1706.806  0.64888  0.614E-07  0.598E-05  pot  B   0.1000
       116  -1.758561  1706.806  0.64888  0.714E-07  0.905E-05  pot  B   0.1000
       117  -1.758561  1706.806  0.64888  0.461E-07  0.896E-05  pot  B   0.1000
       118  -1.758561  1706.807  0.64888  0.500E-07  0.554E-05  pot  B   0.1000
       119  -1.758561  1706.807  0.64888  0.510E-07  0.454E-05  pot  B   0.1000
       120  -1.758561  1706.807  0.64888  0.553E-07  0.637E-05  pot  B   0.1000
       121  -1.758561  1706.807  0.64888  0.613E-07  0.572E-05  pot  B   0.1000
       122  -1.758561  1706.807  0.64888  0.265E-07  0.519E-05  pot  B   0.1000
       123  -1.758561  1706.807  0.64888  0.269E-07  0.661E-05  pot  B   0.1000
       124  -1.758561  1706.807  0.64888  0.542E-07  0.398E-05  pot  B   0.1000
       125  -1.758561  1706.807  0.64888  0.278E-07  0.360E-05  pot  B   0.1000
       126  -1.758561  1706.807  0.64888  0.358E-07  0.372E-05  pot  B   0.1000
       127  -1.758561  1706.807  0.64888  0.366E-07  0.285E-05  pot  B   0.1000
       128  -1.758561  1706.807  0.64888  0.336E-07  0.395E-05  pot  B   0.1000
       129  -1.758561  1706.807  0.64888  0.425E-07  0.449E-05  pot  B   0.1000
       130  -1.758561  1706.807  0.64888  0.200E-07  0.265E-05  pot  B   0.1000
       131  -1.758561  1706.807  0.64888  0.409E-07  0.210E-05  pot  B   0.1000
       132  -1.758561  1706.807  0.64888  0.365E-07  0.326E-05  pot  B   0.1000
       133  -1.758561  1706.807  0.64888  0.222E-07  0.204E-05  pot  B   0.1000
       134  -1.758561  1706.807  0.64888  0.155E-07  0.182E-05  pot  B   0.1000
       135  -1.758561  1706.807  0.64888  0.138E-07  0.272E-05  pot  B   0.1000
       136  -1.758561  1706.807  0.64888  0.245E-07  0.226E-05  pot  B   0.1000
       137  -1.758561  1706.807  0.64888  0.162E-07  0.189E-05  pot  B   0.1000
       138  -1.758561  1706.807  0.64888  0.162E-07  0.180E-05  pot  B   0.1000
       139  -1.758561  1706.807  0.64888  0.155E-07  0.157E-05  pot  B   0.1000
       140  -1.758561  1706.807  0.64888  0.173E-07  0.166E-05  pot  B   0.1000
       141  -1.758561  1706.807  0.64888  0.143E-07  0.228E-05  pot  B   0.1000
       142  -1.758561  1706.807  0.64888  0.104E-07  0.131E-05  pot  B   0.1000
       143  -1.758561  1706.807  0.64888  0.127E-07  0.847E-06  pot  B   0.1000
       144  -1.758561  1706.807  0.64888  0.785E-08  0.837E-06  pot  B   0.1000
       145  -1.758561  1706.807  0.64888  0.108E-07  0.991E-06  pot  B   0.1000
       146  -1.758561  1706.807  0.64888  0.663E-08  0.980E-06  pot  B   0.1000
       147  -1.758561  1706.807  0.64888  0.525E-08  0.138E-05  pot  B   0.1000
       148  -1.758561  1706.807  0.64888  0.836E-08  0.843E-06  pot  B   0.1000
       149  -1.758561  1706.807  0.64888  0.633E-08  0.774E-06  pot  B   0.1000
       150  -1.758561  1706.807  0.64888  0.561E-08  0.818E-06  pot  B   0.1000
       151  -1.758561  1706.807  0.64888  0.532E-08  0.540E-06  pot  B   0.1000
       152  -1.758561  1706.807  0.64888  0.659E-08  0.747E-06  pot  B   0.1000
       153  -1.758561  1706.807  0.64888  0.350E-08  0.105E-05  pot  B   0.1000
       154  -1.758561  1706.807  0.64888  0.387E-08  0.595E-06  pot  B   0.1000
       155  -1.758561  1706.807  0.64888  0.639E-08  0.412E-06  pot  B   0.1000
       156  -1.758561  1706.807  0.64888  0.362E-08  0.423E-06  pot  B   0.1000
       157  -1.758561  1706.807  0.64888  0.649E-08  0.413E-06  pot  B   0.1000
       158  -1.758561  1706.807  0.64888  0.448E-08  0.426E-06  pot  B   0.1000
       159  -1.758561  1706.807  0.64888  0.198E-08  0.668E-06  pot  B   0.1000
       160  -1.758561  1706.807  0.64888  0.526E-08  0.322E-06  pot  B   0.1000
       161  -1.758561  1706.807  0.64888  0.356E-08  0.387E-06  pot  B   0.1000
       162  -1.758561  1706.807  0.64888  0.408E-08  0.318E-06  pot  B   0.1000
       163  -1.758561  1706.807  0.64888  0.329E-08  0.281E-06  pot  B   0.1000
       164  -1.758561  1706.807  0.64888  0.477E-08  0.437E-06  pot  B   0.1000
       165  -1.758561  1706.807  0.64888  0.181E-08  0.548E-06  pot  B   0.1000
       166  -1.758561  1706.807  0.64888  0.322E-08  0.337E-06  pot  B   0.1000
       167  -1.758561  1706.807  0.64888  0.345E-08  0.206E-06  pot  B   0.1000
       168  -1.758561  1706.807  0.64888  0.215E-08  0.236E-06  pot  B   0.1000
       169  -1.758561  1706.807  0.64888  0.360E-08  0.169E-06  pot  B   0.1000
       170  -1.758561  1706.807  0.64888  0.219E-08  0.217E-06  pot  B   0.1000
       171  -1.758561  1706.807  0.64888  0.122E-08  0.284E-06  pot  B   0.1000
       172  -1.758561  1706.807  0.64888  0.232E-08  0.162E-06  pot  B   0.1000
       173  -1.758561  1706.807  0.64888  0.128E-08  0.179E-06  pot  B   0.1000
       174  -1.758561  1706.807  0.64888  0.224E-08  0.188E-06  pot  B   0.1000
       175  -1.758561  1706.807  0.64888  0.114E-08  0.141E-06  pot  B   0.1000
       176  -1.758561  1706.807  0.64888  0.116E-08  0.160E-06  pot  B   0.1000
       177  -1.758561  1706.807  0.64888  0.884E-09  0.204E-06  pot  B   0.1000
       178  -1.758561  1706.807  0.64888  0.678E-09  0.142E-06  pot  B   0.1000
       179  -1.758561  1706.807  0.64888  0.965E-09  0.908E-07  pot  B   0.1000
       180  -1.758561  1706.807  0.64888  0.868E-09  0.108E-06  pot  B   0.1000
       181  -1.758561  1706.807  0.64888  0.757E-09  0.776E-07  pot  B   0.1000
       182  -1.758561  1706.807  0.64888  0.626E-09  0.975E-07  pot  B   0.1000
       183  -1.758561  1706.807  0.64888  0.483E-09  0.123E-06  pot  B   0.1000
       184  -1.758561  1706.807  0.64888  0.587E-09  0.766E-07  pot  B   0.1000
       185  -1.758561  1706.807  0.64888  0.561E-09  0.847E-07  pot  B   0.1000
       186  -1.758561  1706.807  0.64888  0.683E-09  0.620E-07  pot  B   0.1000
       187  -1.758561  1706.807  0.64888  0.473E-09  0.531E-07  pot  B   0.1000
       188  -1.758561  1706.807  0.64888  0.440E-09  0.778E-07  pot  B   0.1000
       189  -1.758561  1706.807  0.64888  0.660E-09  0.836E-07  pot  B   0.1000
       190  -1.758561  1706.807  0.64888  0.378E-09  0.793E-07  pot  B   0.1000
       191  -1.758561  1706.807  0.64888  0.521E-09  0.391E-07  pot  B   0.1000
       192  -1.758561  1706.807  0.64888  0.716E-09  0.541E-07  pot  B   0.1000
       193  -1.758561  1706.807  0.64888  0.402E-09  0.339E-07  pot  B   0.1000
       194  -1.758561  1706.807  0.64888  0.637E-09  0.407E-07  pot  B   0.1000
       195  -1.758561  1706.807  0.64888  0.313E-09  0.543E-07  pot  B   0.1000
       196  -1.758561  1706.807  0.64888  0.427E-09  0.320E-07  pot  B   0.1000
       197  -1.758561  1706.807  0.64888  0.386E-09  0.407E-07  pot  B   0.1000
       198  -1.758561  1706.807  0.64888  0.443E-09  0.422E-07  pot  B   0.1000
       199  -1.758561  1706.807  0.64888  0.437E-09  0.309E-07  pot  B   0.1000
       200  -1.758561  1706.807  0.64888  0.335E-09  0.420E-07  pot  B   0.1000
**     201  -1.758561  1706.807  0.64888  0.491E-12  0.420E-07  pot  B   0.1000
