System Description            : WNbMoTaV, BCC structure                         
Number of Atoms in Unit Cell  : 640                                             
Number of Atomic Species      : 5                                               
Number of Atoms in Each Type  : 128(W), 128(Nb), 128(Mo), 128(Ta), 128(V)       
Energy Offset                 : -16231                                          
=======================================================================================
    Iter     Energy      3PV     Efermi   Rms_rho    Rms_pot   Mix  Alg  Alpha 
---------------------------------------------------------------------------------------
**       1  -0.860360  1839.074  0.58638  0.140E+01  0.210E+00  pot  B   0.1000
         2  -0.938269  1816.789  0.59831  0.791E-02  0.133E+01  pot  B   0.1000
         3  -1.124017  1814.607  0.59936  0.375E-02  0.889E+00  pot  B   0.1000
         4  -1.180610  1806.875  0.60619  0.463E-02  0.111E+01  pot  B   0.1000
         5  -1.309408  1797.898  0.61223  0.430E-02  0.656E+00  pot  B   0.1000
         6  -1.415173  1791.021  0.61560  0.345E-02  0.569E+00  pot  B   0.1000
         7  -1.530536  1772.144  0.62177  0.643E-02  0.707E+00  pot  B   0.1000
         8  -1.556371  1757.702  0.62587  0.495E-02  0.727E+00  pot  B   0.1000
         9  -1.646788  1748.438  0.62818  0.321E-02  0.501E+00  pot  B   0.1000
        10  -1.680394  1739.491  0.63130  0.319E-02  0.378E+00  pot  B   0.1000
        11  -1.692338  1735.647  0.63325  0.160E-02  0.344E+00  pot  B   0.1000
        12  -1.712961  1731.587  0.63490  0.161E-02  0.213E+00  pot  B   0.1000
        13  -1.723234  1728.537  0.63628  0.181E-02  0.144E+00  pot  B   0.1000
        14  -1.730762  1725.922  0.63695  0.136E-02  0.107E+00  pot  B   0.1000
        15  -1.737660  1721.838  0.63802  0.182E-02  0.141E+00  pot  B   0.1000
        16  -1.742314  1716.491  0.63909  0.250E-02  0.170E+00  pot  B   0.1000
        17  -1.745167  1714.679  0.64009  0.980E-03  0.160E+00  pot  B   0.1000
        18  -1.750637  1710.251  0.64166  0.216E-02  0.130E+00  pot  B   0.1000
        19  -1.754710  1707.139  0.64283  0.175E-02  0.794E-01  pot  B   0.1000
        20  -1.755719  1707.022  0.64293  0.470E-03  0.513E-01  pot  B   0.1000
        21  -1.755724  1706.126  0.64346  0.582E-03  0.756E-01  pot  B   0.1000
        22  -1.757078  1705.939  0.64372  0.326E-03  0.319E-01  pot  B   0.1000
        23  -1.757335  1705.828  0.64397  0.457E-03  0.457E-01  pot  B   0.1000
        24  -1.757599  1705.609  0.64431  0.247E-03  0.349E-01  pot  B   0.1000
        25  -1.757843  1705.617  0.64457  0.226E-03  0.371E-01  pot  B   0.1000
        26  -1.758032  1705.158  0.64501  0.355E-03  0.280E-01  pot  B   0.1000
        27  -1.758274  1705.198  0.64551  0.285E-03  0.145E-01  pot  B   0.1000
        28  -1.758349  1705.132  0.64584  0.163E-03  0.194E-01  pot  B   0.1000
        29  -1.758403  1705.191  0.64603  0.976E-04  0.143E-01  pot  B   0.1000
        30  -1.758460  1705.281  0.64626  0.102E-03  0.109E-01  pot  B   0.1000
        31  -1.758505  1705.425  0.64659  0.158E-03  0.189E-01  pot  B   0.1000
        32  -1.758522  1705.426  0.64688  0.120E-03  0.116E-01  pot  B   0.1000
        33  -1.758550  1705.556  0.64706  0.724E-04  0.121E-01  pot  B   0.1000
        34  -1.758597  1705.668  0.64750  0.927E-04  0.792E-02  pot  B   0.1000
        35  -1.758616  1705.839  0.64790  0.823E-04  0.145E-01  pot  B   0.1000
        36  -1.758644  1705.885  0.64812  0.795E-04  0.104E-01  pot  B   0.1000
        37  -1.758671  1705.985  0.64841  0.497E-04  0.772E-02  pot  B   0.1000
        38  -1.758687  1706.053  0.64855  0.597E-04  0.629E-02  pot  B   0.1000
        39  -1.758706  1706.139  0.64874  0.539E-04  0.489E-02  pot  B   0.1000
        40  -1.758718  1706.204  0.64887  0.561E-04  0.506E-02  pot  B   0.1000
        41  -1.758725  1706.264  0.64897  0.413E-04  0.643E-02  pot  B   0.1000
        42  -1.758733  1706.312  0.64905  0.376E-04  0.474E-02  pot  B   0.1000
        43  -1.758745  1706.402  0.64919  0.467E-04  0.420E-02  pot  B   0.1000
        44  -1.758751  1706.442  0.64921  0.302E-04  0.329E-02  pot  B   0.1000
        45  -1.758751  1706.468  0.64924  0.290E-04  0.420E-02  pot  B   0.1000
        46  -1.758756  1706.489  0.64922  0.184E-04  0.257E-02  pot  B   0.1000
        47  -1.758758  1706.527  0.64925  0.213E-04  0.276E-02  pot  B   0.1000
        48  -1.758760  1706.545  0.64922  0.148E-04  0.189E-02  pot  B   0.1000
        49  -1.758761  1706.571  0.64920  0.184E-04  0.221E-02  pot  B   0.1000
        50  -1.758762  1706.598  0.64919  0.163E-04  0.268E-02  pot  B   0.1000
        51  -1.758763  1706.642  0.64914  0.308E-04  0.173E-02  pot  B   0.1000
        52  -1.758764  1706.682  0.64911  0.254E-04  0.256E-02  pot  B   0.1000
        53  -1.758764  1706.714  0.64907  0.224E-04  0.165E-02  pot  B   0.1000
        54  -1.758764  1706.730  0.64905  0.972E-05  0.185E-02  pot  B   0.1000
        55  -1.758764  1706.758  0.64900  0.195E-04  0.118E-02  pot  B   0.1000
        56  -1.758764  1706.783  0.64895  0.162E-04  0.106E-02  pot  B   0.1000
        57  -1.758764  1706.796  0.64891  0.104E-04  0.145E-02  pot  B   0.1000
        58  -1.758763  1706.809  0.64889  0.826E-05  0.125E-02  pot  B   0.1000
        59  -1.758763  1706.821  0.64886  0.891E-05  0.175E-02  pot  B   0.1000
        60  -1.758763  1706.835  0.64883  0.105E-04  0.101E-02  pot  B   0.1000
        61  -1.758763  1706.848  0.64880  0.852E-05  0.112E-02  pot  B   0.1000
        62  -1.758763  1706.853  0.64878  0.500E-05  0.842E-03  pot  B   0.1000
        63  -1.758762  1706.858  0.64876  0.555E-05  0.527E-03  pot  B   0.1000
        64  -1.758762  1706.860  0.64874  0.447E-05  0.547E-03  pot  B   0.1000
        65  -1.758762  1706.861  0.64873  0.520E-05  0.465E-03  pot  B   0.1000
        66  -1.758762  1706.861  0.64872  0.247E-05  0.602E-03  pot  B   0.1000
        67  -1.758762  1706.861  0.64870  0.383E-05  0.399E-03  pot  B   0.1000
        68  -1.758762  1706.859  0.64869  0.325E-05  0.376E-03  pot  B   0.1000
        69  -1.758762  1706.857  0.64868  0.326E-05  0.410E-03  pot  B   0.1000
        70  -1.758762  1706.856  0.64867  0.229E-05  0.413E-03  pot  B   0.1000
        71  -1.758762  1706.855  0.64866  0.244E-05  0.509E-03  pot  B   0.1000
        72  -1.758762  1706.852  0.64866  0.291E-05  0.299E-03  pot  B   0.1000
        73  -1.758762  1706.849  0.64866  0.187E-05  0.279E-03  pot  B   0.1000
        74  -1.758762  1706.846  0.64865  0.187E-05  0.278E-03  pot  B   0.1000
        75  -1.758762  1706.841  0.64865  0.257E-05  0.254E-03  pot  B   0.1000
        76  -1.758762  1706.837  0.64864  0.259E-05  0.234E-03  pot  B   0.1000
        77  -1.758762  1706.832  0.64864  0.304E-05  0.240E-03  pot  B   0.1000
        78  -1.758762  1706.830  0.64864  0.144E-05  0.250E-03  pot  B   0.1000
        79  -1.758762  1706.826  0.64864  0.206E-05  0.162E-03  pot  B   0.1000
        80  -1.758762  1706.822  0.64864  0.163E-05  0.144E-03  pot  B   0.1000
        81  -1.758762  1706.820  0.64864  0.131E-05  0.121E-03  pot  B   0.1000
        82  -1.758762  1706.818  0.64864  0.871E-06  0.144E-03  pot  B   0.1000
        83  -1.758762  1706.816  0.64864  0.108E-05  0.138E-03  pot  B   0.1000
        84  -1.758762  1706.815  0.64864  0.982E-06  0.226E-03  pot  B   0.1000
        85  -1.758762  1706.813  0.64864  0.104E-05  0.146E-03  pot  B   0.1000
        86  -1.758762  1706.811  0.64864  0.979E-06  0.919E-04  pot  B   0.1000
        87  -1.758762  1706.809  0.64864  0.101E-05  0.100E-03  pot  B   0.1000
        88  -1.758762  1706.808  0.64865  0.870E-06  0.765E-04  pot  B   0.1000
        89  -1.758762  1706.807  0.64865  0.729E-06  0.796E-04  pot  B   0.1000
        90  -1.758762  1706.807  0.64865  0.492E-06  0.755E-04  pot  B   0.1000
        91  -1.758762  1706.806  0.64865  0.629E-06  0.512E-04  pot  B   0.1000
        92  -1.758762  1706.805  0.64865  0.646E-06  0.621E-04  pot  B   0.1000
        93  -1.758762  1706.804  0.64865  0.721E-06  0.639E-04  pot  B   0.1000
        94  -1.758762  1706.804  0.64865  0.549E-06  0.753E-04  pot  B   0.1000
        95  -1.758762  1706.804  0.64866  0.582E-06  0.608E-04  pot  B   0.1000
        96  -1.758762  1706.803  0.64866  0.350E-06  0.960E-04  pot  B   0.1000
        97  -1.758762  1706.803  0.64866  0.374E-06  0.436E-04  pot  B   0.1000
        98  -1.758762  1706.803  0.64866  0.446E-06  0.330E-04  pot  B   0.1000
        99  -1.758762  1706.803  0.64866  0.347E-06  0.342E-04  pot  B   0.1000
       100  -1.758762  1706.803  0.64866  0.382E-06  0.283E-04  pot  B   0.1000
       101  -1.758762  1706.803  0.64866  0.301E-06  0.324E-04  pot  B   0.1000
       102  -1.758762  1706.803  0.64866  0.294E-06  0.416E-04  pot  B   0.1000
       103  -1.758762  1706.803  0.64866  0.299E-06  0.260E-04  pot  B   0.1000
       104  -1.758762  1706.803  0.64866  0.271E-06  0.213E-04  pot  B   0.1000
       105  -1.758762  1706.804  0.64866  0.215E-06  0.216E-04  pot  B   0.1000
       106  -1.758762  1706.804  0.64866  0.177E-06  0.252E-04  pot  B   0.1000
       107  -1.758762  1706.804  0.64866  0.129E-06  0.204E-04  pot  B   0.1000
       108  -1.758762  1706.804  0.64866  0.106E-06  0.274E-04  pot  B   0.1000
       109  -1.758762  1706.804  0.64867  0.125E-06  0.191E-04  pot  B   0.1000
       110  -1.758762  1706.804  0.64867  0.159E-06  0.198E-04  pot  B   0.1000
       111  -1.758762  1706.805  0.64867  0.140E-06  0.191E-04  pot  B   0.1000
       112  -1.758762  1706.805  0.64867  0.156E-06  0.167E-04  pot  B   0.1000
       113  -1.758762  1706.805  0.64867  0.110E-06  0.122E-04  pot  B   0.1000
       114  -1.758762  1706.805  0.64867  0.878E-07  0.137E-04  pot  B   0.1000
       115  -1.758762  1706.805  0.64867  0.101E-06  0.859E-05  pot  B   0.1000
       116  -1.758762  1706.805  0.64867  0.854E-07  0.971E-05  pot  B   0.1000
       117  -1.758762  1706.805  0.64867  0.952E-07  0.889E-05  pot  B   0.1000
       118  -1.758762  1706.806  0.64867  0.111E-06  0.130E-04  pot  B   0.1000
       119  -1.758762  1706.806  0.64867  0.758E-07  0.125E-04  pot  B   0.1000
       120  -1.758762  1706.806  0.64867  0.589E-07  0.125E-04  pot  B   0.1000
       121  -1.758762  1706.806  0.64867  0.799E-07  0.957E-05  pot  B   0.1000
       122  -1.758762  1706.806  0.64867  0.956E-07  0.104E-04  pot  B   0.1000
       123  -1.758762  1706.806  0.64867  0.798E-07  0.693E-05  pot  B   0.1000
       124  -1.758762  1706.806  0.64867  0.759E-07  0.672E-05  pot  B   0.1000
       125  -1.758762  1706.806  0.64867  0.504E-07  0.534E-05  pot  B   0.1000
       126  -1.758762  1706.806  0.64867  0.547E-07  0.677E-05  pot  B   0.1000
       127  -1.758762  1706.806  0.64867  0.616E-07  0.388E-05  pot  B   0.1000
       128  -1.758762  1706.806  0.64867  0.645E-07  0.522E-05  pot  B   0.1000
       129  -1.758762  1706.807  0.64867  0.599E-07  0.395E-05  pot  B   0.1000
       130  -1.758762  1706.807  0.64867  0.699E-07  0.517E-05  pot  B   0.1000
       131  -1.758762  1706.807  0.64867  0.310E-07  0.440E-05  pot  B   0.1000
       132  -1.758762  1706.807  0.64867  0.331E-07  0.506E-05  pot  B   0.1000
       133  -1.758762  1706.807  0.64867  0.362E-07  0.365E-05  pot  B   0.1000
       134  -1.758762  1706.807  0.64867  0.352E-07  0.466E-05  pot  B   0.1000
       135  -1.758762  1706.807  0.64867  0.444E-07  0.273E-05  pot  B   0.1000
       136  -1.758762  1706.807  0.64867  0.338E-07  0.262E-05  pot  B   0.1000
       137  -1.758762  1706.807  0.64866  0.280E-07  0.380E-05  pot  B   0.1000
       138  -1.758762  1706.807  0.64866  0.253E-07  0.360E-05  pot  B   0.1000
       139  -1.758762  1706.807  0.64866  0.202E-07  0.190E-05  pot  B   0.1000
       140  -1.758762  1706.807  0.64866  0.197E-07  0.190E-05  pot  B   0.1000
       141  -1.758762  1706.807  0.64866  0.155E-07  0.142E-05  pot  B   0.1000
       142  -1.758762  1706.807  0.64866  0.174E-07  0.200E-05  pot  B   0.1000
       143  -1.758762  1706.807  0.64866  0.164E-07  0.166E-05  pot  B   0.1000
       144  -1.758762  1706.807  0.64866  0.174E-07  0.214E-05  pot  B   0.1000
       145  -1.758762  1706.807  0.64866  0.129E-07  0.216E-05  pot  B   0.1000
       146  -1.758762  1706.807  0.64866  0.139E-07  0.227E-05  pot  B   0.1000
       147  -1.758762  1706.807  0.64866  0.208E-07  0.150E-05  pot  B   0.1000
       148  -1.758762  1706.807  0.64866  0.128E-07  0.110E-05  pot  B   0.1000
       149  -1.758762  1706.807  0.64866  0.118E-07  0.155E-05  pot  B   0.1000
       150  -1.758762  1706.806  0.64866  0.105E-07  0.113E-05  pot  B   0.1000
       151  -1.758762  1706.806  0.64866  0.621E-08  0.811E-06  pot  B   0.1000
       152  -1.758762  1706.806  0.64866  0.965E-08  0.988E-06  pot  B   0.1000
       153  -1.758762  1706.806  0.64866  0.905E-08  0.700E-06  pot  B   0.1000
       154  -1.758762  1706.806  0.64866  0.139E-07  0.107E-05  pot  B   0.1000
       155  -1.758762  1706.806  0.64866  0.850E-08  0.898E-06  pot  B   0.1000
       156  -1.758762  1706.806  0.64866  0.763E-08  0.942E-06  pot  B   0.1000
       157  -1.758762  1706.806  0.64866  0.737E-08  0.969E-06  pot  B   0.1000
       158  -1.758762  1706.806  0.64866  0.662E-08  0.858E-06  pot  B   0.1000
       159  -1.758762  1706.806  0.64866  0.626E-08  0.516E-06  pot  B   0.1000
       160  -1.758762  1706.806  0.64866  0.704E-08  0.503E-06  pot  B   0.1000
       161  -1.758762  1706.806  0.64866  0.557E-08  0.721E-06  pot  B   0.1000
       162  -1.758762  1706.806  0.64866  0.742E-08  0.636E-06  pot  B   0.1000
       163  -1.758762  1706.806  0.64866  0.595E-08  0.500E-06  pot  B   0.1000
       164  -1.758762  1706.806  0.64866  0.647E-08  0.549E-06  pot  B   0.1000
       165  -1.758762  1706.806  0.64866  0.459E-08  0.350E-06  pot  B   0.1000
       166  -1.758762  1706.806  0.64866  0.657E-08  0.359E-06  pot  B   0.1000
       167  -1.758762  1706.806  0.64866  0.406E-08  0.348E-06  pot  B   0.1000
       168  -1.758762  1706.806  0.64866  0.287E-08  0.455E-06  pot  B   0.1000
       169  -1.758762  1706.806  0.64866  0.280E-08  0.461E-06  pot  B   0.1000
       170  -1.758762  1706.806  0.64866  0.264E-08  0.444E-06  pot  B   0.1000
       171  -1.758762  1706.806  0.64866  0.337E-08  0.355E-06  pot  B   0.1000
       172  -1.758762  1706.806  0.64866  0.273E-08  0.283E-06  pot  B   0.1000
       173  -1.758762  1706.806  0.64866  0.239E-08  0.293E-06  pot  B   0.1000
       174  -1.758762  1706.806  0.64866  0.232E-08  0.270E-06  pot  B   0.1000
       175  -1.758762  1706.806  0.64866  0.149E-08  0.178E-06  pot  B   0.1000
       176  -1.758762  1706.806  0.64866  0.180E-08  0.164E-06  pot  B   0.1000
       177  -1.758762  1706.806  0.64866  0.127E-08  0.173E-06  pot  B   0.1000
       178  -1.758762  1706.806  0.64866  0.184E-08  0.217E-06  pot  B   0.1000
       179  -1.758762  1706.806  0.64866  0.168E-08  0.162E-06  pot  B   0.1000
       180  -1.758762  1706.806  0.64866  0.160E-08  0.251E-06  pot  B   0.1000
       181  -1.758762  1706.806  0.64866  0.112E-08  0.230E-06  pot  B   0.1000
       182  -1.758762  1706.806  0.64866  0.663E-09  0.192E-06  pot  B   0.1000
       183  -1.758762  1706.806  0.64866  0.124E-08  0.129E-06  pot  B   0.1000
       184  -1.758762  1706.806  0.64866  0.877E-09  0.105E-06  pot  B   0.1000
       185  -1.758762  1706.806  0.64866  0.742E-09  0.102E-06  pot  B   0.1000
       186  -1.758762  1706.806  0.64866  0.928E-09  0.116E-06  pot  B   0.1000
       187  -1.758762  1706.806  0.64866  0.115E-08  0.869E-07  pot  B   0.1000
       188  -1.758762  1706.806  0.64866  0.105E-08  0.973E-07  pot  B   0.1000
       189  -1.758762  1706.806  0.64866  0.848E-09  0.985E-07  pot  B   0.1000
       190  -1.758762  1706.806  0.64866  0.158E-08  0.814E-07  pot  B   0.1000
       191  -1.758762  1706.806  0.64866  0.823E-09  0.719E-07  pot  B   0.1000
       192  -1.758762  1706.806  0.64866  0.820E-09  0.937E-07  pot  B   0.1000
       193  -1.758762  1706.806  0.64866  0.538E-09  0.103E-06  pot  B   0.1000
       194  -1.758762  1706.806  0.64866  0.477E-09  0.843E-07  pot  B   0.1000
       195  -1.758762  1706.806  0.64866  0.734E-09  0.619E-07  pot  B   0.1000
       196  -1.758762  1706.806  0.64866  0.839E-09  0.626E-07  pot  B   0.1000
       197  -1.758762  1706.806  0.64866  0.637E-09  0.672E-07  pot  B   0.1000
       198  -1.758762  1706.806  0.64866  0.611E-09  0.585E-07  pot  B   0.1000
       199  -1.758762  1706.806  0.64866  0.616E-09  0.447E-07  pot  B   0.1000
       200  -1.758762  1706.806  0.64866  0.580E-09  0.399E-07  pot  B   0.1000
**     201  -1.758762  1706.806  0.64866  0.520E-12  0.399E-07  pot  B   0.1000
