System Description            : WNbMoTaV, BCC structure                         
Number of Atoms in Unit Cell  : 80                                              
Number of Atomic Species      : 5                                               
Number of Atoms in Each Type  : 16(W), 16(Nb), 16(Mo), 16(Ta), 16(V)            
Energy Offset                 : -16231                                          
=======================================================================================
    Iter     Energy      3PV     Efermi   Rms_rho    Rms_pot   Mix  Alg  Alpha 
---------------------------------------------------------------------------------------
**       1  -0.857078  1839.111  0.58622  0.140E+01  0.127E+00  pot  B   0.1000
         2  -1.169038  1816.554  0.59581  0.772E-02  0.361E+00  pot  B   0.1000
         3  -1.179507  1808.873  0.60289  0.511E-02  0.487E+00  pot  B   0.1000
         4  -1.420246  1795.973  0.61167  0.425E-02  0.173E+00  pot  B   0.1000
         5  -1.547579  1768.731  0.62168  0.912E-02  0.376E+00  pot  B   0.1000
         6  -1.649171  1750.930  0.62714  0.601E-02  0.201E+00  pot  B   0.1000
         7  -1.687056  1739.091  0.63058  0.410E-02  0.219E+00  pot  B   0.1000
         8  -1.714453  1733.152  0.63394  0.230E-02  0.103E+00  pot  B   0.1000
         9  -1.730178  1726.945  0.63673  0.277E-02  0.540E-01  pot  B   0.1000
        10  -1.743820  1720.788  0.63834  0.306E-02  0.538E-01  pot  B   0.1000
        11  -1.751291  1715.498  0.63917  0.274E-02  0.484E-01  pot  B   0.1000
        12  -1.757945  1709.539  0.64048  0.319E-02  0.295E-01  pot  B   0.1000
        13  -1.759133  1708.222  0.64170  0.803E-03  0.121E-01  pot  B   0.1000
        14  -1.759530  1707.503  0.64256  0.523E-03  0.614E-02  pot  B   0.1000
        15  -1.759631  1707.276  0.64324  0.189E-03  0.585E-02  pot  B   0.1000
        16  -1.759832  1707.245  0.64465  0.312E-03  0.648E-02  pot  B   0.1000
        17  -1.759886  1707.005  0.64606  0.258E-03  0.115E-01  pot  B   0.1000
        18  -1.759981  1707.097  0.64699  0.182E-03  0.232E-02  pot  B   0.1000
        19  -1.759997  1707.067  0.64756  0.859E-04  0.212E-02  pot  B   0.1000
        20  -1.760005  1706.925  0.64784  0.916E-04  0.987E-03  pot  B   0.1000
        21  -1.760005  1706.911  0.64788  0.215E-04  0.134E-02  pot  B   0.1000
        22  -1.760009  1706.895  0.64798  0.258E-04  0.132E-02  pot  B   0.1000
        23  -1.760010  1706.795  0.64807  0.552E-04  0.601E-03  pot  B   0.1000
        24  -1.760010  1706.807  0.64808  0.137E-04  0.811E-03  pot  B   0.1000
        25  -1.760010  1706.782  0.64811  0.173E-04  0.352E-03  pot  B   0.1000
        26  -1.760010  1706.778  0.64813  0.956E-05  0.304E-03  pot  B   0.1000
        27  -1.760009  1706.779  0.64814  0.758E-05  0.426E-03  pot  B   0.1000
        28  -1.760009  1706.778  0.64814  0.630E-05  0.225E-03  pot  B   0.1000
        29  -1.760009  1706.787  0.64817  0.105E-04  0.205E-03  pot  B   0.1000
        30  -1.760009  1706.786  0.64817  0.302E-05  0.131E-03  pot  B   0.1000
        31  -1.760009  1706.791  0.64818  0.356E-05  0.106E-03  pot  B   0.1000
        32  -1.760010  1706.794  0.64819  0.233E-05  0.836E-04  pot  B   0.1000
        33  -1.760010  1706.797  0.64820  0.174E-05  0.944E-04  pot  B   0.1000
        34  -1.760010  1706.799  0.64821  0.175E-05  0.556E-04  pot  B   0.1000
        35  -1.760010  1706.802  0.64822  0.156E-05  0.396E-04  pot  B   0.1000
        36  -1.760010  1706.803  0.64822  0.595E-06  0.379E-04  pot  B   0.1000
        37  -1.760010  1706.804  0.64823  0.580E-06  0.294E-04  pot  B   0.1000
        38  -1.760010  1706.804  0.64823  0.530E-06  0.291E-04  pot  B   0.1000
        39  -1.760010  1706.804  0.64823  0.443E-06  0.207E-04  pot  B   0.1000
        40  -1.760010  1706.804  0.64824  0.462E-06  0.250E-04  pot  B   0.1000
        41  -1.760010  1706.803  0.64824  0.624E-06  0.231E-04  pot  B   0.1000
        42  -1.760010  1706.803  0.64824  0.456E-06  0.194E-04  pot  B   0.1000
        43  -1.760010  1706.802  0.64824  0.500E-06  0.132E-04  pot  B   0.1000
        44  -1.760010  1706.802  0.64824  0.281E-06  0.105E-04  pot  B   0.1000
        45  -1.760010  1706.802  0.64824  0.334E-06  0.903E-05  pot  B   0.1000
        46  -1.760010  1706.801  0.64824  0.230E-06  0.940E-05  pot  B   0.1000
        47  -1.760010  1706.801  0.64825  0.306E-06  0.427E-05  pot  B   0.1000
        48  -1.760010  1706.801  0.64825  0.914E-07  0.487E-05  pot  B   0.1000
        49  -1.760010  1706.801  0.64825  0.844E-07  0.331E-05  pot  B   0.1000
        50  -1.760010  1706.801  0.64825  0.716E-07  0.290E-05  pot  B   0.1000
        51  -1.760010  1706.801  0.64825  0.522E-07  0.274E-05  pot  B   0.1000
        52  -1.760010  1706.801  0.64825  0.464E-07  0.179E-05  pot  B   0.1000
        53  -1.760010  1706.801  0.64825  0.229E-07  0.157E-05  pot  B   0.1000
        54  -1.760010  1706.801  0.64825  0.230E-07  0.160E-05  pot  B   0.1000
        55  -1.760010  1706.801  0.64825  0.243E-07  0.103E-05  pot  B   0.1000
        56  -1.760010  1706.801  0.64825  0.122E-07  0.121E-05  pot  B   0.1000
        57  -1.760010  1706.801  0.64825  0.173E-07  0.166E-05  pot  B   0.1000
        58  -1.760010  1706.801  0.64825  0.260E-07  0.796E-06  pot  B   0.1000
        59  -1.760010  1706.801  0.64825  0.129E-07  0.585E-06  pot  B   0.1000
        60  -1.760010  1706.801  0.64825  0.135E-07  0.688E-06  pot  B   0.1000
        61  -1.760010  1706.801  0.64825  0.769E-08  0.677E-06  pot  B   0.1000
        62  -1.760010  1706.801  0.64825  0.177E-07  0.364E-06  pot  B   0.1000
        63  -1.760010  1706.801  0.64825  0.887E-08  0.448E-06  pot  B   0.1000
        64  -1.760010  1706.801  0.64825  0.900E-08  0.455E-06  pot  B   0.1000
        65  -1.760010  1706.801  0.64825  0.857E-08  0.154E-06  pot  B   0.1000
        66  -1.760010  1706.801  0.64825  0.600E-08  0.229E-06  pot  B   0.1000
        67  -1.760010  1706.801  0.64825  0.391E-08  0.118E-06  pot  B   0.1000
        68  -1.760010  1706.801  0.64825  0.227E-08  0.151E-06  pot  B   0.1000
        69  -1.760010  1706.801  0.64825  0.225E-08  0.162E-06  pot  B   0.1000
        70  -1.760010  1706.801  0.64825  0.322E-08  0.147E-06  pot  B   0.1000
        71  -1.760010  1706.801  0.64825  0.135E-08  0.528E-07  pot  B   0.1000
        72  -1.760010  1706.801  0.64825  0.959E-09  0.409E-07  pot  B   0.1000
        73  -1.760010  1706.801  0.64825  0.664E-09  0.461E-07  pot  B   0.1000
        74  -1.760010  1706.801  0.64825  0.619E-09  0.430E-07  pot  B   0.1000
        75  -1.760010  1706.801  0.64825  0.680E-09  0.319E-07  pot  B   0.1000
        76  -1.760010  1706.801  0.64825  0.402E-09  0.216E-07  pot  B   0.1000
        77  -1.760010  1706.801  0.64825  0.314E-09  0.153E-07  pot  B   0.1000
        78  -1.760010  1706.801  0.64825  0.290E-09  0.173E-07  pot  B   0.1000
        79  -1.760010  1706.801  0.64825  0.297E-09  0.185E-07  pot  B   0.1000
        80  -1.760010  1706.801  0.64825  0.256E-09  0.156E-07  pot  B   0.1000
        81  -1.760010  1706.801  0.64825  0.183E-09  0.133E-07  pot  B   0.1000
        82  -1.760010  1706.801  0.64825  0.186E-09  0.116E-07  pot  B   0.1000
        83  -1.760010  1706.801  0.64825  0.165E-09  0.605E-08  pot  B   0.1000
**      84  -1.760010  1706.801  0.64825  0.439E-12  0.605E-08  pot  B   0.1000
