 Atom   Index      Q          Qmt        dQ        Vmad        Local Energy
  W         1   73.81276   72.51209   -0.18724    1.77522      -32312.50467
  W         2   73.93637   72.63571   -0.06363    1.66177      -32312.44699
  W         3   73.92549   72.62483   -0.07451    1.66332      -32312.43162
  W         4   73.85886   72.55820   -0.14114    1.73690      -32312.49990
  W         5   73.86907   72.56841   -0.13093    1.72487      -32312.48482
  W         6   73.92050   72.61984   -0.07950    1.67230      -32312.45297
  W         7   73.82488   72.52421   -0.17512    1.77081      -32312.52182
  W         8   73.93209   72.63142   -0.06791    1.66408      -32312.45397
  Nb        9   40.90732   39.60665   -0.09268    1.72044       -7632.58673
  Nb       10   40.90650   39.60583   -0.09350    1.71701       -7632.58512
  Nb       11   40.90273   39.60206   -0.09727    1.72175       -7632.57494
  Nb       12   40.75824   39.45757   -0.24176    1.86346       -7632.66094
  Nb       13   40.92861   39.62795   -0.07139    1.69888       -7632.57625
  Nb       14   40.97262   39.67196   -0.02738    1.65282       -7632.53847
  Nb       15   40.72060   39.41994   -0.27940    1.90387       -7632.69479
  Nb       16   40.79744   39.49678   -0.20256    1.82827       -7632.65577
  Mo       17   42.13033   40.82966    0.13033    1.59256       -8090.53983
  Mo       18   41.96868   40.66802   -0.03132    1.74945       -8090.62498
  Mo       19   42.00386   40.70319    0.00386    1.71578       -8090.59866
  Mo       20   42.07271   40.77205    0.07271    1.64952       -8090.56974
  Mo       21   42.04573   40.74507    0.04573    1.67554       -8090.58286
  Mo       22   41.88953   40.58886   -0.11047    1.83087       -8090.67200
  Mo       23   41.93619   40.63552   -0.06381    1.78558       -8090.64040
  Mo       24   42.05865   40.75798    0.05865    1.66182       -8090.57238
  Ta       25   72.69684   71.39617   -0.30316    1.83439      -31232.96470
  Ta       26   72.88742   71.58676   -0.11258    1.64994      -31232.84624
  Ta       27   72.75674   71.45608   -0.24326    1.77387      -31232.92916
  Ta       28   72.75892   71.45825   -0.24108    1.77240      -31232.92253
  Ta       29   72.72504   71.42438   -0.27496    1.80269      -31232.94624
  Ta       30   72.82252   71.52185   -0.17748    1.70912      -31232.88106
  Ta       31   72.82274   71.52208   -0.17726    1.71617      -31232.89232
  Ta       32   72.79347   71.49281   -0.20653    1.74170      -31232.90955
  V        33   23.54589   22.24523    0.54589    1.39751       -1895.14550
  V        34   23.40780   22.10713    0.40780    1.54003       -1895.23910
  V        35   23.35034   22.04967    0.35034    1.60259       -1895.26869
  V        36   23.53725   22.23658    0.53725    1.40498       -1895.15322
  V        37   23.43102   22.13035    0.43102    1.50942       -1895.20483
  V        38   23.51090   22.21024    0.51090    1.42605       -1895.15906
  V        39   23.44838   22.14772    0.44838    1.49144       -1895.19485
  V        40   23.42498   22.12432    0.42498    1.51799       -1895.20461
