 Atom   Index      Q          Qmt        dQ        Vmad        Local Energy
  W         1   73.91514   72.61117   -0.08486    1.70368      -32312.50262
  W         2   73.94803   72.64406   -0.05197    1.67773      -32312.48185
  W         3   73.97993   72.67596   -0.02007    1.63762      -32312.45669
  W         4   73.89155   72.58758   -0.10845    1.71825      -32312.49298
  W         5   73.93493   72.63096   -0.06507    1.68269      -32312.48273
  W         6   73.95510   72.65113   -0.04490    1.66078      -32312.46843
  W         7   73.93975   72.63578   -0.06025    1.68194      -32312.47552
  W         8   73.80189   72.49792   -0.19811    1.82222      -32312.57888
  W         9   73.84596   72.54199   -0.15404    1.77167      -32312.54254
  W        10   73.97745   72.67348   -0.02255    1.63778      -32312.43918
  W        11   73.93516   72.63119   -0.06484    1.69034      -32312.49205
  W        12   73.84127   72.53730   -0.15873    1.75972      -32312.50543
  W        13   73.93715   72.63318   -0.06285    1.68285      -32312.49093
  W        14   73.82675   72.52278   -0.17325    1.78591      -32312.54256
  W        15   73.84431   72.54034   -0.15569    1.78060      -32312.54751
  W        16   73.85496   72.55099   -0.14504    1.76543      -32312.52836
  W        17   73.69754   72.39357   -0.30246    1.92558      -32312.64692
  W        18   73.78000   72.47603   -0.22000    1.84612      -32312.58613
  W        19   73.85639   72.55241   -0.14361    1.76523      -32312.53909
  W        20   73.96157   72.65760   -0.03843    1.65311      -32312.45621
  W        21   73.98620   72.68223   -0.01380    1.62908      -32312.45741
  W        22   73.81431   72.51033   -0.18569    1.80985      -32312.57373
  W        23   73.89327   72.58930   -0.10673    1.71500      -32312.48361
  W        24   73.87394   72.56996   -0.12606    1.73628      -32312.50231
  W        25   73.97783   72.67386   -0.02217    1.64074      -32312.45850
  W        26   73.85037   72.54640   -0.14963    1.76983      -32312.53432
  W        27   73.74294   72.43897   -0.25706    1.87354      -32312.60010
  W        28   73.74325   72.43927   -0.25675    1.88478      -32312.61276
  W        29   73.85985   72.55588   -0.14015    1.75575      -32312.53280
  W        30   73.92341   72.61944   -0.07659    1.70696      -32312.50858
  W        31   73.97182   72.66785   -0.02818    1.64055      -32312.45077
  W        32   73.93905   72.63508   -0.06095    1.68016      -32312.48000
  Nb       33   40.93653   39.63255   -0.06347    1.71123       -7632.58749
  Nb       34   40.93456   39.63059   -0.06544    1.71576       -7632.59227
  Nb       35   41.03962   39.73565    0.03962    1.60425       -7632.52696
  Nb       36   41.01122   39.70724    0.01122    1.63489       -7632.54324
  Nb       37   40.95926   39.65529   -0.04074    1.68373       -7632.57601
  Nb       38   40.93947   39.63549   -0.06053    1.70923       -7632.59348
  Nb       39   41.02121   39.71724    0.02121    1.62850       -7632.54945
  Nb       40   40.91836   39.61439   -0.08164    1.73287       -7632.61498
  Nb       41   40.87261   39.56863   -0.12739    1.77435       -7632.63080
  Nb       42   40.90353   39.59956   -0.09647    1.74386       -7632.60817
  Nb       43   40.87991   39.57593   -0.12009    1.76678       -7632.62895
  Nb       44   40.92009   39.61612   -0.07991    1.73073       -7632.60124
  Nb       45   40.92449   39.62052   -0.07551    1.71293       -7632.58835
  Nb       46   40.86346   39.55949   -0.13654    1.78703       -7632.63922
  Nb       47   40.98442   39.68045   -0.01558    1.66340       -7632.56573
  Nb       48   40.95621   39.65224   -0.04379    1.68131       -7632.57117
  Nb       49   40.95101   39.64703   -0.04899    1.68841       -7632.56540
  Nb       50   40.93319   39.62922   -0.06681    1.71904       -7632.60188
  Nb       51   40.90410   39.60012   -0.09590    1.74492       -7632.61396
  Nb       52   40.91303   39.60905   -0.08697    1.72569       -7632.59835
  Nb       53   41.01058   39.70660    0.01058    1.63214       -7632.53831
  Nb       54   40.96986   39.66589   -0.03014    1.67100       -7632.56774
  Nb       55   41.04521   39.74124    0.04521    1.60536       -7632.52208
  Nb       56   40.92979   39.62582   -0.07021    1.72235       -7632.60572
  Nb       57   40.87561   39.57164   -0.12439    1.77574       -7632.63355
  Nb       58   40.93695   39.63298   -0.06305    1.71927       -7632.60613
  Nb       59   40.91777   39.61380   -0.08223    1.72763       -7632.59253
  Nb       60   40.76891   39.46494   -0.23109    1.88171       -7632.69492
  Nb       61   40.93825   39.63428   -0.06175    1.70376       -7632.58175
  Nb       62   40.82038   39.51641   -0.17962    1.83050       -7632.66418
  Nb       63   40.89043   39.58646   -0.10957    1.75783       -7632.61590
  Nb       64   40.91836   39.61439   -0.08164    1.73559       -7632.61706
  Mo       65   42.15626   40.85228    0.15626    1.58577       -8090.54096
  Mo       66   42.16792   40.86395    0.16792    1.57315       -8090.53797
  Mo       67   42.21685   40.91288    0.21685    1.53068       -8090.51477
  Mo       68   42.10551   40.80153    0.10551    1.62703       -8090.55577
  Mo       69   42.11293   40.80896    0.11293    1.62392       -8090.55749
  Mo       70   42.12736   40.82339    0.12736    1.61236       -8090.54981
  Mo       71   42.03417   40.73020    0.03417    1.70593       -8090.61130
  Mo       72   42.08966   40.78569    0.08966    1.63822       -8090.56143
  Mo       73   42.16293   40.85896    0.16293    1.57197       -8090.52003
  Mo       74   42.09207   40.78809    0.09207    1.65441       -8090.58589
  Mo       75   41.97241   40.66843   -0.02759    1.77920       -8090.66655
  Mo       76   42.08506   40.78109    0.08506    1.65211       -8090.57552
  Mo       77   42.06099   40.75702    0.06099    1.67652       -8090.59129
  Mo       78   42.00958   40.70560    0.00958    1.73652       -8090.63943
  Mo       79   42.08561   40.78163    0.08561    1.65690       -8090.58421
  Mo       80   42.18746   40.88349    0.18746    1.55125       -8090.51861
  Mo       81   42.08009   40.77611    0.08009    1.66405       -8090.59027
  Mo       82   42.04349   40.73951    0.04349    1.70251       -8090.61917
  Mo       83   42.04404   40.74007    0.04404    1.69854       -8090.61669
  Mo       84   42.07287   40.76890    0.07287    1.66784       -8090.59501
  Mo       85   42.07582   40.77185    0.07582    1.66707       -8090.59360
  Mo       86   42.14043   40.83646    0.14043    1.59865       -8090.55833
  Mo       87   42.03371   40.72973    0.03371    1.71286       -8090.62589
  Mo       88   42.05460   40.75063    0.05460    1.68584       -8090.59603
  Mo       89   42.06995   40.76598    0.06995    1.68752       -8090.61977
  Mo       90   42.07421   40.77024    0.07421    1.68132       -8090.61181
  Mo       91   42.10604   40.80207    0.10604    1.62854       -8090.56377
  Mo       92   42.10442   40.80045    0.10442    1.63382       -8090.55994
  Mo       93   42.22236   40.91839    0.22236    1.51362       -8090.49555
  Mo       94   42.06179   40.75781    0.06179    1.68250       -8090.60382
  Mo       95   42.05627   40.75230    0.05627    1.67954       -8090.59441
  Mo       96   42.11129   40.80731    0.11129    1.62707       -8090.56235
  Ta       97   72.85376   71.54979   -0.14624    1.71072      -31232.91600
  Ta       98   72.78896   71.48499   -0.21104    1.76696      -31232.93396
  Ta       99   72.74676   71.44279   -0.25324    1.79995      -31232.95276
  Ta      100   72.74237   71.43840   -0.25763    1.80714      -31232.95506
  Ta      101   72.83374   71.52977   -0.16626    1.72703      -31232.90803
  Ta      102   72.78363   71.47966   -0.21637    1.77040      -31232.92684
  Ta      103   72.82674   71.52277   -0.17326    1.73081      -31232.90933
  Ta      104   72.91547   71.61149   -0.08453    1.64071      -31232.86529
  Ta      105   72.81945   71.51548   -0.18055    1.73360      -31232.92317
  Ta      106   72.79996   71.49599   -0.20004    1.75662      -31232.92906
  Ta      107   72.87045   71.56648   -0.12955    1.68763      -31232.88875
  Ta      108   72.70607   71.40210   -0.29393    1.84763      -31232.99045
  Ta      109   72.85710   71.55313   -0.14290    1.70014      -31232.88998
  Ta      110   72.86441   71.56044   -0.13559    1.69103      -31232.88306
  Ta      111   72.68437   71.38040   -0.31563    1.87609      -31233.00841
  Ta      112   72.68936   71.38538   -0.31064    1.85993      -31232.99360
  Ta      113   72.67155   71.36758   -0.32845    1.87901      -31232.99401
  Ta      114   72.80093   71.49695   -0.19907    1.75330      -31232.92457
  Ta      115   72.79701   71.49303   -0.20299    1.76131      -31232.93551
  Ta      116   72.80729   71.50332   -0.19271    1.74882      -31232.92320
  Ta      117   72.82388   71.51991   -0.17612    1.73624      -31232.91490
  Ta      118   72.76944   71.46546   -0.23056    1.78797      -31232.95604
  Ta      119   72.67818   71.37421   -0.32182    1.87276      -31233.00307
  Ta      120   72.72707   71.42310   -0.27293    1.83633      -31232.99199
  Ta      121   72.80867   71.50470   -0.19133    1.75172      -31232.93757
  Ta      122   72.77899   71.47502   -0.22101    1.77934      -31232.94270
  Ta      123   72.81887   71.51489   -0.18113    1.73046      -31232.90452
  Ta      124   72.76243   71.45846   -0.23757    1.79361      -31232.96146
  Ta      125   72.82564   71.52167   -0.17436    1.73546      -31232.93030
  Ta      126   72.76996   71.46599   -0.23004    1.78444      -31232.94111
  Ta      127   72.76715   71.46318   -0.23285    1.79266      -31232.96835
  Ta      128   72.82971   71.52574   -0.17029    1.72458      -31232.91527
  Ti      129   22.35072   21.04675    0.35072    1.52610       -1704.38207
  Ti      130   22.27935   20.97537    0.27935    1.59174       -1704.40061
  Ti      131   22.19319   20.88922    0.19319    1.68426       -1704.45730
  Ti      132   22.24716   20.94319    0.24716    1.63437       -1704.45007
  Ti      133   22.33376   21.02979    0.33376    1.54207       -1704.37516
  Ti      134   22.21689   20.91292    0.21689    1.65394       -1704.44594
  Ti      135   22.26533   20.96135    0.26533    1.59983       -1704.39219
  Ti      136   22.32964   21.02567    0.32964    1.54784       -1704.37481
  Ti      137   22.27306   20.96909    0.27306    1.59474       -1704.40043
  Ti      138   22.32317   21.01920    0.32317    1.55404       -1704.38486
  Ti      139   22.23173   20.92776    0.23173    1.64718       -1704.44180
  Ti      140   22.21729   20.91332    0.21729    1.65715       -1704.44901
  Ti      141   22.27808   20.97411    0.27808    1.59729       -1704.40440
  Ti      142   22.30026   20.99628    0.30026    1.57320       -1704.39666
  Ti      143   22.24571   20.94173    0.24571    1.63725       -1704.44803
  Ti      144   22.41326   21.10929    0.41326    1.45631       -1704.31768
  Ti      145   22.23705   20.93308    0.23705    1.64390       -1704.43776
  Ti      146   22.42588   21.12191    0.42588    1.44197       -1704.33269
  Ti      147   22.39902   21.09505    0.39902    1.46450       -1704.33171
  Ti      148   22.20734   20.90337    0.20734    1.66348       -1704.44135
  Ti      149   22.42185   21.11788    0.42185    1.45504       -1704.34255
  Ti      150   22.20932   20.90535    0.20932    1.65853       -1704.41955
  Ti      151   22.39455   21.09058    0.39455    1.47925       -1704.33702
  Ti      152   22.32140   21.01743    0.32140    1.54997       -1704.37210
  Ti      153   22.27667   20.97270    0.27667    1.60709       -1704.45010
  Ti      154   22.16652   20.86255    0.16652    1.70960       -1704.46865
  Ti      155   22.42282   21.11885    0.42282    1.45017       -1704.34460
  Ti      156   22.25725   20.95328    0.25725    1.62107       -1704.43582
  Ti      157   22.33716   21.03319    0.33716    1.54044       -1704.38178
  Ti      158   22.36027   21.05630    0.36027    1.51493       -1704.36284
  Ti      159   22.42496   21.12099    0.42496    1.44728       -1704.31168
  Ti      160   22.31232   21.00835    0.31232    1.55405       -1704.36292
