 Atom   Index      Q          Qmt        dQ        Vmad        Local Energy
  W         1   73.84566   72.54461   -0.15434    1.73828      -32312.48660
  W         2   73.84139   72.54034   -0.15861    1.74340      -32312.49405
  W         3   73.97157   72.67051   -0.02843    1.62710      -32312.43177
  W         4   73.74266   72.44161   -0.25734    1.85173      -32312.56900
  W         5   73.84848   72.54743   -0.15152    1.75498      -32312.51911
  W         6   73.78119   72.48014   -0.21881    1.79899      -32312.51264
  W         7   73.77611   72.47506   -0.22389    1.81836      -32312.55031
  W         8   73.76294   72.46189   -0.23706    1.82763      -32312.54932
  W         9   73.95743   72.65638   -0.04257    1.64719      -32312.45230
  W        10   73.83764   72.53659   -0.16236    1.75697      -32312.51067
  W        11   73.85151   72.55046   -0.14849    1.73858      -32312.50183
  W        12   73.87211   72.57106   -0.12789    1.71166      -32312.46964
  W        13   73.81867   72.51762   -0.18133    1.77175      -32312.51705
  W        14   73.67442   72.37337   -0.32558    1.91746      -32312.60880
  W        15   73.86907   72.56802   -0.13093    1.71998      -32312.48043
  W        16   73.81527   72.51422   -0.18473    1.78466      -32312.53065
  W        17   73.85964   72.55858   -0.14036    1.73354      -32312.49218
  W        18   73.72566   72.42461   -0.27434    1.86316      -32312.57537
  W        19   73.92010   72.61905   -0.07990    1.66538      -32312.43328
  W        20   74.04613   72.74508    0.04613    1.55158      -32312.38019
  W        21   73.90434   72.60329   -0.09566    1.68554      -32312.47223
  W        22   73.89710   72.59605   -0.10290    1.68468      -32312.45392
  W        23   73.87355   72.57250   -0.12645    1.72328      -32312.48693
  W        24   73.77658   72.47553   -0.22342    1.81274      -32312.54308
  W        25   73.95023   72.64918   -0.04977    1.64022      -32312.43551
  W        26   73.89513   72.59408   -0.10487    1.70222      -32312.47221
  W        27   73.92447   72.62342   -0.07553    1.67294      -32312.45584
  W        28   73.92779   72.62673   -0.07221    1.66187      -32312.44190
  W        29   73.80360   72.50255   -0.19640    1.79740      -32312.54077
  W        30   73.94893   72.64787   -0.05107    1.65587      -32312.45433
  W        31   73.87193   72.57088   -0.12807    1.71943      -32312.48732
  W        32   73.82173   72.52067   -0.17827    1.76870      -32312.51544
  W        33   73.91431   72.61325   -0.08569    1.68415      -32312.46882
  W        34   73.92275   72.62170   -0.07725    1.66714      -32312.45067
  W        35   73.83373   72.53268   -0.16627    1.75747      -32312.50666
  W        36   73.81932   72.51827   -0.18068    1.76816      -32312.50176
  W        37   73.80305   72.50199   -0.19695    1.80481      -32312.55172
  W        38   74.01720   72.71614    0.01720    1.56282      -32312.37186
  W        39   73.68526   72.38421   -0.31474    1.90924      -32312.60602
  W        40   73.86647   72.56542   -0.13353    1.72265      -32312.48466
  W        41   73.91358   72.61252   -0.08642    1.67544      -32312.45313
  W        42   73.80846   72.50741   -0.19154    1.79003      -32312.53448
  W        43   73.95270   72.65165   -0.04730    1.63840      -32312.42515
  W        44   73.73479   72.43374   -0.26521    1.84769      -32312.55397
  W        45   73.91677   72.61572   -0.08323    1.67065      -32312.45250
  W        46   73.88956   72.58851   -0.11044    1.70754      -32312.47599
  W        47   73.94336   72.64230   -0.05664    1.63874      -32312.42758
  W        48   73.82800   72.52695   -0.17200    1.76562      -32312.50705
  W        49   73.74262   72.44157   -0.25738    1.85217      -32312.56864
  W        50   74.00352   72.70247    0.00352    1.58853      -32312.39824
  W        51   73.91910   72.61805   -0.08090    1.66471      -32312.44289
  W        52   73.94897   72.64792   -0.05103    1.64805      -32312.43657
  W        53   73.91449   72.61344   -0.08551    1.67260      -32312.44309
  W        54   73.83449   72.53344   -0.16551    1.75357      -32312.49600
  W        55   73.80020   72.49915   -0.19980    1.79387      -32312.52144
  W        56   73.95262   72.65157   -0.04738    1.64212      -32312.44029
  W        57   73.90780   72.60675   -0.09220    1.68435      -32312.45938
  W        58   73.96855   72.66749   -0.03145    1.62842      -32312.42870
  W        59   73.83755   72.53650   -0.16245    1.75390      -32312.50183
  W        60   73.70402   72.40297   -0.29598    1.89038      -32312.59078
  W        61   73.87287   72.57181   -0.12713    1.71813      -32312.47762
  W        62   73.80691   72.50586   -0.19309    1.79442      -32312.53323
  W        63   73.84038   72.53933   -0.15962    1.75248      -32312.50165
  W        64   73.97960   72.67854   -0.02040    1.60555      -32312.41118
  W        65   73.89100   72.58995   -0.10900    1.69642      -32312.46181
  W        66   73.84154   72.54049   -0.15846    1.74975      -32312.49889
  W        67   73.77793   72.47688   -0.22207    1.81887      -32312.54834
  W        68   73.83976   72.53871   -0.16024    1.76236      -32312.51499
  W        69   73.92108   72.62003   -0.07892    1.68144      -32312.47191
  W        70   73.77097   72.46992   -0.22903    1.82148      -32312.54809
  W        71   73.72222   72.42116   -0.27778    1.87300      -32312.57914
  W        72   73.88367   72.58262   -0.11633    1.71328      -32312.47959
  W        73   73.86447   72.56342   -0.13553    1.71911      -32312.48055
  W        74   73.70773   72.40668   -0.29227    1.88891      -32312.59491
  W        75   73.94737   72.64632   -0.05263    1.64164      -32312.42434
  W        76   73.96645   72.66540   -0.03355    1.62989      -32312.43540
  W        77   73.78968   72.48862   -0.21032    1.80077      -32312.53161
  W        78   73.90674   72.60569   -0.09326    1.68523      -32312.46747
  W        79   73.79438   72.49333   -0.20562    1.78894      -32312.52782
  W        80   73.91227   72.61122   -0.08773    1.67377      -32312.45740
  W        81   73.96622   72.66517   -0.03378    1.62100      -32312.42078
  W        82   73.85407   72.55302   -0.14593    1.73988      -32312.50661
  W        83   73.86070   72.55965   -0.13930    1.72451      -32312.48186
  W        84   73.79575   72.49470   -0.20425    1.80051      -32312.54379
  W        85   73.92447   72.62341   -0.07553    1.65104      -32312.42243
  W        86   73.81872   72.51766   -0.18128    1.76698      -32312.49357
  W        87   73.87710   72.57605   -0.12290    1.71630      -32312.48487
  W        88   73.72326   72.42221   -0.27674    1.87864      -32312.59422
  W        89   73.80749   72.50644   -0.19251    1.78968      -32312.52525
  W        90   73.90585   72.60480   -0.09415    1.68740      -32312.45927
  W        91   73.92321   72.62216   -0.07679    1.66942      -32312.45874
  W        92   73.83125   72.53020   -0.16875    1.75933      -32312.50486
  W        93   73.85637   72.55532   -0.14363    1.73233      -32312.48514
  W        94   73.75942   72.45837   -0.24058    1.83103      -32312.55934
  W        95   73.89254   72.59148   -0.10746    1.70198      -32312.47013
  W        96   73.78518   72.48412   -0.21482    1.80856      -32312.54447
  W        97   73.96016   72.65910   -0.03984    1.62887      -32312.41599
  W        98   73.86887   72.56782   -0.13113    1.73034      -32312.49800
  W        99   73.91657   72.61551   -0.08343    1.67139      -32312.44992
  W       100   73.85674   72.55569   -0.14326    1.72343      -32312.47828
  W       101   73.94367   72.64261   -0.05633    1.64636      -32312.43339
  W       102   73.80682   72.50577   -0.19318    1.79120      -32312.53848
  W       103   73.57127   72.27022   -0.42873    2.03048      -32312.68849
  W       104   73.92222   72.62117   -0.07778    1.66952      -32312.44511
  W       105   73.79829   72.49723   -0.20171    1.79567      -32312.52961
  W       106   73.88625   72.58519   -0.11375    1.70990      -32312.48123
  W       107   74.01574   72.71469    0.01574    1.58321      -32312.39847
  W       108   73.92797   72.62692   -0.07203    1.67321      -32312.45903
  W       109   73.92635   72.62530   -0.07365    1.66406      -32312.44576
  W       110   73.77168   72.47063   -0.22832    1.82612      -32312.55496
  W       111   73.95301   72.65196   -0.04699    1.64390      -32312.43272
  W       112   73.84683   72.54577   -0.15317    1.75199      -32312.51381
  W       113   73.87750   72.57645   -0.12250    1.70659      -32312.46381
  W       114   73.82252   72.52146   -0.17748    1.77368      -32312.51928
  W       115   73.93052   72.62947   -0.06948    1.65655      -32312.43599
  W       116   73.67549   72.37444   -0.32451    1.92010      -32312.60908
  W       117   73.80032   72.49927   -0.19968    1.78923      -32312.52538
  W       118   73.80103   72.49998   -0.19897    1.79672      -32312.53444
  W       119   73.70219   72.40114   -0.29781    1.88402      -32312.58096
  W       120   74.02358   72.72252    0.02358    1.56474      -32312.38608
  W       121   73.84333   72.54228   -0.15667    1.74473      -32312.49376
  W       122   73.73263   72.43157   -0.26737    1.86885      -32312.58780
  W       123   74.01650   72.71545    0.01650    1.56975      -32312.38146
  W       124   73.90016   72.59911   -0.09984    1.68847      -32312.45526
  W       125   73.84688   72.54583   -0.15312    1.73759      -32312.48684
  W       126   73.80155   72.50050   -0.19845    1.79661      -32312.53306
  W       127   74.00222   72.70117    0.00222    1.58459      -32312.39233
  W       128   73.86499   72.56394   -0.13501    1.73163      -32312.48888
  W       129   73.97339   72.67234   -0.02661    1.62504      -32312.43324
  W       130   74.03873   72.73768    0.03873    1.55061      -32312.36789
  W       131   73.72549   72.42444   -0.27451    1.87318      -32312.58350
  W       132   73.74636   72.44531   -0.25364    1.86248      -32312.59139
  W       133   73.82369   72.52264   -0.17631    1.76461      -32312.50583
  W       134   73.75931   72.45826   -0.24069    1.84161      -32312.56595
  W       135   73.76034   72.45929   -0.23966    1.83671      -32312.55379
  W       136   74.02584   72.72479    0.02584    1.56419      -32312.37856
  W       137   73.92590   72.62485   -0.07410    1.67064      -32312.45386
  W       138   73.91666   72.61561   -0.08334    1.66705      -32312.43977
  W       139   73.81837   72.51732   -0.18163    1.77666      -32312.52381
  W       140   73.96819   72.66714   -0.03181    1.62832      -32312.42716
  W       141   73.71421   72.41316   -0.28579    1.87992      -32312.59151
  W       142   73.94392   72.64287   -0.05608    1.64406      -32312.43035
  W       143   73.84618   72.54513   -0.15382    1.74845      -32312.51279
  W       144   73.85160   72.55055   -0.14840    1.74666      -32312.50558
  W       145   73.95545   72.65440   -0.04455    1.63694      -32312.43396
  W       146   73.87046   72.56941   -0.12954    1.73086      -32312.50185
  W       147   73.83903   72.53798   -0.16097    1.75632      -32312.50435
  W       148   73.86093   72.55987   -0.13907    1.73659      -32312.48978
  W       149   73.96880   72.66775   -0.03120    1.62442      -32312.42530
  W       150   73.89207   72.59102   -0.10793    1.69384      -32312.46345
  W       151   73.86669   72.56564   -0.13331    1.71545      -32312.46238
  W       152   73.99063   72.68958   -0.00937    1.60699      -32312.40915
  W       153   73.88644   72.58538   -0.11356    1.70804      -32312.47120
  W       154   73.80976   72.50870   -0.19024    1.77926      -32312.51767
  W       155   73.70398   72.40293   -0.29602    1.89497      -32312.59201
  W       156   73.78826   72.48721   -0.21174    1.80553      -32312.53731
  W       157   73.77134   72.47028   -0.22866    1.83005      -32312.55553
  W       158   73.85492   72.55387   -0.14508    1.72796      -32312.48615
  W       159   73.99608   72.69503   -0.00392    1.59884      -32312.40839
  W       160   73.73419   72.43314   -0.26581    1.86024      -32312.57288
  W       161   73.99232   72.69127   -0.00768    1.59684      -32312.39681
  W       162   73.78269   72.48164   -0.21731    1.81190      -32312.54563
  W       163   73.76789   72.46684   -0.23211    1.83487      -32312.56390
  W       164   73.79633   72.49528   -0.20367    1.79686      -32312.53014
  W       165   73.78827   72.48721   -0.21173    1.80968      -32312.54530
  W       166   73.83273   72.53168   -0.16727    1.75794      -32312.50590
  W       167   73.86249   72.56143   -0.13751    1.73356      -32312.49738
  W       168   73.98863   72.68758   -0.01137    1.60195      -32312.39917
  W       169   73.84200   72.54094   -0.15800    1.75279      -32312.50346
  W       170   73.75114   72.45008   -0.24886    1.84606      -32312.56871
  W       171   73.76420   72.46315   -0.23580    1.83374      -32312.56261
  W       172   73.86450   72.56344   -0.13550    1.72454      -32312.48284
  W       173   73.72806   72.42701   -0.27194    1.86775      -32312.57129
  W       174   74.01555   72.71450    0.01555    1.57305      -32312.39236
  W       175   73.87864   72.57759   -0.12136    1.70896      -32312.46471
  W       176   73.75877   72.45772   -0.24123    1.83532      -32312.56346
  W       177   73.79568   72.49463   -0.20432    1.80230      -32312.54152
  W       178   73.92712   72.62607   -0.07288    1.66138      -32312.45295
  W       179   73.96666   72.66561   -0.03334    1.63072      -32312.42660
  W       180   73.97718   72.67612   -0.02282    1.61535      -32312.41262
  W       181   73.89535   72.59429   -0.10465    1.68946      -32312.45756
  W       182   73.79636   72.49530   -0.20364    1.79827      -32312.54124
  W       183   73.98116   72.68011   -0.01884    1.62264      -32312.42849
  W       184   73.69868   72.39763   -0.30132    1.89659      -32312.59715
  W       185   73.71591   72.41486   -0.28409    1.88542      -32312.59307
  W       186   73.80824   72.50719   -0.19176    1.79357      -32312.54494
  W       187   73.77937   72.47831   -0.22063    1.81566      -32312.54136
  W       188   73.88956   72.58851   -0.11044    1.70453      -32312.47083
  W       189   73.95945   72.65840   -0.04055    1.62975      -32312.42674
  W       190   73.81364   72.51258   -0.18636    1.77825      -32312.52154
  W       191   73.94757   72.64652   -0.05243    1.65434      -32312.45387
  W       192   73.78383   72.48277   -0.21617    1.81303      -32312.54451
  W       193   73.88338   72.58233   -0.11662    1.71636      -32312.48971
  W       194   73.87101   72.56996   -0.12899    1.73196      -32312.49534
  W       195   73.90790   72.60685   -0.09210    1.68282      -32312.46435
  W       196   73.84833   72.54728   -0.15167    1.75256      -32312.51528
  W       197   73.78184   72.48078   -0.21816    1.81889      -32312.55235
  W       198   73.83986   72.53881   -0.16014    1.74689      -32312.49131
  W       199   73.82566   72.52461   -0.17434    1.77303      -32312.52487
  W       200   73.81810   72.51704   -0.18190    1.77549      -32312.52460
  W       201   73.76068   72.45962   -0.23932    1.83894      -32312.55894
  W       202   73.89530   72.59424   -0.10470    1.69417      -32312.46852
  W       203   73.75516   72.45411   -0.24484    1.84015      -32312.55634
  W       204   73.91193   72.61087   -0.08807    1.67539      -32312.45054
  W       205   73.57605   72.27500   -0.42395    2.02467      -32312.67559
  W       206   73.81194   72.51089   -0.18806    1.78374      -32312.52704
  W       207   73.90414   72.60309   -0.09586    1.69227      -32312.46839
  W       208   73.74472   72.44367   -0.25528    1.84706      -32312.56028
  W       209   73.73256   72.43151   -0.26744    1.86094      -32312.58156
  W       210   74.07767   72.77662    0.07767    1.52589      -32312.36699
  W       211   73.95068   72.64962   -0.04932    1.63618      -32312.42132
  W       212   73.85090   72.54985   -0.14910    1.74654      -32312.49746
  W       213   73.77478   72.47373   -0.22522    1.81135      -32312.53102
  W       214   73.79545   72.49440   -0.20455    1.79941      -32312.54046
  W       215   73.88481   72.58376   -0.11519    1.71069      -32312.47450
  W       216   73.92965   72.62859   -0.07035    1.66076      -32312.44976
  W       217   73.88462   72.58357   -0.11538    1.69945      -32312.47147
  W       218   73.78336   72.48230   -0.21664    1.81243      -32312.53756
  W       219   73.95023   72.64917   -0.04977    1.64194      -32312.43325
  W       220   73.94788   72.64682   -0.05212    1.64689      -32312.43951
  W       221   73.77116   72.47011   -0.22884    1.81978      -32312.53423
  W       222   73.82727   72.52621   -0.17273    1.77084      -32312.52838
  W       223   73.87109   72.57004   -0.12891    1.72720      -32312.48532
  W       224   73.93189   72.63084   -0.06811    1.66724      -32312.45729
  W       225   73.82608   72.52503   -0.17392    1.76772      -32312.52090
  W       226   73.84649   72.54543   -0.15351    1.74807      -32312.50798
  W       227   73.73710   72.43605   -0.26290    1.84939      -32312.56537
  W       228   73.83346   72.53240   -0.16654    1.75249      -32312.49126
  W       229   73.68889   72.38784   -0.31111    1.90091      -32312.59678
  W       230   73.90575   72.60469   -0.09425    1.68333      -32312.45654
  W       231   73.85414   72.55309   -0.14586    1.73890      -32312.49325
  W       232   73.93331   72.63226   -0.06669    1.65890      -32312.44421
  W       233   73.78015   72.47910   -0.21985    1.81646      -32312.55522
  W       234   73.95071   72.64966   -0.04929    1.62700      -32312.40816
  W       235   74.01027   72.70921    0.01027    1.58399      -32312.40248
  W       236   74.00529   72.70423    0.00529    1.59404      -32312.41358
  W       237   73.94671   72.64566   -0.05329    1.63997      -32312.42542
  W       238   73.79147   72.49041   -0.20853    1.80359      -32312.53468
  W       239   73.96038   72.65933   -0.03962    1.62918      -32312.41494
  W       240   73.82327   72.52221   -0.17673    1.77419      -32312.52070
  W       241   73.66973   72.36868   -0.33027    1.92561      -32312.62127
  W       242   73.96030   72.65924   -0.03970    1.63268      -32312.42039
  W       243   73.81391   72.51286   -0.18609    1.78161      -32312.52293
  W       244   73.85159   72.55054   -0.14841    1.75331      -32312.51440
  W       245   73.87398   72.57292   -0.12602    1.72021      -32312.49061
  W       246   73.75937   72.45831   -0.24063    1.82160      -32312.54378
  W       247   73.82836   72.52730   -0.17164    1.76535      -32312.51891
  W       248   74.01391   72.71285    0.01391    1.58035      -32312.39313
  W       249   73.76640   72.46534   -0.23360    1.84211      -32312.57940
  W       250   73.83707   72.53602   -0.16293    1.75161      -32312.49416
  W       251   73.78717   72.48612   -0.21283    1.80533      -32312.53156
  W       252   73.79936   72.49831   -0.20064    1.79442      -32312.53262
  W       253   73.75572   72.45467   -0.24428    1.84102      -32312.55347
  W       254   73.79629   72.49523   -0.20371    1.78686      -32312.52200
  W       255   73.96655   72.66549   -0.03345    1.62125      -32312.41520
  W       256   73.89235   72.59129   -0.10765    1.70262      -32312.47346
  Nb      257   40.71102   39.40997   -0.28898    1.92432       -7632.71551
  Nb      258   41.00032   39.69927    0.00032    1.62180       -7632.52974
  Nb      259   40.93957   39.63852   -0.06043    1.67807       -7632.54596
  Nb      260   40.92527   39.62422   -0.07473    1.69963       -7632.57144
  Nb      261   40.89753   39.59648   -0.10247    1.72735       -7632.58409
  Nb      262   40.83202   39.53097   -0.16798    1.79929       -7632.63531
  Nb      263   40.96051   39.65946   -0.03949    1.66958       -7632.55976
  Nb      264   40.99588   39.69483   -0.00412    1.63085       -7632.52455
  Nb      265   40.91323   39.61218   -0.08677    1.71638       -7632.58288
  Nb      266   40.99006   39.68901   -0.00994    1.63382       -7632.52827
  Nb      267   40.92218   39.62113   -0.07782    1.70201       -7632.57544
  Nb      268   40.94960   39.64855   -0.05040    1.67837       -7632.55943
  Nb      269   41.04483   39.74378    0.04483    1.58245       -7632.50040
  Nb      270   40.97726   39.67620   -0.02274    1.65041       -7632.54078
  Nb      271   40.77819   39.47714   -0.22181    1.84230       -7632.65527
  Nb      272   40.83069   39.52963   -0.16931    1.79425       -7632.62263
  Nb      273   40.81073   39.50968   -0.18927    1.81356       -7632.64656
  Nb      274   40.78387   39.48282   -0.21613    1.83998       -7632.64979
  Nb      275   40.73625   39.43519   -0.26375    1.89219       -7632.68870
  Nb      276   40.89014   39.58909   -0.10986    1.73150       -7632.58604
  Nb      277   40.96144   39.66039   -0.03856    1.66293       -7632.54897
  Nb      278   40.99475   39.69370   -0.00525    1.63292       -7632.52674
  Nb      279   40.94010   39.63905   -0.05990    1.69062       -7632.56173
  Nb      280   40.87855   39.57750   -0.12145    1.74778       -7632.60022
  Nb      281   40.96208   39.66103   -0.03792    1.66646       -7632.55199
  Nb      282   40.90808   39.60703   -0.09192    1.72298       -7632.58891
  Nb      283   40.91182   39.61077   -0.08818    1.70996       -7632.57372
  Nb      284   41.02469   39.72363    0.02469    1.59838       -7632.50699
  Nb      285   40.85064   39.54959   -0.14936    1.77115       -7632.61411
  Nb      286   40.78807   39.48701   -0.21193    1.83983       -7632.65298
  Nb      287   40.92892   39.62787   -0.07108    1.70119       -7632.56932
  Nb      288   40.94087   39.63982   -0.05913    1.68744       -7632.57685
  Nb      289   40.92380   39.62274   -0.07620    1.69982       -7632.55979
  Nb      290   40.86908   39.56802   -0.13092    1.75934       -7632.61911
  Nb      291   40.80382   39.50277   -0.19618    1.82445       -7632.64768
  Nb      292   40.96499   39.66393   -0.03501    1.66334       -7632.54932
  Nb      293   40.92677   39.62572   -0.07323    1.70236       -7632.57325
  Nb      294   40.85431   39.55325   -0.14569    1.77585       -7632.61328
  Nb      295   40.75539   39.45434   -0.24461    1.87522       -7632.68311
  Nb      296   40.84014   39.53909   -0.15986    1.78392       -7632.62218
  Nb      297   40.99342   39.69237   -0.00658    1.63292       -7632.52653
  Nb      298   40.88191   39.58086   -0.11809    1.74335       -7632.58964
  Nb      299   40.78005   39.47900   -0.21995    1.84678       -7632.66703
  Nb      300   40.88421   39.58316   -0.11579    1.73353       -7632.58544
  Nb      301   41.05391   39.75286    0.05391    1.57058       -7632.48802
  Nb      302   41.01116   39.71011    0.01116    1.61690       -7632.52018
  Nb      303   40.95037   39.64932   -0.04963    1.67017       -7632.54647
  Nb      304   40.87783   39.57678   -0.12217    1.74879       -7632.60617
  Nb      305   41.01788   39.71683    0.01788    1.60957       -7632.51210
  Nb      306   40.81974   39.51869   -0.18026    1.81201       -7632.63746
  Nb      307   40.80370   39.50264   -0.19630    1.82388       -7632.64809
  Nb      308   40.79583   39.49477   -0.20417    1.83709       -7632.65534
  Nb      309   40.88131   39.58026   -0.11869    1.74080       -7632.59351
  Nb      310   40.90751   39.60645   -0.09249    1.72345       -7632.58397
  Nb      311   40.94432   39.64327   -0.05568    1.67802       -7632.56036
  Nb      312   40.93110   39.63005   -0.06890    1.68895       -7632.56138
  Nb      313   40.94259   39.64154   -0.05741    1.68459       -7632.57179
  Nb      314   40.95049   39.64944   -0.04951    1.67845       -7632.55850
  Nb      315   40.98766   39.68661   -0.01234    1.63321       -7632.53007
  Nb      316   40.87436   39.57331   -0.12564    1.74645       -7632.59289
  Nb      317   40.77788   39.47683   -0.22212    1.85429       -7632.66273
  Nb      318   40.73350   39.43245   -0.26650    1.89430       -7632.69870
  Nb      319   41.08016   39.77911    0.08016    1.54777       -7632.47671
  Nb      320   40.84306   39.54200   -0.15694    1.78046       -7632.61494
  Nb      321   40.84940   39.54835   -0.15060    1.77692       -7632.61619
  Nb      322   40.89471   39.59366   -0.10529    1.72267       -7632.57374
  Nb      323   40.93104   39.62999   -0.06896    1.69260       -7632.55912
  Nb      324   40.76585   39.46480   -0.23415    1.85846       -7632.67638
  Nb      325   40.87414   39.57309   -0.12586    1.75123       -7632.60686
  Nb      326   40.92041   39.61936   -0.07959    1.70858       -7632.57327
  Nb      327   40.94159   39.64053   -0.05841    1.68826       -7632.56887
  Nb      328   40.92652   39.62547   -0.07348    1.69344       -7632.56306
  Nb      329   40.74441   39.44336   -0.25559    1.88372       -7632.68999
  Nb      330   40.85996   39.55891   -0.14004    1.76798       -7632.60303
  Nb      331   40.75300   39.45195   -0.24700    1.87320       -7632.67497
  Nb      332   40.81287   39.51182   -0.18713    1.81487       -7632.64488
  Nb      333   40.81193   39.51088   -0.18807    1.81245       -7632.64152
  Nb      334   40.79283   39.49178   -0.20717    1.83208       -7632.65423
  Nb      335   40.80437   39.50332   -0.19563    1.81742       -7632.64913
  Nb      336   40.80026   39.49921   -0.19974    1.82505       -7632.64817
  Nb      337   40.95975   39.65869   -0.04025    1.66490       -7632.55357
  Nb      338   40.96660   39.66555   -0.03340    1.66674       -7632.55809
  Nb      339   40.98704   39.68599   -0.01296    1.63370       -7632.52745
  Nb      340   40.83071   39.52966   -0.16929    1.79518       -7632.61638
  Nb      341   40.98514   39.68408   -0.01486    1.63759       -7632.52998
  Nb      342   40.76886   39.46781   -0.23114    1.86020       -7632.67116
  Nb      343   40.90298   39.60192   -0.09702    1.72183       -7632.58861
  Nb      344   40.86301   39.56195   -0.13699    1.75935       -7632.60724
  Nb      345   40.84910   39.54805   -0.15090    1.76954       -7632.61622
  Nb      346   40.79186   39.49081   -0.20814    1.83345       -7632.64417
  Nb      347   40.99757   39.69651   -0.00243    1.62744       -7632.51361
  Nb      348   40.68216   39.38110   -0.31784    1.94845       -7632.72854
  Nb      349   41.02383   39.72277    0.02383    1.60159       -7632.50374
  Nb      350   41.06854   39.76749    0.06854    1.55882       -7632.48687
  Nb      351   40.98699   39.68593   -0.01301    1.63634       -7632.52489
  Nb      352   40.93183   39.63078   -0.06817    1.70029       -7632.58111
  Nb      353   40.91428   39.61323   -0.08572    1.70202       -7632.56380
  Nb      354   41.01397   39.71292    0.01397    1.61947       -7632.52391
  Nb      355   40.97335   39.67230   -0.02665    1.64650       -7632.53328
  Nb      356   40.83018   39.52913   -0.16982    1.78974       -7632.62177
  Nb      357   40.92463   39.62358   -0.07537    1.70065       -7632.57346
  Nb      358   40.83253   39.53147   -0.16747    1.79331       -7632.61675
  Nb      359   40.81275   39.51170   -0.18725    1.81001       -7632.63203
  Nb      360   40.95259   39.65154   -0.04741    1.66705       -7632.54811
  Nb      361   40.99809   39.69704   -0.00191    1.63116       -7632.52402
  Nb      362   40.87893   39.57788   -0.12107    1.75468       -7632.61223
  Nb      363   40.92380   39.62275   -0.07620    1.69716       -7632.55046
  Nb      364   41.01067   39.70962    0.01067    1.61333       -7632.50275
  Nb      365   41.00207   39.70102    0.00207    1.62406       -7632.52724
  Nb      366   40.94333   39.64228   -0.05667    1.68258       -7632.55608
  Nb      367   40.91028   39.60923   -0.08972    1.71267       -7632.57300
  Nb      368   40.95129   39.65024   -0.04871    1.67286       -7632.54576
  Nb      369   40.81993   39.51887   -0.18007    1.80412       -7632.61978
  Nb      370   40.80911   39.50806   -0.19089    1.81795       -7632.64403
  Nb      371   40.99233   39.69128   -0.00767    1.63357       -7632.52341
  Nb      372   41.03081   39.72976    0.03081    1.58978       -7632.49315
  Nb      373   40.96797   39.66691   -0.03203    1.65961       -7632.54261
  Nb      374   40.81176   39.51071   -0.18824    1.81354       -7632.63124
  Nb      375   41.02582   39.72477    0.02582    1.60592       -7632.51118
  Nb      376   40.81527   39.51421   -0.18473    1.81461       -7632.63881
  Nb      377   40.83770   39.53665   -0.16230    1.78483       -7632.61336
  Nb      378   41.00247   39.70142    0.00247    1.63148       -7632.52973
  Nb      379   41.06843   39.76738    0.06843    1.55911       -7632.46992
  Nb      380   40.90523   39.60417   -0.09477    1.72385       -7632.58863
  Nb      381   40.84857   39.54751   -0.15143    1.78405       -7632.62674
  Nb      382   40.82861   39.52755   -0.17139    1.79931       -7632.63519
  Nb      383   40.92887   39.62782   -0.07113    1.69011       -7632.55815
  Nb      384   40.79174   39.49069   -0.20826    1.82977       -7632.64561
  Nb      385   41.05818   39.75713    0.05818    1.56492       -7632.49216
  Nb      386   40.82054   39.51949   -0.17946    1.80342       -7632.61861
  Nb      387   40.91370   39.61264   -0.08630    1.70851       -7632.56489
  Nb      388   40.89038   39.58933   -0.10962    1.74196       -7632.59948
  Nb      389   40.95789   39.65684   -0.04211    1.66336       -7632.54083
  Nb      390   41.03705   39.73600    0.03705    1.59182       -7632.50143
  Nb      391   40.93437   39.63332   -0.06563    1.69163       -7632.56223
  Nb      392   40.93008   39.62903   -0.06992    1.70120       -7632.56789
  Nb      393   40.87788   39.57683   -0.12212    1.74923       -7632.59668
  Nb      394   40.87779   39.57674   -0.12221    1.74502       -7632.60085
  Nb      395   40.87479   39.57374   -0.12521    1.75558       -7632.61186
  Nb      396   41.04049   39.73943    0.04049    1.58363       -7632.50152
  Nb      397   40.74347   39.44241   -0.25653    1.88577       -7632.67665
  Nb      398   40.85302   39.55197   -0.14698    1.76845       -7632.60787
  Nb      399   40.71705   39.41600   -0.28295    1.90908       -7632.69445
  Nb      400   40.85439   39.55334   -0.14561    1.77274       -7632.60449
  Nb      401   40.74680   39.44574   -0.25320    1.87639       -7632.68459
  Nb      402   40.99808   39.69703   -0.00192    1.62262       -7632.51675
  Nb      403   40.82567   39.52461   -0.17433    1.80155       -7632.63611
  Nb      404   40.94060   39.63955   -0.05940    1.69012       -7632.57090
  Nb      405   40.92995   39.62889   -0.07005    1.69000       -7632.55640
  Nb      406   40.87638   39.57533   -0.12362    1.75049       -7632.59693
  Nb      407   41.00290   39.70185    0.00290    1.62258       -7632.53203
  Nb      408   40.95093   39.64988   -0.04907    1.67459       -7632.54227
  Nb      409   40.91643   39.61537   -0.08357    1.70180       -7632.56639
  Nb      410   40.90586   39.60481   -0.09414    1.71564       -7632.56855
  Nb      411   40.99103   39.68997   -0.00897    1.63522       -7632.52648
  Nb      412   40.95319   39.65214   -0.04681    1.66693       -7632.53922
  Nb      413   40.84973   39.54868   -0.15027    1.77321       -7632.61504
  Nb      414   40.98875   39.68769   -0.01125    1.63736       -7632.53463
  Nb      415   40.92179   39.62074   -0.07821    1.70144       -7632.56452
  Nb      416   41.07171   39.77066    0.07171    1.55066       -7632.48039
  Nb      417   40.89287   39.59181   -0.10713    1.73156       -7632.58481
  Nb      418   40.86887   39.56782   -0.13113    1.75210       -7632.59411
  Nb      419   40.88328   39.58223   -0.11672    1.74082       -7632.58914
  Nb      420   40.77561   39.47456   -0.22439    1.85270       -7632.66226
  Nb      421   40.98432   39.68327   -0.01568    1.64197       -7632.53509
  Nb      422   41.00876   39.70771    0.00876    1.62322       -7632.52315
  Nb      423   40.94591   39.64486   -0.05409    1.68460       -7632.56624
  Nb      424   40.85097   39.54992   -0.14903    1.77475       -7632.61439
  Nb      425   40.82304   39.52199   -0.17696    1.80129       -7632.62905
  Nb      426   40.87768   39.57662   -0.12232    1.74451       -7632.59274
  Nb      427   40.94614   39.64509   -0.05386    1.68123       -7632.55645
  Nb      428   40.93690   39.63585   -0.06310    1.69480       -7632.56830
  Nb      429   40.89398   39.59293   -0.10602    1.73374       -7632.58292
  Nb      430   40.84180   39.54075   -0.15820    1.78379       -7632.61354
  Nb      431   40.86321   39.56216   -0.13679    1.76759       -7632.61200
  Nb      432   41.02360   39.72254    0.02360    1.59694       -7632.49592
  Nb      433   40.79827   39.49722   -0.20173    1.83212       -7632.65665
  Nb      434   40.77426   39.47321   -0.22574    1.85210       -7632.66899
  Nb      435   41.01665   39.71560    0.01665    1.61369       -7632.51158
  Nb      436   40.83879   39.53774   -0.16121    1.79183       -7632.62787
  Nb      437   40.96581   39.66476   -0.03419    1.65694       -7632.54090
  Nb      438   40.94246   39.64141   -0.05754    1.67581       -7632.55063
  Nb      439   40.96186   39.66081   -0.03814    1.66630       -7632.54904
  Nb      440   40.77997   39.47892   -0.22003    1.84410       -7632.66321
  Nb      441   40.86018   39.55913   -0.13982    1.76193       -7632.60650
  Nb      442   40.98411   39.68306   -0.01589    1.63765       -7632.53312
  Nb      443   40.98173   39.68067   -0.01827    1.64760       -7632.53895
  Nb      444   40.92264   39.62158   -0.07736    1.70709       -7632.57527
  Nb      445   41.01898   39.71793    0.01898    1.60467       -7632.51806
  Nb      446   40.85242   39.55137   -0.14758    1.77750       -7632.62476
  Nb      447   41.03875   39.73770    0.03875    1.59056       -7632.50321
  Nb      448   40.76349   39.46244   -0.23651    1.85867       -7632.67234
  Nb      449   40.90949   39.60844   -0.09051    1.71951       -7632.58413
  Nb      450   40.93483   39.63378   -0.06517    1.68959       -7632.56100
  Nb      451   41.10685   39.80580    0.10685    1.52185       -7632.46539
  Nb      452   41.01823   39.71717    0.01823    1.60482       -7632.50793
  Nb      453   40.90053   39.59948   -0.09947    1.72164       -7632.57312
  Nb      454   40.88798   39.58693   -0.11202    1.73227       -7632.58041
  Nb      455   40.90935   39.60830   -0.09065    1.71507       -7632.58263
  Nb      456   40.99005   39.68900   -0.00995    1.63596       -7632.52857
  Nb      457   40.65762   39.35657   -0.34238    1.97182       -7632.73762
  Nb      458   40.99533   39.69427   -0.00467    1.62838       -7632.52956
  Nb      459   41.03810   39.73705    0.03810    1.58443       -7632.50399
  Nb      460   40.73556   39.43450   -0.26444    1.89392       -7632.68126
  Nb      461   40.98393   39.68288   -0.01607    1.63737       -7632.53050
  Nb      462   40.81184   39.51079   -0.18816    1.81480       -7632.63705
  Nb      463   41.06794   39.76689    0.06794    1.55909       -7632.48715
  Nb      464   40.97740   39.67634   -0.02260    1.65325       -7632.54189
  Nb      465   40.76610   39.46504   -0.23390    1.86021       -7632.66587
  Nb      466   40.92027   39.61921   -0.07973    1.70343       -7632.56944
  Nb      467   40.84582   39.54477   -0.15418    1.77811       -7632.61729
  Nb      468   40.80643   39.50538   -0.19357    1.81464       -7632.63495
  Nb      469   41.01794   39.71688    0.01794    1.60870       -7632.50870
  Nb      470   40.90540   39.60434   -0.09460    1.72029       -7632.58783
  Nb      471   41.02902   39.72797    0.02902    1.60200       -7632.51819
  Nb      472   41.01323   39.71218    0.01323    1.61940       -7632.52481
  Nb      473   40.93844   39.63738   -0.06156    1.67990       -7632.55397
  Nb      474   41.01566   39.71461    0.01566    1.61064       -7632.51118
  Nb      475   41.01354   39.71249    0.01354    1.60912       -7632.51658
  Nb      476   40.82406   39.52301   -0.17594    1.80155       -7632.62770
  Nb      477   40.94590   39.64484   -0.05410    1.68384       -7632.56824
  Nb      478   40.84187   39.54081   -0.15813    1.78024       -7632.62320
  Nb      479   40.94364   39.64259   -0.05636    1.68357       -7632.55935
  Nb      480   40.84068   39.53963   -0.15932    1.78546       -7632.61259
  Nb      481   40.91215   39.61110   -0.08785    1.71216       -7632.57800
  Nb      482   40.88721   39.58616   -0.11279    1.73984       -7632.60416
  Nb      483   41.12633   39.82527    0.12633    1.49951       -7632.44620
  Nb      484   40.93671   39.63565   -0.06329    1.68279       -7632.54683
  Nb      485   40.74065   39.43959   -0.25935    1.88871       -7632.68288
  Nb      486   40.71635   39.41530   -0.28365    1.91623       -7632.70767
  Nb      487   40.76565   39.46459   -0.23435    1.85603       -7632.66809
  Nb      488   40.82520   39.52415   -0.17480    1.79607       -7632.63522
  Nb      489   40.85905   39.55799   -0.14095    1.76352       -7632.62136
  Nb      490   40.93840   39.63735   -0.06160    1.68921       -7632.56677
  Nb      491   40.83014   39.52909   -0.16986    1.79694       -7632.62634
  Nb      492   40.94932   39.64827   -0.05068    1.66893       -7632.55881
  Nb      493   40.99293   39.69187   -0.00707    1.63331       -7632.52770
  Nb      494   41.02913   39.72808    0.02913    1.60171       -7632.51766
  Nb      495   40.97569   39.67464   -0.02431    1.65277       -7632.54873
  Nb      496   40.79625   39.49520   -0.20375    1.83003       -7632.65396
  Nb      497   40.94053   39.63948   -0.05947    1.67417       -7632.55419
  Nb      498   40.83068   39.52963   -0.16932    1.79626       -7632.62507
  Nb      499   40.66642   39.36537   -0.33358    1.95731       -7632.72775
  Nb      500   41.03547   39.73442    0.03547    1.58431       -7632.49494
  Nb      501   40.99364   39.69259   -0.00636    1.63217       -7632.52612
  Nb      502   40.79634   39.49529   -0.20366    1.83103       -7632.65173
  Nb      503   41.05249   39.75144    0.05249    1.57863       -7632.49565
  Nb      504   40.77157   39.47052   -0.22843    1.85115       -7632.64636
  Nb      505   41.01616   39.71511    0.01616    1.61562       -7632.51468
  Nb      506   40.89732   39.59626   -0.10268    1.72466       -7632.58661
  Nb      507   40.73788   39.43682   -0.26212    1.89279       -7632.69249
  Nb      508   40.77472   39.47367   -0.22528    1.85247       -7632.65914
  Nb      509   40.82864   39.52759   -0.17136    1.79783       -7632.61819
  Nb      510   40.89214   39.59109   -0.10786    1.73255       -7632.58171
  Nb      511   40.86917   39.56812   -0.13083    1.75720       -7632.60751
  Nb      512   40.91073   39.60967   -0.08927    1.71418       -7632.57509
  Mo      513   41.93613   40.63508   -0.06387    1.78775       -8090.64270
  Mo      514   42.02606   40.72501    0.02606    1.69205       -8090.58828
  Mo      515   42.11230   40.81125    0.11230    1.60446       -8090.54253
  Mo      516   42.00557   40.70452    0.00557    1.71524       -8090.60685
  Mo      517   42.15026   40.84921    0.15026    1.56318       -8090.51170
  Mo      518   42.18026   40.87921    0.18026    1.53875       -8090.50177
  Mo      519   42.10323   40.80217    0.10323    1.61647       -8090.53662
  Mo      520   41.91419   40.61314   -0.08581    1.80858       -8090.66207
  Mo      521   42.13158   40.83052    0.13158    1.58691       -8090.51914
  Mo      522   42.14270   40.84165    0.14270    1.56603       -8090.50467
  Mo      523   41.91340   40.61235   -0.08660    1.80503       -8090.65710
  Mo      524   41.99481   40.69375   -0.00519    1.72517       -8090.60414
  Mo      525   42.07650   40.77545    0.07650    1.63769       -8090.55329
  Mo      526   42.04381   40.74276    0.04381    1.66486       -8090.57165
  Mo      527   42.07045   40.76940    0.07045    1.64661       -8090.55691
  Mo      528   42.01462   40.71357    0.01462    1.70418       -8090.59185
  Mo      529   41.99946   40.69841   -0.00054    1.72399       -8090.60260
  Mo      530   42.19006   40.88900    0.19006    1.52753       -8090.49203
  Mo      531   42.04974   40.74869    0.04974    1.66704       -8090.56159
  Mo      532   42.18034   40.87928    0.18034    1.54442       -8090.50562
  Mo      533   42.05614   40.75509    0.05614    1.65049       -8090.54252
  Mo      534   41.97496   40.67391   -0.02504    1.74602       -8090.62010
  Mo      535   42.00576   40.70470    0.00576    1.70395       -8090.57984
  Mo      536   42.04530   40.74425    0.04530    1.66882       -8090.57768
  Mo      537   42.08774   40.78669    0.08774    1.63740       -8090.56303
  Mo      538   41.95793   40.65687   -0.04207    1.76450       -8090.63663
  Mo      539   42.05262   40.75156    0.05262    1.66660       -8090.57849
  Mo      540   42.07336   40.77231    0.07336    1.64520       -8090.55859
  Mo      541   42.09928   40.79823    0.09928    1.62227       -8090.54260
  Mo      542   41.94471   40.64366   -0.05529    1.77130       -8090.62590
  Mo      543   42.01749   40.71644    0.01749    1.69894       -8090.59074
  Mo      544   42.05064   40.74959    0.05064    1.66261       -8090.57560
  Mo      545   41.89993   40.59888   -0.10007    1.82462       -8090.66816
  Mo      546   42.10817   40.80712    0.10817    1.61173       -8090.54672
  Mo      547   42.21066   40.90961    0.21066    1.51069       -8090.48087
  Mo      548   42.04586   40.74481    0.04586    1.67060       -8090.57530
  Mo      549   41.97842   40.67737   -0.02158    1.72756       -8090.59309
  Mo      550   42.08667   40.78562    0.08667    1.63070       -8090.55029
  Mo      551   41.96791   40.66685   -0.03209    1.75024       -8090.62167
  Mo      552   42.00843   40.70738    0.00843    1.71307       -8090.60441
  Mo      553   42.01281   40.71175    0.01281    1.71366       -8090.60861
  Mo      554   42.10958   40.80853    0.10958    1.60577       -8090.53130
  Mo      555   42.03491   40.73385    0.03491    1.68724       -8090.58058
  Mo      556   41.85583   40.55477   -0.14417    1.87296       -8090.70251
  Mo      557   41.94751   40.64646   -0.05249    1.77575       -8090.62851
  Mo      558   41.97336   40.67231   -0.02664    1.75016       -8090.62986
  Mo      559   42.06780   40.76675    0.06780    1.64786       -8090.56040
  Mo      560   42.19214   40.89109    0.19214    1.51678       -8090.48468
  Mo      561   41.91471   40.61366   -0.08529    1.81239       -8090.65915
  Mo      562   41.99676   40.69571   -0.00324    1.71358       -8090.58646
  Mo      563   41.99993   40.69887   -0.00007    1.71343       -8090.59973
  Mo      564   42.20515   40.90409    0.20515    1.51322       -8090.47864
  Mo      565   42.10635   40.80530    0.10635    1.61782       -8090.55239
  Mo      566   42.01531   40.71426    0.01531    1.69986       -8090.59077
  Mo      567   42.03341   40.73236    0.03341    1.68203       -8090.56928
  Mo      568   41.76580   40.46475   -0.23420    1.95976       -8090.74736
  Mo      569   42.18627   40.88522    0.18627    1.52114       -8090.47121
  Mo      570   42.11431   40.81326    0.11431    1.60495       -8090.54357
  Mo      571   42.18388   40.88282    0.18388    1.52838       -8090.49377
  Mo      572   42.02079   40.71974    0.02079    1.69981       -8090.59215
  Mo      573   42.02411   40.72306    0.02411    1.69708       -8090.58881
  Mo      574   42.01882   40.71777    0.01882    1.70277       -8090.59721
  Mo      575   41.94118   40.64012   -0.05882    1.78273       -8090.64261
  Mo      576   41.94855   40.64750   -0.05145    1.77660       -8090.64449
  Mo      577   41.97012   40.66907   -0.02988    1.75609       -8090.62555
  Mo      578   42.10287   40.80182    0.10287    1.61530       -8090.54102
  Mo      579   42.13314   40.83209    0.13314    1.58158       -8090.51459
  Mo      580   42.14308   40.84203    0.14308    1.57727       -8090.52099
  Mo      581   42.09099   40.78994    0.09099    1.63430       -8090.55694
  Mo      582   42.09949   40.79844    0.09949    1.62036       -8090.54852
  Mo      583   42.04962   40.74856    0.04962    1.66904       -8090.56669
  Mo      584   41.94733   40.64627   -0.05267    1.77353       -8090.63967
  Mo      585   42.00649   40.70544    0.00649    1.71972       -8090.61747
  Mo      586   42.04895   40.74790    0.04895    1.67168       -8090.58307
  Mo      587   42.16603   40.86498    0.16603    1.55455       -8090.50543
  Mo      588   41.99221   40.69115   -0.00779    1.73280       -8090.61779
  Mo      589   42.06518   40.76413    0.06518    1.65242       -8090.55558
  Mo      590   41.90700   40.60595   -0.09300    1.81757       -8090.66601
  Mo      591   42.02334   40.72229    0.02334    1.69316       -8090.57977
  Mo      592   42.16421   40.86316    0.16421    1.55021       -8090.49558
  Mo      593   42.06371   40.76265    0.06371    1.66436       -8090.57730
  Mo      594   41.97754   40.67649   -0.02246    1.73649       -8090.61516
  Mo      595   42.01637   40.71532    0.01637    1.70595       -8090.59352
  Mo      596   42.11480   40.81374    0.11480    1.59081       -8090.51278
  Mo      597   41.97862   40.67756   -0.02138    1.75043       -8090.63588
  Mo      598   42.06839   40.76734    0.06839    1.65662       -8090.57372
  Mo      599   42.03888   40.73783    0.03888    1.68772       -8090.59217
  Mo      600   42.03366   40.73261    0.03366    1.68987       -8090.58687
  Mo      601   42.09068   40.78963    0.09068    1.62263       -8090.54641
  Mo      602   41.95930   40.65825   -0.04070    1.75885       -8090.62912
  Mo      603   42.10785   40.80680    0.10785    1.60722       -8090.53721
  Mo      604   42.02272   40.72167    0.02272    1.69774       -8090.59309
  Mo      605   42.18671   40.88566    0.18671    1.52252       -8090.48195
  Mo      606   42.08699   40.78593    0.08699    1.63193       -8090.55233
  Mo      607   42.01483   40.71378    0.01483    1.70019       -8090.59043
  Mo      608   42.11965   40.81860    0.11965    1.59287       -8090.52368
  Mo      609   42.09419   40.79314    0.09419    1.62550       -8090.54949
  Mo      610   42.03700   40.73594    0.03700    1.68494       -8090.59237
  Mo      611   42.07492   40.77387    0.07492    1.63648       -8090.54364
  Mo      612   41.97215   40.67110   -0.02785    1.73138       -8090.59020
  Mo      613   42.22719   40.92614    0.22719    1.49826       -8090.47936
  Mo      614   42.18772   40.88667    0.18772    1.52342       -8090.48154
  Mo      615   42.05511   40.75406    0.05511    1.65190       -8090.55699
  Mo      616   42.16205   40.86100    0.16205    1.55871       -8090.51818
  Mo      617   41.97378   40.67272   -0.02622    1.75221       -8090.63164
  Mo      618   42.12320   40.82214    0.12320    1.59533       -8090.52898
  Mo      619   42.09171   40.79065    0.09171    1.61636       -8090.53165
  Mo      620   42.13848   40.83743    0.13848    1.57747       -8090.51592
  Mo      621   42.05790   40.75685    0.05790    1.66086       -8090.56680
  Mo      622   42.09772   40.79667    0.09772    1.62042       -8090.54315
  Mo      623   41.82883   40.52778   -0.17117    1.89938       -8090.72106
  Mo      624   41.96351   40.66246   -0.03649    1.75750       -8090.62245
  Mo      625   42.13691   40.83585    0.13691    1.58151       -8090.51915
  Mo      626   42.05327   40.75222    0.05327    1.66233       -8090.56345
  Mo      627   42.15967   40.85862    0.15967    1.56046       -8090.51610
  Mo      628   42.08824   40.78719    0.08824    1.62940       -8090.55293
  Mo      629   42.08974   40.78868    0.08974    1.62521       -8090.53867
  Mo      630   41.88811   40.58706   -0.11189    1.82912       -8090.66701
  Mo      631   42.04924   40.74819    0.04924    1.66594       -8090.57491
  Mo      632   42.06756   40.76651    0.06756    1.63866       -8090.53898
  Mo      633   41.90236   40.60131   -0.09764    1.81763       -8090.66355
  Mo      634   42.15496   40.85391    0.15496    1.55672       -8090.51033
  Mo      635   42.08849   40.78744    0.08849    1.62700       -8090.54769
  Mo      636   42.09878   40.79773    0.09878    1.61273       -8090.53749
  Mo      637   42.04295   40.74190    0.04295    1.66996       -8090.56274
  Mo      638   41.97164   40.67059   -0.02836    1.75142       -8090.61885
  Mo      639   42.10370   40.80264    0.10370    1.61001       -8090.54086
  Mo      640   42.06734   40.76629    0.06734    1.65345       -8090.55543
  Mo      641   41.96414   40.66309   -0.03586    1.75502       -8090.62259
  Mo      642   41.96482   40.66377   -0.03518    1.74883       -8090.61131
  Mo      643   42.00209   40.70104    0.00209    1.71406       -8090.59236
  Mo      644   41.98017   40.67912   -0.01983    1.73280       -8090.60060
  Mo      645   42.10489   40.80384    0.10489    1.61492       -8090.54492
  Mo      646   42.20338   40.90233    0.20338    1.51279       -8090.47439
  Mo      647   42.03736   40.73630    0.03736    1.68412       -8090.58180
  Mo      648   42.13019   40.82914    0.13019    1.59444       -8090.53502
  Mo      649   42.12906   40.82801    0.12906    1.58800       -8090.51715
  Mo      650   42.08234   40.78129    0.08234    1.63139       -8090.54150
  Mo      651   42.00703   40.70598    0.00703    1.71198       -8090.59999
  Mo      652   42.15863   40.85758    0.15863    1.56097       -8090.51217
  Mo      653   42.14855   40.84750    0.14855    1.56725       -8090.51542
  Mo      654   42.13982   40.83877    0.13982    1.56404       -8090.49922
  Mo      655   42.01139   40.71034    0.01139    1.71006       -8090.61016
  Mo      656   42.00741   40.70636    0.00741    1.71122       -8090.59750
  Mo      657   41.94741   40.64635   -0.05259    1.77295       -8090.63385
  Mo      658   42.05041   40.74936    0.05041    1.66523       -8090.56741
  Mo      659   42.15109   40.85004    0.15109    1.55153       -8090.49738
  Mo      660   42.22793   40.92688    0.22793    1.49033       -8090.47192
  Mo      661   41.99521   40.69416   -0.00479    1.72545       -8090.61578
  Mo      662   42.01314   40.71209    0.01314    1.71366       -8090.60521
  Mo      663   42.00678   40.70573    0.00678    1.71724       -8090.60517
  Mo      664   42.07183   40.77078    0.07183    1.64440       -8090.55893
  Mo      665   42.02385   40.72279    0.02385    1.69753       -8090.58782
  Mo      666   42.02852   40.72747    0.02852    1.69056       -8090.58772
  Mo      667   41.96500   40.66395   -0.03500    1.75387       -8090.62049
  Mo      668   42.00537   40.70432    0.00537    1.71357       -8090.59744
  Mo      669   41.94648   40.64543   -0.05352    1.77876       -8090.64096
  Mo      670   42.05536   40.75431    0.05536    1.66447       -8090.58235
  Mo      671   41.98165   40.68059   -0.01835    1.74177       -8090.62004
  Mo      672   42.02766   40.72661    0.02766    1.69246       -8090.59368
  Mo      673   42.04996   40.74891    0.04996    1.67514       -8090.58449
  Mo      674   42.22377   40.92271    0.22377    1.48621       -8090.45616
  Mo      675   41.88711   40.58606   -0.11289    1.83065       -8090.66769
  Mo      676   42.06993   40.76887    0.06993    1.65607       -8090.56958
  Mo      677   41.99548   40.69442   -0.00452    1.72181       -8090.59833
  Mo      678   42.16502   40.86397    0.16502    1.55038       -8090.50653
  Mo      679   42.01978   40.71872    0.01978    1.70503       -8090.60091
  Mo      680   41.97965   40.67859   -0.02035    1.73523       -8090.60770
  Mo      681   41.94721   40.64616   -0.05279    1.77285       -8090.63178
  Mo      682   42.21995   40.91890    0.21995    1.48182       -8090.45353
  Mo      683   42.11392   40.81287    0.11392    1.60711       -8090.54413
  Mo      684   42.08654   40.78549    0.08654    1.62552       -8090.54009
  Mo      685   41.98956   40.68851   -0.01044    1.72521       -8090.60247
  Mo      686   41.82581   40.52476   -0.17419    1.90197       -8090.71689
  Mo      687   42.00062   40.69957    0.00062    1.71710       -8090.59279
  Mo      688   41.98234   40.68129   -0.01766    1.72953       -8090.60339
  Mo      689   42.10824   40.80719    0.10824    1.60900       -8090.53927
  Mo      690   42.14611   40.84506    0.14611    1.57225       -8090.50978
  Mo      691   41.97029   40.66924   -0.02971    1.74982       -8090.61623
  Mo      692   41.91496   40.61391   -0.08504    1.80350       -8090.65283
  Mo      693   42.21446   40.91341    0.21446    1.51208       -8090.49413
  Mo      694   42.10892   40.80786    0.10892    1.60604       -8090.53630
  Mo      695   42.03000   40.72895    0.03000    1.68205       -8090.57335
  Mo      696   42.16864   40.86759    0.16864    1.54587       -8090.49843
  Mo      697   42.20947   40.90842    0.20947    1.50726       -8090.48012
  Mo      698   42.19783   40.89677    0.19783    1.51846       -8090.48434
  Mo      699   42.17751   40.87646    0.17751    1.53035       -8090.47663
  Mo      700   42.16014   40.85908    0.16014    1.55676       -8090.51087
  Mo      701   42.12926   40.82820    0.12926    1.58472       -8090.52321
  Mo      702   41.98203   40.68098   -0.01797    1.73649       -8090.62375
  Mo      703   42.01887   40.71782    0.01887    1.69634       -8090.58297
  Mo      704   41.99660   40.69554   -0.00340    1.71283       -8090.58899
  Mo      705   42.07430   40.77324    0.07430    1.64525       -8090.56213
  Mo      706   42.14282   40.84177    0.14282    1.57576       -8090.51905
  Mo      707   41.94915   40.64810   -0.05085    1.77205       -8090.63370
  Mo      708   41.90268   40.60162   -0.09732    1.81531       -8090.65655
  Mo      709   42.03960   40.73854    0.03960    1.67761       -8090.57958
  Mo      710   41.96099   40.65993   -0.03901    1.76137       -8090.63063
  Mo      711   41.99177   40.69072   -0.00823    1.72084       -8090.59569
  Mo      712   42.02792   40.72687    0.02792    1.70107       -8090.59968
  Mo      713   42.20137   40.90032    0.20137    1.51317       -8090.48085
  Mo      714   42.02985   40.72880    0.02985    1.68155       -8090.57443
  Mo      715   42.02259   40.72154    0.02259    1.70010       -8090.59159
  Mo      716   42.00478   40.70373    0.00478    1.72411       -8090.61445
  Mo      717   42.13116   40.83011    0.13116    1.59124       -8090.53449
  Mo      718   41.93507   40.63401   -0.06493    1.78269       -8090.63681
  Mo      719   42.10008   40.79903    0.10008    1.61812       -8090.53805
  Mo      720   42.01104   40.70999    0.01104    1.71674       -8090.60924
  Mo      721   42.17397   40.87292    0.17397    1.54276       -8090.49606
  Mo      722   42.06151   40.76046    0.06151    1.65568       -8090.56268
  Mo      723   42.01909   40.71803    0.01909    1.70029       -8090.58669
  Mo      724   42.07433   40.77327    0.07433    1.64375       -8090.55801
  Mo      725   42.03181   40.73076    0.03181    1.67843       -8090.56808
  Mo      726   42.17017   40.86912    0.17017    1.54381       -8090.49250
  Mo      727   41.98260   40.68154   -0.01740    1.73266       -8090.61047
  Mo      728   41.98466   40.68360   -0.01534    1.73696       -8090.61069
  Mo      729   41.90914   40.60808   -0.09086    1.81714       -8090.66880
  Mo      730   41.90686   40.60581   -0.09314    1.81750       -8090.66077
  Mo      731   42.01923   40.71817    0.01923    1.70982       -8090.60621
  Mo      732   42.17535   40.87430    0.17535    1.53540       -8090.48426
  Mo      733   42.13700   40.83595    0.13700    1.58164       -8090.52834
  Mo      734   42.08220   40.78114    0.08220    1.63493       -8090.55498
  Mo      735   42.07339   40.77234    0.07339    1.64056       -8090.54943
  Mo      736   42.04584   40.74479    0.04584    1.66721       -8090.56883
  Mo      737   42.11003   40.80898    0.11003    1.60942       -8090.53778
  Mo      738   42.04764   40.74659    0.04764    1.67072       -8090.56299
  Mo      739   42.17829   40.87724    0.17829    1.54386       -8090.49988
  Mo      740   42.05308   40.75202    0.05308    1.66297       -8090.57503
  Mo      741   42.12363   40.82258    0.12363    1.59721       -8090.53440
  Mo      742   42.03156   40.73051    0.03156    1.68497       -8090.57901
  Mo      743   42.04698   40.74593    0.04698    1.67115       -8090.57278
  Mo      744   42.12608   40.82502    0.12608    1.59004       -8090.52824
  Mo      745   42.05092   40.74987    0.05092    1.66791       -8090.57457
  Mo      746   42.11612   40.81506    0.11612    1.59401       -8090.52542
  Mo      747   42.20717   40.90612    0.20717    1.50347       -8090.47513
  Mo      748   42.09933   40.79828    0.09933    1.61687       -8090.53982
  Mo      749   42.00824   40.70719    0.00824    1.70866       -8090.59541
  Mo      750   42.04641   40.74536    0.04641    1.67485       -8090.57824
  Mo      751   42.10114   40.80008    0.10114    1.60975       -8090.52107
  Mo      752   42.21382   40.91277    0.21382    1.49965       -8090.46380
  Mo      753   42.15929   40.85824    0.15929    1.56771       -8090.52248
  Mo      754   42.04742   40.74637    0.04742    1.67591       -8090.58338
  Mo      755   41.92725   40.62619   -0.07275    1.78642       -8090.64122
  Mo      756   41.99563   40.69458   -0.00437    1.73576       -8090.63034
  Mo      757   42.02040   40.71935    0.02040    1.68829       -8090.58365
  Mo      758   42.05596   40.75491    0.05596    1.65475       -8090.56538
  Mo      759   41.97711   40.67605   -0.02289    1.74710       -8090.61924
  Mo      760   41.89751   40.59646   -0.10249    1.83071       -8090.67150
  Mo      761   42.21556   40.91451    0.21556    1.50027       -8090.48000
  Mo      762   42.00389   40.70284    0.00389    1.71623       -8090.60288
  Mo      763   42.01281   40.71175    0.01281    1.70804       -8090.59724
  Mo      764   42.17414   40.87309    0.17414    1.53736       -8090.49629
  Mo      765   42.07440   40.77335    0.07440    1.64499       -8090.55534
  Mo      766   42.04119   40.74013    0.04119    1.67950       -8090.58729
  Mo      767   42.06664   40.76559    0.06664    1.65041       -8090.55821
  Mo      768   42.09643   40.79537    0.09643    1.62307       -8090.55034
  Ta      769   72.79079   71.48974   -0.20921    1.74705      -31232.91528
  Ta      770   72.64175   71.34070   -0.35825    1.89495      -31233.00129
  Ta      771   72.63036   71.32931   -0.36964    1.90282      -31233.01132
  Ta      772   72.84878   71.54773   -0.15122    1.68567      -31232.86216
  Ta      773   72.76202   71.46096   -0.23798    1.76965      -31232.91772
  Ta      774   72.71145   71.41040   -0.28855    1.82241      -31232.96575
  Ta      775   72.62457   71.32352   -0.37543    1.91337      -31233.02469
  Ta      776   72.73246   71.43141   -0.26754    1.80352      -31232.94885
  Ta      777   72.71310   71.41204   -0.28690    1.81652      -31232.95762
  Ta      778   72.90451   71.60346   -0.09549    1.63077      -31232.83396
  Ta      779   72.77714   71.47609   -0.22286    1.75867      -31232.91544
  Ta      780   72.83531   71.53426   -0.16469    1.69573      -31232.87119
  Ta      781   72.92286   71.62180   -0.07714    1.61543      -31232.83063
  Ta      782   72.70518   71.40413   -0.29482    1.82397      -31232.95215
  Ta      783   72.71173   71.41067   -0.28827    1.82761      -31232.95877
  Ta      784   72.69164   71.39059   -0.30836    1.84546      -31232.96533
  Ta      785   72.78552   71.48447   -0.21448    1.75038      -31232.91296
  Ta      786   72.80782   71.50677   -0.19218    1.72498      -31232.87910
  Ta      787   72.85254   71.55148   -0.14746    1.68610      -31232.86684
  Ta      788   72.76271   71.46165   -0.23729    1.76814      -31232.91745
  Ta      789   72.77854   71.47749   -0.22146    1.75649      -31232.90830
  Ta      790   72.76481   71.46376   -0.23519    1.76956      -31232.92175
  Ta      791   72.72295   71.42190   -0.27705    1.80781      -31232.94390
  Ta      792   72.77918   71.47813   -0.22082    1.75455      -31232.91696
  Ta      793   72.62778   71.32673   -0.37222    1.90197      -31233.00782
  Ta      794   72.82592   71.52487   -0.17408    1.70806      -31232.89120
  Ta      795   72.87757   71.57652   -0.12243    1.65817      -31232.85005
  Ta      796   72.52559   71.22454   -0.47441    2.00083      -31233.08139
  Ta      797   72.64755   71.34650   -0.35245    1.88288      -31233.00032
  Ta      798   72.81858   71.51753   -0.18142    1.70512      -31232.87989
  Ta      799   72.80909   71.50804   -0.19091    1.72552      -31232.89142
  Ta      800   72.56736   71.26630   -0.43264    1.96598      -31233.03305
  Ta      801   72.80327   71.50222   -0.19673    1.73110      -31232.90175
  Ta      802   72.87496   71.57391   -0.12504    1.66036      -31232.84651
  Ta      803   72.83621   71.53516   -0.16379    1.70457      -31232.87786
  Ta      804   72.60921   71.30815   -0.39079    1.92273      -31233.02732
  Ta      805   72.80713   71.50607   -0.19287    1.72591      -31232.89892
  Ta      806   72.80092   71.49986   -0.19908    1.73176      -31232.90377
  Ta      807   72.85102   71.54996   -0.14898    1.68364      -31232.86178
  Ta      808   72.73543   71.43437   -0.26457    1.80143      -31232.95298
  Ta      809   72.74815   71.44710   -0.25185    1.78849      -31232.94381
  Ta      810   72.83001   71.52896   -0.16999    1.71698      -31232.89809
  Ta      811   72.79066   71.48961   -0.20934    1.74186      -31232.89742
  Ta      812   72.85294   71.55189   -0.14706    1.68609      -31232.86947
  Ta      813   72.85425   71.55319   -0.14575    1.68946      -31232.86879
  Ta      814   72.75102   71.44996   -0.24898    1.78880      -31232.93358
  Ta      815   72.77924   71.47819   -0.22076    1.75657      -31232.90961
  Ta      816   72.73333   71.43227   -0.26667    1.79144      -31232.93853
  Ta      817   72.76338   71.46233   -0.23662    1.76874      -31232.91851
  Ta      818   72.77981   71.47876   -0.22019    1.75858      -31232.92847
  Ta      819   72.82140   71.52034   -0.17860    1.71644      -31232.89791
  Ta      820   72.98188   71.68082   -0.01812    1.56224      -31232.78952
  Ta      821   72.54967   71.24861   -0.45033    1.98394      -31233.07618
  Ta      822   72.84870   71.54765   -0.15130    1.68904      -31232.87495
  Ta      823   72.78415   71.48310   -0.21585    1.74700      -31232.90924
  Ta      824   72.83906   71.53801   -0.16094    1.69819      -31232.87348
  Ta      825   72.64926   71.34821   -0.35074    1.88822      -31233.00223
  Ta      826   72.72853   71.42747   -0.27147    1.80824      -31232.95465
  Ta      827   72.59683   71.29577   -0.40317    1.93290      -31233.02542
  Ta      828   72.88153   71.58048   -0.11847    1.65334      -31232.84847
  Ta      829   72.65177   71.35071   -0.34823    1.88261      -31232.99355
  Ta      830   72.93573   71.63468   -0.06427    1.60470      -31232.82309
  Ta      831   72.69795   71.39690   -0.30205    1.83820      -31232.97089
  Ta      832   72.72026   71.41920   -0.27974    1.81552      -31232.94771
  Ta      833   72.69085   71.38979   -0.30915    1.84125      -31232.97845
  Ta      834   72.83962   71.53857   -0.16038    1.68951      -31232.86639
  Ta      835   72.57350   71.27245   -0.42650    1.96282      -31233.05003
  Ta      836   72.82627   71.52521   -0.17373    1.70986      -31232.88999
  Ta      837   72.62211   71.32106   -0.37789    1.91277      -31233.02270
  Ta      838   72.81427   71.51322   -0.18573    1.71593      -31232.87260
  Ta      839   72.74057   71.43952   -0.25943    1.79667      -31232.93539
  Ta      840   72.80944   71.50839   -0.19056    1.72099      -31232.88270
  Ta      841   72.63029   71.32924   -0.36971    1.90367      -31233.01705
  Ta      842   72.77538   71.47433   -0.22462    1.75952      -31232.91805
  Ta      843   72.64478   71.34372   -0.35522    1.88785      -31233.01010
  Ta      844   72.76706   71.46601   -0.23294    1.76751      -31232.90837
  Ta      845   72.81591   71.51486   -0.18409    1.71962      -31232.89770
  Ta      846   72.79280   71.49175   -0.20720    1.74487      -31232.90682
  Ta      847   72.47402   71.17297   -0.52598    2.05681      -31233.10440
  Ta      848   72.85046   71.54940   -0.14954    1.68336      -31232.87155
  Ta      849   72.87676   71.57571   -0.12324    1.65280      -31232.84102
  Ta      850   72.69618   71.39512   -0.30382    1.83620      -31232.96981
  Ta      851   72.75500   71.45395   -0.24500    1.77631      -31232.92132
  Ta      852   72.88009   71.57904   -0.11991    1.64639      -31232.84195
  Ta      853   72.74112   71.44007   -0.25888    1.79338      -31232.93727
  Ta      854   72.80057   71.49952   -0.19943    1.73819      -31232.90379
  Ta      855   72.59748   71.29643   -0.40252    1.92807      -31233.01791
  Ta      856   72.75689   71.45583   -0.24311    1.77325      -31232.93225
  Ta      857   72.65205   71.35099   -0.34795    1.87761      -31232.99615
  Ta      858   72.59760   71.29655   -0.40240    1.93557      -31233.02707
  Ta      859   72.76762   71.46656   -0.23238    1.75671      -31232.91752
  Ta      860   72.66123   71.36018   -0.33877    1.86388      -31232.98411
  Ta      861   72.57682   71.27576   -0.42318    1.95321      -31233.04363
  Ta      862   72.74542   71.44437   -0.25458    1.79493      -31232.94170
  Ta      863   72.68023   71.37917   -0.31977    1.85221      -31232.98508
  Ta      864   72.81821   71.51716   -0.18179    1.72201      -31232.89052
  Ta      865   72.90433   71.60328   -0.09567    1.62680      -31232.82146
  Ta      866   72.73754   71.43649   -0.26246    1.79392      -31232.92926
  Ta      867   72.77550   71.47444   -0.22450    1.75635      -31232.91173
  Ta      868   72.80690   71.50585   -0.19310    1.72445      -31232.89676
  Ta      869   72.88259   71.58153   -0.11741    1.65719      -31232.84183
  Ta      870   72.58479   71.28373   -0.41521    1.95499      -31233.05444
  Ta      871   72.60116   71.30011   -0.39884    1.93228      -31233.02879
  Ta      872   72.73106   71.43001   -0.26894    1.80191      -31232.95120
  Ta      873   72.71275   71.41169   -0.28725    1.81883      -31232.95455
  Ta      874   72.69375   71.39270   -0.30625    1.83535      -31232.96048
  Ta      875   72.95027   71.64921   -0.04973    1.58381      -31232.80477
  Ta      876   72.66868   71.36763   -0.33132    1.86270      -31232.97075
  Ta      877   72.72478   71.42373   -0.27522    1.81319      -31232.95562
  Ta      878   72.70473   71.40368   -0.29527    1.82434      -31232.96801
  Ta      879   72.64472   71.34366   -0.35528    1.88582      -31232.99858
  Ta      880   72.84385   71.54279   -0.15615    1.69505      -31232.87926
  Ta      881   72.87685   71.57580   -0.12315    1.65430      -31232.84286
  Ta      882   72.79466   71.49361   -0.20534    1.73861      -31232.91747
  Ta      883   72.75234   71.45129   -0.24766    1.78032      -31232.93799
  Ta      884   72.66796   71.36691   -0.33204    1.86782      -31232.98381
  Ta      885   72.76469   71.46363   -0.23531    1.76260      -31232.91855
  Ta      886   72.79720   71.49615   -0.20280    1.73677      -31232.90596
  Ta      887   72.68384   71.38279   -0.31616    1.84971      -31232.97331
  Ta      888   72.73284   71.43178   -0.26716    1.80202      -31232.93313
  Ta      889   72.77341   71.47236   -0.22659    1.76179      -31232.92427
  Ta      890   72.80030   71.49925   -0.19970    1.73553      -31232.89984
  Ta      891   72.90902   71.60796   -0.09098    1.62271      -31232.82157
  Ta      892   72.84378   71.54273   -0.15622    1.68100      -31232.86095
  Ta      893   72.64331   71.34225   -0.35669    1.88222      -31232.98851
  Ta      894   72.89755   71.59649   -0.10245    1.63598      -31232.82928
  Ta      895   72.81733   71.51627   -0.18267    1.71964      -31232.88412
  Ta      896   72.84949   71.54844   -0.15051    1.68394      -31232.85549
  Ta      897   72.66734   71.36629   -0.33266    1.86977      -31232.99512
  Ta      898   72.71403   71.41297   -0.28597    1.81079      -31232.94414
  Ta      899   72.79866   71.49760   -0.20134    1.73316      -31232.88940
  Ta      900   72.75632   71.45527   -0.24368    1.77153      -31232.91645
  Ta      901   72.75766   71.45661   -0.24234    1.77862      -31232.93433
  Ta      902   72.71580   71.41474   -0.28420    1.81417      -31232.95182
  Ta      903   72.65395   71.35290   -0.34605    1.87477      -31232.98756
  Ta      904   72.73409   71.43304   -0.26591    1.79934      -31232.94667
  Ta      905   72.76126   71.46021   -0.23874    1.76893      -31232.93215
  Ta      906   72.84025   71.53920   -0.15975    1.69136      -31232.86228
  Ta      907   72.69756   71.39651   -0.30244    1.82904      -31232.96803
  Ta      908   72.88777   71.58672   -0.11223    1.64489      -31232.82295
  Ta      909   72.70418   71.40313   -0.29582    1.82861      -31232.96121
  Ta      910   72.75295   71.45189   -0.24705    1.77456      -31232.92057
  Ta      911   72.70503   71.40398   -0.29497    1.82962      -31232.95934
  Ta      912   72.70361   71.40256   -0.29639    1.82208      -31232.93969
  Ta      913   72.81596   71.51490   -0.18404    1.72781      -31232.89654
  Ta      914   72.72989   71.42884   -0.27011    1.80456      -31232.95214
  Ta      915   72.84262   71.54157   -0.15738    1.69203      -31232.87461
  Ta      916   72.87639   71.57534   -0.12361    1.66494      -31232.85439
  Ta      917   72.82022   71.51916   -0.17978    1.71071      -31232.87821
  Ta      918   72.82199   71.52094   -0.17801    1.71553      -31232.89355
  Ta      919   72.86114   71.56009   -0.13886    1.67693      -31232.85852
  Ta      920   72.82303   71.52198   -0.17697    1.71709      -31232.88497
  Ta      921   72.50460   71.20355   -0.49540    2.02285      -31233.08481
  Ta      922   72.78934   71.48828   -0.21066    1.73910      -31232.89936
  Ta      923   72.71222   71.41117   -0.28778    1.81491      -31232.94810
  Ta      924   72.82371   71.52266   -0.17629    1.70195      -31232.86769
  Ta      925   72.76776   71.46671   -0.23224    1.76433      -31232.92998
  Ta      926   72.82718   71.52613   -0.17282    1.70505      -31232.88319
  Ta      927   72.75489   71.45384   -0.24511    1.77896      -31232.93237
  Ta      928   72.62682   71.32577   -0.37318    1.90270      -31233.01335
  Ta      929   72.85885   71.55780   -0.14115    1.67751      -31232.86180
  Ta      930   72.60286   71.30181   -0.39714    1.92575      -31233.02280
  Ta      931   72.83210   71.53104   -0.16790    1.70368      -31232.89063
  Ta      932   72.73973   71.43868   -0.26027    1.79380      -31232.93951
  Ta      933   72.82361   71.52256   -0.17639    1.70996      -31232.89004
  Ta      934   72.54906   71.24801   -0.45094    1.98271      -31233.05993
  Ta      935   72.74550   71.44444   -0.25450    1.79056      -31232.94254
  Ta      936   72.66974   71.36869   -0.33026    1.86416      -31232.99177
  Ta      937   72.71381   71.41276   -0.28619    1.81571      -31232.95355
  Ta      938   72.68290   71.38185   -0.31710    1.85395      -31232.96860
  Ta      939   72.59443   71.29338   -0.40557    1.93694      -31233.03662
  Ta      940   72.83630   71.53524   -0.16370    1.70408      -31232.88073
  Ta      941   72.70109   71.40004   -0.29891    1.83362      -31232.98035
  Ta      942   72.81451   71.51345   -0.18549    1.71844      -31232.88329
  Ta      943   72.65680   71.35574   -0.34320    1.87555      -31232.99621
  Ta      944   72.69396   71.39291   -0.30604    1.84296      -31232.96792
  Ta      945   72.69562   71.39456   -0.30438    1.83555      -31232.96645
  Ta      946   72.77882   71.47776   -0.22118    1.75647      -31232.91491
  Ta      947   72.89017   71.58912   -0.10983    1.64456      -31232.85608
  Ta      948   72.80283   71.50177   -0.19717    1.73309      -31232.89463
  Ta      949   72.71556   71.41450   -0.28444    1.81720      -31232.95913
  Ta      950   72.80170   71.50064   -0.19830    1.72919      -31232.89555
  Ta      951   72.77929   71.47824   -0.22071    1.75598      -31232.91343
  Ta      952   72.87013   71.56907   -0.12987    1.66788      -31232.86134
  Ta      953   72.85516   71.55411   -0.14484    1.68397      -31232.86351
  Ta      954   72.69385   71.39279   -0.30615    1.83137      -31232.95400
  Ta      955   72.65068   71.34963   -0.34932    1.87628      -31232.98965
  Ta      956   72.63571   71.33466   -0.36429    1.89635      -31233.01232
  Ta      957   72.74020   71.43915   -0.25980    1.79552      -31232.93934
  Ta      958   72.70653   71.40547   -0.29347    1.82876      -31232.96372
  Ta      959   72.76512   71.46407   -0.23488    1.76615      -31232.91736
  Ta      960   72.79937   71.49832   -0.20063    1.72734      -31232.89656
  Ta      961   72.64151   71.34046   -0.35849    1.89256      -31232.99826
  Ta      962   72.82948   71.52842   -0.17052    1.71012      -31232.89190
  Ta      963   72.67836   71.37731   -0.32164    1.85943      -31232.97989
  Ta      964   72.74049   71.43944   -0.25951    1.79412      -31232.94066
  Ta      965   72.67943   71.37837   -0.32057    1.85385      -31232.98313
  Ta      966   72.83932   71.53827   -0.16068    1.70244      -31232.87905
  Ta      967   72.76601   71.46495   -0.23399    1.75782      -31232.91116
  Ta      968   72.77332   71.47226   -0.22668    1.75229      -31232.90407
  Ta      969   72.77977   71.47872   -0.22023    1.75308      -31232.91201
  Ta      970   72.76149   71.46044   -0.23851    1.77151      -31232.92592
  Ta      971   72.63026   71.32921   -0.36974    1.90025      -31233.00192
  Ta      972   72.79141   71.49035   -0.20859    1.73881      -31232.90675
  Ta      973   72.75985   71.45879   -0.24015    1.77917      -31232.93366
  Ta      974   72.86454   71.56349   -0.13546    1.67162      -31232.85577
  Ta      975   72.83099   71.52993   -0.16901    1.70553      -31232.87285
  Ta      976   72.78754   71.48648   -0.21246    1.75061      -31232.91460
  Ta      977   72.76082   71.45977   -0.23918    1.77162      -31232.92023
  Ta      978   72.67683   71.37577   -0.32317    1.86282      -31232.98931
  Ta      979   72.74408   71.44303   -0.25592    1.79463      -31232.94031
  Ta      980   72.72335   71.42230   -0.27665    1.81493      -31232.94955
  Ta      981   72.67462   71.37357   -0.32538    1.85950      -31232.98770
  Ta      982   72.68383   71.38278   -0.31617    1.85541      -31232.97323
  Ta      983   72.83768   71.53663   -0.16232    1.69501      -31232.87262
  Ta      984   72.87101   71.56996   -0.12899    1.66897      -31232.86293
  Ta      985   72.81936   71.51830   -0.18064    1.71468      -31232.89091
  Ta      986   72.79918   71.49813   -0.20082    1.72771      -31232.88789
  Ta      987   72.72413   71.42308   -0.27587    1.81110      -31232.94444
  Ta      988   72.62909   71.32803   -0.37091    1.90097      -31233.00228
  Ta      989   72.60496   71.30391   -0.39504    1.92700      -31233.03076
  Ta      990   72.84015   71.53909   -0.15985    1.69554      -31232.87031
  Ta      991   72.71470   71.41365   -0.28530    1.82434      -31232.96426
  Ta      992   72.71278   71.41173   -0.28722    1.82591      -31232.96461
  Ta      993   72.84225   71.54120   -0.15775    1.69513      -31232.87133
  Ta      994   72.84032   71.53927   -0.15968    1.70002      -31232.88314
  Ta      995   72.68974   71.38869   -0.31026    1.84989      -31232.97898
  Ta      996   72.77900   71.47795   -0.22100    1.74905      -31232.91702
  Ta      997   72.70816   71.40710   -0.29184    1.82297      -31232.96789
  Ta      998   72.53393   71.23287   -0.46607    2.00027      -31233.07093
  Ta      999   72.73017   71.42912   -0.26983    1.80331      -31232.94265
  Ta     1000   72.80286   71.50181   -0.19714    1.73794      -31232.90156
  Ta     1001   72.83515   71.53410   -0.16485    1.70574      -31232.88216
  Ta     1002   72.76698   71.46593   -0.23302    1.77156      -31232.92809
  Ta     1003   72.66593   71.36487   -0.33407    1.87205      -31232.98765
  Ta     1004   72.68157   71.38052   -0.31843    1.85525      -31232.97799
  Ta     1005   72.71270   71.41165   -0.28730    1.82608      -31232.95855
  Ta     1006   72.74086   71.43981   -0.25914    1.78696      -31232.93774
  Ta     1007   72.78656   71.48551   -0.21344    1.74624      -31232.90589
  Ta     1008   72.75015   71.44909   -0.24985    1.78319      -31232.93887
  Ta     1009   72.67263   71.37157   -0.32737    1.85703      -31232.98509
  Ta     1010   72.71799   71.41694   -0.28201    1.81652      -31232.95479
  Ta     1011   72.69426   71.39321   -0.30574    1.84261      -31232.97380
  Ta     1012   72.71442   71.41337   -0.28558    1.82396      -31232.95434
  Ta     1013   72.76028   71.45922   -0.23972    1.77495      -31232.93177
  Ta     1014   72.61555   71.31450   -0.38445    1.91967      -31233.01621
  Ta     1015   72.84261   71.54155   -0.15739    1.69838      -31232.88180
  Ta     1016   72.67448   71.37343   -0.32552    1.85900      -31232.96801
  Ta     1017   72.66445   71.36340   -0.33555    1.86850      -31232.98890
  Ta     1018   72.74797   71.44692   -0.25203    1.78700      -31232.92591
  Ta     1019   72.78811   71.48706   -0.21189    1.75162      -31232.91894
  Ta     1020   72.79479   71.49374   -0.20521    1.73902      -31232.89773
  Ta     1021   72.74382   71.44277   -0.25618    1.79462      -31232.94993
  Ta     1022   72.80376   71.50271   -0.19624    1.73364      -31232.90203
  Ta     1023   72.85468   71.55363   -0.14532    1.67190      -31232.87119
  Ta     1024   72.84626   71.54521   -0.15374    1.68945      -31232.87883
  V      1025   23.26562   21.96457    0.26562    1.69574       -1895.31611
  V      1026   23.18180   21.88075    0.18180    1.77523       -1895.36081
  V      1027   23.41704   22.11598    0.41704    1.53017       -1895.21567
  V      1028   23.44372   22.14267    0.44372    1.49721       -1895.20631
  V      1029   23.54728   22.24623    0.54728    1.39608       -1895.15774
  V      1030   23.18218   21.88112    0.18218    1.78226       -1895.36012
  V      1031   23.53466   22.23361    0.53466    1.40996       -1895.15773
  V      1032   23.46320   22.16214    0.46320    1.48334       -1895.19608
  V      1033   23.45021   22.14916    0.45021    1.50046       -1895.20682
  V      1034   23.27208   21.97103    0.27208    1.67852       -1895.28880
  V      1035   23.38407   22.08302    0.38407    1.56557       -1895.25040
  V      1036   23.48616   22.18511    0.48616    1.45817       -1895.18750
  V      1037   23.39321   22.09216    0.39321    1.55741       -1895.24460
  V      1038   23.47745   22.17640    0.47745    1.47187       -1895.18799
  V      1039   23.35411   22.05306    0.35411    1.59674       -1895.26178
  V      1040   23.48696   22.18591    0.48696    1.46219       -1895.18361
  V      1041   23.34806   22.04701    0.34806    1.60065       -1895.25396
  V      1042   23.57182   22.27077    0.57182    1.37750       -1895.12820
  V      1043   23.32763   22.02658    0.32763    1.62337       -1895.27253
  V      1044   23.52531   22.22426    0.52531    1.41204       -1895.13847
  V      1045   23.34125   22.04020    0.34125    1.60500       -1895.23520
  V      1046   23.48866   22.18761    0.48866    1.45840       -1895.17334
  V      1047   23.53082   22.22976    0.53082    1.41807       -1895.16634
  V      1048   23.47574   22.17469    0.47574    1.46993       -1895.20095
  V      1049   23.44901   22.14796    0.44901    1.49403       -1895.20112
  V      1050   23.39501   22.09396    0.39501    1.55056       -1895.22176
  V      1051   23.37680   22.07575    0.37680    1.57086       -1895.23812
  V      1052   23.36994   22.06889    0.36994    1.57810       -1895.24812
  V      1053   23.48654   22.18549    0.48654    1.45927       -1895.17201
  V      1054   23.44668   22.14563    0.44668    1.49271       -1895.21007
  V      1055   23.40517   22.10412    0.40517    1.54859       -1895.23793
  V      1056   23.43912   22.13806    0.43912    1.50999       -1895.22112
  V      1057   23.41620   22.11515    0.41620    1.53514       -1895.23535
  V      1058   23.50058   22.19952    0.50058    1.44655       -1895.17529
  V      1059   23.50947   22.20842    0.50947    1.43570       -1895.17757
  V      1060   23.46338   22.16233    0.46338    1.48699       -1895.19376
  V      1061   23.51555   22.21450    0.51555    1.42354       -1895.14114
  V      1062   23.37644   22.07539    0.37644    1.57156       -1895.23671
  V      1063   23.50386   22.20281    0.50386    1.43963       -1895.17293
  V      1064   23.55569   22.25464    0.55569    1.38645       -1895.13046
  V      1065   23.53106   22.23001    0.53106    1.41619       -1895.16722
  V      1066   23.38168   22.08063    0.38168    1.56968       -1895.24064
  V      1067   23.44219   22.14114    0.44219    1.50279       -1895.21088
  V      1068   23.39728   22.09622    0.39728    1.54940       -1895.20713
  V      1069   23.41550   22.11444    0.41550    1.52819       -1895.23386
  V      1070   23.27177   21.97071    0.27177    1.68234       -1895.32052
  V      1071   23.51647   22.21541    0.51647    1.42626       -1895.14859
  V      1072   23.49043   22.18938    0.49043    1.45370       -1895.17358
  V      1073   23.51261   22.21156    0.51261    1.42899       -1895.16749
  V      1074   23.48420   22.18315    0.48420    1.46305       -1895.18438
  V      1075   23.45529   22.15424    0.45529    1.49426       -1895.21430
  V      1076   23.48617   22.18512    0.48617    1.46262       -1895.18614
  V      1077   23.32708   22.02602    0.32708    1.62733       -1895.26602
  V      1078   23.39174   22.09069    0.39174    1.55564       -1895.23968
  V      1079   23.26757   21.96652    0.26757    1.69147       -1895.31706
  V      1080   23.50681   22.20576    0.50681    1.43430       -1895.16286
  V      1081   23.48134   22.18028    0.48134    1.45941       -1895.19169
  V      1082   23.41064   22.10958    0.41064    1.53524       -1895.20955
  V      1083   23.39984   22.09878    0.39984    1.54941       -1895.23155
  V      1084   23.36273   22.06168    0.36273    1.58707       -1895.25512
  V      1085   23.34504   22.04398    0.34504    1.60347       -1895.27082
  V      1086   23.47498   22.17393    0.47498    1.47062       -1895.19961
  V      1087   23.36987   22.06881    0.36987    1.58214       -1895.24766
  V      1088   23.51959   22.21854    0.51959    1.42357       -1895.17181
  V      1089   23.34720   22.04615    0.34720    1.60543       -1895.27057
  V      1090   23.52159   22.22054    0.52159    1.42486       -1895.17152
  V      1091   23.51576   22.21471    0.51576    1.42711       -1895.16623
  V      1092   23.39414   22.09308    0.39414    1.55694       -1895.24227
  V      1093   23.41932   22.11827    0.41932    1.52578       -1895.21179
  V      1094   23.48133   22.18028    0.48133    1.46792       -1895.19141
  V      1095   23.50008   22.19903    0.50008    1.43843       -1895.17394
  V      1096   23.43235   22.13130    0.43235    1.51151       -1895.21230
  V      1097   23.37171   22.07065    0.37171    1.57660       -1895.24634
  V      1098   23.51586   22.21481    0.51586    1.42859       -1895.15107
  V      1099   23.55347   22.25242    0.55347    1.38473       -1895.14843
  V      1100   23.41036   22.10931    0.41036    1.53951       -1895.23489
  V      1101   23.51220   22.21115    0.51220    1.43324       -1895.18037
  V      1102   23.45669   22.15563    0.45669    1.49326       -1895.20385
  V      1103   23.46292   22.16187    0.46292    1.48493       -1895.20012
  V      1104   23.47350   22.17245    0.47350    1.47620       -1895.19063
  V      1105   23.51993   22.21888    0.51993    1.42470       -1895.16856
  V      1106   23.22898   21.92793    0.22898    1.72567       -1895.30647
  V      1107   23.50815   22.20710    0.50815    1.43398       -1895.19354
  V      1108   23.42883   22.12778    0.42883    1.51939       -1895.22458
  V      1109   23.51251   22.21145    0.51251    1.43677       -1895.17395
  V      1110   23.32108   22.02002    0.32108    1.63085       -1895.26380
  V      1111   23.54931   22.24826    0.54931    1.39800       -1895.15066
  V      1112   23.49899   22.19794    0.49899    1.44974       -1895.18159
  V      1113   23.50721   22.20616    0.50721    1.44029       -1895.16826
  V      1114   23.38549   22.08444    0.38549    1.56597       -1895.25980
  V      1115   23.39893   22.09788    0.39893    1.54924       -1895.21515
  V      1116   23.36421   22.06316    0.36421    1.58260       -1895.23128
  V      1117   23.38619   22.08514    0.38619    1.56685       -1895.25692
  V      1118   23.41813   22.11707    0.41813    1.53105       -1895.22496
  V      1119   23.34017   22.03912    0.34017    1.61261       -1895.27696
  V      1120   23.37910   22.07804    0.37910    1.57263       -1895.25982
  V      1121   23.39324   22.09218    0.39324    1.55554       -1895.21956
  V      1122   23.48044   22.17939    0.48044    1.46192       -1895.19301
  V      1123   23.44454   22.14349    0.44454    1.50409       -1895.20776
  V      1124   23.47555   22.17450    0.47555    1.46590       -1895.19228
  V      1125   23.47251   22.17145    0.47251    1.46659       -1895.16971
  V      1126   23.46696   22.16590    0.46696    1.47622       -1895.19034
  V      1127   23.45121   22.15016    0.45121    1.49481       -1895.22373
  V      1128   23.37188   22.07082    0.37188    1.58213       -1895.26060
  V      1129   23.55625   22.25520    0.55625    1.38865       -1895.14805
  V      1130   23.49437   22.19331    0.49437    1.45338       -1895.17583
  V      1131   23.57181   22.27075    0.57181    1.36388       -1895.12024
  V      1132   23.41761   22.11656    0.41761    1.52303       -1895.18957
  V      1133   23.44097   22.13992    0.44097    1.49990       -1895.20802
  V      1134   23.35320   22.05215    0.35320    1.60638       -1895.27385
  V      1135   23.43401   22.13295    0.43401    1.51716       -1895.21000
  V      1136   23.30511   22.00406    0.30511    1.64441       -1895.25581
  V      1137   23.43858   22.13753    0.43858    1.50905       -1895.21990
  V      1138   23.52435   22.22330    0.52435    1.42242       -1895.17288
  V      1139   23.44426   22.14321    0.44426    1.50012       -1895.20716
  V      1140   23.41480   22.11375    0.41480    1.53544       -1895.21685
  V      1141   23.40572   22.10467    0.40572    1.54386       -1895.22899
  V      1142   23.42869   22.12764    0.42869    1.51602       -1895.22172
  V      1143   23.37135   22.07030    0.37135    1.57296       -1895.22892
  V      1144   23.39905   22.09799    0.39905    1.55386       -1895.22088
  V      1145   23.40862   22.10756    0.40862    1.54130       -1895.23508
  V      1146   23.53379   22.23274    0.53379    1.41186       -1895.16789
  V      1147   23.34431   22.04325    0.34431    1.61047       -1895.26775
  V      1148   23.37351   22.07246    0.37351    1.57202       -1895.24200
  V      1149   23.43358   22.13253    0.43358    1.50646       -1895.22328
  V      1150   23.53364   22.23259    0.53364    1.41182       -1895.15198
  V      1151   23.49830   22.19724    0.49830    1.44007       -1895.17514
  V      1152   23.53389   22.23284    0.53389    1.41262       -1895.13566
  V      1153   23.56122   22.26017    0.56122    1.38115       -1895.14184
  V      1154   23.43010   22.12905    0.43010    1.51605       -1895.21357
  V      1155   23.53164   22.23059    0.53164    1.41096       -1895.15586
  V      1156   23.43861   22.13755    0.43861    1.51035       -1895.21271
  V      1157   23.43675   22.13570    0.43675    1.51690       -1895.21800
  V      1158   23.60848   22.30743    0.60848    1.32946       -1895.10306
  V      1159   23.50403   22.20298    0.50403    1.43923       -1895.16860
  V      1160   23.59928   22.29823    0.59928    1.34391       -1895.10945
  V      1161   23.45520   22.15415    0.45520    1.48848       -1895.20056
  V      1162   23.56440   22.26334    0.56440    1.38212       -1895.15079
  V      1163   23.52114   22.22009    0.52114    1.42414       -1895.16999
  V      1164   23.51104   22.20999    0.51104    1.42989       -1895.16322
  V      1165   23.34799   22.04694    0.34799    1.59790       -1895.23735
  V      1166   23.32518   22.02413    0.32518    1.62417       -1895.26575
  V      1167   23.38317   22.08212    0.38317    1.56833       -1895.24664
  V      1168   23.37628   22.07522    0.37628    1.57742       -1895.25430
  V      1169   23.32221   22.02116    0.32221    1.63637       -1895.28255
  V      1170   23.31410   22.01305    0.31410    1.63646       -1895.27838
  V      1171   23.45040   22.14935    0.45040    1.49619       -1895.19348
  V      1172   23.48107   22.18002    0.48107    1.45848       -1895.17410
  V      1173   23.56025   22.25920    0.56025    1.37951       -1895.14036
  V      1174   23.50456   22.20351    0.50456    1.43730       -1895.17701
  V      1175   23.47692   22.17587    0.47692    1.47126       -1895.19307
  V      1176   23.34307   22.04201    0.34307    1.60919       -1895.27599
  V      1177   23.51385   22.21280    0.51385    1.43096       -1895.16171
  V      1178   23.52754   22.22648    0.52754    1.42345       -1895.18330
  V      1179   23.50761   22.20655    0.50761    1.43683       -1895.17579
  V      1180   23.55701   22.25595    0.55701    1.38055       -1895.13779
  V      1181   23.30982   22.00877    0.30982    1.64842       -1895.29843
  V      1182   23.43275   22.13170    0.43275    1.51440       -1895.22117
  V      1183   23.37572   22.07467    0.37572    1.57737       -1895.25121
  V      1184   23.49165   22.19059    0.49165    1.45352       -1895.17820
  V      1185   23.42670   22.12565    0.42670    1.52272       -1895.21788
  V      1186   23.35758   22.05653    0.35758    1.59452       -1895.25199
  V      1187   23.38764   22.08659    0.38764    1.55427       -1895.23017
  V      1188   23.40387   22.10282    0.40387    1.54959       -1895.21822
  V      1189   23.49600   22.19495    0.49600    1.44786       -1895.16748
  V      1190   23.37191   22.07086    0.37191    1.57757       -1895.23323
  V      1191   23.53736   22.23631    0.53736    1.41148       -1895.15776
  V      1192   23.37638   22.07533    0.37638    1.57311       -1895.24822
  V      1193   23.40634   22.10529    0.40634    1.54213       -1895.22111
  V      1194   23.41170   22.11065    0.41170    1.53414       -1895.20724
  V      1195   23.42792   22.12687    0.42792    1.52157       -1895.20804
  V      1196   23.27992   21.97887    0.27992    1.67832       -1895.30915
  V      1197   23.49648   22.19542    0.49648    1.44936       -1895.18448
  V      1198   23.33682   22.03577    0.33682    1.61831       -1895.28311
  V      1199   23.37350   22.07245    0.37350    1.57724       -1895.26235
  V      1200   23.39774   22.09668    0.39774    1.55160       -1895.22418
  V      1201   23.51879   22.21774    0.51879    1.42706       -1895.17201
  V      1202   23.43386   22.13281    0.43386    1.51414       -1895.21826
  V      1203   23.49608   22.19502    0.49608    1.45074       -1895.18792
  V      1204   23.52962   22.22857    0.52962    1.41356       -1895.15734
  V      1205   23.44761   22.14656    0.44761    1.49430       -1895.20031
  V      1206   23.40906   22.10801    0.40906    1.53722       -1895.23324
  V      1207   23.55179   22.25074    0.55179    1.38368       -1895.13150
  V      1208   23.37438   22.07332    0.37438    1.57803       -1895.25852
  V      1209   23.28530   21.98425    0.28530    1.67067       -1895.30163
  V      1210   23.42865   22.12759    0.42865    1.52426       -1895.22448
  V      1211   23.47516   22.17410    0.47516    1.47176       -1895.19755
  V      1212   23.59089   22.28983    0.59089    1.34419       -1895.12141
  V      1213   23.26605   21.96499    0.26605    1.68869       -1895.33172
  V      1214   23.48801   22.18696    0.48801    1.45691       -1895.17586
  V      1215   23.36807   22.06702    0.36807    1.57617       -1895.22589
  V      1216   23.51402   22.21297    0.51402    1.43015       -1895.17373
  V      1217   23.53461   22.23355    0.53461    1.40740       -1895.14615
  V      1218   23.41316   22.11211    0.41316    1.52912       -1895.22291
  V      1219   23.37635   22.07529    0.37635    1.56813       -1895.23979
  V      1220   23.52250   22.22145    0.52250    1.41900       -1895.15064
  V      1221   23.43319   22.13213    0.43319    1.51219       -1895.21080
  V      1222   23.39683   22.09578    0.39683    1.55869       -1895.23791
  V      1223   23.39058   22.08953    0.39058    1.55115       -1895.23759
  V      1224   23.34370   22.04265    0.34370    1.61007       -1895.26387
  V      1225   23.37132   22.07026    0.37132    1.58378       -1895.26378
  V      1226   23.41458   22.11353    0.41458    1.53413       -1895.22567
  V      1227   23.54063   22.23958    0.54063    1.40262       -1895.15635
  V      1228   23.45960   22.15854    0.45960    1.48731       -1895.19787
  V      1229   23.35117   22.05011    0.35117    1.59740       -1895.24887
  V      1230   23.16356   21.86250    0.16356    1.79452       -1895.38452
  V      1231   23.35122   22.05017    0.35122    1.60408       -1895.26604
  V      1232   23.48220   22.18115    0.48220    1.46684       -1895.19355
  V      1233   23.41972   22.11867    0.41972    1.53025       -1895.23168
  V      1234   23.30220   22.00115    0.30220    1.65213       -1895.30201
  V      1235   23.44905   22.14800    0.44905    1.49549       -1895.20776
  V      1236   23.33329   22.03223    0.33329    1.62312       -1895.28849
  V      1237   23.44297   22.14192    0.44297    1.50406       -1895.21536
  V      1238   23.40766   22.10661    0.40766    1.54164       -1895.22094
  V      1239   23.60161   22.30056    0.60161    1.34008       -1895.11215
  V      1240   23.38046   22.07941    0.38046    1.56969       -1895.25425
  V      1241   23.53750   22.23645    0.53750    1.40616       -1895.14778
  V      1242   23.50638   22.20533    0.50638    1.43611       -1895.17168
  V      1243   23.43307   22.13202    0.43307    1.51301       -1895.23023
  V      1244   23.24281   21.94175    0.24281    1.71629       -1895.32727
  V      1245   23.35849   22.05743    0.35849    1.59208       -1895.26292
  V      1246   23.29108   21.99002    0.29108    1.65943       -1895.29107
  V      1247   23.43187   22.13082    0.43187    1.51663       -1895.22601
  V      1248   23.41408   22.11303    0.41408    1.53877       -1895.23537
  V      1249   23.48060   22.17954    0.48060    1.46832       -1895.19410
  V      1250   23.25683   21.95577    0.25683    1.70565       -1895.32471
  V      1251   23.46100   22.15995    0.46100    1.48567       -1895.19783
  V      1252   23.53903   22.23798    0.53903    1.40670       -1895.15641
  V      1253   23.33206   22.03101    0.33206    1.61991       -1895.28287
  V      1254   23.37232   22.07127    0.37232    1.58257       -1895.25086
  V      1255   23.38667   22.08562    0.38667    1.55706       -1895.21790
  V      1256   23.36412   22.06307    0.36412    1.58366       -1895.23572
  V      1257   23.46180   22.16075    0.46180    1.48641       -1895.20969
  V      1258   23.34608   22.04503    0.34608    1.60683       -1895.26323
  V      1259   23.44200   22.14094    0.44200    1.50675       -1895.21823
  V      1260   23.47432   22.17327    0.47432    1.47860       -1895.19681
  V      1261   23.51218   22.21113    0.51218    1.43222       -1895.17554
  V      1262   23.57584   22.27479    0.57584    1.36212       -1895.12766
  V      1263   23.45649   22.15544    0.45649    1.49667       -1895.21204
  V      1264   23.54550   22.24445    0.54550    1.39216       -1895.13614
  V      1265   23.49984   22.19879    0.49984    1.44116       -1895.19394
  V      1266   23.46788   22.16683    0.46788    1.48400       -1895.19911
  V      1267   23.40481   22.10375    0.40481    1.54906       -1895.24373
  V      1268   23.42322   22.12217    0.42322    1.52518       -1895.21570
  V      1269   23.51211   22.21106    0.51211    1.43043       -1895.14787
  V      1270   23.39835   22.09729    0.39835    1.55777       -1895.24215
  V      1271   23.29907   21.99802    0.29907    1.65466       -1895.28368
  V      1272   23.45777   22.15671    0.45777    1.48589       -1895.19952
  V      1273   23.44910   22.14805    0.44910    1.49520       -1895.19300
  V      1274   23.46618   22.16513    0.46618    1.47890       -1895.19547
  V      1275   23.43009   22.12904    0.43009    1.51740       -1895.22382
  V      1276   23.37388   22.07283    0.37388    1.57241       -1895.24758
  V      1277   23.57426   22.27321    0.57426    1.36452       -1895.13518
  V      1278   23.54348   22.24242    0.54348    1.40106       -1895.14966
  V      1279   23.56157   22.26052    0.56157    1.38140       -1895.15171
  V      1280   23.39056   22.08950    0.39056    1.55443       -1895.24093
