System Description            : WNbMoTaTi, BCC structure                        
Number of Atoms in Unit Cell  : 320                                             
Number of Atomic Species      : 5                                               
Number of Atoms in Each Type  : 64(W), 64(Nb), 64(Mo), 64(Ta), 64(Ti)           
Energy Offset                 : -16193                                          
=======================================================================================
    Iter     Energy      3PV     Efermi   Rms_rho    Rms_pot   Mix  Alg  Alpha 
---------------------------------------------------------------------------------------
**       1  -0.749564  1839.839  0.54211  0.140E+01  0.202E+00  pot  B   0.1000
         2  -0.179717  1817.358  0.57511  0.791E-02  0.176E+01  pot  B   0.1000
         3  -1.082641  1815.525  0.57649  0.307E-02  0.244E+00  pot  B   0.1000
         4  -1.116800  1797.577  0.58934  0.639E-02  0.908E+00  pot  B   0.1000
         5  -1.220690  1783.077  0.60032  0.488E-02  0.779E+00  pot  B   0.1000
         6  -1.349138  1775.259  0.60649  0.279E-02  0.529E+00  pot  B   0.1000
         7  -1.470153  1760.096  0.61617  0.515E-02  0.317E+00  pot  B   0.1000
         8  -1.525547  1743.863  0.62751  0.562E-02  0.257E+00  pot  B   0.1000
         9  -1.557076  1733.327  0.63607  0.383E-02  0.108E+00  pot  B   0.1000
        10  -1.565200  1729.013  0.63944  0.177E-02  0.130E+00  pot  B   0.1000
        11  -1.576175  1725.367  0.64250  0.176E-02  0.102E+00  pot  B   0.1000
        12  -1.587606  1720.245  0.64616  0.265E-02  0.753E-01  pot  B   0.1000
        13  -1.597742  1714.294  0.65025  0.317E-02  0.682E-01  pot  B   0.1000
        14  -1.597785  1713.924  0.65066  0.793E-03  0.128E+00  pot  B   0.1000
        15  -1.603021  1707.117  0.65550  0.292E-02  0.531E-01  pot  B   0.1000
        16  -1.604025  1707.009  0.65620  0.775E-03  0.170E-01  pot  B   0.1000
        17  -1.604105  1706.363  0.65699  0.298E-03  0.125E-01  pot  B   0.1000
        18  -1.604184  1706.281  0.65739  0.125E-03  0.880E-02  pot  B   0.1000
        19  -1.604272  1706.488  0.65782  0.145E-03  0.115E-01  pot  B   0.1000
        20  -1.604314  1706.356  0.65835  0.153E-03  0.132E-01  pot  B   0.1000
        21  -1.604385  1706.364  0.65912  0.151E-03  0.877E-02  pot  B   0.1000
        22  -1.604412  1706.372  0.65957  0.101E-03  0.124E-01  pot  B   0.1000
        23  -1.604461  1706.533  0.66015  0.104E-03  0.843E-02  pot  B   0.1000
        24  -1.604479  1706.394  0.66059  0.121E-03  0.564E-02  pot  B   0.1000
        25  -1.604491  1706.379  0.66089  0.534E-04  0.416E-02  pot  B   0.1000
        26  -1.604503  1706.399  0.66113  0.386E-04  0.213E-02  pot  B   0.1000
        27  -1.604491  1706.350  0.66122  0.237E-04  0.835E-02  pot  B   0.1000
        28  -1.604507  1706.352  0.66132  0.237E-04  0.197E-02  pot  B   0.1000
        29  -1.604510  1706.331  0.66144  0.205E-04  0.170E-02  pot  B   0.1000
        30  -1.604512  1706.319  0.66151  0.154E-04  0.175E-02  pot  B   0.1000
        31  -1.604514  1706.302  0.66160  0.156E-04  0.128E-02  pot  B   0.1000
        32  -1.604514  1706.293  0.66163  0.557E-05  0.154E-02  pot  B   0.1000
        33  -1.604516  1706.275  0.66169  0.111E-04  0.725E-03  pot  B   0.1000
        34  -1.604516  1706.265  0.66173  0.816E-05  0.135E-02  pot  B   0.1000
        35  -1.604516  1706.256  0.66177  0.599E-05  0.784E-03  pot  B   0.1000
        36  -1.604517  1706.250  0.66179  0.622E-05  0.123E-02  pot  B   0.1000
        37  -1.604517  1706.241  0.66182  0.710E-05  0.564E-03  pot  B   0.1000
        38  -1.604518  1706.229  0.66186  0.695E-05  0.353E-03  pot  B   0.1000
        39  -1.604518  1706.221  0.66187  0.493E-05  0.464E-03  pot  B   0.1000
        40  -1.604518  1706.222  0.66188  0.299E-05  0.688E-03  pot  B   0.1000
        41  -1.604518  1706.214  0.66190  0.464E-05  0.287E-03  pot  B   0.1000
        42  -1.604518  1706.211  0.66190  0.226E-05  0.227E-03  pot  B   0.1000
        43  -1.604518  1706.209  0.66191  0.255E-05  0.162E-03  pot  B   0.1000
        44  -1.604518  1706.207  0.66191  0.113E-05  0.254E-03  pot  B   0.1000
        45  -1.604518  1706.205  0.66191  0.108E-05  0.102E-03  pot  B   0.1000
        46  -1.604518  1706.205  0.66191  0.666E-06  0.136E-03  pot  B   0.1000
        47  -1.604518  1706.204  0.66191  0.659E-06  0.135E-03  pot  B   0.1000
        48  -1.604518  1706.203  0.66191  0.810E-06  0.226E-03  pot  B   0.1000
        49  -1.604518  1706.202  0.66191  0.672E-06  0.853E-04  pot  B   0.1000
        50  -1.604517  1706.202  0.66191  0.472E-06  0.525E-04  pot  B   0.1000
        51  -1.604517  1706.201  0.66191  0.565E-06  0.487E-04  pot  B   0.1000
        52  -1.604517  1706.201  0.66191  0.383E-06  0.910E-04  pot  B   0.1000
        53  -1.604517  1706.200  0.66191  0.445E-06  0.455E-04  pot  B   0.1000
        54  -1.604517  1706.200  0.66191  0.597E-06  0.558E-04  pot  B   0.1000
        55  -1.604517  1706.200  0.66191  0.423E-06  0.381E-04  pot  B   0.1000
        56  -1.604517  1706.200  0.66191  0.490E-06  0.370E-04  pot  B   0.1000
        57  -1.604517  1706.200  0.66191  0.294E-06  0.322E-04  pot  B   0.1000
        58  -1.604517  1706.200  0.66191  0.341E-06  0.247E-04  pot  B   0.1000
        59  -1.604517  1706.200  0.66191  0.242E-06  0.325E-04  pot  B   0.1000
        60  -1.604517  1706.200  0.66190  0.365E-06  0.501E-04  pot  B   0.1000
        61  -1.604517  1706.200  0.66190  0.150E-06  0.308E-04  pot  B   0.1000
        62  -1.604517  1706.200  0.66190  0.223E-06  0.159E-04  pot  B   0.1000
        63  -1.604517  1706.200  0.66190  0.301E-06  0.103E-04  pot  B   0.1000
        64  -1.604517  1706.201  0.66190  0.115E-06  0.281E-04  pot  B   0.1000
        65  -1.604517  1706.201  0.66190  0.172E-06  0.145E-04  pot  B   0.1000
        66  -1.604517  1706.201  0.66190  0.177E-06  0.145E-04  pot  B   0.1000
        67  -1.604517  1706.201  0.66190  0.119E-06  0.946E-05  pot  B   0.1000
        68  -1.604517  1706.201  0.66190  0.161E-06  0.741E-05  pot  B   0.1000
        69  -1.604517  1706.202  0.66190  0.864E-07  0.911E-05  pot  B   0.1000
        70  -1.604517  1706.202  0.66190  0.117E-06  0.578E-05  pot  B   0.1000
        71  -1.604517  1706.202  0.66190  0.827E-07  0.944E-05  pot  B   0.1000
        72  -1.604517  1706.202  0.66190  0.121E-06  0.115E-04  pot  B   0.1000
        73  -1.604517  1706.202  0.66190  0.399E-07  0.105E-04  pot  B   0.1000
        74  -1.604517  1706.202  0.66190  0.574E-07  0.552E-05  pot  B   0.1000
        75  -1.604517  1706.203  0.66190  0.104E-06  0.374E-05  pot  B   0.1000
        76  -1.604517  1706.203  0.66190  0.404E-07  0.809E-05  pot  B   0.1000
        77  -1.604517  1706.203  0.66190  0.402E-07  0.530E-05  pot  B   0.1000
        78  -1.604517  1706.203  0.66190  0.510E-07  0.419E-05  pot  B   0.1000
        79  -1.604517  1706.203  0.66190  0.246E-07  0.346E-05  pot  B   0.1000
        80  -1.604517  1706.203  0.66190  0.302E-07  0.195E-05  pot  B   0.1000
        81  -1.604517  1706.203  0.66190  0.196E-07  0.259E-05  pot  B   0.1000
        82  -1.604517  1706.203  0.66190  0.242E-07  0.181E-05  pot  B   0.1000
        83  -1.604517  1706.203  0.66190  0.131E-07  0.232E-05  pot  B   0.1000
        84  -1.604517  1706.203  0.66190  0.202E-07  0.285E-05  pot  B   0.1000
        85  -1.604517  1706.203  0.66190  0.127E-07  0.305E-05  pot  B   0.1000
        86  -1.604517  1706.203  0.66190  0.166E-07  0.161E-05  pot  B   0.1000
        87  -1.604517  1706.203  0.66190  0.171E-07  0.116E-05  pot  B   0.1000
        88  -1.604517  1706.203  0.66190  0.252E-07  0.229E-05  pot  B   0.1000
        89  -1.604517  1706.203  0.66190  0.128E-07  0.172E-05  pot  B   0.1000
        90  -1.604517  1706.203  0.66190  0.205E-07  0.108E-05  pot  B   0.1000
        91  -1.604517  1706.203  0.66190  0.128E-07  0.127E-05  pot  B   0.1000
        92  -1.604517  1706.203  0.66190  0.146E-07  0.726E-06  pot  B   0.1000
        93  -1.604517  1706.203  0.66190  0.142E-07  0.662E-06  pot  B   0.1000
        94  -1.604517  1706.203  0.66190  0.159E-07  0.662E-06  pot  B   0.1000
        95  -1.604517  1706.203  0.66190  0.742E-08  0.731E-06  pot  B   0.1000
        96  -1.604517  1706.203  0.66190  0.120E-07  0.857E-06  pot  B   0.1000
        97  -1.604517  1706.203  0.66190  0.639E-08  0.973E-06  pot  B   0.1000
        98  -1.604517  1706.203  0.66190  0.904E-08  0.541E-06  pot  B   0.1000
        99  -1.604517  1706.203  0.66190  0.884E-08  0.440E-06  pot  B   0.1000
       100  -1.604517  1706.203  0.66190  0.147E-07  0.598E-06  pot  B   0.1000
       101  -1.604517  1706.203  0.66190  0.588E-08  0.869E-06  pot  B   0.1000
       102  -1.604517  1706.203  0.66190  0.111E-07  0.577E-06  pot  B   0.1000
       103  -1.604517  1706.203  0.66190  0.663E-08  0.504E-06  pot  B   0.1000
       104  -1.604517  1706.203  0.66190  0.439E-08  0.262E-06  pot  B   0.1000
       105  -1.604517  1706.203  0.66190  0.384E-08  0.248E-06  pot  B   0.1000
       106  -1.604517  1706.203  0.66190  0.351E-08  0.259E-06  pot  B   0.1000
       107  -1.604517  1706.203  0.66190  0.188E-08  0.243E-06  pot  B   0.1000
       108  -1.604517  1706.203  0.66190  0.195E-08  0.272E-06  pot  B   0.1000
       109  -1.604517  1706.203  0.66190  0.148E-08  0.348E-06  pot  B   0.1000
       110  -1.604517  1706.203  0.66190  0.156E-08  0.193E-06  pot  B   0.1000
       111  -1.604517  1706.203  0.66190  0.102E-08  0.158E-06  pot  B   0.1000
       112  -1.604517  1706.203  0.66190  0.215E-08  0.187E-06  pot  B   0.1000
       113  -1.604517  1706.203  0.66190  0.108E-08  0.302E-06  pot  B   0.1000
       114  -1.604517  1706.203  0.66190  0.104E-08  0.173E-06  pot  B   0.1000
       115  -1.604517  1706.203  0.66190  0.170E-08  0.134E-06  pot  B   0.1000
       116  -1.604517  1706.203  0.66190  0.620E-09  0.937E-07  pot  B   0.1000
       117  -1.604517  1706.203  0.66190  0.100E-08  0.995E-07  pot  B   0.1000
       118  -1.604517  1706.203  0.66190  0.103E-08  0.827E-07  pot  B   0.1000
       119  -1.604517  1706.203  0.66190  0.108E-08  0.833E-07  pot  B   0.1000
       120  -1.604517  1706.203  0.66190  0.882E-09  0.829E-07  pot  B   0.1000
       121  -1.604517  1706.203  0.66190  0.800E-09  0.123E-06  pot  B   0.1000
       122  -1.604517  1706.203  0.66190  0.112E-08  0.647E-07  pot  B   0.1000
       123  -1.604517  1706.203  0.66190  0.608E-09  0.662E-07  pot  B   0.1000
       124  -1.604517  1706.203  0.66190  0.199E-08  0.635E-07  pot  B   0.1000
       125  -1.604517  1706.203  0.66190  0.812E-09  0.118E-06  pot  B   0.1000
       126  -1.604517  1706.203  0.66190  0.453E-09  0.111E-06  pot  B   0.1000
       127  -1.604517  1706.203  0.66190  0.154E-08  0.493E-07  pot  B   0.1000
       128  -1.604517  1706.203  0.66190  0.781E-09  0.428E-07  pot  B   0.1000
       129  -1.604517  1706.203  0.66190  0.643E-09  0.460E-07  pot  B   0.1000
       130  -1.604517  1706.203  0.66190  0.631E-09  0.395E-07  pot  B   0.1000
       131  -1.604517  1706.203  0.66190  0.532E-09  0.356E-07  pot  B   0.1000
       132  -1.604517  1706.203  0.66190  0.320E-09  0.302E-07  pot  B   0.1000
       133  -1.604517  1706.203  0.66190  0.309E-09  0.473E-07  pot  B   0.1000
       134  -1.604517  1706.203  0.66190  0.352E-09  0.239E-07  pot  B   0.1000
       135  -1.604517  1706.203  0.66190  0.155E-09  0.278E-07  pot  B   0.1000
       136  -1.604517  1706.203  0.66190  0.508E-09  0.201E-07  pot  B   0.1000
       137  -1.604517  1706.203  0.66190  0.237E-09  0.299E-07  pot  B   0.1000
       138  -1.604517  1706.203  0.66190  0.131E-09  0.381E-07  pot  B   0.1000
       139  -1.604517  1706.203  0.66190  0.285E-09  0.177E-07  pot  B   0.1000
       140  -1.604517  1706.203  0.66190  0.106E-09  0.149E-07  pot  B   0.1000
       141  -1.604517  1706.203  0.66190  0.866E-10  0.142E-07  pot  B   0.1000
       142  -1.604517  1706.203  0.66190  0.775E-10  0.134E-07  pot  B   0.1000
       143  -1.604517  1706.203  0.66190  0.704E-10  0.104E-07  pot  B   0.1000
       144  -1.604517  1706.203  0.66190  0.580E-10  0.104E-07  pot  B   0.1000
       145  -1.604517  1706.203  0.66190  0.615E-10  0.156E-07  pot  B   0.1000
       146  -1.604517  1706.203  0.66190  0.690E-10  0.803E-08  pot  B   0.1000
**     147  -1.604517  1706.203  0.66190  0.420E-11  0.803E-08  pot  B   0.1000
**     148  -1.604517  1706.203  0.66190  0.420E-11  0.803E-08  pot  B   0.1000
