 Atom   Index      Q          Qmt        dQ        Vmad        Local Energy
  W         1   73.87213   72.56786   -0.12787    1.75341      -32312.53296
  W         2   73.84515   72.54089   -0.15485    1.77012      -32312.53848
  W         3   73.93190   72.62764   -0.06810    1.68518      -32312.48693
  W         4   73.84075   72.53649   -0.15925    1.77639      -32312.54639
  W         5   73.90370   72.59944   -0.09630    1.71987      -32312.51229
  W         6   73.91013   72.60587   -0.08987    1.70592      -32312.49212
  W         7   73.96119   72.65693   -0.03881    1.65092      -32312.45888
  W         8   73.81702   72.51275   -0.18298    1.80554      -32312.56362
  W         9   73.90661   72.60235   -0.09339    1.71232      -32312.50452
  W        10   73.81212   72.50785   -0.18788    1.80892      -32312.56079
  W        11   73.84899   72.54473   -0.15101    1.77373      -32312.54523
  W        12   73.85379   72.54952   -0.14621    1.76584      -32312.53646
  W        13   73.86285   72.55859   -0.13715    1.75740      -32312.52977
  W        14   73.88739   72.58313   -0.11261    1.72646      -32312.50732
  W        15   73.98749   72.68323   -0.01251    1.63390      -32312.45495
  W        16   73.84650   72.54224   -0.15350    1.77763      -32312.55175
  W        17   73.92903   72.62477   -0.07097    1.68433      -32312.48159
  W        18   73.96748   72.66322   -0.03252    1.65965      -32312.47795
  W        19   73.86444   72.56018   -0.13556    1.75634      -32312.52895
  W        20   73.85007   72.54580   -0.14993    1.77698      -32312.54718
  W        21   73.87281   72.56855   -0.12719    1.74797      -32312.51874
  W        22   73.89916   72.59490   -0.10084    1.71980      -32312.50979
  W        23   73.93558   72.63132   -0.06442    1.68668      -32312.48585
  W        24   73.92586   72.62160   -0.07414    1.69920      -32312.49652
  W        25   73.76658   72.46231   -0.23342    1.86111      -32312.60852
  W        26   73.85327   72.54901   -0.14673    1.76545      -32312.53184
  W        27   73.97036   72.66610   -0.02964    1.63251      -32312.44144
  W        28   73.88431   72.58005   -0.11569    1.71920      -32312.49198
  W        29   73.87553   72.57126   -0.12447    1.74674      -32312.52300
  W        30   73.84337   72.53911   -0.15663    1.77564      -32312.53276
  W        31   73.86121   72.55695   -0.13879    1.76288      -32312.54132
  W        32   73.89985   72.59559   -0.10015    1.71604      -32312.49754
  W        33   73.96295   72.65869   -0.03705    1.66416      -32312.47594
  W        34   74.00221   72.69795    0.00221    1.61882      -32312.45046
  W        35   73.75822   72.45396   -0.24178    1.86192      -32312.58913
  W        36   73.97711   72.67285   -0.02289    1.63263      -32312.44406
  W        37   73.94126   72.63699   -0.05874    1.66935      -32312.46565
  W        38   73.88406   72.57980   -0.11594    1.74001      -32312.51953
  W        39   73.82398   72.51972   -0.17602    1.79672      -32312.55951
  W        40   73.91507   72.61081   -0.08493    1.69700      -32312.48372
  W        41   73.90126   72.59700   -0.09874    1.71019      -32312.48259
  W        42   73.84989   72.54562   -0.15011    1.76855      -32312.53868
  W        43   73.83370   72.52944   -0.16630    1.77607      -32312.52716
  W        44   73.99279   72.68853   -0.00721    1.61950      -32312.43922
  W        45   73.81362   72.50936   -0.18638    1.80552      -32312.55207
  W        46   73.81486   72.51060   -0.18514    1.80218      -32312.55112
  W        47   73.98101   72.67675   -0.01899    1.62585      -32312.43353
  W        48   73.94301   72.63875   -0.05699    1.67395      -32312.46610
  W        49   73.89216   72.58790   -0.10784    1.71425      -32312.48711
  W        50   73.88385   72.57959   -0.11615    1.73722      -32312.52778
  W        51   73.93654   72.63228   -0.06346    1.67325      -32312.46354
  W        52   73.93569   72.63143   -0.06431    1.67779      -32312.47420
  W        53   73.87585   72.57159   -0.12415    1.74962      -32312.53266
  W        54   73.98746   72.68320   -0.01254    1.62656      -32312.43526
  W        55   73.92217   72.61791   -0.07783    1.69342      -32312.48804
  W        56   73.87579   72.57153   -0.12421    1.74632      -32312.53005
  W        57   73.86976   72.56549   -0.13024    1.75310      -32312.54138
  W        58   73.93474   72.63048   -0.06526    1.68543      -32312.48629
  W        59   73.83388   72.52961   -0.16612    1.78487      -32312.54907
  W        60   73.79840   72.49414   -0.20160    1.81638      -32312.55401
  W        61   73.92760   72.62333   -0.07240    1.67950      -32312.46941
  W        62   73.77438   72.47012   -0.22562    1.85057      -32312.59079
  W        63   73.88202   72.57776   -0.11798    1.73497      -32312.51348
  W        64   73.85919   72.55493   -0.14081    1.75845      -32312.52846
  Nb       65   40.91913   39.61487   -0.08087    1.72872       -7632.60830
  Nb       66   41.02898   39.72472    0.02898    1.62739       -7632.54747
  Nb       67   40.86558   39.56131   -0.13442    1.77919       -7632.62518
  Nb       68   40.96278   39.65852   -0.03722    1.68950       -7632.58395
  Nb       69   40.99526   39.69100   -0.00474    1.64786       -7632.55699
  Nb       70   40.74276   39.43850   -0.25724    1.89979       -7632.69688
  Nb       71   40.97498   39.67072   -0.02502    1.67115       -7632.57138
  Nb       72   40.95057   39.64631   -0.04943    1.70059       -7632.59627
  Nb       73   40.85301   39.54874   -0.14699    1.78992       -7632.62815
  Nb       74   40.95791   39.65365   -0.04209    1.69213       -7632.57065
  Nb       75   41.02743   39.72317    0.02743    1.61740       -7632.53881
  Nb       76   40.96363   39.65937   -0.03637    1.68672       -7632.58590
  Nb       77   40.93413   39.62986   -0.06587    1.71610       -7632.59070
  Nb       78   40.99157   39.68731   -0.00843    1.65170       -7632.54815
  Nb       79   40.94955   39.64529   -0.05045    1.69657       -7632.58278
  Nb       80   40.97972   39.67545   -0.02028    1.66337       -7632.56496
  Nb       81   41.01276   39.70850    0.01276    1.63616       -7632.54189
  Nb       82   40.94273   39.63846   -0.05727    1.70494       -7632.58440
  Nb       83   40.95209   39.64783   -0.04791    1.69646       -7632.59189
  Nb       84   40.95022   39.64596   -0.04978    1.69387       -7632.57334
  Nb       85   40.98897   39.68470   -0.01103    1.66218       -7632.56547
  Nb       86   40.78821   39.48395   -0.21179    1.86081       -7632.68290
  Nb       87   41.01711   39.71285    0.01711    1.63277       -7632.54912
  Nb       88   40.82501   39.52074   -0.17499    1.82676       -7632.65600
  Nb       89   40.96194   39.65768   -0.03806    1.68697       -7632.57236
  Nb       90   40.81808   39.51382   -0.18192    1.83145       -7632.66799
  Nb       91   40.94083   39.63656   -0.05917    1.70644       -7632.59166
  Nb       92   40.86063   39.55637   -0.13937    1.78441       -7632.62682
  Nb       93   40.97748   39.67322   -0.02252    1.67273       -7632.57685
  Nb       94   41.00787   39.70361    0.00787    1.63489       -7632.54365
  Nb       95   40.87179   39.56752   -0.12821    1.77679       -7632.63297
  Nb       96   40.86467   39.56041   -0.13533    1.77840       -7632.61867
  Nb       97   41.01621   39.71195    0.01621    1.62569       -7632.53370
  Nb       98   41.02550   39.72124    0.02550    1.62019       -7632.53751
  Nb       99   40.91423   39.60997   -0.08577    1.73781       -7632.60855
  Nb      100   40.96034   39.65608   -0.03966    1.68681       -7632.56643
  Nb      101   41.00948   39.70522    0.00948    1.63669       -7632.54250
  Nb      102   40.99427   39.69001   -0.00573    1.64815       -7632.54320
  Nb      103   41.00093   39.69667    0.00093    1.63832       -7632.53759
  Nb      104   40.94774   39.64348   -0.05226    1.70478       -7632.59205
  Nb      105   40.95881   39.65455   -0.04119    1.68831       -7632.57783
  Nb      106   41.04308   39.73882    0.04308    1.59883       -7632.52522
  Nb      107   40.90370   39.59944   -0.09630    1.74339       -7632.61418
  Nb      108   40.89122   39.58696   -0.10878    1.76050       -7632.62625
  Nb      109   40.89223   39.58797   -0.10777    1.75579       -7632.62332
  Nb      110   41.00595   39.70169    0.00595    1.64266       -7632.55744
  Nb      111   40.87983   39.57556   -0.12017    1.77203       -7632.64680
  Nb      112   41.00129   39.69703    0.00129    1.64845       -7632.55738
  Nb      113   40.87231   39.56805   -0.12769    1.77816       -7632.63558
  Nb      114   40.88028   39.57602   -0.11972    1.76919       -7632.62822
  Nb      115   40.81903   39.51476   -0.18097    1.82709       -7632.65904
  Nb      116   40.82353   39.51926   -0.17647    1.82688       -7632.66186
  Nb      117   41.03717   39.73291    0.03717    1.61678       -7632.54454
  Nb      118   40.88007   39.57581   -0.11993    1.76893       -7632.63005
  Nb      119   40.94262   39.63835   -0.05738    1.70780       -7632.58650
  Nb      120   40.90755   39.60329   -0.09245    1.74668       -7632.61236
  Nb      121   40.93024   39.62598   -0.06976    1.70895       -7632.58724
  Nb      122   40.82535   39.52108   -0.17465    1.82446       -7632.65895
  Nb      123   40.87611   39.57185   -0.12389    1.77133       -7632.63426
  Nb      124   41.00502   39.70076    0.00502    1.64060       -7632.54682
  Nb      125   40.95662   39.65236   -0.04338    1.69428       -7632.59230
  Nb      126   40.96061   39.65635   -0.03939    1.68510       -7632.57277
  Nb      127   41.04268   39.73842    0.04268    1.60612       -7632.52930
  Nb      128   41.01779   39.71353    0.01779    1.62556       -7632.53207
  Mo      129   42.00614   40.70188    0.00614    1.74217       -8090.63810
  Mo      130   42.07968   40.77542    0.07968    1.66915       -8090.59872
  Mo      131   42.10804   40.80378    0.10804    1.63165       -8090.57226
  Mo      132   42.07344   40.76918    0.07344    1.67543       -8090.60545
  Mo      133   42.15834   40.85408    0.15834    1.58055       -8090.54105
  Mo      134   42.00545   40.70119    0.00545    1.74016       -8090.63243
  Mo      135   42.17428   40.87002    0.17428    1.56067       -8090.52139
  Mo      136   42.22631   40.92205    0.22631    1.50858       -8090.49374
  Mo      137   41.99950   40.69524   -0.00050    1.74770       -8090.63859
  Mo      138   42.01991   40.71565    0.01991    1.72984       -8090.63948
  Mo      139   41.96940   40.66514   -0.03060    1.77404       -8090.64958
  Mo      140   42.05351   40.74925    0.05351    1.68676       -8090.60027
  Mo      141   41.98755   40.68329   -0.01245    1.76545       -8090.66295
  Mo      142   42.08487   40.78061    0.08487    1.66608       -8090.60099
  Mo      143   42.09571   40.79145    0.09571    1.65164       -8090.59132
  Mo      144   42.01502   40.71076    0.01502    1.73879       -8090.64538
  Mo      145   42.11147   40.80721    0.11147    1.62970       -8090.56931
  Mo      146   42.03972   40.73546    0.03972    1.70009       -8090.60586
  Mo      147   42.00838   40.70412    0.00838    1.74339       -8090.64695
  Mo      148   42.01762   40.71336    0.01762    1.71400       -8090.60371
  Mo      149   42.13617   40.83191    0.13617    1.60829       -8090.56413
  Mo      150   42.19120   40.88694    0.19120    1.53855       -8090.50562
  Mo      151   42.17917   40.87491    0.17917    1.55740       -8090.52531
  Mo      152   42.00877   40.70451    0.00877    1.73410       -8090.63364
  Mo      153   42.17041   40.86615    0.17041    1.56481       -8090.52644
  Mo      154   42.04670   40.74244    0.04670    1.69920       -8090.61433
  Mo      155   42.15853   40.85427    0.15853    1.58808       -8090.56093
  Mo      156   42.14973   40.84547    0.14973    1.59143       -8090.54497
  Mo      157   42.16002   40.85576    0.16002    1.57521       -8090.52987
  Mo      158   42.16875   40.86448    0.16875    1.57731       -8090.55234
  Mo      159   42.06397   40.75971    0.06397    1.68124       -8090.59883
  Mo      160   42.17138   40.86712    0.17138    1.56324       -8090.52537
  Mo      161   42.06061   40.75635    0.06061    1.68347       -8090.60110
  Mo      162   42.15405   40.84979    0.15405    1.59006       -8090.54468
  Mo      163   42.03047   40.72621    0.03047    1.71395       -8090.62595
  Mo      164   42.06361   40.75935    0.06361    1.68540       -8090.61548
  Mo      165   42.10332   40.79906    0.10332    1.64110       -8090.58503
  Mo      166   42.05709   40.75283    0.05709    1.68286       -8090.60087
  Mo      167   42.07881   40.77455    0.07881    1.66694       -8090.59766
  Mo      168   42.05682   40.75256    0.05682    1.68634       -8090.60750
  Mo      169   42.04550   40.74124    0.04550    1.70246       -8090.61416
  Mo      170   42.19313   40.88887    0.19313    1.55279       -8090.53387
  Mo      171   41.97969   40.67543   -0.02031    1.77042       -8090.66275
  Mo      172   42.06380   40.75954    0.06380    1.67981       -8090.59936
  Mo      173   42.19009   40.88583    0.19009    1.55870       -8090.53742
  Mo      174   42.05103   40.74677    0.05103    1.68855       -8090.59721
  Mo      175   42.08679   40.78253    0.08679    1.66727       -8090.59851
  Mo      176   42.01226   40.70800    0.01226    1.72716       -8090.62052
  Mo      177   42.11157   40.80731    0.11157    1.63130       -8090.56526
  Mo      178   42.12452   40.82026    0.12452    1.62724       -8090.57608
  Mo      179   42.05367   40.74941    0.05367    1.68655       -8090.59688
  Mo      180   42.08298   40.77872    0.08298    1.66370       -8090.59467
  Mo      181   42.14632   40.84206    0.14632    1.59762       -8090.54734
  Mo      182   42.20611   40.90185    0.20611    1.53065       -8090.50022
  Mo      183   41.98782   40.68355   -0.01218    1.75938       -8090.65348
  Mo      184   42.16390   40.85964    0.16390    1.57687       -8090.54199
  Mo      185   42.11774   40.81348    0.11774    1.62180       -8090.56322
  Mo      186   42.10756   40.80330    0.10756    1.64097       -8090.57756
  Mo      187   41.90776   40.60350   -0.09224    1.84183       -8090.69955
  Mo      188   42.08642   40.78216    0.08642    1.65578       -8090.58077
  Mo      189   42.16227   40.85801    0.16227    1.57526       -8090.53188
  Mo      190   42.10922   40.80495    0.10922    1.64398       -8090.59564
  Mo      191   41.99073   40.68647   -0.00927    1.75375       -8090.64024
  Mo      192   42.05444   40.75018    0.05444    1.70250       -8090.62862
  Ta      193   72.66839   71.36413   -0.33161    1.88894      -31233.01107
  Ta      194   72.75754   71.45327   -0.24246    1.79490      -31232.95838
  Ta      195   72.72541   71.42115   -0.27459    1.83364      -31232.96987
  Ta      196   72.84347   71.53921   -0.15653    1.71629      -31232.91009
  Ta      197   72.92749   71.62323   -0.07251    1.62595      -31232.84267
  Ta      198   72.73619   71.43193   -0.26381    1.81775      -31232.96501
  Ta      199   72.73841   71.43415   -0.26159    1.81791      -31232.96167
  Ta      200   72.87119   71.56693   -0.12881    1.68209      -31232.88048
  Ta      201   72.78073   71.47647   -0.21927    1.77815      -31232.94211
  Ta      202   72.79123   71.48696   -0.20877    1.76855      -31232.94526
  Ta      203   72.83290   71.52864   -0.16710    1.72799      -31232.91727
  Ta      204   72.73960   71.43534   -0.26040    1.81116      -31232.95754
  Ta      205   72.89822   71.59396   -0.10178    1.65657      -31232.86224
  Ta      206   72.85013   71.54587   -0.14987    1.70410      -31232.89929
  Ta      207   72.79473   71.49047   -0.20527    1.77227      -31232.95306
  Ta      208   72.65686   71.35260   -0.34314    1.88791      -31233.00633
  Ta      209   72.77508   71.47082   -0.22492    1.78322      -31232.95274
  Ta      210   72.68733   71.38307   -0.31267    1.86567      -31232.99857
  Ta      211   72.73900   71.43474   -0.26100    1.82035      -31232.96019
  Ta      212   72.80124   71.49698   -0.19876    1.75427      -31232.93785
  Ta      213   72.87546   71.57120   -0.12454    1.67613      -31232.87332
  Ta      214   72.79500   71.49074   -0.20500    1.76729      -31232.94284
  Ta      215   72.88306   71.57880   -0.11694    1.67395      -31232.87376
  Ta      216   72.73247   71.42821   -0.26753    1.82364      -31232.97283
  Ta      217   72.84179   71.53753   -0.15821    1.71798      -31232.90572
  Ta      218   72.77388   71.46962   -0.22612    1.78734      -31232.95744
  Ta      219   72.74710   71.44284   -0.25290    1.80946      -31232.96022
  Ta      220   72.84247   71.53821   -0.15753    1.72039      -31232.91442
  Ta      221   72.78739   71.48313   -0.21261    1.76724      -31232.93167
  Ta      222   72.81940   71.51514   -0.18060    1.73703      -31232.89832
  Ta      223   72.72934   71.42508   -0.27066    1.82610      -31232.96933
  Ta      224   72.77260   71.46834   -0.22740    1.78537      -31232.94693
  Ta      225   72.79455   71.49029   -0.20545    1.75961      -31232.93784
  Ta      226   72.74829   71.44403   -0.25171    1.80998      -31232.95956
  Ta      227   72.89095   71.58669   -0.10905    1.66649      -31232.86402
  Ta      228   72.70836   71.40410   -0.29164    1.84477      -31232.98420
  Ta      229   72.75247   71.44821   -0.24753    1.79221      -31232.94539
  Ta      230   72.74445   71.44019   -0.25555    1.81120      -31232.96548
  Ta      231   72.80986   71.50560   -0.19014    1.74929      -31232.93627
  Ta      232   72.84459   71.54033   -0.15541    1.71221      -31232.90433
  Ta      233   72.76583   71.46157   -0.23417    1.79719      -31232.97111
  Ta      234   72.83732   71.53306   -0.16268    1.72125      -31232.91493
  Ta      235   72.86264   71.55838   -0.13736    1.69542      -31232.89817
  Ta      236   72.68426   71.38000   -0.31574    1.87397      -31232.99158
  Ta      237   72.67372   71.36946   -0.32628    1.88568      -31233.00502
  Ta      238   72.88771   71.58345   -0.11229    1.67344      -31232.87786
  Ta      239   72.86555   71.56129   -0.13445    1.68990      -31232.89027
  Ta      240   72.85795   71.55368   -0.14205    1.69869      -31232.88910
  Ta      241   72.75944   71.45518   -0.24056    1.79245      -31232.95296
  Ta      242   72.75658   71.45232   -0.24342    1.79947      -31232.96088
  Ta      243   72.73949   71.43523   -0.26051    1.81712      -31232.96802
  Ta      244   72.81649   71.51223   -0.18351    1.74331      -31232.93214
  Ta      245   72.79079   71.48653   -0.20921    1.77047      -31232.95097
  Ta      246   72.79776   71.49349   -0.20224    1.75943      -31232.92921
  Ta      247   72.70054   71.39628   -0.29946    1.85833      -31232.99158
  Ta      248   72.76786   71.46360   -0.23214    1.78032      -31232.93531
  Ta      249   72.74267   71.43841   -0.25733    1.80752      -31232.95314
  Ta      250   72.69185   71.38759   -0.30815    1.86574      -31232.99275
  Ta      251   72.74595   71.44169   -0.25405    1.81184      -31232.96469
  Ta      252   72.75692   71.45266   -0.24308    1.80085      -31232.95631
  Ta      253   72.84952   71.54526   -0.15048    1.69871      -31232.88966
  Ta      254   72.75344   71.44918   -0.24656    1.80045      -31232.95744
  Ta      255   72.77521   71.47095   -0.22479    1.77597      -31232.93319
  Ta      256   72.69356   71.38929   -0.30644    1.85934      -31232.99439
  Ti      257   22.21198   20.90772    0.21198    1.65904       -1704.43416
  Ti      258   22.20596   20.90170    0.20596    1.67897       -1704.45645
  Ti      259   22.38069   21.07643    0.38069    1.49426       -1704.36228
  Ti      260   22.33131   21.02705    0.33131    1.54323       -1704.38087
  Ti      261   22.13372   20.82945    0.13372    1.73390       -1704.47313
  Ti      262   22.39614   21.09188    0.39614    1.47293       -1704.35065
  Ti      263   22.36148   21.05722    0.36148    1.51772       -1704.39281
  Ti      264   22.28509   20.98083    0.28509    1.59474       -1704.42349
  Ti      265   22.26671   20.96245    0.26671    1.59753       -1704.38707
  Ti      266   22.26310   20.95884    0.26310    1.61024       -1704.39483
  Ti      267   22.25441   20.95015    0.25441    1.61407       -1704.40039
  Ti      268   22.38427   21.08001    0.38427    1.49367       -1704.35847
  Ti      269   22.42777   21.12350    0.42777    1.44143       -1704.32000
  Ti      270   22.27531   20.97105    0.27531    1.59013       -1704.37556
  Ti      271   22.35412   21.04986    0.35412    1.52552       -1704.38341
  Ti      272   22.29625   20.99199    0.29625    1.57830       -1704.41091
  Ti      273   22.36310   21.05884    0.36310    1.50726       -1704.35099
  Ti      274   22.30932   21.00506    0.30932    1.57184       -1704.40709
  Ti      275   22.27080   20.96654    0.27080    1.60806       -1704.42426
  Ti      276   22.40443   21.10017    0.40443    1.47030       -1704.34581
  Ti      277   22.18177   20.87750    0.18177    1.69771       -1704.46924
  Ti      278   22.30810   21.00384    0.30810    1.55989       -1704.37278
  Ti      279   22.27352   20.96926    0.27352    1.59258       -1704.38407
  Ti      280   22.31673   21.01247    0.31673    1.56603       -1704.40810
  Ti      281   22.41577   21.11151    0.41577    1.45608       -1704.32254
  Ti      282   22.23306   20.92880    0.23306    1.63835       -1704.40503
  Ti      283   22.35528   21.05102    0.35528    1.51669       -1704.37491
  Ti      284   22.38262   21.07836    0.38262    1.49617       -1704.36773
  Ti      285   22.24872   20.94446    0.24872    1.62995       -1704.44587
  Ti      286   22.13206   20.82780    0.13206    1.72841       -1704.44913
  Ti      287   22.17333   20.86907    0.17333    1.69414       -1704.45441
  Ti      288   22.32385   21.01959    0.32385    1.55619       -1704.39840
  Ti      289   22.29506   20.99080    0.29506    1.57734       -1704.38658
  Ti      290   22.32553   21.02127    0.32553    1.54655       -1704.39273
  Ti      291   22.24081   20.93655    0.24081    1.62569       -1704.40922
  Ti      292   22.29449   20.99023    0.29449    1.57814       -1704.40823
  Ti      293   22.23451   20.93025    0.23451    1.64260       -1704.44553
  Ti      294   22.29838   20.99412    0.29838    1.57486       -1704.38601
  Ti      295   22.44613   21.14187    0.44613    1.42544       -1704.32877
  Ti      296   22.38815   21.08389    0.38815    1.48516       -1704.35051
  Ti      297   22.25878   20.95452    0.25878    1.60536       -1704.37927
  Ti      298   22.34134   21.03708    0.34134    1.53806       -1704.37427
  Ti      299   22.29033   20.98607    0.29033    1.58071       -1704.40306
  Ti      300   22.26150   20.95724    0.26150    1.60886       -1704.40399
  Ti      301   22.26371   20.95944    0.26371    1.61320       -1704.41973
  Ti      302   22.30046   20.99619    0.30046    1.57433       -1704.40902
  Ti      303   22.39415   21.08988    0.39415    1.47210       -1704.34753
  Ti      304   22.33589   21.03163    0.33589    1.53176       -1704.35945
  Ti      305   22.30318   20.99892    0.30318    1.57145       -1704.40320
  Ti      306   22.21807   20.91381    0.21807    1.65505       -1704.44955
  Ti      307   22.34193   21.03766    0.34193    1.53694       -1704.38202
  Ti      308   22.22205   20.91779    0.22205    1.65156       -1704.43409
  Ti      309   22.44726   21.14300    0.44726    1.42926       -1704.31672
  Ti      310   22.28161   20.97735    0.28161    1.59281       -1704.41020
  Ti      311   22.28100   20.97674    0.28100    1.58772       -1704.39127
  Ti      312   22.26686   20.96260    0.26686    1.60784       -1704.41379
  Ti      313   22.34154   21.03728    0.34154    1.52981       -1704.37220
  Ti      314   22.30600   21.00174    0.30600    1.57454       -1704.41615
  Ti      315   22.36189   21.05763    0.36189    1.50625       -1704.34550
  Ti      316   22.26299   20.95873    0.26299    1.60826       -1704.40119
  Ti      317   22.37506   21.07080    0.37506    1.50369       -1704.36991
  Ti      318   22.36659   21.06233    0.36659    1.50772       -1704.37093
  Ti      319   22.36788   21.06362    0.36788    1.50690       -1704.36048
  Ti      320   22.23476   20.93050    0.23476    1.63024       -1704.40689
