 Atom   Index      Q          Qmt        dQ        Vmad        Local Energy
  W         1   73.96857   72.58121   -0.03143    1.80127      -32312.61784
  W         2   73.93384   72.54648   -0.06616    1.83589      -32312.63704
  W         3   73.88782   72.50046   -0.11218    1.87673      -32312.65583
  W         4   74.01119   72.62383    0.01119    1.76133      -32312.59673
  W         5   74.01178   72.62441    0.01178    1.76495      -32312.60248
  W         6   73.99296   72.60559   -0.00704    1.77511      -32312.59615
  W         7   73.89190   72.50454   -0.10810    1.87524      -32312.65762
  W         8   73.96776   72.58040   -0.03224    1.79755      -32312.61580
  W         9   73.94734   72.55997   -0.05266    1.81872      -32312.62271
  W        10   73.91035   72.52299   -0.08965    1.85925      -32312.65195
  W        11   74.02220   72.63483    0.02220    1.75227      -32312.59494
  W        12   73.93432   72.54695   -0.06568    1.83355      -32312.63637
  W        13   74.00762   72.62026    0.00762    1.76192      -32312.59629
  W        14   73.96752   72.58015   -0.03248    1.79518      -32312.61558
  W        15   73.89861   72.51124   -0.10139    1.86908      -32312.66266
  W        16   73.97170   72.58433   -0.02830    1.79858      -32312.61590
  W        17   73.98916   72.60180   -0.01084    1.77889      -32312.60466
  W        18   73.98250   72.59513   -0.01750    1.79364      -32312.61449
  W        19   74.00491   72.61755    0.00491    1.76770      -32312.60224
  W        20   73.92083   72.53347   -0.07917    1.84426      -32312.63603
  W        21   74.03114   72.64378    0.03114    1.73853      -32312.57786
  W        22   73.93994   72.55258   -0.06006    1.82673      -32312.63110
  W        23   74.01495   72.62758    0.01495    1.75707      -32312.58857
  W        24   73.94053   72.55317   -0.05947    1.82460      -32312.63239
  W        25   73.89900   72.51163   -0.10100    1.87344      -32312.66328
  W        26   73.95134   72.56398   -0.04866    1.81689      -32312.62926
  W        27   73.88562   72.49826   -0.11438    1.87674      -32312.65690
  W        28   73.87613   72.48877   -0.12387    1.88345      -32312.66438
  W        29   74.02124   72.63387    0.02124    1.75622      -32312.58771
  W        30   73.93527   72.54790   -0.06473    1.82204      -32312.62935
  W        31   73.98813   72.60077   -0.01187    1.78416      -32312.60355
  W        32   73.96452   72.57716   -0.03548    1.80811      -32312.62624
  W        33   73.93209   72.54472   -0.06791    1.83498      -32312.64222
  W        34   73.98772   72.60036   -0.01228    1.78510      -32312.61247
  W        35   73.94015   72.55279   -0.05985    1.83403      -32312.64082
  W        36   73.99281   72.60544   -0.00719    1.77201      -32312.59405
  W        37   73.95756   72.57019   -0.04244    1.82176      -32312.63910
  W        38   73.93110   72.54373   -0.06890    1.84199      -32312.64280
  W        39   73.88504   72.49767   -0.11496    1.87738      -32312.65696
  W        40   73.99106   72.60370   -0.00894    1.77818      -32312.60059
  W        41   74.04305   72.65569    0.04305    1.73359      -32312.58283
  W        42   73.95041   72.56304   -0.04959    1.81793      -32312.62792
  W        43   73.99389   72.60653   -0.00611    1.77670      -32312.60209
  W        44   74.01572   72.62836    0.01572    1.74643      -32312.58394
  W        45   74.02832   72.64096    0.02832    1.74733      -32312.59077
  W        46   73.96587   72.57851   -0.03413    1.80294      -32312.62086
  W        47   73.92142   72.53406   -0.07858    1.84304      -32312.64287
  W        48   73.99028   72.60292   -0.00972    1.78688      -32312.61583
  W        49   73.97972   72.59236   -0.02028    1.79024      -32312.61011
  W        50   73.94881   72.56145   -0.05119    1.81904      -32312.62190
  W        51   73.92454   72.53717   -0.07546    1.84679      -32312.64886
  W        52   73.94370   72.55633   -0.05630    1.82705      -32312.63257
  W        53   73.95990   72.57254   -0.04010    1.80896      -32312.62029
  W        54   73.92067   72.53331   -0.07933    1.83670      -32312.63528
  W        55   73.87658   72.48922   -0.12342    1.88586      -32312.66520
  W        56   73.89393   72.50656   -0.10607    1.87497      -32312.65667
  W        57   74.02143   72.63407    0.02143    1.75836      -32312.59482
  W        58   73.95765   72.57029   -0.04235    1.80985      -32312.62445
  W        59   73.96938   72.58202   -0.03062    1.79056      -32312.60122
  W        60   73.92364   72.53627   -0.07636    1.84613      -32312.64469
  W        61   73.97964   72.59228   -0.02036    1.79067      -32312.61692
  W        62   73.95293   72.56557   -0.04707    1.81781      -32312.62989
  W        63   73.95439   72.56703   -0.04561    1.81537      -32312.62273
  W        64   73.94186   72.55449   -0.05814    1.82833      -32312.63449
  W        65   73.89814   72.51078   -0.10186    1.86400      -32312.65451
  W        66   73.97938   72.59202   -0.02062    1.78599      -32312.60446
  W        67   73.97037   72.58301   -0.02963    1.79157      -32312.60645
  W        68   73.90720   72.51984   -0.09280    1.85572      -32312.64969
  W        69   74.02052   72.63315    0.02052    1.74916      -32312.59032
  W        70   73.88836   72.50100   -0.11164    1.87095      -32312.65191
  W        71   73.95331   72.56594   -0.04669    1.81269      -32312.62280
  W        72   73.98149   72.59412   -0.01851    1.79795      -32312.62586
  W        73   73.95778   72.57042   -0.04222    1.81465      -32312.62542
  W        74   73.90546   72.51810   -0.09454    1.85305      -32312.64785
  W        75   73.95884   72.57147   -0.04116    1.80266      -32312.61725
  W        76   73.93466   72.54730   -0.06534    1.83299      -32312.63618
  W        77   73.97872   72.59136   -0.02128    1.78650      -32312.61005
  W        78   73.96946   72.58209   -0.03054    1.79105      -32312.60704
  W        79   73.96501   72.57764   -0.03499    1.79583      -32312.61378
  W        80   73.95865   72.57129   -0.04135    1.81430      -32312.63193
  W        81   73.97320   72.58584   -0.02680    1.79584      -32312.61612
  W        82   73.93101   72.54364   -0.06899    1.83452      -32312.63707
  W        83   73.99691   72.60954   -0.00309    1.76968      -32312.60605
  W        84   73.94947   72.56210   -0.05053    1.81375      -32312.62521
  W        85   73.94167   72.55430   -0.05833    1.82786      -32312.63376
  W        86   73.95308   72.56572   -0.04692    1.81175      -32312.61889
  W        87   73.90612   72.51875   -0.09388    1.85942      -32312.65659
  W        88   73.97947   72.59211   -0.02053    1.78516      -32312.60255
  W        89   73.93035   72.54299   -0.06965    1.83115      -32312.62670
  W        90   74.00544   72.61807    0.00544    1.76633      -32312.59304
  W        91   73.98602   72.59866   -0.01398    1.78997      -32312.60570
  W        92   73.98411   72.59675   -0.01589    1.78205      -32312.60020
  W        93   74.02206   72.63470    0.02206    1.74780      -32312.59326
  W        94   73.97871   72.59135   -0.02129    1.79020      -32312.61448
  W        95   73.95954   72.57217   -0.04046    1.81046      -32312.63177
  W        96   73.93071   72.54335   -0.06929    1.83502      -32312.63960
  W        97   73.97758   72.59021   -0.02242    1.79180      -32312.61645
  W        98   73.93006   72.54269   -0.06994    1.83669      -32312.63510
  W        99   73.92705   72.53969   -0.07295    1.83974      -32312.63913
  W       100   73.91264   72.52528   -0.08736    1.84865      -32312.64005
  W       101   74.01568   72.62831    0.01568    1.76480      -32312.60189
  W       102   73.91191   72.52454   -0.08809    1.85587      -32312.65159
  W       103   73.94448   72.55711   -0.05552    1.81936      -32312.62433
  W       104   74.03742   72.65006    0.03742    1.74385      -32312.59038
  W       105   73.92129   72.53393   -0.07871    1.84459      -32312.64368
  W       106   73.99737   72.61000   -0.00263    1.76594      -32312.59315
  W       107   73.96578   72.57842   -0.03422    1.80692      -32312.62464
  W       108   73.88883   72.50146   -0.11117    1.87457      -32312.66300
  W       109   73.93048   72.54312   -0.06952    1.83605      -32312.63580
  W       110   73.93677   72.54941   -0.06323    1.83064      -32312.63498
  W       111   74.03710   72.64973    0.03710    1.73514      -32312.58140
  W       112   74.01161   72.62425    0.01161    1.76542      -32312.60168
  W       113   73.99143   72.60407   -0.00857    1.77788      -32312.60648
  W       114   73.98036   72.59300   -0.01964    1.78905      -32312.60565
  W       115   73.90733   72.51996   -0.09267    1.85776      -32312.64890
  W       116   73.87671   72.48935   -0.12329    1.87924      -32312.65741
  W       117   73.92502   72.53766   -0.07498    1.84048      -32312.63570
  W       118   74.02892   72.64155    0.02892    1.74929      -32312.59240
  W       119   73.92480   72.53744   -0.07520    1.83670      -32312.63830
  W       120   73.90471   72.51734   -0.09529    1.86260      -32312.65318
  W       121   73.95684   72.56947   -0.04316    1.80816      -32312.62235
  W       122   73.94974   72.56237   -0.05026    1.81575      -32312.62362
  W       123   74.00653   72.61916    0.00653    1.76177      -32312.59599
  W       124   73.99357   72.60620   -0.00643    1.78416      -32312.61184
  W       125   73.97973   72.59237   -0.02027    1.78536      -32312.60725
  W       126   74.02599   72.63862    0.02599    1.74729      -32312.59473
  W       127   73.90182   72.51446   -0.09818    1.86228      -32312.65043
  W       128   73.96045   72.57309   -0.03955    1.80908      -32312.62298
  Nb      129   41.02328   39.63592    0.02328    1.78508       -7632.71806
  Nb      130   41.05442   39.66705    0.05442    1.75975       -7632.70189
  Nb      131   40.98981   39.60244   -0.01019    1.81419       -7632.73283
  Nb      132   41.02545   39.63808    0.02545    1.78366       -7632.71076
  Nb      133   40.95937   39.57201   -0.04063    1.84250       -7632.75412
  Nb      134   40.93049   39.54312   -0.06951    1.87091       -7632.77519
  Nb      135   40.94792   39.56055   -0.05208    1.85516       -7632.76302
  Nb      136   41.04786   39.66049    0.04786    1.75949       -7632.69695
  Nb      137   41.04208   39.65471    0.04208    1.76681       -7632.70724
  Nb      138   41.05615   39.66879    0.05615    1.75262       -7632.69404
  Nb      139   41.01105   39.62368    0.01105    1.79545       -7632.72563
  Nb      140   40.93510   39.54774   -0.06490    1.86568       -7632.76349
  Nb      141   41.05163   39.66427    0.05163    1.75587       -7632.69874
  Nb      142   41.01478   39.62741    0.01478    1.78886       -7632.71854
  Nb      143   41.05316   39.66579    0.05316    1.75537       -7632.69301
  Nb      144   41.03518   39.64782    0.03518    1.76817       -7632.71582
  Nb      145   40.97591   39.58854   -0.02409    1.82287       -7632.73707
  Nb      146   41.03908   39.65171    0.03908    1.76836       -7632.70838
  Nb      147   41.00369   39.61633    0.00369    1.80346       -7632.72572
  Nb      148   41.01173   39.62437    0.01173    1.79035       -7632.71697
  Nb      149   41.03523   39.64787    0.03523    1.76945       -7632.70397
  Nb      150   41.05921   39.67185    0.05921    1.74746       -7632.69544
  Nb      151   40.99893   39.61156   -0.00107    1.81101       -7632.72750
  Nb      152   40.96940   39.58203   -0.03060    1.83418       -7632.74563
  Nb      153   41.01756   39.63019    0.01756    1.78649       -7632.71094
  Nb      154   40.95147   39.56410   -0.04853    1.84760       -7632.75155
  Nb      155   40.94882   39.56146   -0.05118    1.85471       -7632.75790
  Nb      156   40.97746   39.59009   -0.02254    1.82533       -7632.73683
  Nb      157   40.94081   39.55345   -0.05919    1.86002       -7632.75728
  Nb      158   41.01129   39.62393    0.01129    1.79244       -7632.72114
  Nb      159   41.03904   39.65168    0.03904    1.76493       -7632.71169
  Nb      160   41.00615   39.61879    0.00615    1.79403       -7632.72637
  Nb      161   41.05547   39.66811    0.05547    1.75553       -7632.70002
  Nb      162   41.04912   39.66176    0.04912    1.75876       -7632.70267
  Nb      163   41.01200   39.62464    0.01200    1.79681       -7632.72794
  Nb      164   40.93230   39.54493   -0.06770    1.87019       -7632.76124
  Nb      165   40.99944   39.61208   -0.00056    1.80663       -7632.73005
  Nb      166   41.05381   39.66645    0.05381    1.75675       -7632.69749
  Nb      167   40.97014   39.58278   -0.02986    1.83425       -7632.74214
  Nb      168   40.95655   39.56918   -0.04345    1.84490       -7632.75703
  Nb      169   40.88378   39.49642   -0.11622    1.91298       -7632.79284
  Nb      170   41.01445   39.62708    0.01445    1.79063       -7632.71565
  Nb      171   40.99375   39.60639   -0.00625    1.80750       -7632.72951
  Nb      172   40.96636   39.57900   -0.03364    1.83443       -7632.74412
  Nb      173   40.95300   39.56564   -0.04700    1.85103       -7632.75490
  Nb      174   41.04328   39.65592    0.04328    1.76581       -7632.70835
  Nb      175   41.02222   39.63485    0.02222    1.78653       -7632.71891
  Nb      176   40.98694   39.59958   -0.01306    1.81339       -7632.73274
  Nb      177   41.00012   39.61276    0.00012    1.79975       -7632.72644
  Nb      178   41.02910   39.64174    0.02910    1.77536       -7632.71191
  Nb      179   40.99440   39.60703   -0.00560    1.80729       -7632.73305
  Nb      180   40.99333   39.60597   -0.00667    1.81302       -7632.73007
  Nb      181   41.00179   39.61442    0.00179    1.79825       -7632.72728
  Nb      182   40.97032   39.58296   -0.02968    1.83498       -7632.74561
  Nb      183   40.94873   39.56137   -0.05127    1.85357       -7632.76229
  Nb      184   41.02217   39.63480    0.02217    1.78449       -7632.72119
  Nb      185   41.05041   39.66305    0.05041    1.75446       -7632.69780
  Nb      186   41.01187   39.62451    0.01187    1.79356       -7632.71670
  Nb      187   41.03365   39.64629    0.03365    1.77793       -7632.71295
  Nb      188   41.04386   39.65649    0.04386    1.76387       -7632.70118
  Nb      189   40.99384   39.60647   -0.00616    1.81264       -7632.73040
  Nb      190   41.01628   39.62892    0.01628    1.79124       -7632.71227
  Nb      191   40.98135   39.59399   -0.01865    1.82095       -7632.73829
  Nb      192   41.03544   39.64807    0.03544    1.76559       -7632.70414
  Nb      193   41.10333   39.71596    0.10333    1.70568       -7632.66876
  Nb      194   40.97927   39.59191   -0.02073    1.82440       -7632.73733
  Nb      195   40.96986   39.58249   -0.03014    1.82898       -7632.74385
  Nb      196   40.97244   39.58508   -0.02756    1.82790       -7632.74464
  Nb      197   41.02905   39.64168    0.02905    1.77518       -7632.70437
  Nb      198   40.93877   39.55141   -0.06123    1.86618       -7632.76181
  Nb      199   41.07094   39.68357    0.07094    1.74022       -7632.68963
  Nb      200   41.10083   39.71347    0.10083    1.71020       -7632.67762
  Nb      201   41.02607   39.63871    0.02607    1.77277       -7632.70891
  Nb      202   41.03844   39.65108    0.03844    1.76877       -7632.70260
  Nb      203   40.95598   39.56862   -0.04402    1.84670       -7632.75194
  Nb      204   40.98363   39.59627   -0.01637    1.81733       -7632.73039
  Nb      205   40.99541   39.60805   -0.00459    1.80902       -7632.73439
  Nb      206   41.01771   39.63035    0.01771    1.78793       -7632.71222
  Nb      207   41.01576   39.62839    0.01576    1.78323       -7632.70970
  Nb      208   40.99201   39.60465   -0.00799    1.80776       -7632.73361
  Nb      209   40.97118   39.58382   -0.02882    1.83193       -7632.74456
  Nb      210   41.01360   39.62623    0.01360    1.79273       -7632.72036
  Nb      211   41.02494   39.63758    0.02494    1.78073       -7632.71135
  Nb      212   41.01915   39.63179    0.01915    1.78748       -7632.72028
  Nb      213   40.96714   39.57978   -0.03286    1.83549       -7632.74138
  Nb      214   40.98321   39.59585   -0.01679    1.82380       -7632.74677
  Nb      215   40.97590   39.58854   -0.02410    1.82378       -7632.74035
  Nb      216   40.97661   39.58925   -0.02339    1.82755       -7632.73836
  Nb      217   41.00120   39.61384    0.00120    1.79986       -7632.72699
  Nb      218   40.95003   39.56266   -0.04997    1.85401       -7632.75775
  Nb      219   41.01169   39.62433    0.01169    1.79223       -7632.71422
  Nb      220   40.96848   39.58111   -0.03152    1.83157       -7632.73920
  Nb      221   41.04269   39.65533    0.04269    1.76407       -7632.69683
  Nb      222   41.06980   39.68244    0.06980    1.74020       -7632.68663
  Nb      223   41.00586   39.61849    0.00586    1.79725       -7632.72249
  Nb      224   41.02161   39.63424    0.02161    1.78303       -7632.71229
  Nb      225   41.04235   39.65498    0.04235    1.76665       -7632.70531
  Nb      226   40.97713   39.58977   -0.02287    1.82657       -7632.74310
  Nb      227   41.05632   39.66896    0.05632    1.74747       -7632.69207
  Nb      228   41.13342   39.74605    0.13342    1.68536       -7632.66275
  Nb      229   40.97017   39.58281   -0.02983    1.83255       -7632.73927
  Nb      230   41.02379   39.63643    0.02379    1.77824       -7632.71005
  Nb      231   41.01417   39.62681    0.01417    1.78678       -7632.71768
  Nb      232   40.99294   39.60557   -0.00706    1.80794       -7632.72414
  Nb      233   41.07632   39.68896    0.07632    1.73251       -7632.67927
  Nb      234   41.08175   39.69439    0.08175    1.72647       -7632.68540
  Nb      235   41.00668   39.61931    0.00668    1.80252       -7632.72462
  Nb      236   40.98217   39.59481   -0.01783    1.82482       -7632.73394
  Nb      237   41.06324   39.67587    0.06324    1.74923       -7632.69302
  Nb      238   40.99471   39.60734   -0.00529    1.81238       -7632.73764
  Nb      239   40.97414   39.58678   -0.02586    1.82942       -7632.73929
  Nb      240   41.00688   39.61952    0.00688    1.79656       -7632.71665
  Nb      241   41.01046   39.62310    0.01046    1.79837       -7632.71825
  Nb      242   41.05485   39.66748    0.05485    1.75550       -7632.70525
  Nb      243   41.00730   39.61994    0.00730    1.79466       -7632.72454
  Nb      244   41.03958   39.65221    0.03958    1.76873       -7632.70293
  Nb      245   41.00160   39.61424    0.00160    1.80387       -7632.72130
  Nb      246   40.98616   39.59879   -0.01384    1.82050       -7632.73527
  Nb      247   41.02370   39.63633    0.02370    1.77760       -7632.70696
  Nb      248   41.03217   39.64480    0.03217    1.77440       -7632.71170
  Nb      249   41.03567   39.64831    0.03567    1.77011       -7632.70668
  Nb      250   41.04142   39.65406    0.04142    1.76574       -7632.70748
  Nb      251   41.05821   39.67085    0.05821    1.74759       -7632.69756
  Nb      252   41.03766   39.65030    0.03766    1.77514       -7632.71096
  Nb      253   41.08994   39.70257    0.08994    1.72619       -7632.68629
  Nb      254   41.05425   39.66688    0.05425    1.75497       -7632.69538
  Nb      255   41.07911   39.69174    0.07911    1.73165       -7632.68086
  Nb      256   41.01911   39.63174    0.01911    1.78422       -7632.71047
  Mo      257   42.14767   40.76031    0.14767    1.74670       -8090.70973
  Mo      258   42.12860   40.74123    0.12860    1.76629       -8090.71942
  Mo      259   42.21869   40.83133    0.21869    1.67797       -8090.66930
  Mo      260   42.16465   40.77728    0.16465    1.73030       -8090.69754
  Mo      261   42.20087   40.81351    0.20087    1.69220       -8090.67771
  Mo      262   42.12073   40.73336    0.12073    1.77135       -8090.71809
  Mo      263   42.18684   40.79947    0.18684    1.70074       -8090.68183
  Mo      264   42.12121   40.73385    0.12121    1.77326       -8090.72130
  Mo      265   42.19024   40.80287    0.19024    1.70191       -8090.67645
  Mo      266   42.17231   40.78494    0.17231    1.72090       -8090.68809
  Mo      267   42.15322   40.76586    0.15322    1.73681       -8090.70154
  Mo      268   42.11121   40.72385    0.11121    1.78178       -8090.73220
  Mo      269   42.19203   40.80466    0.19203    1.69863       -8090.68206
  Mo      270   42.25082   40.86345    0.25082    1.64647       -8090.65618
  Mo      271   42.13178   40.74441    0.13178    1.75933       -8090.71589
  Mo      272   42.18206   40.79470    0.18206    1.70721       -8090.68341
  Mo      273   42.17762   40.79026    0.17762    1.70710       -8090.68698
  Mo      274   42.11297   40.72561    0.11297    1.77459       -8090.71834
  Mo      275   42.20133   40.81397    0.20133    1.69241       -8090.67340
  Mo      276   42.13766   40.75029    0.13766    1.75721       -8090.71334
  Mo      277   42.11875   40.73139    0.11875    1.77647       -8090.71936
  Mo      278   42.19049   40.80313    0.19049    1.70539       -8090.68615
  Mo      279   42.23999   40.85263    0.23999    1.65293       -8090.66021
  Mo      280   42.20175   40.81439    0.20175    1.69493       -8090.68317
  Mo      281   42.20017   40.81280    0.20017    1.69457       -8090.68298
  Mo      282   42.17222   40.78486    0.17222    1.71798       -8090.68473
  Mo      283   42.16862   40.78125    0.16862    1.72428       -8090.69790
  Mo      284   42.15759   40.77022    0.15759    1.73435       -8090.69338
  Mo      285   42.17159   40.78422    0.17159    1.72769       -8090.70173
  Mo      286   42.21099   40.82362    0.21099    1.68753       -8090.68119
  Mo      287   42.18263   40.79527    0.18263    1.71292       -8090.68950
  Mo      288   42.08460   40.69724    0.08460    1.80240       -8090.73594
  Mo      289   42.16391   40.77655    0.16391    1.73337       -8090.70405
  Mo      290   42.18165   40.79429    0.18165    1.70776       -8090.68555
  Mo      291   42.15731   40.76995    0.15731    1.74241       -8090.70561
  Mo      292   42.16098   40.77361    0.16098    1.73321       -8090.70380
  Mo      293   42.18618   40.79882    0.18618    1.71643       -8090.69342
  Mo      294   42.14130   40.75394    0.14130    1.75888       -8090.71733
  Mo      295   42.20116   40.81379    0.20116    1.69486       -8090.67529
  Mo      296   42.20240   40.81504    0.20240    1.69843       -8090.68767
  Mo      297   42.18123   40.79386    0.18123    1.71372       -8090.68773
  Mo      298   42.15453   40.76716    0.15453    1.74146       -8090.70997
  Mo      299   42.12852   40.74116    0.12852    1.76179       -8090.71993
  Mo      300   42.21983   40.83247    0.21983    1.67091       -8090.66705
  Mo      301   42.24280   40.85544    0.24280    1.65795       -8090.66502
  Mo      302   42.20943   40.82207    0.20943    1.68009       -8090.66838
  Mo      303   42.15637   40.76901    0.15637    1.73707       -8090.69795
  Mo      304   42.13522   40.74785    0.13522    1.74678       -8090.70413
  Mo      305   42.20559   40.81822    0.20559    1.69444       -8090.68021
  Mo      306   42.20341   40.81605    0.20341    1.69282       -8090.68067
  Mo      307   42.10433   40.71696    0.10433    1.78535       -8090.73265
  Mo      308   42.11836   40.73099    0.11836    1.77718       -8090.72056
  Mo      309   42.16988   40.78251    0.16988    1.73060       -8090.69972
  Mo      310   42.23970   40.85234    0.23970    1.65540       -8090.65613
  Mo      311   42.17725   40.78989    0.17725    1.72167       -8090.69002
  Mo      312   42.21009   40.82273    0.21009    1.68323       -8090.66765
  Mo      313   42.17655   40.78918    0.17655    1.72065       -8090.69413
  Mo      314   42.07471   40.68735    0.07471    1.81539       -8090.74439
  Mo      315   42.18218   40.79482    0.18218    1.71183       -8090.69083
  Mo      316   42.16437   40.77701    0.16437    1.72804       -8090.69647
  Mo      317   42.12911   40.74175    0.12911    1.76527       -8090.72055
  Mo      318   42.16236   40.77500    0.16236    1.73050       -8090.69644
  Mo      319   42.15078   40.76342    0.15078    1.73549       -8090.69485
  Mo      320   42.18639   40.79903    0.18639    1.70795       -8090.68860
  Mo      321   42.22617   40.83880    0.22617    1.66898       -8090.65893
  Mo      322   42.21250   40.82513    0.21250    1.68284       -8090.67157
  Mo      323   42.27571   40.88834    0.27571    1.63106       -8090.65388
  Mo      324   42.22210   40.83473    0.22210    1.67530       -8090.66864
  Mo      325   42.22781   40.84045    0.22781    1.66917       -8090.66790
  Mo      326   42.12394   40.73657    0.12394    1.76999       -8090.72147
  Mo      327   42.16637   40.77900    0.16637    1.72455       -8090.69474
  Mo      328   42.23464   40.84727    0.23464    1.66129       -8090.66604
  Mo      329   42.18442   40.79705    0.18442    1.70265       -8090.68192
  Mo      330   42.13610   40.74874    0.13610    1.75454       -8090.71073
  Mo      331   42.20064   40.81328    0.20064    1.69912       -8090.68213
  Mo      332   42.12227   40.73491    0.12227    1.77043       -8090.71852
  Mo      333   42.20401   40.81665    0.20401    1.69025       -8090.68080
  Mo      334   42.16196   40.77459    0.16196    1.73399       -8090.70760
  Mo      335   42.27296   40.88560    0.27296    1.63195       -8090.64501
  Mo      336   42.17170   40.78434    0.17170    1.72301       -8090.69673
  Mo      337   42.15944   40.77208    0.15944    1.73498       -8090.70273
  Mo      338   42.12616   40.73880    0.12616    1.76733       -8090.72332
  Mo      339   42.18224   40.79487    0.18224    1.71323       -8090.68975
  Mo      340   42.17798   40.79061    0.17798    1.71358       -8090.68788
  Mo      341   42.23756   40.85020    0.23756    1.65881       -8090.65939
  Mo      342   42.16705   40.77968    0.16705    1.72046       -8090.68812
  Mo      343   42.16720   40.77983    0.16720    1.72869       -8090.69905
  Mo      344   42.19632   40.80895    0.19632    1.69213       -8090.67778
  Mo      345   42.21671   40.82935    0.21671    1.67424       -8090.66305
  Mo      346   42.11138   40.72402    0.11138    1.78577       -8090.72783
  Mo      347   42.17160   40.78424    0.17160    1.71991       -8090.68464
  Mo      348   42.15639   40.76902    0.15639    1.73550       -8090.69820
  Mo      349   42.11065   40.72328    0.11065    1.78051       -8090.72061
  Mo      350   42.16439   40.77703    0.16439    1.72902       -8090.70359
  Mo      351   42.12509   40.73772    0.12509    1.76026       -8090.71117
  Mo      352   42.14923   40.76187    0.14923    1.74320       -8090.71737
  Mo      353   42.16507   40.77771    0.16507    1.72381       -8090.69732
  Mo      354   42.16080   40.77344    0.16080    1.73226       -8090.70406
  Mo      355   42.13194   40.74458    0.13194    1.75723       -8090.70872
  Mo      356   42.20360   40.81623    0.20360    1.69563       -8090.67856
  Mo      357   42.11463   40.72727    0.11463    1.77778       -8090.72840
  Mo      358   42.12945   40.74208    0.12945    1.76242       -8090.72464
  Mo      359   42.09013   40.70277    0.09013    1.80385       -8090.74194
  Mo      360   42.19332   40.80595    0.19332    1.70264       -8090.68450
  Mo      361   42.11802   40.73065    0.11802    1.77530       -8090.72441
  Mo      362   42.27338   40.88602    0.27338    1.63158       -8090.64926
  Mo      363   42.16258   40.77521    0.16258    1.73030       -8090.69873
  Mo      364   42.15287   40.76551    0.15287    1.74171       -8090.70417
  Mo      365   42.20467   40.81731    0.20467    1.69639       -8090.68742
  Mo      366   42.13278   40.74542    0.13278    1.76188       -8090.71566
  Mo      367   42.19344   40.80607    0.19344    1.70359       -8090.67938
  Mo      368   42.13323   40.74587    0.13323    1.75759       -8090.71265
  Mo      369   42.10239   40.71503    0.10239    1.79008       -8090.72970
  Mo      370   42.17109   40.78373    0.17109    1.72482       -8090.69844
  Mo      371   42.20513   40.81776    0.20513    1.69188       -8090.67723
  Mo      372   42.19555   40.80819    0.19555    1.69836       -8090.68241
  Mo      373   42.21137   40.82401    0.21137    1.68205       -8090.67800
  Mo      374   42.19456   40.80720    0.19456    1.70154       -8090.68945
  Mo      375   42.20068   40.81332    0.20068    1.69649       -8090.68407
  Mo      376   42.17037   40.78300    0.17037    1.71652       -8090.68108
  Mo      377   42.17680   40.78944    0.17680    1.71406       -8090.68958
  Mo      378   42.10220   40.71483    0.10220    1.79411       -8090.73617
  Mo      379   42.19470   40.80733    0.19470    1.70417       -8090.68565
  Mo      380   42.15033   40.76296    0.15033    1.74335       -8090.70716
  Mo      381   42.21715   40.82978    0.21715    1.68531       -8090.67863
  Mo      382   42.23023   40.84286    0.23023    1.67142       -8090.67031
  Mo      383   42.17406   40.78669    0.17406    1.71922       -8090.68829
  Mo      384   42.13440   40.74703    0.13440    1.76160       -8090.72340
  Ta      385   72.83396   71.44660   -0.16604    1.88011      -31233.08428
  Ta      386   72.84268   71.45531   -0.15732    1.86953      -31233.08065
  Ta      387   72.87746   71.49009   -0.12254    1.84440      -31233.06589
  Ta      388   72.75013   71.36276   -0.24987    1.95402      -31233.13156
  Ta      389   72.88050   71.49313   -0.11950    1.83943      -31233.06244
  Ta      390   72.81018   71.42281   -0.18982    1.90179      -31233.10084
  Ta      391   72.81840   71.43104   -0.18160    1.88983      -31233.09121
  Ta      392   72.87706   71.48970   -0.12294    1.83601      -31233.06083
  Ta      393   72.84113   71.45376   -0.15887    1.86557      -31233.07701
  Ta      394   72.93761   71.55025   -0.06239    1.78850      -31233.02217
  Ta      395   72.92000   71.53263   -0.08000    1.80026      -31233.03319
  Ta      396   72.83470   71.44734   -0.16530    1.87372      -31233.08343
  Ta      397   72.91249   71.52513   -0.08751    1.80255      -31233.03852
  Ta      398   72.83637   71.44901   -0.16363    1.87347      -31233.07841
  Ta      399   72.82478   71.43741   -0.17522    1.89057      -31233.09123
  Ta      400   72.92196   71.53460   -0.07804    1.79875      -31233.02659
  Ta      401   72.84416   71.45680   -0.15584    1.86843      -31233.07415
  Ta      402   72.95407   71.56671   -0.04593    1.76952      -31233.01657
  Ta      403   72.90062   71.51326   -0.09938    1.82059      -31233.04905
  Ta      404   72.82554   71.43818   -0.17446    1.88595      -31233.09082
  Ta      405   72.82557   71.43821   -0.17443    1.88244      -31233.09088
  Ta      406   72.84450   71.45714   -0.15550    1.86906      -31233.07724
  Ta      407   72.77256   71.38520   -0.22744    1.93617      -31233.11766
  Ta      408   72.84715   71.45978   -0.15285    1.86218      -31233.07609
  Ta      409   72.78724   71.39987   -0.21276    1.92303      -31233.11069
  Ta      410   72.80752   71.42016   -0.19248    1.90299      -31233.10349
  Ta      411   72.89665   71.50929   -0.10335    1.82035      -31233.04764
  Ta      412   72.90725   71.51988   -0.09275    1.81375      -31233.03962
  Ta      413   72.86303   71.47567   -0.13697    1.85048      -31233.06343
  Ta      414   72.80941   71.42205   -0.19059    1.89783      -31233.09936
  Ta      415   72.89513   71.50776   -0.10487    1.82268      -31233.05217
  Ta      416   72.81501   71.42764   -0.18499    1.89633      -31233.08939
  Ta      417   72.80253   71.41516   -0.19747    1.90842      -31233.10352
  Ta      418   72.81585   71.42849   -0.18415    1.89851      -31233.09800
  Ta      419   72.89676   71.50940   -0.10324    1.82010      -31233.04446
  Ta      420   72.90570   71.51834   -0.09430    1.81599      -31233.04340
  Ta      421   72.87571   71.48835   -0.12429    1.84655      -31233.07110
  Ta      422   72.83400   71.44664   -0.16600    1.87719      -31233.08405
  Ta      423   72.89087   71.50351   -0.10913    1.82647      -31233.05056
  Ta      424   72.81844   71.43107   -0.18156    1.89309      -31233.08834
  Ta      425   72.94246   71.55510   -0.05754    1.77865      -31233.02909
  Ta      426   72.85044   71.46307   -0.14956    1.86355      -31233.07753
  Ta      427   72.84409   71.45672   -0.15591    1.86942      -31233.07306
  Ta      428   72.89232   71.50495   -0.10768    1.82048      -31233.04195
  Ta      429   72.89965   71.51229   -0.10035    1.81941      -31233.05129
  Ta      430   72.88904   71.50168   -0.11096    1.82625      -31233.05058
  Ta      431   72.83659   71.44923   -0.16341    1.87768      -31233.08046
  Ta      432   72.87727   71.48990   -0.12273    1.83903      -31233.05319
  Ta      433   72.89636   71.50900   -0.10364    1.82197      -31233.04811
  Ta      434   72.79534   71.40797   -0.20466    1.91217      -31233.10299
  Ta      435   72.89697   71.50961   -0.10303    1.82383      -31233.04926
  Ta      436   72.90918   71.52182   -0.09082    1.80911      -31233.03968
  Ta      437   72.87776   71.49040   -0.12224    1.84180      -31233.06202
  Ta      438   72.90718   71.51981   -0.09282    1.81187      -31233.04405
  Ta      439   72.78045   71.39308   -0.21955    1.92512      -31233.11523
  Ta      440   72.85167   71.46431   -0.14833    1.86117      -31233.07616
  Ta      441   72.90906   71.52169   -0.09094    1.81011      -31233.04227
  Ta      442   72.85936   71.47200   -0.14064    1.85228      -31233.07517
  Ta      443   72.79800   71.41064   -0.20200    1.90734      -31233.09901
  Ta      444   72.81035   71.42298   -0.18965    1.90294      -31233.09427
  Ta      445   72.87493   71.48757   -0.12507    1.84316      -31233.06234
  Ta      446   72.91606   71.52870   -0.08394    1.80321      -31233.03456
  Ta      447   72.86316   71.47580   -0.13684    1.85341      -31233.06948
  Ta      448   72.77108   71.38371   -0.22892    1.93105      -31233.11578
  Ta      449   72.84512   71.45776   -0.15488    1.87226      -31233.07831
  Ta      450   72.91651   71.52915   -0.08349    1.80237      -31233.03581
  Ta      451   72.90282   71.51545   -0.09718    1.81145      -31233.04262
  Ta      452   72.91333   71.52596   -0.08667    1.80460      -31233.03726
  Ta      453   72.91936   71.53199   -0.08064    1.79422      -31233.03830
  Ta      454   72.87667   71.48931   -0.12333    1.83682      -31233.04959
  Ta      455   72.91679   71.52943   -0.08321    1.80171      -31233.03513
  Ta      456   72.88670   71.49934   -0.11330    1.83043      -31233.05264
  Ta      457   72.84865   71.46128   -0.15135    1.87017      -31233.08473
  Ta      458   72.80831   71.42094   -0.19169    1.89754      -31233.09213
  Ta      459   72.89210   71.50474   -0.10790    1.82180      -31233.04650
  Ta      460   72.86166   71.47430   -0.13834    1.85183      -31233.06888
  Ta      461   72.81702   71.42966   -0.18298    1.88812      -31233.09271
  Ta      462   72.83730   71.44994   -0.16270    1.88004      -31233.08999
  Ta      463   72.85300   71.46564   -0.14700    1.85827      -31233.06338
  Ta      464   72.89178   71.50441   -0.10822    1.81855      -31233.04816
  Ta      465   72.84820   71.46083   -0.15180    1.86273      -31233.08154
  Ta      466   72.94162   71.55425   -0.05838    1.77639      -31233.02465
  Ta      467   72.83511   71.44775   -0.16489    1.88099      -31233.09045
  Ta      468   72.84660   71.45923   -0.15340    1.86516      -31233.06907
  Ta      469   72.86870   71.48133   -0.13130    1.84718      -31233.05945
  Ta      470   72.84194   71.45458   -0.15806    1.87027      -31233.08261
  Ta      471   72.93201   71.54465   -0.06799    1.78709      -31233.02436
  Ta      472   72.79024   71.40287   -0.20976    1.92263      -31233.11264
  Ta      473   72.80899   71.42163   -0.19101    1.90535      -31233.10859
  Ta      474   72.88409   71.49672   -0.11591    1.83257      -31233.06038
  Ta      475   72.85082   71.46346   -0.14918    1.86097      -31233.08094
  Ta      476   72.89138   71.50401   -0.10862    1.82753      -31233.05637
  Ta      477   72.86311   71.47575   -0.13689    1.84583      -31233.06001
  Ta      478   72.86757   71.48021   -0.13243    1.83904      -31233.06457
  Ta      479   72.85029   71.46292   -0.14971    1.86719      -31233.07646
  Ta      480   72.81100   71.42364   -0.18900    1.90132      -31233.10342
  Ta      481   72.81819   71.43082   -0.18181    1.89376      -31233.09235
  Ta      482   72.85905   71.47168   -0.14095    1.85199      -31233.06570
  Ta      483   72.83958   71.45221   -0.16042    1.86471      -31233.07772
  Ta      484   72.85113   71.46377   -0.14887    1.86291      -31233.07755
  Ta      485   72.84106   71.45369   -0.15894    1.86939      -31233.07669
  Ta      486   72.84054   71.45318   -0.15946    1.87352      -31233.08159
  Ta      487   72.91656   71.52919   -0.08344    1.80460      -31233.03805
  Ta      488   72.89169   71.50433   -0.10831    1.82469      -31233.05699
  Ta      489   72.85856   71.47119   -0.14144    1.86055      -31233.07571
  Ta      490   72.81812   71.43075   -0.18188    1.89082      -31233.09018
  Ta      491   72.90388   71.51651   -0.09612    1.80755      -31233.03947
  Ta      492   72.85866   71.47129   -0.14134    1.85401      -31233.06520
  Ta      493   72.84116   71.45379   -0.15884    1.86568      -31233.07485
  Ta      494   72.82798   71.44062   -0.17202    1.87900      -31233.08306
  Ta      495   72.86423   71.47686   -0.13577    1.84589      -31233.06048
  Ta      496   72.87370   71.48633   -0.12630    1.84287      -31233.06150
  Ta      497   72.84698   71.45961   -0.15302    1.86567      -31233.08026
  Ta      498   72.88264   71.49527   -0.11736    1.83161      -31233.05536
  Ta      499   72.89176   71.50439   -0.10824    1.82384      -31233.05419
  Ta      500   72.80497   71.41761   -0.19503    1.90643      -31233.10141
  Ta      501   72.75793   71.37057   -0.24207    1.94918      -31233.12921
  Ta      502   72.81608   71.42872   -0.18392    1.89017      -31233.09149
  Ta      503   72.83068   71.44332   -0.16932    1.88946      -31233.09799
  Ta      504   72.88187   71.49451   -0.11813    1.83115      -31233.05617
  Ta      505   72.80838   71.42102   -0.19162    1.90152      -31233.09254
  Ta      506   72.89437   71.50700   -0.10563    1.82278      -31233.05240
  Ta      507   72.82514   71.43777   -0.17486    1.88751      -31233.09081
  Ta      508   72.83995   71.45259   -0.16005    1.87174      -31233.08356
  Ta      509   72.87907   71.49170   -0.12093    1.82759      -31233.05114
  Ta      510   72.85878   71.47141   -0.14122    1.85466      -31233.06198
  Ta      511   72.94616   71.55880   -0.05384    1.77736      -31233.02512
  Ta      512   72.87154   71.48418   -0.12846    1.84478      -31233.06559
