System Description            : WNbMoTa, BCC structure                          
Number of Atoms in Unit Cell  : 64                                              
Number of Atomic Species      : 4                                               
Number of Atoms in Each Type  : 16(W), 16(Nb), 16(Mo), 16(Ta)                   
Energy Offset                 : -19816                                          
=======================================================================================
    Iter     Energy      3PV     Efermi   Rms_rho    Rms_pot   Mix  Alg  Alpha 
---------------------------------------------------------------------------------------
**       1  -0.263292  2293.565  0.59565  0.140E+01  0.116E+00  pot  B   0.1000
         2  -0.623564  2265.257  0.60830  0.742E-02  0.158E+00  pot  B   0.1000
         3  -0.828431  2242.138  0.61921  0.611E-02  0.238E+00  pot  B   0.1000
         4  -1.174429  2182.441  0.64187  0.157E-01  0.105E+00  pot  B   0.1000
         5  -1.196260  2171.586  0.65727  0.320E-02  0.115E+00  pot  B   0.1000
         6  -1.224570  2161.865  0.66776  0.319E-02  0.305E-01  pot  B   0.1000
         7  -1.245143  2151.876  0.67400  0.353E-02  0.370E-01  pot  B   0.1000
         8  -1.269286  2137.813  0.68002  0.571E-02  0.350E-01  pot  B   0.1000
         9  -1.274540  2131.840  0.68317  0.262E-02  0.179E-01  pot  B   0.1000
        10  -1.275780  2129.145  0.68505  0.139E-02  0.757E-02  pot  B   0.1000
        11  -1.275931  2128.748  0.68581  0.280E-03  0.460E-02  pot  B   0.1000
        12  -1.276128  2128.452  0.68714  0.334E-03  0.410E-02  pot  B   0.1000
        13  -1.276231  2128.346  0.68823  0.236E-03  0.346E-02  pot  B   0.1000
        14  -1.276289  2128.258  0.68925  0.209E-03  0.138E-02  pot  B   0.1000
        15  -1.276303  2128.248  0.68989  0.133E-03  0.567E-03  pot  B   0.1000
        16  -1.276305  2128.277  0.69008  0.351E-04  0.464E-03  pot  B   0.1000
        17  -1.276309  2128.328  0.69027  0.369E-04  0.328E-03  pot  B   0.1000
        18  -1.276310  2128.339  0.69045  0.331E-04  0.238E-03  pot  B   0.1000
        19  -1.276311  2128.348  0.69049  0.112E-04  0.123E-03  pot  B   0.1000
        20  -1.276311  2128.324  0.69053  0.815E-05  0.112E-03  pot  B   0.1000
        21  -1.276311  2128.318  0.69054  0.291E-05  0.102E-03  pot  B   0.1000
        22  -1.276311  2128.292  0.69056  0.813E-05  0.421E-04  pot  B   0.1000
        23  -1.276310  2128.282  0.69057  0.345E-05  0.297E-04  pot  B   0.1000
        24  -1.276310  2128.277  0.69058  0.237E-05  0.288E-04  pot  B   0.1000
        25  -1.276310  2128.275  0.69058  0.126E-05  0.134E-04  pot  B   0.1000
        26  -1.276310  2128.274  0.69059  0.732E-06  0.118E-04  pot  B   0.1000
        27  -1.276310  2128.274  0.69059  0.248E-06  0.727E-05  pot  B   0.1000
        28  -1.276310  2128.274  0.69059  0.490E-06  0.441E-05  pot  B   0.1000
        29  -1.276310  2128.274  0.69059  0.252E-06  0.288E-05  pot  B   0.1000
        30  -1.276310  2128.275  0.69059  0.226E-06  0.255E-05  pot  B   0.1000
        31  -1.276310  2128.275  0.69060  0.928E-07  0.221E-05  pot  B   0.1000
        32  -1.276310  2128.276  0.69060  0.153E-06  0.113E-05  pot  B   0.1000
        33  -1.276310  2128.276  0.69060  0.279E-07  0.120E-05  pot  B   0.1000
        34  -1.276310  2128.276  0.69060  0.322E-07  0.607E-06  pot  B   0.1000
        35  -1.276310  2128.276  0.69060  0.109E-07  0.454E-06  pot  B   0.1000
        36  -1.276310  2128.276  0.69060  0.115E-07  0.483E-06  pot  B   0.1000
        37  -1.276310  2128.276  0.69060  0.157E-07  0.305E-06  pot  B   0.1000
        38  -1.276310  2128.276  0.69060  0.150E-07  0.178E-06  pot  B   0.1000
        39  -1.276310  2128.276  0.69060  0.598E-08  0.152E-06  pot  B   0.1000
        40  -1.276310  2128.276  0.69060  0.968E-08  0.638E-07  pot  B   0.1000
        41  -1.276310  2128.276  0.69060  0.589E-08  0.335E-07  pot  B   0.1000
        42  -1.276310  2128.276  0.69060  0.289E-08  0.340E-07  pot  B   0.1000
        43  -1.276310  2128.276  0.69060  0.130E-08  0.298E-07  pot  B   0.1000
        44  -1.276310  2128.276  0.69060  0.127E-08  0.196E-07  pot  B   0.1000
        45  -1.276310  2128.276  0.69060  0.410E-09  0.185E-07  pot  B   0.1000
        46  -1.276310  2128.276  0.69060  0.261E-09  0.129E-07  pot  B   0.1000
        47  -1.276310  2128.276  0.69060  0.346E-09  0.680E-08  pot  B   0.1000
**      48  -1.276310  2128.276  0.69060  0.454E-12  0.680E-08  pot  B   0.1000
