System Description            : WNbMoTaV, BCC structure                         
Number of Atoms in Unit Cell  : 40                                              
Number of Atomic Species      : 5                                               
Number of Atoms in Each Type  : 8(W), 8(Nb), 8(Mo), 8(Ta), 8(V)                 
Energy Offset                 : -16231                                          
=======================================================================================
    Iter     Energy      3PV     Efermi   Rms_rho    Rms_pot   Mix  Alg  Alpha 
---------------------------------------------------------------------------------------
**       1  -0.884005  1839.009  0.58950  0.140E+01  0.158E+00  pot  B   0.1000
         2  -1.139665  1816.562  0.60182  0.788E-02  0.358E+00  pot  B   0.1000
         3  -1.251978  1810.981  0.60029  0.350E-02  0.293E+00  pot  B   0.1000
         4  -1.461113  1791.535  0.61439  0.626E-02  0.924E-01  pot  B   0.1000
         5  -1.544139  1757.460  0.62115  0.114E-01  0.377E+00  pot  B   0.1000
         6  -1.651460  1747.092  0.62643  0.352E-02  0.207E+00  pot  B   0.1000
         7  -1.694836  1736.782  0.63132  0.364E-02  0.160E+00  pot  B   0.1000
         8  -1.726858  1727.658  0.63770  0.384E-02  0.487E-01  pot  B   0.1000
         9  -1.739398  1721.282  0.63997  0.310E-02  0.622E-01  pot  B   0.1000
        10  -1.753545  1712.895  0.64024  0.436E-02  0.455E-01  pot  B   0.1000
        11  -1.756996  1708.342  0.64189  0.256E-02  0.250E-01  pot  B   0.1000
        12  -1.758072  1707.705  0.64326  0.456E-03  0.509E-02  pot  B   0.1000
        13  -1.758286  1707.295  0.64448  0.384E-03  0.633E-02  pot  B   0.1000
        14  -1.758422  1707.101  0.64559  0.250E-03  0.351E-02  pot  B   0.1000
        15  -1.758589  1706.915  0.64741  0.351E-03  0.256E-02  pot  B   0.1000
        16  -1.758627  1706.789  0.64863  0.223E-03  0.212E-02  pot  B   0.1000
        17  -1.758632  1706.770  0.64895  0.579E-04  0.137E-02  pot  B   0.1000
        18  -1.758635  1706.776  0.64909  0.329E-04  0.155E-02  pot  B   0.1000
        19  -1.758637  1706.762  0.64915  0.330E-04  0.925E-03  pot  B   0.1000
        20  -1.758639  1706.758  0.64924  0.348E-04  0.497E-03  pot  B   0.1000
        21  -1.758639  1706.807  0.64932  0.436E-04  0.317E-03  pot  B   0.1000
        22  -1.758639  1706.791  0.64934  0.108E-04  0.404E-03  pot  B   0.1000
        23  -1.758639  1706.807  0.64936  0.103E-04  0.115E-03  pot  B   0.1000
        24  -1.758640  1706.811  0.64937  0.468E-05  0.948E-04  pot  B   0.1000
        25  -1.758640  1706.816  0.64940  0.756E-05  0.159E-03  pot  B   0.1000
        26  -1.758640  1706.816  0.64942  0.242E-05  0.717E-04  pot  B   0.1000
        27  -1.758640  1706.815  0.64943  0.161E-05  0.392E-04  pot  B   0.1000
        28  -1.758640  1706.813  0.64943  0.789E-06  0.302E-04  pot  B   0.1000
        29  -1.758640  1706.813  0.64944  0.131E-05  0.209E-04  pot  B   0.1000
        30  -1.758640  1706.811  0.64944  0.120E-05  0.241E-04  pot  B   0.1000
        31  -1.758640  1706.811  0.64944  0.645E-06  0.113E-04  pot  B   0.1000
        32  -1.758640  1706.812  0.64944  0.486E-06  0.111E-04  pot  B   0.1000
        33  -1.758640  1706.812  0.64944  0.822E-06  0.868E-05  pot  B   0.1000
        34  -1.758640  1706.813  0.64944  0.784E-06  0.106E-04  pot  B   0.1000
        35  -1.758640  1706.814  0.64944  0.393E-06  0.593E-05  pot  B   0.1000
        36  -1.758640  1706.814  0.64944  0.322E-06  0.583E-05  pot  B   0.1000
        37  -1.758640  1706.814  0.64944  0.129E-06  0.225E-05  pot  B   0.1000
        38  -1.758640  1706.814  0.64944  0.139E-06  0.262E-05  pot  B   0.1000
        39  -1.758640  1706.814  0.64944  0.134E-06  0.202E-05  pot  B   0.1000
        40  -1.758640  1706.815  0.64944  0.139E-06  0.156E-05  pot  B   0.1000
        41  -1.758640  1706.815  0.64944  0.277E-07  0.123E-05  pot  B   0.1000
        42  -1.758640  1706.815  0.64944  0.516E-07  0.714E-06  pot  B   0.1000
        43  -1.758640  1706.815  0.64944  0.260E-07  0.433E-06  pot  B   0.1000
        44  -1.758640  1706.815  0.64944  0.208E-07  0.162E-06  pot  B   0.1000
        45  -1.758640  1706.815  0.64944  0.120E-07  0.161E-06  pot  B   0.1000
        46  -1.758640  1706.815  0.64944  0.956E-08  0.188E-06  pot  B   0.1000
        47  -1.758640  1706.815  0.64944  0.439E-08  0.940E-07  pot  B   0.1000
        48  -1.758640  1706.815  0.64944  0.411E-08  0.979E-07  pot  B   0.1000
        49  -1.758640  1706.815  0.64944  0.183E-08  0.682E-07  pot  B   0.1000
        50  -1.758640  1706.815  0.64944  0.213E-08  0.859E-07  pot  B   0.1000
        51  -1.758640  1706.815  0.64944  0.215E-08  0.388E-07  pot  B   0.1000
        52  -1.758640  1706.815  0.64944  0.891E-09  0.173E-07  pot  B   0.1000
        53  -1.758640  1706.815  0.64944  0.176E-08  0.897E-08  pot  B   0.1000
**      54  -1.758640  1706.815  0.64944  0.474E-12  0.898E-08  pot  B   0.1000
