 Atom   Index      Q          Qmt        dQ        Vmad        Local Energy
  W         1   73.91051   72.60897   -0.08949    1.67946      -32312.45605
  W         2   73.92102   72.61947   -0.07898    1.66683      -32312.44039
  W         3   73.84548   72.54393   -0.15452    1.74161      -32312.49777
  W         4   73.85774   72.55620   -0.14226    1.73844      -32312.50299
  W         5   73.67628   72.37474   -0.32372    1.92231      -32312.62101
  W         6   73.83663   72.53508   -0.16337    1.75420      -32312.51141
  W         7   73.79811   72.49657   -0.20189    1.79669      -32312.53329
  W         8   73.89077   72.58922   -0.10923    1.70214      -32312.46774
  W         9   73.80157   72.50003   -0.19843    1.79179      -32312.53020
  W        10   73.85376   72.55222   -0.14624    1.74658      -32312.50143
  W        11   73.93549   72.63395   -0.06451    1.64960      -32312.43103
  W        12   73.72465   72.42311   -0.27535    1.86737      -32312.57829
  W        13   73.86515   72.56360   -0.13485    1.72620      -32312.47312
  W        14   73.92147   72.61993   -0.07853    1.67072      -32312.45493
  W        15   73.85181   72.55026   -0.14819    1.74955      -32312.50419
  W        16   73.90318   72.60164   -0.09682    1.68231      -32312.45677
  W        17   73.87216   72.57062   -0.12784    1.72218      -32312.48129
  W        18   73.83917   72.53762   -0.16083    1.75591      -32312.51490
  W        19   73.86793   72.56639   -0.13207    1.72172      -32312.48382
  W        20   73.83849   72.53695   -0.16151    1.75487      -32312.50674
  W        21   73.88821   72.58667   -0.11179    1.70496      -32312.47629
  W        22   73.89317   72.59162   -0.10683    1.70208      -32312.47577
  W        23   73.95466   72.65311   -0.04534    1.64733      -32312.44305
  W        24   73.81445   72.51291   -0.18555    1.78226      -32312.53751
  W        25   73.89811   72.59656   -0.10189    1.69886      -32312.47863
  W        26   73.92359   72.62204   -0.07641    1.67967      -32312.46846
  W        27   73.84232   72.54078   -0.15768    1.76202      -32312.52210
  W        28   73.92677   72.62523   -0.07323    1.67142      -32312.45580
  W        29   73.77658   72.47504   -0.22342    1.81812      -32312.55211
  W        30   73.79226   72.49071   -0.20774    1.80459      -32312.53841
  W        31   73.77974   72.47820   -0.22026    1.80985      -32312.53665
  W        32   73.98009   72.67854   -0.01991    1.60764      -32312.41125
  Nb       33   41.01210   39.71055    0.01210    1.61042       -7632.50990
  Nb       34   40.75623   39.45468   -0.24377    1.87280       -7632.66780
  Nb       35   40.93507   39.63353   -0.06493    1.69185       -7632.56400
  Nb       36   40.93664   39.63509   -0.06336    1.69152       -7632.56340
  Nb       37   40.77475   39.47320   -0.22525    1.85075       -7632.66208
  Nb       38   40.86804   39.56650   -0.13196    1.76016       -7632.60716
  Nb       39   40.93501   39.63346   -0.06499    1.69167       -7632.55837
  Nb       40   40.86506   39.56351   -0.13494    1.75472       -7632.60952
  Nb       41   40.76239   39.46085   -0.23761    1.86531       -7632.67852
  Nb       42   40.86560   39.56405   -0.13440    1.76503       -7632.61000
  Nb       43   40.75034   39.44880   -0.24966    1.87713       -7632.66657
  Nb       44   40.93373   39.63218   -0.06627    1.69131       -7632.56481
  Nb       45   40.84532   39.54378   -0.15468    1.78429       -7632.62197
  Nb       46   40.99065   39.68911   -0.00935    1.63948       -7632.52913
  Nb       47   40.91596   39.61442   -0.08404    1.71036       -7632.57780
  Nb       48   40.86133   39.55979   -0.13867    1.76539       -7632.61023
  Nb       49   40.93160   39.63006   -0.06840    1.69823       -7632.57073
  Nb       50   40.88226   39.58071   -0.11774    1.74329       -7632.59253
  Nb       51   40.96159   39.66005   -0.03841    1.66975       -7632.55138
  Nb       52   40.73462   39.43308   -0.26538    1.89080       -7632.68490
  Nb       53   40.96467   39.66312   -0.03533    1.66214       -7632.54338
  Nb       54   40.93480   39.63326   -0.06520    1.69889       -7632.56792
  Nb       55   40.85878   39.55723   -0.14122    1.75952       -7632.60657
  Nb       56   40.89250   39.59096   -0.10750    1.73260       -7632.57818
  Nb       57   40.80410   39.50255   -0.19590    1.81793       -7632.64389
  Nb       58   40.85926   39.55771   -0.14074    1.76640       -7632.60460
  Nb       59   40.83157   39.53003   -0.16843    1.79816       -7632.62985
  Nb       60   41.02963   39.72809    0.02963    1.59202       -7632.49894
  Nb       61   40.87565   39.57410   -0.12435    1.75342       -7632.59783
  Nb       62   40.92687   39.62533   -0.07313    1.70353       -7632.57010
  Nb       63   40.82945   39.52791   -0.17055    1.80259       -7632.63046
  Nb       64   40.69353   39.39199   -0.30647    1.93510       -7632.71371
  Mo       65   42.03655   40.73501    0.03655    1.68530       -8090.58759
  Mo       66   42.10374   40.80220    0.10374    1.61784       -8090.54307
  Mo       67   42.11842   40.81687    0.11842    1.60174       -8090.52979
  Mo       68   41.94851   40.64696   -0.05149    1.77322       -8090.63176
  Mo       69   41.98325   40.68171   -0.01675    1.73320       -8090.60659
  Mo       70   41.99889   40.69735   -0.00111    1.72992       -8090.61879
  Mo       71   41.96541   40.66386   -0.03459    1.76096       -8090.63175
  Mo       72   42.01735   40.71580    0.01735    1.70481       -8090.59494
  Mo       73   42.22105   40.91950    0.22105    1.50296       -8090.48031
  Mo       74   42.10985   40.80830    0.10985    1.59840       -8090.52650
  Mo       75   42.16971   40.86817    0.16971    1.54469       -8090.50240
  Mo       76   42.18683   40.88528    0.18683    1.52924       -8090.48414
  Mo       77   41.87722   40.57568   -0.12278    1.85935       -8090.70690
  Mo       78   42.13074   40.82920    0.13074    1.58764       -8090.53000
  Mo       79   42.14603   40.84448    0.14603    1.57585       -8090.51663
  Mo       80   42.19761   40.89606    0.19761    1.52312       -8090.50294
  Mo       81   42.08589   40.78434    0.08589    1.62552       -8090.53971
  Mo       82   42.03968   40.73814    0.03968    1.67155       -8090.57277
  Mo       83   42.19584   40.89429    0.19584    1.50899       -8090.46216
  Mo       84   42.12889   40.82734    0.12889    1.59222       -8090.53092
  Mo       85   42.07191   40.77037    0.07191    1.63394       -8090.54384
  Mo       86   41.98878   40.68724   -0.01122    1.73017       -8090.60966
  Mo       87   42.09036   40.78881    0.09036    1.63177       -8090.54668
  Mo       88   42.06871   40.76716    0.06871    1.65729       -8090.57892
  Mo       89   42.05234   40.75080    0.05234    1.66521       -8090.56788
  Mo       90   41.98807   40.68652   -0.01193    1.73985       -8090.62099
  Mo       91   41.99150   40.68995   -0.00850    1.72476       -8090.61123
  Mo       92   41.99504   40.69349   -0.00496    1.72938       -8090.61958
  Mo       93   42.06460   40.76305    0.06460    1.66053       -8090.57575
  Mo       94   42.11878   40.81723    0.11878    1.60622       -8090.54323
  Mo       95   42.09659   40.79505    0.09659    1.61274       -8090.53257
  Mo       96   42.02190   40.72036    0.02190    1.70288       -8090.59717
  Ta       97   72.67203   71.37048   -0.32797    1.85930      -31232.98866
  Ta       98   72.61260   71.31106   -0.38740    1.92280      -31233.02380
  Ta       99   72.64554   71.34399   -0.35446    1.89054      -31233.00451
  Ta      100   72.58361   71.28206   -0.41639    1.95057      -31233.03601
  Ta      101   72.81911   71.51756   -0.18089    1.71540      -31232.88371
  Ta      102   72.70165   71.40010   -0.29835    1.83144      -31232.96600
  Ta      103   72.72593   71.42439   -0.27407    1.80614      -31232.94722
  Ta      104   72.79986   71.49832   -0.20014    1.73968      -31232.90474
  Ta      105   72.65956   71.35802   -0.34044    1.87297      -31232.98729
  Ta      106   72.69033   71.38879   -0.30967    1.84661      -31232.98179
  Ta      107   72.78914   71.48759   -0.21086    1.74646      -31232.90676
  Ta      108   72.55339   71.25184   -0.44661    1.97851      -31233.06460
  Ta      109   72.75371   71.45217   -0.24629    1.78221      -31232.94357
  Ta      110   72.74230   71.44076   -0.25770    1.79736      -31232.94827
  Ta      111   72.74573   71.44418   -0.25427    1.78778      -31232.93372
  Ta      112   72.66648   71.36493   -0.33352    1.86763      -31232.98004
  Ta      113   72.70940   71.40786   -0.29060    1.82412      -31232.96369
  Ta      114   72.80775   71.50620   -0.19225    1.72857      -31232.89848
  Ta      115   72.77310   71.47156   -0.22690    1.76502      -31232.91860
  Ta      116   72.75006   71.44852   -0.24994    1.78210      -31232.93927
  Ta      117   72.82097   71.51943   -0.17903    1.70999      -31232.88546
  Ta      118   72.65607   71.35453   -0.34393    1.87832      -31232.98742
  Ta      119   72.77341   71.47186   -0.22659    1.75973      -31232.91463
  Ta      120   72.74353   71.44199   -0.25647    1.78853      -31232.93240
  Ta      121   72.63733   71.33579   -0.36267    1.89099      -31232.99834
  Ta      122   72.76053   71.45899   -0.23947    1.77827      -31232.93007
  Ta      123   72.78094   71.47940   -0.21906    1.74924      -31232.91569
  Ta      124   72.69420   71.39266   -0.30580    1.83964      -31232.97452
  Ta      125   72.73550   71.43395   -0.26450    1.79710      -31232.94416
  Ta      126   72.84893   71.54739   -0.15107    1.68614      -31232.86790
  Ta      127   72.72453   71.42299   -0.27547    1.80646      -31232.95614
  Ta      128   72.84760   71.54606   -0.15240    1.68624      -31232.86207
  V       129   23.36673   22.06519    0.36673    1.58125       -1895.24058
  V       130   23.50559   22.20404    0.50559    1.43594       -1895.15981
  V       131   23.47369   22.17214    0.47369    1.47651       -1895.19613
  V       132   23.55779   22.25624    0.55779    1.38397       -1895.14177
  V       133   23.52617   22.22463    0.52617    1.42216       -1895.17427
  V       134   23.57646   22.27492    0.57646    1.36940       -1895.13697
  V       135   23.46464   22.16310    0.46464    1.47892       -1895.18260
  V       136   23.55396   22.25241    0.55396    1.38721       -1895.12287
  V       137   23.52396   22.22242    0.52396    1.42343       -1895.15044
  V       138   23.56858   22.26704    0.56858    1.36788       -1895.13874
  V       139   23.36048   22.05894    0.36048    1.59187       -1895.25869
  V       140   23.46879   22.16724    0.46879    1.47619       -1895.19002
  V       141   23.38302   22.08148    0.38302    1.57026       -1895.24105
  V       142   23.36476   22.06322    0.36476    1.58953       -1895.25145
  V       143   23.47021   22.16867    0.47021    1.47777       -1895.19576
  V       144   23.43986   22.13832    0.43986    1.50840       -1895.21943
  V       145   23.47485   22.17331    0.47485    1.47224       -1895.19512
  V       146   23.58376   22.28222    0.58376    1.35720       -1895.11264
  V       147   23.32410   22.02256    0.32410    1.62479       -1895.27104
  V       148   23.61720   22.31566    0.61720    1.32816       -1895.11079
  V       149   23.45647   22.15493    0.45647    1.49078       -1895.19735
  V       150   23.51957   22.21802    0.51957    1.42879       -1895.16283
  V       151   23.44942   22.14787    0.44942    1.49576       -1895.20676
  V       152   23.41408   22.11254    0.41408    1.53234       -1895.21249
  V       153   23.42551   22.12397    0.42551    1.52901       -1895.22433
  V       154   23.41041   22.10887    0.41041    1.54235       -1895.24301
  V       155   23.50623   22.20469    0.50623    1.43513       -1895.16132
  V       156   23.48247   22.18092    0.48247    1.46639       -1895.19858
  V       157   23.48355   22.18200    0.48355    1.46205       -1895.20609
  V       158   23.35412   22.05258    0.35412    1.59600       -1895.25252
  V       159   23.43085   22.12931    0.43085    1.51538       -1895.20992
  V       160   23.52743   22.22589    0.52743    1.41104       -1895.16540
