System Description            : WNbMoTa, BCC structure                          
Number of Atoms in Unit Cell  : 128                                             
Number of Atomic Species      : 4                                               
Number of Atoms in Each Type  : 32(W), 32(Nb), 32(Mo), 32(Ta)                   
Energy Offset                 : -19816                                          
=======================================================================================
    Iter     Energy      3PV     Efermi   Rms_rho    Rms_pot   Mix  Alg  Alpha 
---------------------------------------------------------------------------------------
**       1  -0.266467  2293.562  0.59456  0.140E+01  0.102E+00  pot  B   0.1000
         2  -0.629191  2265.246  0.60796  0.747E-02  0.156E+00  pot  B   0.1000
         3  -0.874800  2235.472  0.62197  0.786E-02  0.271E+00  pot  B   0.1000
         4  -1.172998  2183.193  0.64339  0.138E-01  0.934E-01  pot  B   0.1000
         5  -1.204714  2170.256  0.65904  0.383E-02  0.667E-01  pot  B   0.1000
         6  -1.234251  2157.173  0.67071  0.441E-02  0.494E-01  pot  B   0.1000
         7  -1.247032  2151.150  0.67533  0.222E-02  0.452E-01  pot  B   0.1000
         8  -1.270556  2137.413  0.68092  0.560E-02  0.262E-01  pot  B   0.1000
         9  -1.275624  2130.675  0.68446  0.302E-02  0.185E-01  pot  B   0.1000
        10  -1.276196  2129.322  0.68558  0.712E-03  0.938E-02  pot  B   0.1000
        11  -1.276404  2128.777  0.68635  0.354E-03  0.425E-02  pot  B   0.1000
        12  -1.276578  2128.524  0.68743  0.289E-03  0.446E-02  pot  B   0.1000
        13  -1.276702  2128.368  0.68863  0.266E-03  0.526E-02  pot  B   0.1000
        14  -1.276788  2128.304  0.68998  0.280E-03  0.153E-02  pot  B   0.1000
        15  -1.276794  2128.231  0.69057  0.108E-03  0.681E-03  pot  B   0.1000
        16  -1.276797  2128.258  0.69076  0.382E-04  0.690E-03  pot  B   0.1000
        17  -1.276799  2128.240  0.69090  0.255E-04  0.702E-03  pot  B   0.1000
        18  -1.276802  2128.283  0.69109  0.378E-04  0.419E-03  pot  B   0.1000
        19  -1.276803  2128.296  0.69119  0.203E-04  0.114E-03  pot  B   0.1000
        20  -1.276803  2128.307  0.69122  0.974E-05  0.117E-03  pot  B   0.1000
        21  -1.276803  2128.308  0.69124  0.580E-05  0.968E-04  pot  B   0.1000
        22  -1.276803  2128.307  0.69124  0.286E-05  0.695E-04  pot  B   0.1000
        23  -1.276803  2128.302  0.69125  0.216E-05  0.395E-04  pot  B   0.1000
        24  -1.276803  2128.295  0.69126  0.216E-05  0.452E-04  pot  B   0.1000
        25  -1.276803  2128.289  0.69126  0.232E-05  0.362E-04  pot  B   0.1000
        26  -1.276802  2128.283  0.69127  0.249E-05  0.208E-04  pot  B   0.1000
        27  -1.276802  2128.280  0.69127  0.104E-05  0.214E-04  pot  B   0.1000
        28  -1.276802  2128.279  0.69127  0.567E-06  0.148E-04  pot  B   0.1000
        29  -1.276802  2128.278  0.69128  0.455E-06  0.123E-04  pot  B   0.1000
        30  -1.276802  2128.277  0.69128  0.546E-06  0.978E-05  pot  B   0.1000
        31  -1.276802  2128.277  0.69128  0.284E-06  0.619E-05  pot  B   0.1000
        32  -1.276802  2128.277  0.69129  0.250E-06  0.397E-05  pot  B   0.1000
        33  -1.276802  2128.277  0.69129  0.230E-06  0.353E-05  pot  B   0.1000
        34  -1.276802  2128.277  0.69129  0.206E-06  0.262E-05  pot  B   0.1000
        35  -1.276802  2128.277  0.69129  0.962E-07  0.168E-05  pot  B   0.1000
        36  -1.276802  2128.277  0.69129  0.640E-07  0.924E-06  pot  B   0.1000
        37  -1.276802  2128.277  0.69129  0.584E-07  0.693E-06  pot  B   0.1000
        38  -1.276802  2128.277  0.69129  0.458E-07  0.926E-06  pot  B   0.1000
        39  -1.276802  2128.277  0.69129  0.232E-07  0.533E-06  pot  B   0.1000
        40  -1.276802  2128.277  0.69129  0.219E-07  0.392E-06  pot  B   0.1000
        41  -1.276802  2128.277  0.69129  0.194E-07  0.499E-06  pot  B   0.1000
        42  -1.276802  2128.277  0.69129  0.220E-07  0.278E-06  pot  B   0.1000
        43  -1.276802  2128.277  0.69129  0.968E-08  0.217E-06  pot  B   0.1000
        44  -1.276802  2128.277  0.69129  0.698E-08  0.166E-06  pot  B   0.1000
        45  -1.276802  2128.277  0.69129  0.618E-08  0.110E-06  pot  B   0.1000
        46  -1.276802  2128.277  0.69129  0.681E-08  0.868E-07  pot  B   0.1000
        47  -1.276802  2128.277  0.69129  0.354E-08  0.800E-07  pot  B   0.1000
        48  -1.276802  2128.277  0.69129  0.171E-08  0.627E-07  pot  B   0.1000
        49  -1.276802  2128.277  0.69129  0.210E-08  0.413E-07  pot  B   0.1000
        50  -1.276802  2128.277  0.69129  0.193E-08  0.390E-07  pot  B   0.1000
        51  -1.276802  2128.277  0.69129  0.133E-08  0.265E-07  pot  B   0.1000
        52  -1.276802  2128.277  0.69129  0.578E-09  0.165E-07  pot  B   0.1000
        53  -1.276802  2128.277  0.69129  0.501E-09  0.142E-07  pot  B   0.1000
        54  -1.276802  2128.277  0.69129  0.420E-09  0.135E-07  pot  B   0.1000
        55  -1.276802  2128.277  0.69129  0.552E-09  0.925E-08  pot  B   0.1000
**      56  -1.276802  2128.277  0.69129  0.493E-12  0.925E-08  pot  B   0.1000
