 Atom   Index      Q          Qmt        dQ        Vmad        Local Energy
  W         1   73.87872   72.49138   -0.12128    1.88673      -32312.66298
  W         2   73.95307   72.56572   -0.04693    1.81026      -32312.62426
  W         3   73.94331   72.55597   -0.05669    1.82598      -32312.63710
  W         4   73.96053   72.57319   -0.03947    1.81120      -32312.62240
  W         5   73.97084   72.58349   -0.02916    1.79576      -32312.61410
  W         6   74.02371   72.63637    0.02371    1.75809      -32312.59988
  W         7   73.95263   72.56528   -0.04737    1.81217      -32312.62331
  W         8   73.96267   72.57533   -0.03733    1.80274      -32312.61386
  W         9   73.92365   72.53631   -0.07635    1.84588      -32312.64645
  W        10   73.93601   72.54867   -0.06399    1.83189      -32312.63265
  W        11   74.00655   72.61920    0.00655    1.76336      -32312.59937
  W        12   73.99251   72.60517   -0.00749    1.77877      -32312.61114
  W        13   73.93891   72.55156   -0.06109    1.83238      -32312.63869
  W        14   73.97078   72.58344   -0.02922    1.80226      -32312.62092
  W        15   73.95274   72.56539   -0.04726    1.81590      -32312.62148
  W        16   73.86953   72.48218   -0.13047    1.89779      -32312.67287
  W        17   73.98960   72.60225   -0.01040    1.77915      -32312.60970
  W        18   73.98319   72.59585   -0.01681    1.79039      -32312.61432
  W        19   73.94105   72.55371   -0.05895    1.82356      -32312.63018
  W        20   73.90825   72.52091   -0.09175    1.85776      -32312.64856
  W        21   74.02509   72.63775    0.02509    1.75026      -32312.59308
  W        22   73.99687   72.60953   -0.00313    1.77124      -32312.59852
  W        23   73.98820   72.60085   -0.01180    1.78423      -32312.60558
  W        24   73.96330   72.57596   -0.03670    1.80443      -32312.62065
  W        25   73.93254   72.54519   -0.06746    1.83292      -32312.63295
  W        26   73.91341   72.52606   -0.08659    1.85136      -32312.64450
  W        27   73.89773   72.51039   -0.10227    1.87166      -32312.66149
  W        28   73.90928   72.52194   -0.09072    1.85910      -32312.64953
  W        29   73.93135   72.54401   -0.06865    1.83808      -32312.63730
  W        30   73.97130   72.58395   -0.02870    1.79565      -32312.60544
  W        31   74.00389   72.61654    0.00389    1.77419      -32312.60762
  W        32   74.01874   72.63140    0.01874    1.75828      -32312.60108
  Nb       33   41.07588   39.68854    0.07588    1.73331       -7632.68670
  Nb       34   40.97989   39.59255   -0.02011    1.82549       -7632.74227
  Nb       35   41.04751   39.66017    0.04751    1.76406       -7632.70484
  Nb       36   40.96700   39.57966   -0.03300    1.83626       -7632.74814
  Nb       37   40.99739   39.61005   -0.00261    1.80547       -7632.72243
  Nb       38   40.99416   39.60682   -0.00584    1.81018       -7632.72377
  Nb       39   41.07885   39.69151    0.07885    1.73100       -7632.68112
  Nb       40   40.99405   39.60671   -0.00595    1.80786       -7632.73371
  Nb       41   40.99020   39.60286   -0.00980    1.81257       -7632.73088
  Nb       42   40.96536   39.57801   -0.03464    1.83761       -7632.75188
  Nb       43   41.04082   39.65348    0.04082    1.76296       -7632.70350
  Nb       44   40.99076   39.60341   -0.00924    1.80636       -7632.72102
  Nb       45   40.97682   39.58948   -0.02318    1.82601       -7632.74663
  Nb       46   40.99696   39.60961   -0.00304    1.80281       -7632.72326
  Nb       47   41.06008   39.67274    0.06008    1.74348       -7632.68900
  Nb       48   41.04266   39.65532    0.04266    1.76426       -7632.70852
  Nb       49   41.03835   39.65100    0.03835    1.77063       -7632.70819
  Nb       50   40.99389   39.60655   -0.00611    1.81195       -7632.73651
  Nb       51   41.02503   39.63769    0.02503    1.78147       -7632.71698
  Nb       52   41.05932   39.67197    0.05932    1.74974       -7632.70032
  Nb       53   40.98585   39.59851   -0.01415    1.81647       -7632.73573
  Nb       54   41.02015   39.63280    0.02015    1.78296       -7632.71930
  Nb       55   40.97155   39.58421   -0.02845    1.82768       -7632.73773
  Nb       56   41.00973   39.62239    0.00973    1.79539       -7632.72663
  Nb       57   41.01785   39.63050    0.01785    1.78498       -7632.71504
  Nb       58   40.97354   39.58620   -0.02646    1.82998       -7632.74017
  Nb       59   41.00051   39.61317    0.00051    1.80618       -7632.72960
  Nb       60   41.04553   39.65819    0.04553    1.76133       -7632.70090
  Nb       61   41.03456   39.64721    0.03456    1.76845       -7632.70625
  Nb       62   40.99173   39.60439   -0.00827    1.81367       -7632.73306
  Nb       63   40.99064   39.60330   -0.00936    1.81083       -7632.73128
  Nb       64   41.05124   39.66390    0.05124    1.75091       -7632.70333
  Mo       65   42.09179   40.70445    0.09179    1.79899       -8090.73564
  Mo       66   42.19313   40.80579    0.19313    1.70729       -8090.69373
  Mo       67   42.13290   40.74555    0.13290    1.75705       -8090.71237
  Mo       68   42.16923   40.78189    0.16923    1.71988       -8090.68822
  Mo       69   42.17019   40.78285    0.17019    1.72366       -8090.69112
  Mo       70   42.18544   40.79809    0.18544    1.70575       -8090.68906
  Mo       71   42.11982   40.73248    0.11982    1.76840       -8090.71703
  Mo       72   42.18775   40.80041    0.18775    1.71121       -8090.68738
  Mo       73   42.17940   40.79205    0.17940    1.71830       -8090.69830
  Mo       74   42.15257   40.76523    0.15257    1.74224       -8090.70842
  Mo       75   42.21148   40.82414    0.21148    1.67945       -8090.67217
  Mo       76   42.19337   40.80603    0.19337    1.69809       -8090.67214
  Mo       77   42.17963   40.79228    0.17963    1.71468       -8090.69283
  Mo       78   42.19546   40.80812    0.19546    1.70375       -8090.68544
  Mo       79   42.18138   40.79404    0.18138    1.70900       -8090.68802
  Mo       80   42.18764   40.80030    0.18764    1.70600       -8090.68638
  Mo       81   42.22839   40.84104    0.22839    1.66678       -8090.66387
  Mo       82   42.05465   40.66731    0.05465    1.83338       -8090.75194
  Mo       83   42.15415   40.76681    0.15415    1.74075       -8090.69748
  Mo       84   42.17765   40.79031    0.17765    1.72272       -8090.70048
  Mo       85   42.22087   40.83352    0.22087    1.67506       -8090.67048
  Mo       86   42.13913   40.75179    0.13913    1.75136       -8090.70638
  Mo       87   42.16856   40.78122    0.16856    1.72231       -8090.69095
  Mo       88   42.19913   40.81179    0.19913    1.69905       -8090.68749
  Mo       89   42.12433   40.73699    0.12433    1.77001       -8090.72293
  Mo       90   42.14836   40.76102    0.14836    1.74612       -8090.70648
  Mo       91   42.20008   40.81274    0.20008    1.69356       -8090.68036
  Mo       92   42.12907   40.74173    0.12907    1.76597       -8090.72386
  Mo       93   42.21172   40.82438    0.21172    1.68517       -8090.67688
  Mo       94   42.20410   40.81676    0.20410    1.69361       -8090.68318
  Mo       95   42.10236   40.71502    0.10236    1.78413       -8090.72563
  Mo       96   42.11650   40.72916    0.11650    1.77481       -8090.72310
  Ta       97   72.89030   71.50296   -0.10970    1.82571      -31233.04686
  Ta       98   72.91894   71.53160   -0.08106    1.80103      -31233.02774
  Ta       99   72.79682   71.40948   -0.20318    1.91544      -31233.11388
  Ta      100   72.82884   71.44150   -0.17116    1.88628      -31233.08687
  Ta      101   72.85246   71.46512   -0.14754    1.86348      -31233.07429
  Ta      102   72.87142   71.48408   -0.12858    1.84279      -31233.06645
  Ta      103   72.86315   71.47581   -0.13685    1.85152      -31233.06778
  Ta      104   72.83318   71.44583   -0.16682    1.87977      -31233.08411
  Ta      105   72.94860   71.56126   -0.05140    1.77332      -31233.02067
  Ta      106   72.87175   71.48441   -0.12825    1.84437      -31233.06039
  Ta      107   72.85437   71.46703   -0.14563    1.85626      -31233.07278
  Ta      108   72.87570   71.48835   -0.12430    1.83933      -31233.06045
  Ta      109   72.95855   71.57121   -0.04145    1.76141      -31233.01091
  Ta      110   72.89302   71.50568   -0.10698    1.81861      -31233.04258
  Ta      111   72.82488   71.43754   -0.17512    1.88551      -31233.08763
  Ta      112   72.87191   71.48457   -0.12809    1.83842      -31233.05608
  Ta      113   72.87966   71.49232   -0.12034    1.83556      -31233.05566
  Ta      114   72.82063   71.43329   -0.17937    1.88951      -31233.08788
  Ta      115   72.83607   71.44873   -0.16393    1.87600      -31233.08194
  Ta      116   72.87423   71.48688   -0.12577    1.84176      -31233.05724
  Ta      117   72.87919   71.49184   -0.12081    1.83582      -31233.05712
  Ta      118   72.82749   71.44015   -0.17251    1.88208      -31233.08355
  Ta      119   72.81776   71.43042   -0.18224    1.89254      -31233.09695
  Ta      120   72.88347   71.49613   -0.11653    1.82553      -31233.04933
  Ta      121   72.89232   71.50497   -0.10768    1.82260      -31233.05328
  Ta      122   72.89090   71.50356   -0.10910    1.82958      -31233.05271
  Ta      123   72.90083   71.51349   -0.09917    1.81813      -31233.04495
  Ta      124   72.85310   71.46575   -0.14690    1.85649      -31233.06987
  Ta      125   72.82606   71.43871   -0.17394    1.88331      -31233.07739
  Ta      126   72.85618   71.46884   -0.14382    1.85856      -31233.07292
  Ta      127   72.76297   71.37562   -0.23703    1.94005      -31233.11609
  Ta      128   72.91717   71.52983   -0.08283    1.79982      -31233.03819
