System Description            : WNbMoTaV, BCC structure                         
Number of Atoms in Unit Cell  : 80                                              
Number of Atomic Species      : 5                                               
Number of Atoms in Each Type  : 16(W), 16(Nb), 16(Mo), 16(Ta), 16(V)            
Energy Offset                 : -16231                                          
=======================================================================================
    Iter     Energy      3PV     Efermi   Rms_rho    Rms_pot   Mix  Alg  Alpha 
---------------------------------------------------------------------------------------
**       1  -0.866949  1839.079  0.58617  0.140E+01  0.114E+00  pot  B   0.1000
         2  -1.138502  1816.572  0.59682  0.767E-02  0.409E+00  pot  B   0.1000
         3  -1.221100  1809.958  0.60329  0.418E-02  0.461E+00  pot  B   0.1000
         4  -1.383277  1796.000  0.61119  0.464E-02  0.316E+00  pot  B   0.1000
         5  -1.515620  1780.822  0.61816  0.508E-02  0.210E+00  pot  B   0.1000
         6  -1.662297  1749.588  0.62600  0.105E-01  0.235E+00  pot  B   0.1000
         7  -1.682905  1739.774  0.63194  0.347E-02  0.204E+00  pot  B   0.1000
         8  -1.713563  1732.215  0.63436  0.282E-02  0.116E+00  pot  B   0.1000
         9  -1.728327  1727.271  0.63662  0.217E-02  0.595E-01  pot  B   0.1000
        10  -1.744595  1720.177  0.63816  0.359E-02  0.457E-01  pot  B   0.1000
        11  -1.754712  1711.080  0.63987  0.479E-02  0.495E-01  pot  B   0.1000
        12  -1.757702  1708.943  0.64120  0.118E-02  0.265E-01  pot  B   0.1000
        13  -1.758344  1707.930  0.64220  0.629E-03  0.168E-01  pot  B   0.1000
        14  -1.758659  1707.404  0.64297  0.368E-03  0.773E-02  pot  B   0.1000
        15  -1.758800  1707.225  0.64389  0.228E-03  0.571E-02  pot  B   0.1000
        16  -1.758958  1707.199  0.64523  0.286E-03  0.704E-02  pot  B   0.1000
        17  -1.758982  1707.109  0.64594  0.143E-03  0.984E-02  pot  B   0.1000
        18  -1.759103  1707.096  0.64722  0.252E-03  0.281E-02  pot  B   0.1000
        19  -1.759120  1706.964  0.64792  0.139E-03  0.154E-02  pot  B   0.1000
        20  -1.759117  1706.992  0.64796  0.618E-04  0.245E-02  pot  B   0.1000
        21  -1.759127  1706.949  0.64816  0.492E-04  0.134E-02  pot  B   0.1000
        22  -1.759129  1706.884  0.64827  0.438E-04  0.140E-02  pot  B   0.1000
        23  -1.759130  1706.856  0.64830  0.241E-04  0.738E-03  pot  B   0.1000
        24  -1.759130  1706.843  0.64835  0.184E-04  0.811E-03  pot  B   0.1000
        25  -1.759130  1706.826  0.64838  0.139E-04  0.626E-03  pot  B   0.1000
        26  -1.759130  1706.818  0.64839  0.871E-05  0.461E-03  pot  B   0.1000
        27  -1.759130  1706.811  0.64840  0.864E-05  0.341E-03  pot  B   0.1000
        28  -1.759130  1706.805  0.64841  0.696E-05  0.295E-03  pot  B   0.1000
        29  -1.759130  1706.804  0.64843  0.811E-05  0.298E-03  pot  B   0.1000
        30  -1.759130  1706.806  0.64843  0.331E-05  0.161E-03  pot  B   0.1000
        31  -1.759130  1706.806  0.64844  0.401E-05  0.997E-04  pot  B   0.1000
        32  -1.759130  1706.807  0.64846  0.279E-05  0.101E-03  pot  B   0.1000
        33  -1.759130  1706.806  0.64847  0.239E-05  0.807E-04  pot  B   0.1000
        34  -1.759130  1706.808  0.64849  0.182E-05  0.112E-03  pot  B   0.1000
        35  -1.759130  1706.809  0.64850  0.135E-05  0.501E-04  pot  B   0.1000
        36  -1.759131  1706.809  0.64851  0.134E-05  0.550E-04  pot  B   0.1000
        37  -1.759131  1706.809  0.64852  0.599E-06  0.499E-04  pot  B   0.1000
        38  -1.759131  1706.808  0.64852  0.733E-06  0.397E-04  pot  B   0.1000
        39  -1.759131  1706.808  0.64852  0.465E-06  0.294E-04  pot  B   0.1000
        40  -1.759131  1706.808  0.64853  0.119E-05  0.244E-04  pot  B   0.1000
        41  -1.759131  1706.807  0.64853  0.620E-06  0.227E-04  pot  B   0.1000
        42  -1.759131  1706.807  0.64853  0.283E-06  0.138E-04  pot  B   0.1000
        43  -1.759131  1706.806  0.64853  0.277E-06  0.103E-04  pot  B   0.1000
        44  -1.759131  1706.806  0.64853  0.133E-06  0.626E-05  pot  B   0.1000
        45  -1.759131  1706.806  0.64854  0.904E-07  0.481E-05  pot  B   0.1000
        46  -1.759131  1706.806  0.64854  0.136E-06  0.397E-05  pot  B   0.1000
        47  -1.759131  1706.806  0.64854  0.147E-06  0.228E-05  pot  B   0.1000
        48  -1.759131  1706.806  0.64854  0.555E-07  0.258E-05  pot  B   0.1000
        49  -1.759131  1706.806  0.64854  0.475E-07  0.369E-05  pot  B   0.1000
        50  -1.759131  1706.806  0.64854  0.471E-07  0.162E-05  pot  B   0.1000
        51  -1.759131  1706.806  0.64854  0.351E-07  0.223E-05  pot  B   0.1000
        52  -1.759131  1706.806  0.64854  0.219E-07  0.766E-06  pot  B   0.1000
        53  -1.759131  1706.806  0.64854  0.146E-07  0.815E-06  pot  B   0.1000
        54  -1.759131  1706.806  0.64854  0.207E-07  0.129E-05  pot  B   0.1000
        55  -1.759131  1706.805  0.64854  0.219E-07  0.105E-05  pot  B   0.1000
        56  -1.759131  1706.805  0.64854  0.242E-07  0.814E-06  pot  B   0.1000
        57  -1.759131  1706.805  0.64854  0.160E-07  0.661E-06  pot  B   0.1000
        58  -1.759131  1706.805  0.64854  0.105E-07  0.512E-06  pot  B   0.1000
        59  -1.759131  1706.805  0.64854  0.582E-08  0.323E-06  pot  B   0.1000
        60  -1.759131  1706.805  0.64854  0.392E-08  0.360E-06  pot  B   0.1000
        61  -1.759131  1706.805  0.64854  0.388E-08  0.314E-06  pot  B   0.1000
        62  -1.759131  1706.805  0.64854  0.287E-08  0.174E-06  pot  B   0.1000
        63  -1.759131  1706.805  0.64854  0.333E-08  0.206E-06  pot  B   0.1000
        64  -1.759131  1706.805  0.64854  0.210E-08  0.105E-06  pot  B   0.1000
        65  -1.759131  1706.805  0.64854  0.202E-08  0.959E-07  pot  B   0.1000
        66  -1.759131  1706.805  0.64854  0.158E-08  0.534E-07  pot  B   0.1000
        67  -1.759131  1706.805  0.64854  0.153E-08  0.964E-07  pot  B   0.1000
        68  -1.759131  1706.805  0.64854  0.956E-09  0.354E-07  pot  B   0.1000
        69  -1.759131  1706.805  0.64854  0.641E-09  0.420E-07  pot  B   0.1000
        70  -1.759131  1706.805  0.64854  0.663E-09  0.243E-07  pot  B   0.1000
        71  -1.759131  1706.805  0.64854  0.345E-09  0.267E-07  pot  B   0.1000
        72  -1.759131  1706.805  0.64854  0.284E-09  0.181E-07  pot  B   0.1000
        73  -1.759131  1706.805  0.64854  0.219E-09  0.199E-07  pot  B   0.1000
        74  -1.759131  1706.805  0.64854  0.163E-09  0.146E-07  pot  B   0.1000
        75  -1.759131  1706.805  0.64854  0.197E-09  0.121E-07  pot  B   0.1000
        76  -1.759131  1706.805  0.64854  0.203E-09  0.118E-07  pot  B   0.1000
        77  -1.759131  1706.805  0.64854  0.168E-09  0.414E-08  pot  B   0.1000
**      78  -1.759131  1706.805  0.64854  0.403E-12  0.414E-08  pot  B   0.1000
