System Description            : WNbMoTa, BCC structure                          
Number of Atoms in Unit Cell  : 128                                             
Number of Atomic Species      : 4                                               
Number of Atoms in Each Type  : 32(W), 32(Nb), 32(Mo), 32(Ta)                   
Energy Offset                 : -19816                                          
=======================================================================================
    Iter     Energy      3PV     Efermi   Rms_rho    Rms_pot   Mix  Alg  Alpha 
---------------------------------------------------------------------------------------
**       1  -0.267737  2293.579  0.59396  0.140E+01  0.935E-01  pot  B   0.1000
         2  -0.634316  2265.244  0.60651  0.737E-02  0.137E+00  pot  B   0.1000
         3  -0.962603  2221.378  0.62592  0.115E-01  0.359E+00  pot  B   0.1000
         4  -1.175803  2182.315  0.64530  0.104E-01  0.108E+00  pot  B   0.1000
         5  -1.206047  2170.517  0.66001  0.351E-02  0.668E-01  pot  B   0.1000
         6  -1.232234  2158.317  0.67025  0.403E-02  0.409E-01  pot  B   0.1000
         7  -1.247570  2151.407  0.67466  0.255E-02  0.426E-01  pot  B   0.1000
         8  -1.270438  2138.343  0.68020  0.535E-02  0.214E-01  pot  B   0.1000
         9  -1.276264  2130.776  0.68400  0.334E-02  0.159E-01  pot  B   0.1000
        10  -1.276744  2129.311  0.68517  0.755E-03  0.112E-01  pot  B   0.1000
        11  -1.276943  2128.787  0.68587  0.332E-03  0.440E-02  pot  B   0.1000
        12  -1.277156  2128.509  0.68715  0.345E-03  0.306E-02  pot  B   0.1000
        13  -1.277319  2128.300  0.68897  0.379E-03  0.252E-02  pot  B   0.1000
        14  -1.277340  2128.229  0.68982  0.161E-03  0.237E-02  pot  B   0.1000
        15  -1.277348  2128.196  0.69023  0.760E-04  0.106E-02  pot  B   0.1000
        16  -1.277351  2128.245  0.69040  0.378E-04  0.595E-03  pot  B   0.1000
        17  -1.277354  2128.276  0.69056  0.311E-04  0.571E-03  pot  B   0.1000
        18  -1.277356  2128.331  0.69071  0.366E-04  0.444E-03  pot  B   0.1000
        19  -1.277356  2128.335  0.69078  0.139E-04  0.224E-03  pot  B   0.1000
        20  -1.277357  2128.340  0.69081  0.816E-05  0.158E-03  pot  B   0.1000
        21  -1.277357  2128.330  0.69083  0.514E-05  0.140E-03  pot  B   0.1000
        22  -1.277357  2128.321  0.69085  0.539E-05  0.823E-04  pot  B   0.1000
        23  -1.277357  2128.312  0.69086  0.309E-05  0.622E-04  pot  B   0.1000
        24  -1.277357  2128.304  0.69087  0.242E-05  0.647E-04  pot  B   0.1000
        25  -1.277357  2128.294  0.69088  0.347E-05  0.508E-04  pot  B   0.1000
        26  -1.277356  2128.287  0.69089  0.307E-05  0.323E-04  pot  B   0.1000
        27  -1.277356  2128.284  0.69089  0.134E-05  0.292E-04  pot  B   0.1000
        28  -1.277356  2128.282  0.69089  0.988E-06  0.151E-04  pot  B   0.1000
        29  -1.277356  2128.280  0.69090  0.850E-06  0.189E-04  pot  B   0.1000
        30  -1.277356  2128.279  0.69090  0.794E-06  0.148E-04  pot  B   0.1000
        31  -1.277356  2128.277  0.69091  0.850E-06  0.837E-05  pot  B   0.1000
        32  -1.277356  2128.277  0.69091  0.198E-06  0.520E-05  pot  B   0.1000
        33  -1.277356  2128.276  0.69091  0.166E-06  0.308E-05  pot  B   0.1000
        34  -1.277356  2128.276  0.69092  0.622E-07  0.188E-05  pot  B   0.1000
        35  -1.277356  2128.277  0.69092  0.881E-07  0.139E-05  pot  B   0.1000
        36  -1.277356  2128.277  0.69092  0.740E-07  0.125E-05  pot  B   0.1000
        37  -1.277356  2128.277  0.69092  0.374E-07  0.690E-06  pot  B   0.1000
        38  -1.277356  2128.277  0.69092  0.206E-07  0.616E-06  pot  B   0.1000
        39  -1.277356  2128.277  0.69092  0.180E-07  0.668E-06  pot  B   0.1000
        40  -1.277356  2128.277  0.69092  0.161E-07  0.535E-06  pot  B   0.1000
        41  -1.277356  2128.277  0.69092  0.310E-07  0.336E-06  pot  B   0.1000
        42  -1.277356  2128.277  0.69092  0.680E-08  0.318E-06  pot  B   0.1000
        43  -1.277356  2128.277  0.69092  0.896E-08  0.160E-06  pot  B   0.1000
        44  -1.277356  2128.277  0.69092  0.431E-08  0.132E-06  pot  B   0.1000
        45  -1.277356  2128.277  0.69092  0.467E-08  0.109E-06  pot  B   0.1000
        46  -1.277356  2128.277  0.69092  0.489E-08  0.107E-06  pot  B   0.1000
        47  -1.277356  2128.277  0.69092  0.525E-08  0.537E-07  pot  B   0.1000
        48  -1.277356  2128.277  0.69092  0.254E-08  0.343E-07  pot  B   0.1000
        49  -1.277356  2128.277  0.69092  0.125E-08  0.314E-07  pot  B   0.1000
        50  -1.277356  2128.277  0.69092  0.132E-08  0.177E-07  pot  B   0.1000
        51  -1.277356  2128.277  0.69092  0.110E-08  0.159E-07  pot  B   0.1000
        52  -1.277356  2128.277  0.69092  0.469E-09  0.110E-07  pot  B   0.1000
        53  -1.277356  2128.277  0.69092  0.442E-09  0.599E-08  pot  B   0.1000
**      54  -1.277356  2128.277  0.69092  0.507E-12  0.599E-08  pot  B   0.1000
