 Atom   Index      Q          Qmt        dQ        Vmad        Local Energy
  W         1   73.95770   72.57044   -0.04230    1.81090      -32312.62584
  W         2   73.99051   72.60325   -0.00949    1.78278      -32312.60787
  W         3   73.96060   72.57335   -0.03940    1.80819      -32312.62241
  W         4   73.97997   72.59271   -0.02003    1.79062      -32312.61671
  W         5   73.96062   72.57336   -0.03938    1.81069      -32312.62928
  W         6   73.93471   72.54745   -0.06529    1.83227      -32312.64111
  W         7   73.97607   72.58881   -0.02393    1.79461      -32312.62096
  W         8   73.93375   72.54649   -0.06625    1.83720      -32312.63801
  W         9   73.99160   72.60434   -0.00840    1.78299      -32312.61593
  W        10   73.92050   72.53324   -0.07950    1.84735      -32312.64493
  W        11   73.92324   72.53598   -0.07676    1.83663      -32312.63256
  W        12   73.97782   72.59056   -0.02218    1.79912      -32312.61978
  W        13   73.91613   72.52887   -0.08387    1.84775      -32312.64245
  W        14   73.99082   72.60356   -0.00918    1.78484      -32312.61617
  W        15   73.92401   72.53676   -0.07599    1.84145      -32312.64456
  W        16   73.95077   72.56351   -0.04923    1.81926      -32312.63003
  W        17   74.01461   72.62736    0.01461    1.76383      -32312.60382
  W        18   73.95832   72.57106   -0.04168    1.81313      -32312.62805
  W        19   73.98709   72.59983   -0.01291    1.79120      -32312.62128
  W        20   73.92406   72.53680   -0.07594    1.83575      -32312.63240
  W        21   73.95032   72.56306   -0.04968    1.81414      -32312.62151
  W        22   73.90220   72.51494   -0.09780    1.86037      -32312.65067
  W        23   73.97048   72.58323   -0.02952    1.79818      -32312.61611
  W        24   73.90318   72.51592   -0.09682    1.86068      -32312.65596
  W        25   73.94292   72.55566   -0.05708    1.82560      -32312.63682
  W        26   73.97760   72.59034   -0.02240    1.79335      -32312.61341
  W        27   74.02849   72.64123    0.02849    1.74182      -32312.58078
  W        28   73.84064   72.45338   -0.15936    1.91811      -32312.67875
  W        29   73.94332   72.55606   -0.05668    1.82380      -32312.63376
  W        30   73.99220   72.60494   -0.00780    1.77422      -32312.59566
  W        31   74.03084   72.64358    0.03084    1.75250      -32312.59627
  W        32   74.00562   72.61836    0.00562    1.77063      -32312.60079
  Nb       33   40.97673   39.58947   -0.02327    1.82049       -7632.73437
  Nb       34   41.06884   39.68158    0.06884    1.73271       -7632.67783
  Nb       35   41.02244   39.63518    0.02244    1.78477       -7632.72098
  Nb       36   41.02538   39.63812    0.02538    1.78022       -7632.71370
  Nb       37   41.01549   39.62823    0.01549    1.79200       -7632.72014
  Nb       38   41.05158   39.66432    0.05158    1.75869       -7632.70117
  Nb       39   41.05885   39.67159    0.05885    1.75024       -7632.69157
  Nb       40   40.98308   39.59582   -0.01692    1.81459       -7632.73941
  Nb       41   41.08035   39.69310    0.08035    1.73573       -7632.68981
  Nb       42   41.02721   39.63995    0.02721    1.78124       -7632.71034
  Nb       43   40.97355   39.58629   -0.02645    1.82718       -7632.74222
  Nb       44   41.04757   39.66031    0.04757    1.75930       -7632.70298
  Nb       45   41.04292   39.65566    0.04292    1.76287       -7632.70246
  Nb       46   40.97796   39.59071   -0.02204    1.82407       -7632.73694
  Nb       47   40.92496   39.53770   -0.07504    1.87121       -7632.76144
  Nb       48   41.01638   39.62912    0.01638    1.79200       -7632.72133
  Nb       49   41.04426   39.65700    0.04426    1.76251       -7632.70507
  Nb       50   41.03858   39.65132    0.03858    1.77006       -7632.70968
  Nb       51   41.04712   39.65986    0.04712    1.75837       -7632.69288
  Nb       52   40.95569   39.56843   -0.04431    1.84679       -7632.75335
  Nb       53   41.08723   39.69998    0.08723    1.72272       -7632.67933
  Nb       54   41.13030   39.74304    0.13030    1.68866       -7632.65872
  Nb       55   41.06332   39.67607    0.06332    1.74388       -7632.68703
  Nb       56   41.00892   39.62166    0.00892    1.79384       -7632.72218
  Nb       57   40.95402   39.56676   -0.04598    1.84306       -7632.73775
  Nb       58   41.01380   39.62655    0.01380    1.79023       -7632.71775
  Nb       59   40.98900   39.60174   -0.01100    1.82029       -7632.73908
  Nb       60   41.02697   39.63971    0.02697    1.78131       -7632.71320
  Nb       61   41.02665   39.63939    0.02665    1.77718       -7632.71117
  Nb       62   40.99736   39.61010   -0.00264    1.80275       -7632.72542
  Nb       63   41.05249   39.66523    0.05249    1.75497       -7632.69792
  Nb       64   41.05656   39.66930    0.05656    1.75366       -7632.69793
  Mo       65   42.24592   40.85866    0.24592    1.65498       -8090.66426
  Mo       66   42.05918   40.67193    0.05918    1.82445       -8090.74463
  Mo       67   42.07320   40.68594    0.07320    1.80808       -8090.73327
  Mo       68   42.19349   40.80623    0.19349    1.70336       -8090.68869
  Mo       69   42.21609   40.82883    0.21609    1.67993       -8090.67343
  Mo       70   42.16879   40.78153    0.16879    1.72475       -8090.70072
  Mo       71   42.02476   40.63750    0.02476    1.85924       -8090.76650
  Mo       72   42.12856   40.74131    0.12856    1.76224       -8090.71459
  Mo       73   42.25125   40.86399    0.25125    1.65458       -8090.66091
  Mo       74   42.13455   40.74729    0.13455    1.75694       -8090.71315
  Mo       75   42.16187   40.77461    0.16187    1.73156       -8090.70127
  Mo       76   42.17494   40.78769    0.17494    1.71713       -8090.68761
  Mo       77   42.14984   40.76258    0.14984    1.73539       -8090.69754
  Mo       78   42.21167   40.82441    0.21167    1.68248       -8090.68003
  Mo       79   42.19571   40.80845    0.19571    1.69382       -8090.67974
  Mo       80   42.17320   40.78594    0.17320    1.71790       -8090.68774
  Mo       81   42.15392   40.76666    0.15392    1.73297       -8090.69732
  Mo       82   42.07111   40.68386    0.07111    1.82059       -8090.74544
  Mo       83   42.07962   40.69236    0.07962    1.80862       -8090.73893
  Mo       84   42.16759   40.78033    0.16759    1.72486       -8090.69499
  Mo       85   42.08850   40.70124    0.08850    1.79686       -8090.73219
  Mo       86   42.19966   40.81240    0.19966    1.69021       -8090.67393
  Mo       87   42.23044   40.84318    0.23044    1.66428       -8090.66501
  Mo       88   42.13377   40.74651    0.13377    1.75527       -8090.71200
  Mo       89   42.15712   40.76986    0.15712    1.73919       -8090.70563
  Mo       90   42.17495   40.78769    0.17495    1.71383       -8090.68924
  Mo       91   42.14172   40.75446    0.14172    1.74495       -8090.69620
  Mo       92   42.14121   40.75395    0.14121    1.74827       -8090.70706
  Mo       93   42.21994   40.83268    0.21994    1.67573       -8090.66853
  Mo       94   42.17312   40.78586    0.17312    1.72134       -8090.68642
  Mo       95   42.05933   40.67207    0.05933    1.82799       -8090.74740
  Mo       96   42.17842   40.79116    0.17842    1.71416       -8090.69255
  Ta       97   72.89429   71.50703   -0.10571    1.81848      -31233.04262
  Ta       98   72.85813   71.47087   -0.14187    1.85812      -31233.06610
  Ta       99   72.86185   71.47459   -0.13815    1.84942      -31233.06378
  Ta      100   72.84098   71.45372   -0.15902    1.86970      -31233.07148
  Ta      101   72.87390   71.48664   -0.12610    1.84065      -31233.06749
  Ta      102   72.88001   71.49275   -0.11999    1.83372      -31233.06041
  Ta      103   72.87084   71.48358   -0.12916    1.84540      -31233.05942
  Ta      104   72.85712   71.46986   -0.14288    1.85907      -31233.06648
  Ta      105   72.84921   71.46195   -0.15079    1.86570      -31233.07600
  Ta      106   72.81765   71.43040   -0.18235    1.89156      -31233.09656
  Ta      107   72.85266   71.46540   -0.14734    1.85835      -31233.07665
  Ta      108   72.88418   71.49692   -0.11582    1.83029      -31233.04908
  Ta      109   72.71679   71.32953   -0.28321    1.98141      -31233.14745
  Ta      110   72.92267   71.53541   -0.07733    1.79617      -31233.03013
  Ta      111   72.85204   71.46478   -0.14796    1.85734      -31233.07150
  Ta      112   72.76189   71.37463   -0.23811    1.94649      -31233.13311
  Ta      113   72.86748   71.48022   -0.13252    1.84675      -31233.07107
  Ta      114   72.88121   71.49395   -0.11879    1.83615      -31233.05874
  Ta      115   72.91747   71.53022   -0.08253    1.80608      -31233.03992
  Ta      116   72.86546   71.47821   -0.13454    1.85445      -31233.06917
  Ta      117   72.90466   71.51740   -0.09534    1.81790      -31233.04751
  Ta      118   72.86059   71.47333   -0.13941    1.85098      -31233.07389
  Ta      119   72.88802   71.50076   -0.11198    1.82764      -31233.04967
  Ta      120   72.94085   71.55359   -0.05915    1.78229      -31233.01645
  Ta      121   72.80302   71.41576   -0.19698    1.90651      -31233.10015
  Ta      122   72.86345   71.47619   -0.13655    1.85561      -31233.07000
  Ta      123   72.82729   71.44003   -0.17271    1.88644      -31233.09255
  Ta      124   72.83985   71.45259   -0.16015    1.87071      -31233.07706
  Ta      125   72.90198   71.51473   -0.09802    1.81342      -31233.04215
  Ta      126   72.91692   71.52966   -0.08308    1.80278      -31233.03453
  Ta      127   72.85915   71.47189   -0.14085    1.85571      -31233.07178
  Ta      128   72.88867   71.50141   -0.11133    1.82810      -31233.05661
