 Atom   Index      Q          Qmt        dQ        Vmad        Local Energy
  W         1   73.96954   72.66608   -0.03046    1.65307      -32312.46554
  W         2   73.77092   72.46745   -0.22908    1.84915      -32312.58634
  W         3   73.84452   72.54105   -0.15548    1.77998      -32312.55781
  W         4   73.85520   72.55174   -0.14480    1.76439      -32312.54393
  W         5   73.84698   72.54352   -0.15302    1.76580      -32312.52607
  W         6   73.93274   72.62927   -0.06726    1.67945      -32312.47760
  W         7   73.83681   72.53334   -0.16319    1.77434      -32312.53729
  W         8   73.89185   72.58838   -0.10815    1.72954      -32312.51621
  Nb        9   40.96574   39.66228   -0.03426    1.67840       -7632.57533
  Nb       10   40.84997   39.54651   -0.15003    1.79878       -7632.64949
  Nb       11   40.98188   39.67841   -0.01812    1.66368       -7632.56461
  Nb       12   40.77118   39.46772   -0.22882    1.87056       -7632.67772
  Nb       13   40.95327   39.64981   -0.04673    1.69100       -7632.58378
  Nb       14   41.02561   39.72214    0.02561    1.62122       -7632.53044
  Nb       15   40.86716   39.56369   -0.13284    1.77957       -7632.63635
  Nb       16   40.93296   39.62950   -0.06704    1.71431       -7632.59802
  Mo       17   42.15282   40.84935    0.15282    1.59144       -8090.55546
  Mo       18   42.15494   40.85147    0.15494    1.59154       -8090.55360
  Mo       19   42.09849   40.79502    0.09849    1.63704       -8090.56850
  Mo       20   42.09162   40.78816    0.09162    1.65341       -8090.59206
  Mo       21   42.13215   40.82869    0.13215    1.60862       -8090.55915
  Mo       22   42.16940   40.86593    0.16940    1.57106       -8090.53132
  Mo       23   42.13065   40.82719    0.13065    1.60997       -8090.56008
  Mo       24   42.07935   40.77588    0.07935    1.66702       -8090.60149
  Ta       25   72.72293   71.41946   -0.27707    1.83554      -31232.98199
  Ta       26   72.62684   71.32338   -0.37316    1.92409      -31233.02991
  Ta       27   72.72848   71.42501   -0.27152    1.81501      -31232.94937
  Ta       28   72.73552   71.43205   -0.26448    1.81816      -31232.96863
  Ta       29   72.72739   71.42392   -0.27261    1.82712      -31232.96651
  Ta       30   72.83513   71.53167   -0.16487    1.71742      -31232.90402
  Ta       31   72.75417   71.45070   -0.24583    1.80061      -31232.95913
  Ta       32   72.82572   71.52225   -0.17428    1.73721      -31232.91816
  Ti       33   22.38275   21.07929    0.38275    1.48974       -1704.34113
  Ti       34   22.22041   20.91694    0.22041    1.64965       -1704.42372
  Ti       35   22.30424   21.00078    0.30424    1.57881       -1704.40464
  Ti       36   22.38612   21.08266    0.38612    1.49483       -1704.38581
  Ti       37   22.37337   21.06991    0.37337    1.49637       -1704.34199
  Ti       38   22.35482   21.05135    0.35482    1.51935       -1704.37963
  Ti       39   22.34917   21.04570    0.34917    1.51841       -1704.35763
  Ti       40   22.36722   21.06375    0.36722    1.50651       -1704.35267
