 Atom   Index      Q          Qmt        dQ        Vmad        Local Energy
  W         1   73.78967   72.49039   -0.21033    1.79759      -32312.53956
  W         2   73.85896   72.55968   -0.14104    1.73003      -32312.50308
  W         3   73.97177   72.67249   -0.02823    1.61726      -32312.41133
  W         4   73.90597   72.60669   -0.09403    1.68076      -32312.45783
  Nb        5   40.90325   39.60397   -0.09675    1.72143       -7632.59013
  Nb        6   40.89567   39.59639   -0.10433    1.72600       -7632.58441
  Nb        7   40.89321   39.59393   -0.10679    1.73017       -7632.58893
  Nb        8   40.85862   39.55934   -0.14138    1.76594       -7632.59222
  Mo        9   41.95198   40.65270   -0.04802    1.77672       -8090.65170
  Mo       10   42.05634   40.75706    0.05634    1.65842       -8090.56888
  Mo       11   42.11846   40.81918    0.11846    1.59523       -8090.54000
  Mo       12   42.03273   40.73345    0.03273    1.68240       -8090.58591
  Ta       13   72.73577   71.43649   -0.26423    1.79838      -31232.93268
  Ta       14   72.77433   71.47505   -0.22567    1.75924      -31232.91737
  Ta       15   72.79232   71.49304   -0.20768    1.73424      -31232.87909
  Ta       16   72.81131   71.51203   -0.18869    1.71706      -31232.88337
  V        17   23.35218   22.05290    0.35218    1.60033       -1895.26196
  V        18   23.46628   22.16700    0.46628    1.47695       -1895.19951
  V        19   23.44331   22.14403    0.44331    1.50365       -1895.21897
  V        20   23.38786   22.08858    0.38786    1.55598       -1895.22957
