System Description            : WNbMoTaV, BCC structure                         
Number of Atoms in Unit Cell  : 40                                              
Number of Atomic Species      : 5                                               
Number of Atoms in Each Type  : 8(W), 8(Nb), 8(Mo), 8(Ta), 8(V)                 
Energy Offset                 : -16231                                          
=======================================================================================
    Iter     Energy      3PV     Efermi   Rms_rho    Rms_pot   Mix  Alg  Alpha 
---------------------------------------------------------------------------------------
**       1  -0.852553  1839.058  0.58757  0.140E+01  0.162E+00  pot  B   0.1000
         2  -1.036790  1816.713  0.60059  0.780E-02  0.532E+00  pot  B   0.1000
         3  -1.230898  1812.186  0.59792  0.333E-02  0.325E+00  pot  B   0.1000
         4  -1.417224  1796.661  0.61075  0.509E-02  0.147E+00  pot  B   0.1000
         5  -1.466601  1778.700  0.61905  0.609E-02  0.341E+00  pot  B   0.1000
         6  -1.662727  1745.654  0.62647  0.110E-01  0.218E+00  pot  B   0.1000
         7  -1.704392  1735.542  0.63216  0.368E-02  0.110E+00  pot  B   0.1000
         8  -1.731121  1726.823  0.63727  0.379E-02  0.547E-01  pot  B   0.1000
         9  -1.745376  1718.949  0.63921  0.390E-02  0.709E-01  pot  B   0.1000
        10  -1.757405  1710.310  0.64025  0.460E-02  0.500E-01  pot  B   0.1000
        11  -1.759335  1708.048  0.64142  0.130E-02  0.271E-01  pot  B   0.1000
        12  -1.760032  1707.462  0.64255  0.457E-03  0.581E-02  pot  B   0.1000
        13  -1.760212  1707.178  0.64378  0.328E-03  0.437E-02  pot  B   0.1000
        14  -1.760365  1707.019  0.64522  0.288E-03  0.335E-02  pot  B   0.1000
        15  -1.760493  1706.814  0.64713  0.340E-03  0.383E-02  pot  B   0.1000
        16  -1.760505  1706.817  0.64789  0.135E-03  0.148E-02  pot  B   0.1000
        17  -1.760510  1706.753  0.64813  0.558E-04  0.728E-03  pot  B   0.1000
        18  -1.760511  1706.777  0.64819  0.300E-04  0.742E-03  pot  B   0.1000
        19  -1.760512  1706.770  0.64827  0.371E-04  0.743E-03  pot  B   0.1000
        20  -1.760513  1706.774  0.64831  0.281E-04  0.380E-03  pot  B   0.1000
        21  -1.760512  1706.767  0.64835  0.201E-04  0.271E-03  pot  B   0.1000
        22  -1.760512  1706.773  0.64837  0.686E-05  0.215E-03  pot  B   0.1000
        23  -1.760512  1706.773  0.64839  0.745E-05  0.160E-03  pot  B   0.1000
        24  -1.760513  1706.774  0.64842  0.541E-05  0.110E-03  pot  B   0.1000
        25  -1.760513  1706.776  0.64844  0.479E-05  0.604E-04  pot  B   0.1000
        26  -1.760513  1706.777  0.64846  0.285E-05  0.459E-04  pot  B   0.1000
        27  -1.760513  1706.780  0.64847  0.213E-05  0.207E-04  pot  B   0.1000
        28  -1.760513  1706.783  0.64847  0.206E-05  0.406E-04  pot  B   0.1000
        29  -1.760513  1706.786  0.64847  0.244E-05  0.225E-04  pot  B   0.1000
        30  -1.760513  1706.791  0.64847  0.276E-05  0.281E-04  pot  B   0.1000
        31  -1.760513  1706.794  0.64847  0.171E-05  0.173E-04  pot  B   0.1000
        32  -1.760513  1706.795  0.64846  0.669E-06  0.162E-04  pot  B   0.1000
        33  -1.760513  1706.796  0.64846  0.532E-06  0.653E-05  pot  B   0.1000
        34  -1.760513  1706.796  0.64846  0.361E-06  0.678E-05  pot  B   0.1000
        35  -1.760513  1706.796  0.64846  0.407E-06  0.630E-05  pot  B   0.1000
        36  -1.760513  1706.797  0.64846  0.260E-06  0.295E-05  pot  B   0.1000
        37  -1.760513  1706.797  0.64846  0.294E-06  0.393E-05  pot  B   0.1000
        38  -1.760513  1706.797  0.64846  0.122E-06  0.224E-05  pot  B   0.1000
        39  -1.760513  1706.797  0.64846  0.135E-06  0.150E-05  pot  B   0.1000
        40  -1.760513  1706.797  0.64846  0.803E-07  0.128E-05  pot  B   0.1000
        41  -1.760513  1706.797  0.64846  0.266E-07  0.456E-06  pot  B   0.1000
        42  -1.760513  1706.797  0.64846  0.173E-07  0.374E-06  pot  B   0.1000
        43  -1.760513  1706.797  0.64846  0.281E-07  0.459E-06  pot  B   0.1000
        44  -1.760513  1706.797  0.64846  0.268E-07  0.330E-06  pot  B   0.1000
        45  -1.760513  1706.797  0.64846  0.123E-07  0.137E-06  pot  B   0.1000
        46  -1.760513  1706.797  0.64846  0.709E-08  0.935E-07  pot  B   0.1000
        47  -1.760513  1706.797  0.64846  0.289E-08  0.698E-07  pot  B   0.1000
        48  -1.760513  1706.797  0.64846  0.273E-08  0.739E-07  pot  B   0.1000
        49  -1.760513  1706.797  0.64846  0.177E-08  0.395E-07  pot  B   0.1000
        50  -1.760513  1706.797  0.64846  0.126E-08  0.421E-07  pot  B   0.1000
        51  -1.760513  1706.797  0.64846  0.817E-09  0.257E-07  pot  B   0.1000
        52  -1.760513  1706.797  0.64846  0.504E-09  0.260E-07  pot  B   0.1000
        53  -1.760513  1706.797  0.64846  0.462E-09  0.143E-07  pot  B   0.1000
        54  -1.760513  1706.797  0.64846  0.321E-09  0.790E-08  pot  B   0.1000
**      55  -1.760513  1706.797  0.64846  0.480E-12  0.790E-08  pot  B   0.1000
