 Atom   Index      Q          Qmt        dQ        Vmad        Local Energy
  W         1   73.84891   72.54501   -0.15109    1.77145      -32312.54112
  W         2   73.84293   72.53903   -0.15707    1.77371      -32312.54360
  W         3   73.92988   72.62598   -0.07012    1.68915      -32312.48568
  W         4   73.85784   72.55394   -0.14216    1.75935      -32312.52752
  W         5   73.92780   72.62390   -0.07220    1.69343      -32312.48603
  W         6   73.81993   72.51603   -0.18007    1.79892      -32312.55231
  W         7   73.86914   72.56524   -0.13086    1.74984      -32312.53088
  W         8   73.86794   72.56404   -0.13206    1.74801      -32312.51627
  Nb        9   40.93301   39.62911   -0.06699    1.71642       -7632.60101
  Nb       10   40.89977   39.59587   -0.10023    1.74414       -7632.60444
  Nb       11   40.97584   39.67194   -0.02416    1.66830       -7632.57186
  Nb       12   40.86865   39.56475   -0.13135    1.78293       -7632.63786
  Nb       13   40.91746   39.61355   -0.08254    1.73060       -7632.60188
  Nb       14   40.92169   39.61779   -0.07831    1.73039       -7632.59452
  Nb       15   41.02720   39.72330    0.02720    1.62452       -7632.54289
  Nb       16   41.01371   39.70981    0.01371    1.64112       -7632.55467
  Mo       17   42.16435   40.86045    0.16435    1.57363       -8090.53278
  Mo       18   42.04604   40.74214    0.04604    1.69863       -8090.60659
  Mo       19   42.09914   40.79524    0.09914    1.64124       -8090.57992
  Mo       20   42.07499   40.77108    0.07499    1.66614       -8090.59239
  Mo       21   42.16575   40.86185    0.16575    1.57376       -8090.53689
  Mo       22   42.06702   40.76311    0.06702    1.67963       -8090.60375
  Mo       23   42.05366   40.74976    0.05366    1.68568       -8090.60839
  Mo       24   42.06812   40.76422    0.06812    1.67759       -8090.60468
  Ta       25   72.71689   71.41299   -0.28311    1.83099      -31232.97766
  Ta       26   72.77018   71.46628   -0.22982    1.78902      -31232.95696
  Ta       27   72.76423   71.46033   -0.23577    1.79178      -31232.94024
  Ta       28   72.80994   71.50604   -0.19006    1.74915      -31232.92820
  Ta       29   72.72580   71.42189   -0.27420    1.82959      -31232.97482
  Ta       30   72.87711   71.57321   -0.12289    1.68386      -31232.88582
  Ta       31   72.79024   71.48634   -0.20976    1.76238      -31232.93642
  Ta       32   72.76757   71.46367   -0.23243    1.78429      -31232.93377
  Ti       33   22.23196   20.92806    0.23196    1.64175       -1704.44547
  Ti       34   22.42504   21.12114    0.42504    1.44461       -1704.31417
  Ti       35   22.30643   21.00253    0.30643    1.57037       -1704.40457
  Ti       36   22.34182   21.03792    0.34182    1.52634       -1704.36036
  Ti       37   22.30213   20.99823    0.30213    1.57573       -1704.40880
  Ti       38   22.35675   21.05285    0.35675    1.51280       -1704.35936
  Ti       39   22.26813   20.96423    0.26813    1.59656       -1704.39296
  Ti       40   22.28505   20.98115    0.28505    1.58692       -1704.39660
