 Atom   Index      Q          Qmt        dQ        Vmad        Local Energy
  W         1   73.92995   72.54264   -0.07005    1.83498      -32312.63592
  W         2   74.01635   72.62904    0.01635    1.76041      -32312.59336
  W         3   74.02217   72.63485    0.02217    1.74893      -32312.58691
  W         4   74.01584   72.62853    0.01584    1.76028      -32312.59722
  W         5   73.90029   72.51298   -0.09971    1.85935      -32312.65081
  W         6   73.91883   72.53152   -0.08117    1.84745      -32312.64717
  W         7   73.93289   72.54558   -0.06711    1.83026      -32312.63056
  W         8   73.93421   72.54690   -0.06579    1.82543      -32312.63224
  W         9   74.00000   72.61268   -0.00000    1.77464      -32312.60874
  W        10   73.92397   72.53666   -0.07603    1.84389      -32312.64747
  W        11   73.96968   72.58236   -0.03032    1.79278      -32312.61373
  W        12   73.93466   72.54735   -0.06534    1.83022      -32312.63741
  W        13   73.97801   72.59070   -0.02199    1.79554      -32312.61385
  W        14   73.95599   72.56867   -0.04401    1.80531      -32312.61789
  W        15   73.90576   72.51844   -0.09424    1.85352      -32312.64625
  W        16   73.90563   72.51832   -0.09437    1.85480      -32312.64655
  W        17   73.87242   72.48511   -0.12758    1.89497      -32312.67308
  W        18   73.91021   72.52289   -0.08979    1.85276      -32312.64987
  W        19   73.96933   72.58201   -0.03067    1.79674      -32312.60764
  W        20   73.93014   72.54282   -0.06986    1.83011      -32312.62377
  W        21   73.95713   72.56982   -0.04287    1.81416      -32312.62654
  W        22   73.99839   72.61108   -0.00161    1.78225      -32312.61984
  W        23   73.90796   72.52065   -0.09204    1.85501      -32312.64384
  W        24   73.96305   72.57573   -0.03695    1.79301      -32312.60643
  W        25   73.96663   72.57932   -0.03337    1.81015      -32312.63219
  W        26   73.92838   72.54107   -0.07162    1.82760      -32312.63010
  W        27   73.90840   72.52109   -0.09160    1.85473      -32312.64886
  W        28   73.93639   72.54908   -0.06361    1.82632      -32312.63548
  W        29   73.96239   72.57508   -0.03761    1.80807      -32312.62185
  W        30   73.97423   72.58692   -0.02577    1.79855      -32312.61862
  W        31   73.89963   72.51232   -0.10037    1.86604      -32312.65291
  W        32   73.91984   72.53252   -0.08016    1.84168      -32312.63861
  W        33   73.94404   72.55673   -0.05596    1.82549      -32312.63079
  W        34   73.94350   72.55619   -0.05650    1.82702      -32312.62941
  W        35   73.97320   72.58589   -0.02680    1.79873      -32312.61845
  W        36   73.92959   72.54228   -0.07041    1.83070      -32312.62951
  W        37   73.90480   72.51749   -0.09520    1.86043      -32312.65146
  W        38   74.01348   72.62617    0.01348    1.75456      -32312.58852
  W        39   73.98882   72.60151   -0.01118    1.77427      -32312.60193
  W        40   74.03349   72.64618    0.03349    1.73951      -32312.58638
  W        41   73.90767   72.52035   -0.09233    1.85898      -32312.65119
  W        42   74.02110   72.63379    0.02110    1.75950      -32312.60334
  W        43   73.91609   72.52878   -0.08391    1.84489      -32312.64397
  W        44   73.94324   72.55593   -0.05676    1.82928      -32312.63825
  W        45   73.91047   72.52316   -0.08953    1.84209      -32312.63562
  W        46   73.95599   72.56868   -0.04401    1.82013      -32312.63655
  W        47   73.94072   72.55341   -0.05928    1.82162      -32312.62732
  W        48   74.04847   72.66116    0.04847    1.72436      -32312.58049
  W        49   73.96282   72.57551   -0.03718    1.80628      -32312.62536
  W        50   74.00229   72.61498    0.00229    1.77544      -32312.61291
  W        51   73.88142   72.49411   -0.11858    1.87441      -32312.65873
  W        52   74.01247   72.62516    0.01247    1.76251      -32312.59805
  W        53   74.01378   72.62647    0.01378    1.75999      -32312.59281
  W        54   73.95382   72.56651   -0.04618    1.81704      -32312.62681
  W        55   73.99023   72.60291   -0.00977    1.78067      -32312.60737
  W        56   73.95419   72.56688   -0.04581    1.81773      -32312.62715
  W        57   73.95861   72.57130   -0.04139    1.80396      -32312.60888
  W        58   74.04111   72.65379    0.04111    1.73996      -32312.58286
  W        59   73.96405   72.57674   -0.03595    1.79978      -32312.61325
  W        60   73.91142   72.52411   -0.08858    1.84635      -32312.63900
  W        61   74.00337   72.61606    0.00337    1.76324      -32312.59229
  W        62   73.89071   72.50340   -0.10929    1.86775      -32312.65207
  W        63   73.99619   72.60887   -0.00381    1.77625      -32312.60139
  W        64   73.99835   72.61103   -0.00165    1.77505      -32312.60186
  W        65   73.88313   72.49582   -0.11687    1.86840      -32312.64922
  W        66   73.92981   72.54250   -0.07019    1.83054      -32312.63674
  W        67   73.99488   72.60757   -0.00512    1.76795      -32312.58748
  W        68   73.93563   72.54832   -0.06437    1.82996      -32312.63516
  W        69   73.97978   72.59247   -0.02022    1.78944      -32312.61217
  W        70   73.96101   72.57370   -0.03899    1.80618      -32312.61845
  W        71   73.95120   72.56389   -0.04880    1.81086      -32312.61573
  W        72   73.95197   72.56466   -0.04803    1.82042      -32312.63187
  W        73   73.94308   72.55577   -0.05692    1.82339      -32312.62933
  W        74   73.98970   72.60239   -0.01030    1.78729      -32312.61073
  W        75   73.92064   72.53332   -0.07936    1.84281      -32312.64001
  W        76   73.99003   72.60272   -0.00997    1.78567      -32312.61275
  W        77   73.95141   72.56410   -0.04859    1.81925      -32312.62910
  W        78   73.99100   72.60368   -0.00900    1.78480      -32312.61503
  W        79   74.05616   72.66884    0.05616    1.72356      -32312.57821
  W        80   73.93704   72.54973   -0.06296    1.82401      -32312.63370
  W        81   73.88640   72.49909   -0.11360    1.87687      -32312.65974
  W        82   73.97194   72.58462   -0.02806    1.79024      -32312.60825
  W        83   73.98296   72.59565   -0.01704    1.78428      -32312.60520
  W        84   73.95150   72.56418   -0.04850    1.81788      -32312.62483
  W        85   73.89766   72.51034   -0.10234    1.85512      -32312.63888
  W        86   73.90272   72.51541   -0.09728    1.86392      -32312.65415
  W        87   73.88850   72.50119   -0.11150    1.87149      -32312.65498
  W        88   73.94967   72.56235   -0.05033    1.82783      -32312.63930
  W        89   73.91505   72.52774   -0.08495    1.85590      -32312.65815
  W        90   73.98106   72.59375   -0.01894    1.78098      -32312.60374
  W        91   73.93031   72.54300   -0.06969    1.83595      -32312.63784
  W        92   73.91182   72.52451   -0.08818    1.85562      -32312.64541
  W        93   73.98840   72.60109   -0.01160    1.79124      -32312.62100
  W        94   73.92277   72.53546   -0.07723    1.84446      -32312.63740
  W        95   73.96936   72.58205   -0.03064    1.79415      -32312.61470
  W        96   73.95167   72.56436   -0.04833    1.81512      -32312.62400
  W        97   73.98024   72.59293   -0.01976    1.79217      -32312.61076
  W        98   73.94542   72.55810   -0.05458    1.81961      -32312.63254
  W        99   74.05219   72.66488    0.05219    1.72352      -32312.57275
  W       100   73.91514   72.52783   -0.08486    1.84255      -32312.63622
  W       101   73.99929   72.61198   -0.00071    1.78054      -32312.61384
  W       102   73.93871   72.55139   -0.06129    1.82547      -32312.62533
  W       103   73.93095   72.54364   -0.06905    1.83627      -32312.63619
  W       104   74.00383   72.61651    0.00383    1.77131      -32312.60254
  W       105   73.96030   72.57299   -0.03970    1.81638      -32312.62917
  W       106   73.89993   72.51262   -0.10007    1.86262      -32312.65336
  W       107   73.99906   72.61175   -0.00094    1.76780      -32312.59177
  W       108   73.98115   72.59384   -0.01885    1.78956      -32312.61586
  W       109   73.93232   72.54501   -0.06768    1.84192      -32312.64581
  W       110   73.97304   72.58572   -0.02696    1.79913      -32312.62127
  W       111   73.96932   72.58201   -0.03068    1.79975      -32312.62383
  W       112   73.97779   72.59048   -0.02221    1.79325      -32312.62007
  W       113   73.88896   72.50164   -0.11104    1.87602      -32312.66386
  W       114   73.95945   72.57214   -0.04055    1.80294      -32312.61190
  W       115   74.06164   72.67433    0.06164    1.71377      -32312.56248
  W       116   73.87325   72.48594   -0.12675    1.88313      -32312.65340
  W       117   74.01699   72.62967    0.01699    1.75744      -32312.59725
  W       118   74.01438   72.62707    0.01438    1.76314      -32312.60270
  W       119   74.01855   72.63124    0.01855    1.75397      -32312.59343
  W       120   73.98736   72.60005   -0.01264    1.79268      -32312.62056
  W       121   73.87340   72.48609   -0.12660    1.88594      -32312.65921
  W       122   73.96238   72.57507   -0.03762    1.80675      -32312.61693
  W       123   73.94631   72.55900   -0.05369    1.82724      -32312.63311
  W       124   73.95604   72.56872   -0.04396    1.80853      -32312.61521
  W       125   74.00436   72.61704    0.00436    1.76761      -32312.59878
  W       126   73.96312   72.57580   -0.03688    1.80213      -32312.61742
  W       127   73.94139   72.55408   -0.05861    1.82887      -32312.63529
  W       128   73.99034   72.60302   -0.00966    1.78733      -32312.61782
  Nb      129   41.06019   39.67288    0.06019    1.74573       -7632.69239
  Nb      130   40.99013   39.60282   -0.00987    1.81276       -7632.73039
  Nb      131   41.01125   39.62393    0.01125    1.79407       -7632.72105
  Nb      132   40.98604   39.59872   -0.01396    1.81716       -7632.73820
  Nb      133   40.98398   39.59666   -0.01602    1.81814       -7632.73961
  Nb      134   41.02442   39.63710    0.02442    1.78208       -7632.71270
  Nb      135   41.00384   39.61652    0.00384    1.80446       -7632.72385
  Nb      136   41.08169   39.69437    0.08169    1.72181       -7632.68495
  Nb      137   40.90064   39.51333   -0.09936    1.89996       -7632.77914
  Nb      138   41.05244   39.66513    0.05244    1.75783       -7632.70366
  Nb      139   40.97992   39.59261   -0.02008    1.82429       -7632.74190
  Nb      140   40.99691   39.60960   -0.00309    1.80700       -7632.72912
  Nb      141   41.03967   39.65236    0.03967    1.76610       -7632.70883
  Nb      142   41.02542   39.63811    0.02542    1.78368       -7632.71635
  Nb      143   41.01427   39.62696    0.01427    1.78705       -7632.71603
  Nb      144   41.06299   39.67568    0.06299    1.74705       -7632.69695
  Nb      145   41.02390   39.63659    0.02390    1.77836       -7632.70459
  Nb      146   40.99343   39.60611   -0.00657    1.80875       -7632.73493
  Nb      147   41.02866   39.64135    0.02866    1.78292       -7632.71583
  Nb      148   40.97778   39.59046   -0.02222    1.82614       -7632.73851
  Nb      149   40.94365   39.55633   -0.05635    1.85758       -7632.75179
  Nb      150   41.08834   39.70102    0.08834    1.72581       -7632.68240
  Nb      151   40.93217   39.54486   -0.06783    1.87212       -7632.76775
  Nb      152   40.97541   39.58810   -0.02459    1.82753       -7632.74772
  Nb      153   41.03538   39.64807    0.03538    1.77201       -7632.70286
  Nb      154   40.96403   39.57672   -0.03597    1.84039       -7632.74435
  Nb      155   40.94311   39.55580   -0.05689    1.86105       -7632.76110
  Nb      156   40.95945   39.57214   -0.04055    1.84320       -7632.75598
  Nb      157   41.03519   39.64788    0.03519    1.77755       -7632.72169
  Nb      158   41.02532   39.63800    0.02532    1.78527       -7632.72040
  Nb      159   41.08642   39.69911    0.08642    1.72648       -7632.68207
  Nb      160   41.04043   39.65312    0.04043    1.76495       -7632.70126
  Nb      161   40.92877   39.54146   -0.07123    1.87364       -7632.76977
  Nb      162   40.94619   39.55888   -0.05381    1.84435       -7632.75180
  Nb      163   41.02733   39.64002    0.02733    1.78264       -7632.71100
  Nb      164   41.00266   39.61534    0.00266    1.80093       -7632.72693
  Nb      165   41.01389   39.62658    0.01389    1.78849       -7632.71456
  Nb      166   40.99958   39.61226   -0.00042    1.80280       -7632.72477
  Nb      167   40.95742   39.57011   -0.04258    1.85066       -7632.75869
  Nb      168   41.04969   39.66238    0.04969    1.75543       -7632.69990
  Nb      169   40.97118   39.58386   -0.02882    1.83303       -7632.74785
  Nb      170   40.94490   39.55759   -0.05510    1.85891       -7632.75329
  Nb      171   40.98035   39.59304   -0.01965    1.82323       -7632.73792
  Nb      172   41.11220   39.72489    0.11220    1.70140       -7632.67210
  Nb      173   40.99672   39.60941   -0.00328    1.80819       -7632.72771
  Nb      174   40.99884   39.61152   -0.00116    1.80370       -7632.72615
  Nb      175   40.98394   39.59663   -0.01606    1.82086       -7632.73930
  Nb      176   40.99197   39.60466   -0.00803    1.81171       -7632.72722
  Nb      177   41.07090   39.68359    0.07090    1.73502       -7632.68459
  Nb      178   40.98363   39.59631   -0.01637    1.81786       -7632.72602
  Nb      179   41.00360   39.61629    0.00360    1.80579       -7632.73357
  Nb      180   40.94432   39.55701   -0.05568    1.85276       -7632.75029
  Nb      181   41.04388   39.65657    0.04388    1.75980       -7632.70653
  Nb      182   40.96942   39.58211   -0.03058    1.83163       -7632.74210
  Nb      183   40.98848   39.60117   -0.01152    1.80757       -7632.73046
  Nb      184   40.98616   39.59885   -0.01384    1.82001       -7632.73874
  Nb      185   40.91869   39.53138   -0.08131    1.88206       -7632.77103
  Nb      186   40.99188   39.60457   -0.00812    1.80835       -7632.72460
  Nb      187   40.94169   39.55438   -0.05831    1.85835       -7632.75842
  Nb      188   40.99726   39.60994   -0.00274    1.80966       -7632.72945
  Nb      189   40.98998   39.60267   -0.01002    1.81282       -7632.73297
  Nb      190   41.01429   39.62698    0.01429    1.78966       -7632.71696
  Nb      191   41.09655   39.70924    0.09655    1.71411       -7632.67108
  Nb      192   41.07072   39.68341    0.07072    1.74377       -7632.69433
  Nb      193   41.02979   39.64248    0.02979    1.77844       -7632.71574
  Nb      194   40.95217   39.56486   -0.04783    1.85097       -7632.75699
  Nb      195   40.96945   39.58213   -0.03055    1.83006       -7632.73954
  Nb      196   40.93223   39.54492   -0.06777    1.87133       -7632.76820
  Nb      197   40.98454   39.59723   -0.01546    1.82038       -7632.73235
  Nb      198   41.00844   39.62113    0.00844    1.79567       -7632.71802
  Nb      199   40.96776   39.58044   -0.03224    1.83621       -7632.74330
  Nb      200   40.96878   39.58147   -0.03122    1.83289       -7632.74769
  Nb      201   41.00386   39.61655    0.00386    1.80253       -7632.72370
  Nb      202   41.04522   39.65791    0.04522    1.76376       -7632.70510
  Nb      203   41.04383   39.65652    0.04383    1.76639       -7632.70333
  Nb      204   41.00005   39.61274    0.00005    1.80412       -7632.72362
  Nb      205   40.98709   39.59978   -0.01291    1.81784       -7632.73416
  Nb      206   41.07151   39.68420    0.07151    1.73739       -7632.68942
  Nb      207   41.01767   39.63036    0.01767    1.78886       -7632.72140
  Nb      208   40.96677   39.57946   -0.03323    1.83844       -7632.75317
  Nb      209   40.98119   39.59388   -0.01881    1.81964       -7632.73757
  Nb      210   41.02117   39.63386    0.02117    1.78710       -7632.71970
  Nb      211   41.03283   39.64551    0.03283    1.77479       -7632.70238
  Nb      212   40.99627   39.60896   -0.00373    1.81099       -7632.72879
  Nb      213   41.01542   39.62810    0.01542    1.78860       -7632.71534
  Nb      214   41.06621   39.67889    0.06621    1.74222       -7632.69639
  Nb      215   41.00434   39.61703    0.00434    1.79961       -7632.72621
  Nb      216   41.03093   39.64362    0.03093    1.77504       -7632.70516
  Nb      217   41.03591   39.64860    0.03591    1.77099       -7632.70879
  Nb      218   41.05251   39.66520    0.05251    1.75468       -7632.69903
  Nb      219   41.02858   39.64127    0.02858    1.78093       -7632.71389
  Nb      220   41.09807   39.71076    0.09807    1.71168       -7632.67248
  Nb      221   41.05629   39.66898    0.05629    1.75165       -7632.69318
  Nb      222   41.03520   39.64789    0.03520    1.77592       -7632.71195
  Nb      223   41.05564   39.66833    0.05564    1.75661       -7632.69613
  Nb      224   41.04098   39.65367    0.04098    1.76774       -7632.70150
  Nb      225   41.00162   39.61431    0.00162    1.80058       -7632.72362
  Nb      226   40.96160   39.57429   -0.03840    1.84096       -7632.75240
  Nb      227   40.99987   39.61255   -0.00013    1.80903       -7632.72854
  Nb      228   40.97887   39.59156   -0.02113    1.82665       -7632.74276
  Nb      229   41.01287   39.62556    0.01287    1.79334       -7632.72673
  Nb      230   40.97709   39.58978   -0.02291    1.82790       -7632.74122
  Nb      231   41.03365   39.64634    0.03365    1.77181       -7632.70366
  Nb      232   40.92550   39.53819   -0.07450    1.87339       -7632.76625
  Nb      233   41.01952   39.63221    0.01952    1.78050       -7632.71644
  Nb      234   41.03459   39.64727    0.03459    1.77254       -7632.70482
  Nb      235   41.02101   39.63370    0.02101    1.78489       -7632.71503
  Nb      236   40.99516   39.60785   -0.00484    1.80804       -7632.72339
  Nb      237   41.08765   39.70034    0.08765    1.72494       -7632.67630
  Nb      238   41.03285   39.64554    0.03285    1.77312       -7632.70460
  Nb      239   40.99651   39.60919   -0.00349    1.80604       -7632.72711
  Nb      240   40.96185   39.57454   -0.03815    1.84150       -7632.74170
  Nb      241   41.08441   39.69710    0.08441    1.72350       -7632.67734
  Nb      242   40.97431   39.58700   -0.02569    1.83020       -7632.74452
  Nb      243   41.01714   39.62983    0.01714    1.79115       -7632.71627
  Nb      244   41.00734   39.62003    0.00734    1.79547       -7632.72505
  Nb      245   40.96707   39.57975   -0.03293    1.83641       -7632.74984
  Nb      246   40.95646   39.56915   -0.04354    1.84219       -7632.74634
  Nb      247   41.05071   39.66339    0.05071    1.75392       -7632.69220
  Nb      248   41.05843   39.67112    0.05843    1.74388       -7632.69200
  Nb      249   41.05120   39.66389    0.05120    1.75815       -7632.69500
  Nb      250   41.02249   39.63518    0.02249    1.77338       -7632.70264
  Nb      251   41.05619   39.66888    0.05619    1.75159       -7632.70197
  Nb      252   41.09255   39.70523    0.09255    1.71712       -7632.67689
  Nb      253   41.10144   39.71412    0.10144    1.71184       -7632.67928
  Nb      254   40.96646   39.57915   -0.03354    1.83724       -7632.74697
  Nb      255   41.03424   39.64693    0.03424    1.77820       -7632.71231
  Nb      256   41.04220   39.65489    0.04220    1.76798       -7632.70934
  Mo      257   42.14770   40.76038    0.14770    1.74651       -8090.71129
  Mo      258   42.15275   40.76543    0.15275    1.74080       -8090.70651
  Mo      259   42.19953   40.81222    0.19953    1.69470       -8090.67609
  Mo      260   42.17107   40.78375    0.17107    1.72548       -8090.69246
  Mo      261   42.02041   40.63310    0.02041    1.86072       -8090.76806
  Mo      262   42.12347   40.73615    0.12347    1.76805       -8090.71763
  Mo      263   42.10738   40.72007    0.10738    1.78569       -8090.73381
  Mo      264   42.17896   40.79165    0.17896    1.72051       -8090.70543
  Mo      265   42.10417   40.71686    0.10417    1.78748       -8090.73052
  Mo      266   42.13833   40.75102    0.13833    1.75350       -8090.71277
  Mo      267   42.11593   40.72862    0.11593    1.77539       -8090.72529
  Mo      268   42.17929   40.79198    0.17929    1.71347       -8090.68459
  Mo      269   42.17862   40.79130    0.17862    1.71666       -8090.69107
  Mo      270   42.13799   40.75067    0.13799    1.75241       -8090.70629
  Mo      271   42.24202   40.85471    0.24202    1.64422       -8090.65292
  Mo      272   42.21537   40.82806    0.21537    1.68285       -8090.67339
  Mo      273   42.23760   40.85029    0.23760    1.66505       -8090.66876
  Mo      274   42.21048   40.82317    0.21048    1.68406       -8090.67143
  Mo      275   42.16465   40.77734    0.16465    1.73222       -8090.70776
  Mo      276   42.13031   40.74300    0.13031    1.76678       -8090.72257
  Mo      277   42.11424   40.72693    0.11424    1.77560       -8090.72636
  Mo      278   42.20048   40.81316    0.20048    1.68920       -8090.66897
  Mo      279   42.12424   40.73693    0.12424    1.77255       -8090.72488
  Mo      280   42.17724   40.78993    0.17724    1.71173       -8090.68533
  Mo      281   42.15839   40.77108    0.15839    1.73191       -8090.69519
  Mo      282   42.14775   40.76044    0.14775    1.73963       -8090.70294
  Mo      283   42.17452   40.78721    0.17452    1.72184       -8090.69525
  Mo      284   42.20323   40.81591    0.20323    1.68908       -8090.67596
  Mo      285   42.14058   40.75326    0.14058    1.74002       -8090.69150
  Mo      286   42.21259   40.82528    0.21259    1.68829       -8090.68257
  Mo      287   42.22391   40.83660    0.22391    1.67433       -8090.67249
  Mo      288   42.17152   40.78421    0.17152    1.71869       -8090.69060
  Mo      289   42.20093   40.81361    0.20093    1.69950       -8090.68909
  Mo      290   42.19639   40.80908    0.19639    1.69334       -8090.67820
  Mo      291   42.14534   40.75803    0.14534    1.74755       -8090.70719
  Mo      292   42.09567   40.70836    0.09567    1.79729       -8090.73652
  Mo      293   42.17131   40.78400    0.17131    1.73193       -8090.71173
  Mo      294   42.17820   40.79089    0.17820    1.71650       -8090.68861
  Mo      295   42.23484   40.84753    0.23484    1.66203       -8090.66310
  Mo      296   42.16183   40.77452    0.16183    1.73267       -8090.70055
  Mo      297   42.20510   40.81779    0.20510    1.68055       -8090.67165
  Mo      298   42.24489   40.85758    0.24489    1.65919       -8090.66347
  Mo      299   42.15849   40.77118    0.15849    1.73428       -8090.70208
  Mo      300   42.16622   40.77891    0.16622    1.72395       -8090.69076
  Mo      301   42.21368   40.82637    0.21368    1.67944       -8090.67094
  Mo      302   42.18813   40.80081    0.18813    1.70875       -8090.68945
  Mo      303   42.17241   40.78510    0.17241    1.72277       -8090.69861
  Mo      304   42.18215   40.79484    0.18215    1.71661       -8090.70325
  Mo      305   42.14887   40.76156    0.14887    1.74875       -8090.70891
  Mo      306   42.14833   40.76101    0.14833    1.73823       -8090.70010
  Mo      307   42.13423   40.74691    0.13423    1.75322       -8090.71072
  Mo      308   42.21233   40.82502    0.21233    1.69099       -8090.68426
  Mo      309   42.24894   40.86163    0.24894    1.65432       -8090.66415
  Mo      310   42.23061   40.84329    0.23061    1.66157       -8090.66666
  Mo      311   42.17405   40.78674    0.17405    1.72172       -8090.69485
  Mo      312   42.14626   40.75895    0.14626    1.74063       -8090.69471
  Mo      313   42.12263   40.73532    0.12263    1.77049       -8090.71642
  Mo      314   42.15480   40.76749    0.15480    1.73979       -8090.70985
  Mo      315   42.11077   40.72345    0.11077    1.78358       -8090.73023
  Mo      316   42.20033   40.81302    0.20033    1.68913       -8090.67894
  Mo      317   42.18390   40.79659    0.18390    1.70894       -8090.68547
  Mo      318   42.12886   40.74154    0.12886    1.75850       -8090.71055
  Mo      319   42.11797   40.73065    0.11797    1.77572       -8090.72962
  Mo      320   42.14083   40.75352    0.14083    1.74339       -8090.69633
  Mo      321   42.21584   40.82853    0.21584    1.67891       -8090.66751
  Mo      322   42.10975   40.72244    0.10975    1.78214       -8090.73150
  Mo      323   42.09902   40.71170    0.09902    1.78905       -8090.72773
  Mo      324   42.18496   40.79765    0.18496    1.71897       -8090.70388
  Mo      325   42.16067   40.77336    0.16067    1.73252       -8090.69547
  Mo      326   42.19553   40.80822    0.19553    1.69444       -8090.68294
  Mo      327   42.19567   40.80836    0.19567    1.69611       -8090.68265
  Mo      328   42.17510   40.78779    0.17510    1.72829       -8090.70450
  Mo      329   42.15664   40.76933    0.15664    1.73862       -8090.70397
  Mo      330   42.20188   40.81457    0.20188    1.69572       -8090.67917
  Mo      331   42.20163   40.81432    0.20163    1.68691       -8090.67516
  Mo      332   42.22823   40.84092    0.22823    1.66958       -8090.67022
  Mo      333   42.17007   40.78276    0.17007    1.72193       -8090.69928
  Mo      334   42.19887   40.81156    0.19887    1.70163       -8090.68516
  Mo      335   42.21203   40.82472    0.21203    1.68413       -8090.67636
  Mo      336   42.14680   40.75948    0.14680    1.74967       -8090.71256
  Mo      337   42.13523   40.74792    0.13523    1.76155       -8090.71419
  Mo      338   42.17916   40.79185    0.17916    1.71514       -8090.69420
  Mo      339   42.19600   40.80869    0.19600    1.70651       -8090.68861
  Mo      340   42.19183   40.80452    0.19183    1.70410       -8090.68155
  Mo      341   42.20280   40.81549    0.20280    1.69363       -8090.68241
  Mo      342   42.20957   40.82226    0.20957    1.68839       -8090.68133
  Mo      343   42.13649   40.74918    0.13649    1.75407       -8090.71151
  Mo      344   42.11384   40.72653    0.11384    1.77507       -8090.72277
  Mo      345   42.19625   40.80894    0.19625    1.69158       -8090.67634
  Mo      346   42.19270   40.80539    0.19270    1.69719       -8090.67668
  Mo      347   42.21972   40.83241    0.21972    1.67949       -8090.67423
  Mo      348   42.16772   40.78041    0.16772    1.71726       -8090.68926
  Mo      349   42.22859   40.84128    0.22859    1.66250       -8090.65936
  Mo      350   42.11022   40.72291    0.11022    1.77683       -8090.72307
  Mo      351   42.23147   40.84415    0.23147    1.67308       -8090.67148
  Mo      352   42.20390   40.81659    0.20390    1.69281       -8090.68520
  Mo      353   42.21165   40.82434    0.21165    1.68051       -8090.67411
  Mo      354   42.14403   40.75672    0.14403    1.75280       -8090.72148
  Mo      355   42.14841   40.76109    0.14841    1.74364       -8090.70265
  Mo      356   42.16938   40.78207    0.16938    1.73045       -8090.70484
  Mo      357   42.20841   40.82110    0.20841    1.69030       -8090.67810
  Mo      358   42.09603   40.70872    0.09603    1.79600       -8090.73101
  Mo      359   42.18026   40.79295    0.18026    1.71398       -8090.69890
  Mo      360   42.22961   40.84229    0.22961    1.66390       -8090.66343
  Mo      361   42.17153   40.78421    0.17153    1.71477       -8090.68598
  Mo      362   42.14321   40.75590    0.14321    1.74725       -8090.70252
  Mo      363   42.12972   40.74241    0.12972    1.76543       -8090.71712
  Mo      364   42.13803   40.75072    0.13803    1.75438       -8090.71457
  Mo      365   42.15072   40.76341    0.15072    1.73308       -8090.69115
  Mo      366   42.22682   40.83951    0.22682    1.66447       -8090.65899
  Mo      367   42.19298   40.80567    0.19298    1.70608       -8090.68772
  Mo      368   42.22414   40.83682    0.22414    1.67222       -8090.66942
  Mo      369   42.11527   40.72796    0.11527    1.77508       -8090.72036
  Mo      370   42.13848   40.75117    0.13848    1.75512       -8090.70820
  Mo      371   42.17433   40.78702    0.17433    1.72187       -8090.69973
  Mo      372   42.16071   40.77339    0.16071    1.73459       -8090.69843
  Mo      373   42.22337   40.83605    0.22337    1.67926       -8090.67597
  Mo      374   42.16687   40.77956    0.16687    1.71657       -8090.68501
  Mo      375   42.18034   40.79303    0.18034    1.72222       -8090.70150
  Mo      376   42.18794   40.80063    0.18794    1.70537       -8090.69133
  Mo      377   42.18993   40.80262    0.18993    1.70567       -8090.69049
  Mo      378   42.23754   40.85023    0.23754    1.65368       -8090.65506
  Mo      379   42.16236   40.77505    0.16236    1.73516       -8090.69714
  Mo      380   42.18806   40.80075    0.18806    1.69919       -8090.67785
  Mo      381   42.20788   40.82057    0.20788    1.69198       -8090.68744
  Mo      382   42.21994   40.83263    0.21994    1.67757       -8090.67466
  Mo      383   42.10553   40.71822    0.10553    1.79114       -8090.74212
  Mo      384   42.20525   40.81794    0.20525    1.69381       -8090.67793
  Ta      385   72.87483   71.48751   -0.12517    1.83965      -31233.06287
  Ta      386   72.89696   71.50964   -0.10304    1.82618      -31233.05443
  Ta      387   72.89142   71.50411   -0.10858    1.82914      -31233.05022
  Ta      388   72.90335   71.51603   -0.09665    1.81125      -31233.04719
  Ta      389   72.86666   71.47935   -0.13334    1.84307      -31233.05798
  Ta      390   72.85743   71.47012   -0.14257    1.85709      -31233.06878
  Ta      391   72.87027   71.48296   -0.12973    1.84276      -31233.06095
  Ta      392   72.80160   71.41429   -0.19840    1.90732      -31233.10495
  Ta      393   72.84231   71.45500   -0.15769    1.86999      -31233.07475
  Ta      394   72.94823   71.56092   -0.05177    1.77167      -31233.01040
  Ta      395   72.89263   71.50532   -0.10737    1.82839      -31233.05567
  Ta      396   72.86785   71.48054   -0.13215    1.84360      -31233.05608
  Ta      397   72.80589   71.41858   -0.19411    1.90139      -31233.09713
  Ta      398   72.86526   71.47795   -0.13474    1.84734      -31233.06339
  Ta      399   72.95980   71.57249   -0.04020    1.76577      -31233.01386
  Ta      400   72.87114   71.48383   -0.12886    1.84335      -31233.06075
  Ta      401   72.86405   71.47674   -0.13595    1.85214      -31233.07177
  Ta      402   72.80601   71.41870   -0.19399    1.90422      -31233.10677
  Ta      403   72.92884   71.54152   -0.07116    1.78864      -31233.02713
  Ta      404   72.77144   71.38413   -0.22856    1.94018      -31233.12165
  Ta      405   72.80241   71.41510   -0.19759    1.90196      -31233.09677
  Ta      406   72.85009   71.46278   -0.14991    1.86610      -31233.07336
  Ta      407   72.89498   71.50767   -0.10502    1.82106      -31233.05135
  Ta      408   72.76635   71.37904   -0.23365    1.94191      -31233.12051
  Ta      409   72.76419   71.37687   -0.23581    1.94222      -31233.12345
  Ta      410   72.71765   71.33034   -0.28235    1.98421      -31233.15256
  Ta      411   72.90002   71.51271   -0.09998    1.82122      -31233.05519
  Ta      412   72.91359   71.52628   -0.08641    1.80450      -31233.03741
  Ta      413   72.86092   71.47361   -0.13908    1.84990      -31233.05988
  Ta      414   72.87419   71.48688   -0.12581    1.84145      -31233.06567
  Ta      415   72.90761   71.52030   -0.09239    1.81204      -31233.04405
  Ta      416   72.89641   71.50910   -0.10359    1.82725      -31233.05556
  Ta      417   72.93348   71.54617   -0.06652    1.78758      -31233.02514
  Ta      418   72.90443   71.51712   -0.09557    1.80994      -31233.04367
  Ta      419   72.83178   71.44447   -0.16822    1.87805      -31233.08744
  Ta      420   72.83896   71.45164   -0.16104    1.86828      -31233.07541
  Ta      421   72.75780   71.37048   -0.24220    1.95269      -31233.12393
  Ta      422   72.84519   71.45788   -0.15481    1.86496      -31233.07361
  Ta      423   72.92978   71.54247   -0.07022    1.79338      -31233.03550
  Ta      424   72.86926   71.48195   -0.13074    1.84900      -31233.06733
  Ta      425   72.89099   71.50368   -0.10901    1.82725      -31233.05451
  Ta      426   72.80757   71.42026   -0.19243    1.90153      -31233.09918
  Ta      427   72.81291   71.42560   -0.18709    1.90241      -31233.10302
  Ta      428   72.84083   71.45352   -0.15917    1.87488      -31233.08254
  Ta      429   72.89579   71.50847   -0.10421    1.82376      -31233.05282
  Ta      430   72.85402   71.46671   -0.14598    1.86098      -31233.06977
  Ta      431   72.84399   71.45668   -0.15601    1.86609      -31233.07757
  Ta      432   72.84856   71.46125   -0.15144    1.86842      -31233.08453
  Ta      433   72.90567   71.51835   -0.09433    1.81236      -31233.04022
  Ta      434   72.90024   71.51292   -0.09976    1.81052      -31233.03859
  Ta      435   72.91903   71.53172   -0.08097    1.79791      -31233.03450
  Ta      436   72.92864   71.54133   -0.07136    1.79154      -31233.02665
  Ta      437   72.80304   71.41573   -0.19696    1.91144      -31233.10209
  Ta      438   72.89841   71.51110   -0.10159    1.82095      -31233.05324
  Ta      439   72.81077   71.42346   -0.18923    1.89527      -31233.09255
  Ta      440   72.84456   71.45725   -0.15544    1.86305      -31233.07229
  Ta      441   72.89386   71.50654   -0.10614    1.82396      -31233.04902
  Ta      442   72.83650   71.44919   -0.16350    1.87815      -31233.08248
  Ta      443   72.80054   71.41323   -0.19946    1.90929      -31233.10136
  Ta      444   72.86717   71.47986   -0.13283    1.85076      -31233.07072
  Ta      445   72.78247   71.39516   -0.21753    1.92848      -31233.11742
  Ta      446   72.85896   71.47164   -0.14104    1.85444      -31233.06794
  Ta      447   72.91617   71.52885   -0.08383    1.80758      -31233.03974
  Ta      448   72.87113   71.48382   -0.12887    1.84906      -31233.06281
  Ta      449   72.87633   71.48902   -0.12367    1.84181      -31233.05841
  Ta      450   72.87025   71.48293   -0.12975    1.84304      -31233.05753
  Ta      451   72.85665   71.46934   -0.14335    1.85767      -31233.07269
  Ta      452   72.86256   71.47525   -0.13744    1.85235      -31233.07023
  Ta      453   72.83052   71.44321   -0.16948    1.88118      -31233.08559
  Ta      454   72.86503   71.47772   -0.13497    1.85217      -31233.06723
  Ta      455   72.85142   71.46411   -0.14858    1.86601      -31233.07586
  Ta      456   72.93240   71.54509   -0.06760    1.78374      -31233.01345
  Ta      457   72.82973   71.44242   -0.17027    1.86999      -31233.07793
  Ta      458   72.87819   71.49087   -0.12181    1.83772      -31233.06000
  Ta      459   72.78616   71.39885   -0.21384    1.92596      -31233.11418
  Ta      460   72.91457   71.52726   -0.08543    1.80246      -31233.03446
  Ta      461   72.78418   71.39687   -0.21582    1.91827      -31233.10898
  Ta      462   72.84832   71.46100   -0.15168    1.86220      -31233.06858
  Ta      463   72.81693   71.42961   -0.18307    1.88760      -31233.09167
  Ta      464   72.93505   71.54774   -0.06495    1.78777      -31233.02793
  Ta      465   72.87507   71.48775   -0.12493    1.83783      -31233.05974
  Ta      466   72.86561   71.47830   -0.13439    1.85338      -31233.07167
  Ta      467   72.93755   71.55024   -0.06245    1.78044      -31233.02528
  Ta      468   72.88697   71.49965   -0.11303    1.83163      -31233.04687
  Ta      469   72.88290   71.49558   -0.11710    1.82403      -31233.04480
  Ta      470   72.84686   71.45954   -0.15314    1.86207      -31233.08178
  Ta      471   72.70996   71.32264   -0.29004    1.99564      -31233.15252
  Ta      472   72.87793   71.49062   -0.12207    1.83802      -31233.05675
  Ta      473   72.84245   71.45514   -0.15755    1.87291      -31233.07190
  Ta      474   72.91188   71.52457   -0.08812    1.80737      -31233.03971
  Ta      475   72.83836   71.45104   -0.16164    1.87386      -31233.08469
  Ta      476   72.87039   71.48308   -0.12961    1.84573      -31233.06898
  Ta      477   72.90250   71.51519   -0.09750    1.81033      -31233.04260
  Ta      478   72.85622   71.46891   -0.14378    1.85794      -31233.07348
  Ta      479   72.90181   71.51450   -0.09819    1.80933      -31233.04240
  Ta      480   72.83545   71.44814   -0.16455    1.87381      -31233.08502
  Ta      481   72.86017   71.47286   -0.13983    1.84809      -31233.06547
  Ta      482   72.88481   71.49750   -0.11519    1.83204      -31233.06546
  Ta      483   72.79698   71.40967   -0.20302    1.91426      -31233.10587
  Ta      484   72.82255   71.43524   -0.17745    1.89284      -31233.09269
  Ta      485   72.88668   71.49937   -0.11332    1.82813      -31233.05228
  Ta      486   72.90395   71.51664   -0.09605    1.81048      -31233.03723
  Ta      487   72.88779   71.50048   -0.11221    1.82697      -31233.04464
  Ta      488   72.92266   71.53535   -0.07734    1.79990      -31233.03657
  Ta      489   72.82340   71.43609   -0.17660    1.88837      -31233.08792
  Ta      490   72.80142   71.41411   -0.19858    1.90189      -31233.10126
  Ta      491   72.87203   71.48471   -0.12797    1.84341      -31233.05922
  Ta      492   72.90783   71.52052   -0.09217    1.81267      -31233.04452
  Ta      493   72.82766   71.44034   -0.17234    1.88125      -31233.08252
  Ta      494   72.80131   71.41400   -0.19869    1.91174      -31233.10802
  Ta      495   72.84560   71.45829   -0.15440    1.86318      -31233.07372
  Ta      496   72.85511   71.46779   -0.14489    1.85763      -31233.07632
  Ta      497   72.83631   71.44900   -0.16369    1.87284      -31233.07845
  Ta      498   72.86581   71.47850   -0.13419    1.85073      -31233.06767
  Ta      499   72.84359   71.45628   -0.15641    1.86528      -31233.07485
  Ta      500   72.88875   71.50144   -0.11125    1.82396      -31233.04939
  Ta      501   72.87051   71.48320   -0.12949    1.84294      -31233.05831
  Ta      502   72.91335   71.52604   -0.08665    1.81157      -31233.04174
  Ta      503   72.83366   71.44635   -0.16634    1.88107      -31233.07588
  Ta      504   72.88065   71.49334   -0.11935    1.83635      -31233.05563
  Ta      505   72.82302   71.43571   -0.17698    1.88871      -31233.08644
  Ta      506   72.88048   71.49316   -0.11952    1.83314      -31233.06355
  Ta      507   72.89455   71.50724   -0.10545    1.81976      -31233.05022
  Ta      508   72.87238   71.48507   -0.12762    1.84705      -31233.06355
  Ta      509   72.85014   71.46282   -0.14986    1.86353      -31233.07574
  Ta      510   72.88695   71.49964   -0.11305    1.82864      -31233.04922
  Ta      511   72.85968   71.47237   -0.14032    1.85732      -31233.07181
  Ta      512   72.87194   71.48463   -0.12806    1.83598      -31233.05573
