 Atom   Index      Q          Qmt        dQ        Vmad        Local Energy
  W         1   73.86618   72.56530   -0.13382    1.72503      -32312.49741
  W         2   73.92554   72.62466   -0.07446    1.66819      -32312.45592
  W         3   73.84849   72.54762   -0.15151    1.75440      -32312.51668
  W         4   73.82871   72.52783   -0.17129    1.76215      -32312.51894
  W         5   73.84947   72.54859   -0.15053    1.74385      -32312.48929
  W         6   73.77319   72.47231   -0.22681    1.82632      -32312.55181
  W         7   74.03076   72.72988    0.03076    1.56294      -32312.38574
  W         8   73.71408   72.41320   -0.28592    1.88201      -32312.59589
  W         9   73.88542   72.58454   -0.11458    1.70491      -32312.46829
  W        10   73.90997   72.60909   -0.09003    1.68803      -32312.46145
  W        11   73.88185   72.58097   -0.11815    1.71124      -32312.47992
  W        12   73.99312   72.69225   -0.00688    1.59592      -32312.40006
  W        13   73.79990   72.49902   -0.20010    1.79478      -32312.52682
  W        14   73.89819   72.59731   -0.10181    1.68876      -32312.46231
  W        15   73.76051   72.45964   -0.23949    1.82866      -32312.55350
  W        16   73.86396   72.56308   -0.13604    1.72796      -32312.49346
  Nb       17   40.80543   39.50456   -0.19457    1.81829       -7632.64208
  Nb       18   40.98576   39.68488   -0.01424    1.63603       -7632.52682
  Nb       19   40.78756   39.48668   -0.21244    1.83642       -7632.64155
  Nb       20   40.92905   39.62817   -0.07095    1.70353       -7632.57346
  Nb       21   40.77051   39.46963   -0.22949    1.85925       -7632.66409
  Nb       22   40.90925   39.60837   -0.09075    1.71304       -7632.57282
  Nb       23   41.03797   39.73709    0.03797    1.58838       -7632.51221
  Nb       24   40.96967   39.66880   -0.03033    1.65344       -7632.54213
  Nb       25   40.85207   39.55119   -0.14793    1.77623       -7632.62108
  Nb       26   40.84902   39.54814   -0.15098    1.77933       -7632.61546
  Nb       27   41.01712   39.71625    0.01712    1.60304       -7632.50539
  Nb       28   40.80155   39.50067   -0.19845    1.82520       -7632.63829
  Nb       29   41.01957   39.71869    0.01957    1.60674       -7632.51426
  Nb       30   40.94520   39.64433   -0.05480    1.67945       -7632.54721
  Nb       31   41.02299   39.72211    0.02299    1.60579       -7632.51668
  Nb       32   40.91566   39.61478   -0.08434    1.71139       -7632.57624
  Mo       33   41.91761   40.61673   -0.08239    1.80805       -8090.66609
  Mo       34   42.20119   40.90031    0.20119    1.50645       -8090.46889
  Mo       35   42.01394   40.71306    0.01394    1.71165       -8090.60690
  Mo       36   41.92615   40.62528   -0.07385    1.80027       -8090.66084
  Mo       37   42.13992   40.83904    0.13992    1.57311       -8090.51581
  Mo       38   42.11506   40.81418    0.11506    1.59274       -8090.51638
  Mo       39   42.08999   40.78911    0.08999    1.62733       -8090.54352
  Mo       40   42.07999   40.77911    0.07999    1.64192       -8090.56412
  Mo       41   42.19206   40.89118    0.19206    1.52508       -8090.48913
  Mo       42   42.10035   40.79947    0.10035    1.61551       -8090.54303
  Mo       43   41.97035   40.66948   -0.02965    1.75787       -8090.64051
  Mo       44   41.89806   40.59718   -0.10194    1.82871       -8090.67189
  Mo       45   42.02535   40.72447    0.02535    1.69022       -8090.58545
  Mo       46   42.10436   40.80348    0.10436    1.61247       -8090.53502
  Mo       47   42.16229   40.86141    0.16229    1.55369       -8090.50064
  Mo       48   41.99696   40.69608   -0.00304    1.72950       -8090.62056
  Ta       49   72.75341   71.45253   -0.24659    1.77487      -31232.92678
  Ta       50   72.70356   71.40268   -0.29644    1.82816      -31232.95740
  Ta       51   72.75141   71.45053   -0.24859    1.78376      -31232.93296
  Ta       52   72.59138   71.29050   -0.40862    1.93971      -31233.02875
  Ta       53   72.74421   71.44333   -0.25579    1.77965      -31232.93147
  Ta       54   72.61743   71.31656   -0.38257    1.91317      -31233.01941
  Ta       55   72.72827   71.42739   -0.27173    1.80381      -31232.94103
  Ta       56   72.64971   71.34883   -0.35029    1.88279      -31232.98703
  Ta       57   72.77615   71.47527   -0.22385    1.75045      -31232.90020
  Ta       58   72.59703   71.29615   -0.40297    1.93312      -31233.03468
  Ta       59   72.76568   71.46480   -0.23432    1.76638      -31232.92465
  Ta       60   72.75995   71.45908   -0.24005    1.77808      -31232.92247
  Ta       61   72.81847   71.51759   -0.18153    1.70598      -31232.88161
  Ta       62   72.58778   71.28690   -0.41222    1.94349      -31233.03460
  Ta       63   72.88481   71.58393   -0.11519    1.64756      -31232.85531
  Ta       64   72.74139   71.44052   -0.25861    1.79332      -31232.93830
  V        65   23.39116   22.09028    0.39116    1.55727       -1895.22914
  V        66   23.55098   22.25010    0.55098    1.39134       -1895.13865
  V        67   23.46222   22.16134    0.46222    1.48550       -1895.20845
  V        68   23.45761   22.15673    0.45761    1.48831       -1895.20382
  V        69   23.47317   22.17229    0.47317    1.46986       -1895.18821
  V        70   23.57993   22.27905    0.57993    1.36478       -1895.13065
  V        71   23.44053   22.13966    0.44053    1.50974       -1895.20221
  V        72   23.45684   22.15596    0.45684    1.49233       -1895.21559
  V        73   23.31563   22.01475    0.31563    1.63511       -1895.27082
  V        74   23.48898   22.18810    0.48898    1.45936       -1895.19592
  V        75   23.31700   22.01612    0.31700    1.63487       -1895.28278
  V        76   23.35682   22.05594    0.35682    1.59449       -1895.26084
  V        77   23.53148   22.23060    0.53148    1.41080       -1895.14524
  V        78   23.53884   22.23797    0.53884    1.40698       -1895.15523
  V        79   23.43592   22.13504    0.43592    1.51122       -1895.22401
  V        80   23.35092   22.05004    0.35092    1.60503       -1895.25981
