System Description            : WNbMoTa, BCC structure                          
Number of Atoms in Unit Cell  : 512                                             
Number of Atomic Species      : 4                                               
Number of Atoms in Each Type  : 128(W), 128(Nb), 128(Mo), 128(Ta)               
Energy Offset                 : -19816                                          
=======================================================================================
    Iter     Energy      3PV     Efermi   Rms_rho    Rms_pot   Mix  Alg  Alpha 
---------------------------------------------------------------------------------------
**       1  -0.264064  2293.576  0.59443  0.140E+01  0.185E+00  pot  B   0.1000
         2  -0.411519  2265.496  0.61139  0.781E-02  0.135E+01  pot  B   0.1000
         3  -0.649243  2262.683  0.61209  0.160E-02  0.308E+00  pot  B   0.1000
         4  -0.697512  2246.522  0.62094  0.448E-02  0.908E+00  pot  B   0.1000
         5  -0.983766  2208.952  0.63695  0.999E-02  0.805E+00  pot  B   0.1000
         6  -1.144126  2184.847  0.65108  0.647E-02  0.323E+00  pot  B   0.1000
         7  -1.186534  2174.640  0.66071  0.292E-02  0.212E+00  pot  B   0.1000
         8  -1.194657  2170.661  0.66436  0.128E-02  0.246E+00  pot  B   0.1000
         9  -1.228655  2159.527  0.67037  0.371E-02  0.899E-01  pot  B   0.1000
        10  -1.240878  2153.665  0.67362  0.213E-02  0.128E+00  pot  B   0.1000
        11  -1.249127  2149.434  0.67562  0.164E-02  0.133E+00  pot  B   0.1000
        12  -1.258600  2144.561  0.67781  0.196E-02  0.121E+00  pot  B   0.1000
        13  -1.270789  2137.533  0.68094  0.293E-02  0.504E-01  pot  B   0.1000
        14  -1.275373  2132.463  0.68354  0.246E-02  0.498E-01  pot  B   0.1000
        15  -1.275961  2128.984  0.68566  0.117E-02  0.270E-01  pot  B   0.1000
        16  -1.276511  2128.910  0.68589  0.377E-03  0.231E-01  pot  B   0.1000
        17  -1.276540  2128.217  0.68643  0.258E-03  0.243E-01  pot  B   0.1000
        18  -1.276716  2128.295  0.68659  0.892E-04  0.959E-02  pot  B   0.1000
        19  -1.276908  2128.104  0.68751  0.359E-03  0.585E-02  pot  B   0.1000
        20  -1.276894  2128.160  0.68779  0.602E-04  0.188E-01  pot  B   0.1000
        21  -1.276987  2128.264  0.68828  0.119E-03  0.136E-01  pot  B   0.1000
        22  -1.277037  2128.494  0.68852  0.748E-04  0.105E-01  pot  B   0.1000
        23  -1.277055  2128.540  0.68884  0.760E-04  0.123E-01  pot  B   0.1000
        24  -1.277072  2128.615  0.68905  0.459E-04  0.114E-01  pot  B   0.1000
        25  -1.277093  2128.327  0.68954  0.177E-03  0.379E-02  pot  B   0.1000
        26  -1.277115  2128.472  0.68997  0.738E-04  0.285E-02  pot  B   0.1000
        27  -1.277116  2128.452  0.69007  0.166E-04  0.425E-02  pot  B   0.1000
        28  -1.277126  2128.459  0.69035  0.448E-04  0.303E-02  pot  B   0.1000
        29  -1.277128  2128.465  0.69044  0.202E-04  0.387E-02  pot  B   0.1000
        30  -1.277127  2128.431  0.69050  0.330E-04  0.359E-02  pot  B   0.1000
        31  -1.277133  2128.423  0.69070  0.308E-04  0.148E-02  pot  B   0.1000
        32  -1.277134  2128.415  0.69076  0.106E-04  0.184E-02  pot  B   0.1000
        33  -1.277135  2128.407  0.69082  0.914E-05  0.154E-02  pot  B   0.1000
        34  -1.277136  2128.391  0.69089  0.111E-04  0.116E-02  pot  B   0.1000
        35  -1.277136  2128.372  0.69092  0.733E-05  0.149E-02  pot  B   0.1000
        36  -1.277137  2128.359  0.69095  0.636E-05  0.134E-02  pot  B   0.1000
        37  -1.277137  2128.360  0.69096  0.214E-05  0.711E-03  pot  B   0.1000
        38  -1.277138  2128.335  0.69102  0.115E-04  0.444E-03  pot  B   0.1000
        39  -1.277138  2128.321  0.69103  0.384E-05  0.685E-03  pot  B   0.1000
        40  -1.277138  2128.312  0.69106  0.571E-05  0.464E-03  pot  B   0.1000
        41  -1.277138  2128.299  0.69107  0.320E-05  0.566E-03  pot  B   0.1000
        42  -1.277138  2128.303  0.69106  0.198E-05  0.853E-03  pot  B   0.1000
        43  -1.277138  2128.293  0.69108  0.418E-05  0.312E-03  pot  B   0.1000
        44  -1.277138  2128.286  0.69109  0.199E-05  0.358E-03  pot  B   0.1000
        45  -1.277138  2128.284  0.69109  0.840E-06  0.342E-03  pot  B   0.1000
        46  -1.277138  2128.278  0.69109  0.166E-05  0.276E-03  pot  B   0.1000
        47  -1.277137  2128.275  0.69109  0.104E-05  0.363E-03  pot  B   0.1000
        48  -1.277137  2128.273  0.69109  0.745E-06  0.323E-03  pot  B   0.1000
        49  -1.277137  2128.273  0.69109  0.557E-06  0.208E-03  pot  B   0.1000
        50  -1.277137  2128.270  0.69109  0.118E-05  0.780E-04  pot  B   0.1000
        51  -1.277137  2128.269  0.69108  0.853E-06  0.131E-03  pot  B   0.1000
        52  -1.277137  2128.269  0.69108  0.254E-06  0.879E-04  pot  B   0.1000
        53  -1.277137  2128.269  0.69108  0.884E-06  0.106E-03  pot  B   0.1000
        54  -1.277137  2128.270  0.69108  0.405E-06  0.237E-03  pot  B   0.1000
        55  -1.277137  2128.269  0.69108  0.362E-06  0.860E-04  pot  B   0.1000
        56  -1.277137  2128.269  0.69107  0.825E-06  0.845E-04  pot  B   0.1000
        57  -1.277137  2128.269  0.69107  0.220E-06  0.728E-04  pot  B   0.1000
        58  -1.277137  2128.270  0.69107  0.659E-06  0.610E-04  pot  B   0.1000
        59  -1.277137  2128.270  0.69107  0.519E-06  0.618E-04  pot  B   0.1000
        60  -1.277137  2128.270  0.69107  0.318E-06  0.562E-04  pot  B   0.1000
        61  -1.277137  2128.271  0.69106  0.447E-06  0.443E-04  pot  B   0.1000
        62  -1.277137  2128.271  0.69106  0.513E-06  0.210E-04  pot  B   0.1000
        63  -1.277137  2128.273  0.69106  0.946E-06  0.337E-04  pot  B   0.1000
        64  -1.277137  2128.273  0.69106  0.803E-07  0.316E-04  pot  B   0.1000
        65  -1.277137  2128.274  0.69106  0.734E-06  0.262E-04  pot  B   0.1000
        66  -1.277137  2128.274  0.69106  0.311E-06  0.645E-04  pot  B   0.1000
        67  -1.277137  2128.274  0.69106  0.168E-06  0.327E-04  pot  B   0.1000
        68  -1.277137  2128.274  0.69106  0.416E-06  0.233E-04  pot  B   0.1000
        69  -1.277137  2128.275  0.69106  0.107E-06  0.242E-04  pot  B   0.1000
        70  -1.277137  2128.275  0.69106  0.195E-06  0.162E-04  pot  B   0.1000
        71  -1.277137  2128.275  0.69106  0.171E-06  0.170E-04  pot  B   0.1000
        72  -1.277137  2128.275  0.69106  0.851E-07  0.156E-04  pot  B   0.1000
        73  -1.277137  2128.276  0.69106  0.127E-06  0.136E-04  pot  B   0.1000
        74  -1.277137  2128.276  0.69106  0.115E-06  0.633E-05  pot  B   0.1000
        75  -1.277137  2128.276  0.69106  0.161E-06  0.757E-05  pot  B   0.1000
        76  -1.277137  2128.276  0.69106  0.221E-07  0.690E-05  pot  B   0.1000
        77  -1.277137  2128.277  0.69106  0.784E-07  0.508E-05  pot  B   0.1000
        78  -1.277137  2128.277  0.69106  0.566E-07  0.124E-04  pot  B   0.1000
        79  -1.277137  2128.277  0.69106  0.395E-07  0.868E-05  pot  B   0.1000
        80  -1.277137  2128.277  0.69106  0.556E-07  0.659E-05  pot  B   0.1000
        81  -1.277137  2128.277  0.69106  0.191E-07  0.787E-05  pot  B   0.1000
        82  -1.277137  2128.277  0.69106  0.282E-07  0.486E-05  pot  B   0.1000
        83  -1.277137  2128.277  0.69106  0.367E-07  0.478E-05  pot  B   0.1000
        84  -1.277137  2128.277  0.69106  0.201E-07  0.470E-05  pot  B   0.1000
        85  -1.277137  2128.277  0.69106  0.377E-07  0.318E-05  pot  B   0.1000
        86  -1.277137  2128.277  0.69106  0.172E-07  0.151E-05  pot  B   0.1000
        87  -1.277137  2128.277  0.69106  0.492E-07  0.190E-05  pot  B   0.1000
        88  -1.277137  2128.277  0.69106  0.236E-07  0.286E-05  pot  B   0.1000
        89  -1.277137  2128.277  0.69106  0.333E-07  0.190E-05  pot  B   0.1000
        90  -1.277137  2128.277  0.69105  0.458E-07  0.386E-05  pot  B   0.1000
        91  -1.277137  2128.277  0.69105  0.227E-07  0.453E-05  pot  B   0.1000
        92  -1.277137  2128.277  0.69105  0.403E-07  0.236E-05  pot  B   0.1000
        93  -1.277137  2128.277  0.69105  0.106E-07  0.315E-05  pot  B   0.1000
        94  -1.277137  2128.277  0.69105  0.193E-07  0.184E-05  pot  B   0.1000
        95  -1.277137  2128.277  0.69105  0.195E-07  0.167E-05  pot  B   0.1000
        96  -1.277137  2128.277  0.69105  0.118E-07  0.168E-05  pot  B   0.1000
        97  -1.277137  2128.277  0.69105  0.204E-07  0.989E-06  pot  B   0.1000
        98  -1.277137  2128.277  0.69105  0.134E-07  0.741E-06  pot  B   0.1000
        99  -1.277137  2128.277  0.69105  0.272E-07  0.728E-06  pot  B   0.1000
       100  -1.277137  2128.277  0.69105  0.142E-07  0.107E-05  pot  B   0.1000
**     101  -1.277137  2128.277  0.69105  0.527E-12  0.107E-05  pot  B   0.1000
       102  -1.277137  2128.277  0.69105  0.797E-08  0.347E-05  pot  B   0.1000
       103  -1.277137  2128.277  0.69105  0.523E-08  0.104E-05  pot  B   0.1000
       104  -1.277137  2128.276  0.69105  0.103E-08  0.430E-06  pot  B   0.1000
**     105  -1.277137  2128.277  0.69105  0.527E-12  0.107E-05  pot  B   0.1000
       106  -1.277137  2128.277  0.69105  0.797E-08  0.347E-05  pot  B   0.1000
**     107  -1.277137  2128.277  0.69105  0.527E-12  0.107E-05  pot  B   0.1000
