 Atom   Index      Q          Qmt        dQ        Vmad        Local Energy
  W         1   73.87640   72.48920   -0.12360    1.88616      -32312.67540
  W         2   73.94058   72.55338   -0.05942    1.82307      -32312.63286
  W         3   73.96681   72.57961   -0.03319    1.80220      -32312.62464
  W         4   73.88651   72.49931   -0.11349    1.87878      -32312.65829
  W         5   73.95757   72.57037   -0.04243    1.80982      -32312.63017
  W         6   73.94692   72.55972   -0.05308    1.81804      -32312.62864
  W         7   73.92684   72.53964   -0.07316    1.83891      -32312.63630
  W         8   73.92395   72.53674   -0.07605    1.83972      -32312.63496
  W         9   73.99041   72.60321   -0.00959    1.77952      -32312.60406
  W        10   74.01659   72.62939    0.01659    1.75655      -32312.59009
  W        11   73.98681   72.59960   -0.01319    1.78349      -32312.60515
  W        12   73.95943   72.57223   -0.04057    1.80720      -32312.62500
  W        13   74.02444   72.63724    0.02444    1.74823      -32312.59494
  W        14   73.99113   72.60393   -0.00887    1.77689      -32312.61074
  W        15   73.98325   72.59605   -0.01675    1.79246      -32312.61973
  W        16   73.98877   72.60156   -0.01123    1.78505      -32312.60971
  W        17   73.95680   72.56960   -0.04320    1.81618      -32312.63530
  W        18   73.92602   72.53882   -0.07398    1.83465      -32312.63811
  W        19   73.97820   72.59100   -0.02180    1.79273      -32312.61163
  W        20   73.96924   72.58203   -0.03076    1.79706      -32312.61541
  W        21   74.01285   72.62565    0.01285    1.76137      -32312.59838
  W        22   73.92063   72.53343   -0.07937    1.83822      -32312.63617
  W        23   74.03742   72.65022    0.03742    1.73685      -32312.58064
  W        24   73.98684   72.59963   -0.01316    1.78887      -32312.61617
  W        25   73.93619   72.54899   -0.06381    1.82501      -32312.63035
  W        26   73.92344   72.53624   -0.07656    1.84041      -32312.63664
  W        27   73.92138   72.53418   -0.07862    1.84631      -32312.65286
  W        28   73.88366   72.49646   -0.11634    1.87671      -32312.66417
  W        29   73.94327   72.55607   -0.05673    1.81859      -32312.62046
  W        30   74.04040   72.65320    0.04040    1.73154      -32312.57738
  W        31   73.96340   72.57620   -0.03660    1.80670      -32312.62772
  W        32   73.95898   72.57178   -0.04102    1.80665      -32312.61659
  W        33   73.96257   72.57537   -0.03743    1.80112      -32312.61522
  W        34   73.92021   72.53301   -0.07979    1.84815      -32312.64862
  W        35   73.92825   72.54105   -0.07175    1.83359      -32312.63543
  W        36   73.85816   72.47096   -0.14184    1.90664      -32312.67876
  W        37   73.96891   72.58171   -0.03109    1.80325      -32312.61259
  W        38   73.96370   72.57650   -0.03630    1.80340      -32312.62233
  W        39   73.97828   72.59108   -0.02172    1.78924      -32312.61030
  W        40   74.03033   72.64313    0.03033    1.75008      -32312.59085
  W        41   73.98728   72.60008   -0.01272    1.78328      -32312.60804
  W        42   74.00399   72.61679    0.00399    1.76245      -32312.59685
  W        43   73.96867   72.58147   -0.03133    1.80615      -32312.62638
  W        44   73.95505   72.56785   -0.04495    1.80954      -32312.61859
  W        45   73.99228   72.60508   -0.00772    1.78561      -32312.61572
  W        46   74.01978   72.63257    0.01978    1.75359      -32312.59273
  W        47   73.96530   72.57810   -0.03470    1.80357      -32312.62377
  W        48   73.93447   72.54727   -0.06553    1.82930      -32312.63048
  W        49   73.97074   72.58353   -0.02926    1.80617      -32312.62488
  W        50   73.93999   72.55279   -0.06001    1.83074      -32312.63646
  W        51   73.94147   72.55427   -0.05853    1.82493      -32312.63203
  W        52   73.91305   72.52584   -0.08695    1.85247      -32312.64770
  W        53   73.96943   72.58223   -0.03057    1.79626      -32312.61136
  W        54   73.99395   72.60675   -0.00605    1.77902      -32312.60636
  W        55   73.94281   72.55560   -0.05719    1.82165      -32312.62741
  W        56   74.00245   72.61524    0.00245    1.76866      -32312.59861
  W        57   73.95643   72.56923   -0.04357    1.80762      -32312.61885
  W        58   74.02529   72.63809    0.02529    1.74869      -32312.59887
  W        59   74.01741   72.63020    0.01741    1.74761      -32312.58325
  W        60   73.92689   72.53969   -0.07311    1.84082      -32312.64303
  W        61   73.91025   72.52305   -0.08975    1.86014      -32312.65164
  W        62   73.92063   72.53343   -0.07937    1.84735      -32312.64705
  W        63   74.00321   72.61601    0.00321    1.76432      -32312.59353
  W        64   73.94893   72.56172   -0.05107    1.81585      -32312.61968
  W        65   73.99981   72.61261   -0.00019    1.77728      -32312.61013
  W        66   74.00449   72.61729    0.00449    1.77028      -32312.60358
  W        67   73.99563   72.60843   -0.00437    1.76816      -32312.60054
  W        68   73.91211   72.52491   -0.08789    1.85502      -32312.64188
  W        69   73.89013   72.50293   -0.10987    1.87392      -32312.65393
  W        70   73.93192   72.54472   -0.06808    1.83432      -32312.63995
  W        71   73.98421   72.59701   -0.01579    1.78379      -32312.60776
  W        72   74.01768   72.63048    0.01768    1.75911      -32312.59592
  W        73   74.08689   72.69969    0.08689    1.68873      -32312.55857
  W        74   73.81959   72.43239   -0.18041    1.94441      -32312.70231
  W        75   73.98603   72.59883   -0.01397    1.78531      -32312.61373
  W        76   73.99183   72.60463   -0.00817    1.78853      -32312.61688
  W        77   73.99871   72.61151   -0.00129    1.77204      -32312.59778
  W        78   73.94345   72.55625   -0.05655    1.82229      -32312.62812
  W        79   73.92228   72.53508   -0.07772    1.84918      -32312.65088
  W        80   74.01004   72.62284    0.01004    1.76277      -32312.60389
  W        81   73.95514   72.56794   -0.04486    1.81297      -32312.63124
  W        82   73.96519   72.57799   -0.03481    1.80416      -32312.62367
  W        83   73.97472   72.58752   -0.02528    1.79373      -32312.60800
  W        84   73.90027   72.51307   -0.09973    1.86062      -32312.64922
  W        85   73.98337   72.59617   -0.01663    1.79138      -32312.61111
  W        86   74.00343   72.61623    0.00343    1.76775      -32312.59888
  W        87   73.85416   72.46696   -0.14584    1.90311      -32312.67041
  W        88   73.93211   72.54491   -0.06789    1.83432      -32312.63915
  W        89   73.98805   72.60084   -0.01195    1.78398      -32312.60384
  W        90   73.89601   72.50880   -0.10399    1.87138      -32312.66752
  W        91   73.98486   72.59765   -0.01514    1.78702      -32312.61871
  W        92   74.00295   72.61575    0.00295    1.76071      -32312.59141
  W        93   73.88672   72.49952   -0.11328    1.87540      -32312.65801
  W        94   73.97751   72.59030   -0.02249    1.79666      -32312.61776
  W        95   73.96664   72.57944   -0.03336    1.80167      -32312.62287
  W        96   73.94260   72.55540   -0.05740    1.83172      -32312.64235
  W        97   74.00349   72.61629    0.00349    1.76495      -32312.60636
  W        98   73.98931   72.60211   -0.01069    1.79089      -32312.61303
  W        99   73.97181   72.58461   -0.02819    1.79169      -32312.61112
  W       100   73.94544   72.55823   -0.05456    1.82216      -32312.63966
  W       101   73.95303   72.56582   -0.04697    1.81587      -32312.62255
  W       102   73.94357   72.55637   -0.05643    1.82415      -32312.63580
  W       103   73.96200   72.57480   -0.03800    1.80239      -32312.62054
  W       104   73.99235   72.60515   -0.00765    1.77952      -32312.61264
  W       105   73.96656   72.57936   -0.03344    1.80564      -32312.62865
  W       106   73.99912   72.61192   -0.00088    1.76770      -32312.59647
  W       107   73.98648   72.59928   -0.01352    1.78104      -32312.60853
  W       108   73.97805   72.59085   -0.02195    1.78573      -32312.60587
  W       109   74.00124   72.61404    0.00124    1.76823      -32312.60468
  W       110   73.92661   72.53941   -0.07339    1.83758      -32312.63427
  W       111   74.01035   72.62315    0.01035    1.76408      -32312.59924
  W       112   73.90742   72.52022   -0.09258    1.85152      -32312.63795
  W       113   73.95176   72.56456   -0.04824    1.81876      -32312.63186
  W       114   73.88894   72.50173   -0.11106    1.86923      -32312.65897
  W       115   74.01639   72.62919    0.01639    1.75646      -32312.59498
  W       116   74.00759   72.62039    0.00759    1.76479      -32312.60214
  W       117   73.99455   72.60735   -0.00545    1.77985      -32312.61351
  W       118   74.02290   72.63570    0.02290    1.75289      -32312.58842
  W       119   73.96029   72.57308   -0.03971    1.81250      -32312.63093
  W       120   73.94087   72.55366   -0.05913    1.82348      -32312.62898
  W       121   73.99265   72.60545   -0.00735    1.77534      -32312.60740
  W       122   74.00424   72.61704    0.00424    1.76830      -32312.60032
  W       123   73.99610   72.60889   -0.00390    1.77180      -32312.59608
  W       124   73.99955   72.61235   -0.00045    1.76959      -32312.60116
  W       125   73.91852   72.53132   -0.08148    1.84415      -32312.64555
  W       126   73.94833   72.56113   -0.05167    1.81704      -32312.61656
  W       127   73.96581   72.57861   -0.03419    1.79994      -32312.61629
  W       128   73.90730   72.52009   -0.09270    1.85717      -32312.65221
  Nb      129   41.05518   39.66798    0.05518    1.75400       -7632.68979
  Nb      130   41.01851   39.63131    0.01851    1.78320       -7632.71109
  Nb      131   41.09672   39.70952    0.09672    1.70594       -7632.66308
  Nb      132   41.01252   39.62531    0.01252    1.79100       -7632.72079
  Nb      133   41.04395   39.65675    0.04395    1.76498       -7632.70754
  Nb      134   41.00191   39.61471    0.00191    1.80505       -7632.71968
  Nb      135   41.00520   39.61800    0.00520    1.79828       -7632.72014
  Nb      136   41.07098   39.68378    0.07098    1.73173       -7632.68700
  Nb      137   40.97574   39.58854   -0.02426    1.82114       -7632.74184
  Nb      138   41.01175   39.62455    0.01175    1.79394       -7632.72095
  Nb      139   40.98788   39.60068   -0.01212    1.81219       -7632.72564
  Nb      140   40.93378   39.54658   -0.06622    1.86567       -7632.76312
  Nb      141   41.04830   39.66110    0.04830    1.76455       -7632.70048
  Nb      142   40.90636   39.51916   -0.09364    1.89053       -7632.77326
  Nb      143   41.10390   39.71670    0.10390    1.70855       -7632.66888
  Nb      144   40.99434   39.60713   -0.00566    1.80936       -7632.73172
  Nb      145   41.09866   39.71146    0.09866    1.71068       -7632.66684
  Nb      146   40.98472   39.59751   -0.01528    1.81964       -7632.73064
  Nb      147   41.08369   39.69648    0.08369    1.72895       -7632.68532
  Nb      148   41.00009   39.61289    0.00009    1.79905       -7632.72017
  Nb      149   41.04051   39.65331    0.04051    1.76744       -7632.70537
  Nb      150   41.03533   39.64813    0.03533    1.76961       -7632.70972
  Nb      151   40.98690   39.59970   -0.01310    1.81539       -7632.72132
  Nb      152   40.97021   39.58300   -0.02979    1.83170       -7632.74052
  Nb      153   40.96279   39.57559   -0.03721    1.83899       -7632.74642
  Nb      154   40.96339   39.57619   -0.03661    1.83374       -7632.74284
  Nb      155   41.03334   39.64614    0.03334    1.77012       -7632.70539
  Nb      156   41.00814   39.62093    0.00814    1.79834       -7632.71977
  Nb      157   41.05961   39.67241    0.05961    1.75361       -7632.69791
  Nb      158   40.95064   39.56343   -0.04936    1.85049       -7632.75278
  Nb      159   40.96706   39.57986   -0.03294    1.82795       -7632.73336
  Nb      160   40.98005   39.59285   -0.01995    1.81967       -7632.72994
  Nb      161   41.03348   39.64627    0.03348    1.76542       -7632.70990
  Nb      162   41.01453   39.62733    0.01453    1.78606       -7632.71281
  Nb      163   41.05533   39.66813    0.05533    1.75321       -7632.69479
  Nb      164   40.96916   39.58196   -0.03084    1.82989       -7632.74158
  Nb      165   40.97700   39.58980   -0.02300    1.82596       -7632.73855
  Nb      166   40.98600   39.59880   -0.01400    1.81928       -7632.73788
  Nb      167   40.99347   39.60626   -0.00653    1.80766       -7632.72419
  Nb      168   41.03853   39.65133    0.03853    1.76809       -7632.70423
  Nb      169   41.03257   39.64537    0.03257    1.77607       -7632.71398
  Nb      170   40.96338   39.57617   -0.03662    1.83769       -7632.74865
  Nb      171   40.96648   39.57928   -0.03352    1.83606       -7632.74223
  Nb      172   41.10920   39.72199    0.10920    1.69868       -7632.66898
  Nb      173   41.02208   39.63488    0.02208    1.78147       -7632.70948
  Nb      174   40.96131   39.57411   -0.03869    1.83617       -7632.74503
  Nb      175   40.98505   39.59785   -0.01495    1.81898       -7632.73915
  Nb      176   40.97726   39.59006   -0.02274    1.82764       -7632.74200
  Nb      177   40.98657   39.59937   -0.01343    1.81111       -7632.72854
  Nb      178   40.99111   39.60391   -0.00889    1.81470       -7632.73007
  Nb      179   41.08907   39.70186    0.08907    1.72535       -7632.67994
  Nb      180   40.96304   39.57584   -0.03696    1.84202       -7632.74918
  Nb      181   41.07909   39.69189    0.07909    1.72834       -7632.68233
  Nb      182   41.06893   39.68173    0.06893    1.74040       -7632.69192
  Nb      183   41.03522   39.64802    0.03522    1.76953       -7632.70659
  Nb      184   40.99836   39.61116   -0.00164    1.80806       -7632.72935
  Nb      185   40.97617   39.58897   -0.02383    1.83343       -7632.74859
  Nb      186   41.01698   39.62977    0.01698    1.78137       -7632.71337
  Nb      187   41.01676   39.62956    0.01676    1.79036       -7632.71559
  Nb      188   41.04473   39.65752    0.04473    1.76507       -7632.70693
  Nb      189   41.03856   39.65136    0.03856    1.77036       -7632.70804
  Nb      190   40.96304   39.57583   -0.03696    1.83725       -7632.74665
  Nb      191   40.98466   39.59746   -0.01534    1.82093       -7632.73362
  Nb      192   41.05720   39.67000    0.05720    1.75100       -7632.69537
  Nb      193   41.05544   39.66824    0.05544    1.75778       -7632.70137
  Nb      194   40.95702   39.56982   -0.04298    1.84279       -7632.75208
  Nb      195   40.99321   39.60600   -0.00679    1.80998       -7632.72850
  Nb      196   41.03891   39.65171    0.03891    1.76527       -7632.70269
  Nb      197   41.08052   39.69332    0.08052    1.72856       -7632.67747
  Nb      198   40.98364   39.59643   -0.01636    1.82485       -7632.73973
  Nb      199   41.03346   39.64626    0.03346    1.77774       -7632.70893
  Nb      200   41.07976   39.69255    0.07976    1.72765       -7632.68892
  Nb      201   40.95698   39.56978   -0.04302    1.84733       -7632.75340
  Nb      202   41.04679   39.65959    0.04679    1.75976       -7632.69993
  Nb      203   40.98268   39.59548   -0.01732    1.81401       -7632.73517
  Nb      204   40.98478   39.59758   -0.01522    1.82024       -7632.73537
  Nb      205   41.02557   39.63836    0.02557    1.78061       -7632.70858
  Nb      206   41.01419   39.62699    0.01419    1.79070       -7632.71106
  Nb      207   40.98886   39.60166   -0.01114    1.81756       -7632.72366
  Nb      208   41.00992   39.62272    0.00992    1.79833       -7632.72066
  Nb      209   41.05294   39.66573    0.05294    1.74907       -7632.69527
  Nb      210   40.97159   39.58439   -0.02841    1.83076       -7632.74532
  Nb      211   41.00053   39.61333    0.00053    1.80514       -7632.72837
  Nb      212   41.07029   39.68309    0.07029    1.73726       -7632.68554
  Nb      213   40.93903   39.55182   -0.06097    1.86016       -7632.75939
  Nb      214   41.01643   39.62923    0.01643    1.79592       -7632.72520
  Nb      215   41.04927   39.66207    0.04927    1.75395       -7632.69758
  Nb      216   41.04865   39.66144    0.04865    1.75281       -7632.70536
  Nb      217   41.05785   39.67065    0.05785    1.74282       -7632.69118
  Nb      218   41.03761   39.65040    0.03761    1.76855       -7632.70130
  Nb      219   40.96271   39.57551   -0.03729    1.83685       -7632.73973
  Nb      220   40.96799   39.58079   -0.03201    1.83307       -7632.74179
  Nb      221   41.08133   39.69413    0.08133    1.72941       -7632.67946
  Nb      222   40.96757   39.58037   -0.03243    1.83111       -7632.74038
  Nb      223   41.02848   39.64128    0.02848    1.77739       -7632.71486
  Nb      224   40.99502   39.60782   -0.00498    1.81005       -7632.73020
  Nb      225   40.99981   39.61261   -0.00019    1.80090       -7632.72145
  Nb      226   41.00363   39.61643    0.00363    1.79375       -7632.71929
  Nb      227   41.04688   39.65968    0.04688    1.75431       -7632.70087
  Nb      228   41.01522   39.62802    0.01522    1.78867       -7632.72083
  Nb      229   41.07974   39.69254    0.07974    1.72957       -7632.68078
  Nb      230   40.97616   39.58896   -0.02384    1.82904       -7632.74389
  Nb      231   41.11082   39.72362    0.11082    1.70186       -7632.67344
  Nb      232   41.05223   39.66503    0.05223    1.75249       -7632.70542
  Nb      233   41.00602   39.61882    0.00602    1.79695       -7632.72540
  Nb      234   41.05367   39.66646    0.05367    1.74969       -7632.69447
  Nb      235   41.00078   39.61358    0.00078    1.79926       -7632.72185
  Nb      236   40.98759   39.60039   -0.01241    1.81802       -7632.73756
  Nb      237   41.02017   39.63297    0.02017    1.79032       -7632.72027
  Nb      238   41.06040   39.67320    0.06040    1.74609       -7632.69158
  Nb      239   41.03740   39.65020    0.03740    1.77177       -7632.70436
  Nb      240   41.00909   39.62189    0.00909    1.79910       -7632.72532
  Nb      241   41.05483   39.66763    0.05483    1.75443       -7632.68929
  Nb      242   40.96377   39.57657   -0.03623    1.83702       -7632.74877
  Nb      243   41.02113   39.63393    0.02113    1.78447       -7632.71727
  Nb      244   41.02764   39.64044    0.02764    1.77800       -7632.71086
  Nb      245   40.96627   39.57906   -0.03373    1.84070       -7632.75119
  Nb      246   41.02489   39.63769    0.02489    1.78157       -7632.71517
  Nb      247   40.95808   39.57088   -0.04192    1.84492       -7632.75463
  Nb      248   41.05908   39.67187    0.05908    1.74969       -7632.69676
  Nb      249   40.91871   39.53150   -0.08129    1.88039       -7632.77242
  Nb      250   41.03220   39.64500    0.03220    1.76835       -7632.70984
  Nb      251   41.06122   39.67401    0.06122    1.74115       -7632.68551
  Nb      252   40.99913   39.61193   -0.00087    1.80366       -7632.72369
  Nb      253   41.03461   39.64741    0.03461    1.76933       -7632.70747
  Nb      254   41.08403   39.69683    0.08403    1.71967       -7632.67022
  Nb      255   41.07302   39.68582    0.07302    1.73640       -7632.69089
  Nb      256   40.97058   39.58338   -0.02942    1.83075       -7632.73923
  Mo      257   42.10992   40.72272    0.10992    1.78078       -8090.72202
  Mo      258   42.14575   40.75855    0.14575    1.74094       -8090.70315
  Mo      259   42.08610   40.69890    0.08610    1.79923       -8090.73350
  Mo      260   42.16502   40.77782    0.16502    1.72501       -8090.69421
  Mo      261   42.14920   40.76199    0.14920    1.74337       -8090.70553
  Mo      262   42.09038   40.70318    0.09038    1.80106       -8090.73871
  Mo      263   42.16517   40.77797    0.16517    1.73590       -8090.70512
  Mo      264   42.16770   40.78049    0.16770    1.72578       -8090.70190
  Mo      265   42.13473   40.74753    0.13473    1.75941       -8090.71709
  Mo      266   42.17287   40.78567    0.17287    1.71979       -8090.69283
  Mo      267   42.19306   40.80586    0.19306    1.70396       -8090.69020
  Mo      268   42.09320   40.70600    0.09320    1.79460       -8090.73156
  Mo      269   42.12642   40.73921    0.12642    1.76683       -8090.71919
  Mo      270   42.16648   40.77927    0.16648    1.72332       -8090.69240
  Mo      271   42.18314   40.79593    0.18314    1.70696       -8090.67913
  Mo      272   42.25646   40.86926    0.25646    1.63963       -8090.65187
  Mo      273   42.17949   40.79229    0.17949    1.71874       -8090.69687
  Mo      274   42.15581   40.76860    0.15581    1.73364       -8090.69786
  Mo      275   42.13483   40.74762    0.13483    1.76337       -8090.71523
  Mo      276   42.14882   40.76161    0.14882    1.74800       -8090.71668
  Mo      277   42.21028   40.82308    0.21028    1.68593       -8090.67066
  Mo      278   42.21021   40.82301    0.21021    1.69021       -8090.68828
  Mo      279   42.23736   40.85016    0.23736    1.66186       -8090.66632
  Mo      280   42.13597   40.74877    0.13597    1.75848       -8090.71088
  Mo      281   42.15951   40.77231    0.15951    1.73995       -8090.70502
  Mo      282   42.12674   40.73954    0.12674    1.76264       -8090.71362
  Mo      283   42.10701   40.71981    0.10701    1.78570       -8090.73320
  Mo      284   42.19523   40.80803    0.19523    1.70063       -8090.68955
  Mo      285   42.14604   40.75884    0.14604    1.74228       -8090.70749
  Mo      286   42.18651   40.79931    0.18651    1.71201       -8090.69236
  Mo      287   42.15249   40.76529    0.15249    1.73907       -8090.70443
  Mo      288   42.18784   40.80064    0.18784    1.71227       -8090.69575
  Mo      289   42.20239   40.81519    0.20239    1.69239       -8090.68105
  Mo      290   42.23888   40.85168    0.23888    1.66610       -8090.67525
  Mo      291   42.28433   40.89713    0.28433    1.62172       -8090.64086
  Mo      292   42.25004   40.86283    0.25004    1.65184       -8090.65871
  Mo      293   42.09638   40.70918    0.09638    1.79086       -8090.73069
  Mo      294   42.16764   40.78044    0.16764    1.72338       -8090.69459
  Mo      295   42.06967   40.68247    0.06967    1.82064       -8090.74706
  Mo      296   42.28421   40.89700    0.28421    1.61971       -8090.64541
  Mo      297   42.11275   40.72554    0.11275    1.78007       -8090.72445
  Mo      298   42.26241   40.87521    0.26241    1.63758       -8090.65363
  Mo      299   42.17189   40.78469    0.17189    1.72426       -8090.69746
  Mo      300   42.14568   40.75847    0.14568    1.74981       -8090.70861
  Mo      301   42.20029   40.81309    0.20029    1.69886       -8090.68407
  Mo      302   42.03454   40.64733    0.03454    1.85453       -8090.76721
  Mo      303   42.14991   40.76271    0.14991    1.73960       -8090.70320
  Mo      304   42.21652   40.82931    0.21652    1.68057       -8090.66421
  Mo      305   42.10892   40.72172    0.10892    1.78200       -8090.73367
  Mo      306   42.15276   40.76556    0.15276    1.74081       -8090.70055
  Mo      307   42.22341   40.83621    0.22341    1.66939       -8090.66713
  Mo      308   42.15574   40.76854    0.15574    1.73530       -8090.69684
  Mo      309   42.13317   40.74597    0.13317    1.75841       -8090.70987
  Mo      310   42.14614   40.75894    0.14614    1.74444       -8090.70625
  Mo      311   42.21344   40.82624    0.21344    1.68468       -8090.67970
  Mo      312   42.20080   40.81360    0.20080    1.69136       -8090.68117
  Mo      313   42.18252   40.79532    0.18252    1.71121       -8090.68899
  Mo      314   42.19191   40.80471    0.19191    1.70086       -8090.68258
  Mo      315   42.12233   40.73513    0.12233    1.77169       -8090.72256
  Mo      316   42.17833   40.79113    0.17833    1.71625       -8090.68759
  Mo      317   42.15492   40.76772    0.15492    1.74222       -8090.71153
  Mo      318   42.12578   40.73858    0.12578    1.76721       -8090.72514
  Mo      319   42.13149   40.74429    0.13149    1.76318       -8090.71713
  Mo      320   42.17660   40.78940    0.17660    1.71925       -8090.69624
  Mo      321   42.17932   40.79212    0.17932    1.70898       -8090.68237
  Mo      322   42.22439   40.83719    0.22439    1.67137       -8090.66469
  Mo      323   42.21277   40.82557    0.21277    1.68841       -8090.67803
  Mo      324   42.13523   40.74803    0.13523    1.75337       -8090.71051
  Mo      325   42.17232   40.78512    0.17232    1.71881       -8090.69344
  Mo      326   42.08039   40.69318    0.08039    1.81334       -8090.74628
  Mo      327   42.11093   40.72373    0.11093    1.77734       -8090.71839
  Mo      328   42.12636   40.73916    0.12636    1.76253       -8090.71349
  Mo      329   42.18783   40.80063    0.18783    1.71054       -8090.69443
  Mo      330   42.11822   40.73102    0.11822    1.77581       -8090.72205
  Mo      331   42.15331   40.76611    0.15331    1.74041       -8090.69935
  Mo      332   42.19652   40.80931    0.19652    1.69982       -8090.68803
  Mo      333   42.20082   40.81362    0.20082    1.69590       -8090.68231
  Mo      334   42.19864   40.81144    0.19864    1.69666       -8090.68726
  Mo      335   42.14928   40.76208    0.14928    1.74596       -8090.70565
  Mo      336   42.16660   40.77940    0.16660    1.72798       -8090.69653
  Mo      337   42.14918   40.76198    0.14918    1.74281       -8090.70727
  Mo      338   42.14422   40.75702    0.14422    1.75050       -8090.70910
  Mo      339   42.16676   40.77956    0.16676    1.72750       -8090.70512
  Mo      340   42.14819   40.76098    0.14819    1.74595       -8090.71077
  Mo      341   42.10309   40.71589    0.10309    1.78539       -8090.72076
  Mo      342   42.20115   40.81394    0.20115    1.69001       -8090.67055
  Mo      343   42.09584   40.70864    0.09584    1.79527       -8090.72951
  Mo      344   42.18269   40.79549    0.18269    1.71452       -8090.69480
  Mo      345   42.23120   40.84400    0.23120    1.66565       -8090.66769
  Mo      346   42.18469   40.79749    0.18469    1.71504       -8090.69439
  Mo      347   42.18745   40.80025    0.18745    1.71375       -8090.69928
  Mo      348   42.20962   40.82242    0.20962    1.68433       -8090.67027
  Mo      349   42.18322   40.79601    0.18322    1.71003       -8090.68654
  Mo      350   42.25032   40.86312    0.25032    1.65121       -8090.65558
  Mo      351   42.17004   40.78284    0.17004    1.72219       -8090.69668
  Mo      352   42.15451   40.76731    0.15451    1.73472       -8090.69826
  Mo      353   42.13006   40.74285    0.13006    1.76556       -8090.72422
  Mo      354   42.13462   40.74742    0.13462    1.75687       -8090.70749
  Mo      355   42.08951   40.70231    0.08951    1.79687       -8090.72855
  Mo      356   42.20560   40.81840    0.20560    1.69028       -8090.67235
  Mo      357   42.11823   40.73103    0.11823    1.76742       -8090.71692
  Mo      358   42.13391   40.74671    0.13391    1.75660       -8090.71300
  Mo      359   42.15969   40.77249    0.15969    1.73024       -8090.69237
  Mo      360   42.20117   40.81397    0.20117    1.68955       -8090.66949
  Mo      361   42.12640   40.73920    0.12640    1.76511       -8090.71324
  Mo      362   42.13054   40.74334    0.13054    1.76069       -8090.72218
  Mo      363   42.12271   40.73551    0.12271    1.76451       -8090.70725
  Mo      364   42.21978   40.83258    0.21978    1.67684       -8090.66662
  Mo      365   42.20089   40.81369    0.20089    1.70000       -8090.68461
  Mo      366   42.13286   40.74565    0.13286    1.76446       -8090.71828
  Mo      367   42.19953   40.81232    0.19953    1.69323       -8090.68009
  Mo      368   42.20023   40.81303    0.20023    1.69282       -8090.68061
  Mo      369   42.15789   40.77069    0.15789    1.73506       -8090.70431
  Mo      370   42.13683   40.74963    0.13683    1.75107       -8090.70458
  Mo      371   42.14368   40.75648    0.14368    1.74807       -8090.70567
  Mo      372   42.18018   40.79298    0.18018    1.72005       -8090.69947
  Mo      373   42.23194   40.84474    0.23194    1.66466       -8090.66529
  Mo      374   42.20202   40.81482    0.20202    1.69489       -8090.68254
  Mo      375   42.14593   40.75873    0.14593    1.74009       -8090.70562
  Mo      376   42.20349   40.81629    0.20349    1.69337       -8090.68736
  Mo      377   42.14682   40.75962    0.14682    1.74263       -8090.70693
  Mo      378   42.25327   40.86607    0.25327    1.64893       -8090.65620
  Mo      379   42.13743   40.75023    0.13743    1.75179       -8090.70767
  Mo      380   42.19008   40.80288    0.19008    1.70988       -8090.69352
  Mo      381   42.23599   40.84879    0.23599    1.65442       -8090.65706
  Mo      382   42.17506   40.78786    0.17506    1.71802       -8090.69350
  Mo      383   42.20850   40.82130    0.20850    1.68175       -8090.67213
  Mo      384   42.15799   40.77079    0.15799    1.73596       -8090.70547
  Ta      385   72.88809   71.50089   -0.11191    1.83183      -31233.05189
  Ta      386   72.89421   71.50701   -0.10579    1.82227      -31233.04764
  Ta      387   72.87818   71.49098   -0.12182    1.83895      -31233.05846
  Ta      388   72.88987   71.50266   -0.11013    1.82850      -31233.05447
  Ta      389   72.84241   71.45521   -0.15759    1.87556      -31233.08486
  Ta      390   72.83096   71.44376   -0.16904    1.87826      -31233.08437
  Ta      391   72.84000   71.45280   -0.16000    1.86599      -31233.07757
  Ta      392   72.86876   71.48156   -0.13124    1.84713      -31233.06033
  Ta      393   72.90560   71.51840   -0.09440    1.81253      -31233.04302
  Ta      394   72.88082   71.49362   -0.11918    1.83606      -31233.05287
  Ta      395   72.81528   71.42808   -0.18472    1.89241      -31233.09127
  Ta      396   72.82490   71.43770   -0.17510    1.88892      -31233.09856
  Ta      397   72.90562   71.51842   -0.09438    1.81273      -31233.04247
  Ta      398   72.87148   71.48428   -0.12852    1.84511      -31233.06142
  Ta      399   72.83094   71.44374   -0.16906    1.88490      -31233.07845
  Ta      400   72.85127   71.46407   -0.14873    1.86756      -31233.07309
  Ta      401   72.79608   71.40888   -0.20392    1.91045      -31233.08968
  Ta      402   72.82842   71.44122   -0.17158    1.87942      -31233.07883
  Ta      403   72.85913   71.47193   -0.14087    1.85624      -31233.07383
  Ta      404   72.87239   71.48519   -0.12761    1.84256      -31233.05643
  Ta      405   72.86356   71.47636   -0.13644    1.85480      -31233.07909
  Ta      406   72.87030   71.48310   -0.12970    1.84381      -31233.05075
  Ta      407   72.87885   71.49165   -0.12115    1.83720      -31233.06467
  Ta      408   72.90056   71.51336   -0.09944    1.82143      -31233.04905
  Ta      409   72.92059   71.53339   -0.07941    1.80017      -31233.03733
  Ta      410   72.88589   71.49868   -0.11411    1.82249      -31233.05087
  Ta      411   72.91016   71.52295   -0.08984    1.80760      -31233.03973
  Ta      412   72.86989   71.48269   -0.13011    1.84541      -31233.06410
  Ta      413   72.89913   71.51193   -0.10087    1.81267      -31233.04250
  Ta      414   72.77451   71.38731   -0.22549    1.93134      -31233.12115
  Ta      415   72.90810   71.52089   -0.09190    1.81292      -31233.04128
  Ta      416   72.83456   71.44736   -0.16544    1.87614      -31233.08307
  Ta      417   72.85845   71.47125   -0.14155    1.85557      -31233.06804
  Ta      418   72.75685   71.36965   -0.24315    1.95030      -31233.13193
  Ta      419   72.87007   71.48287   -0.12993    1.84251      -31233.05748
  Ta      420   72.79144   71.40424   -0.20856    1.91815      -31233.10880
  Ta      421   72.87336   71.48616   -0.12664    1.83454      -31233.05550
  Ta      422   72.87370   71.48650   -0.12630    1.84397      -31233.06817
  Ta      423   72.87117   71.48397   -0.12883    1.83832      -31233.06154
  Ta      424   72.77365   71.38645   -0.22635    1.93258      -31233.11259
  Ta      425   72.81840   71.43120   -0.18160    1.88977      -31233.08298
  Ta      426   72.82729   71.44008   -0.17271    1.88616      -31233.09030
  Ta      427   72.88930   71.50210   -0.11070    1.82451      -31233.04773
  Ta      428   72.78562   71.39842   -0.21438    1.92523      -31233.10947
  Ta      429   72.88661   71.49941   -0.11339    1.83079      -31233.05780
  Ta      430   72.83668   71.44947   -0.16332    1.87653      -31233.08849
  Ta      431   72.87635   71.48915   -0.12365    1.83315      -31233.05779
  Ta      432   72.87909   71.49189   -0.12091    1.83918      -31233.06328
  Ta      433   72.83128   71.44408   -0.16872    1.88076      -31233.08596
  Ta      434   72.77348   71.38628   -0.22652    1.93630      -31233.11445
  Ta      435   72.87056   71.48336   -0.12944    1.84686      -31233.06535
  Ta      436   72.84249   71.45529   -0.15751    1.87170      -31233.08340
  Ta      437   72.80301   71.41580   -0.19699    1.90996      -31233.10468
  Ta      438   72.89054   71.50334   -0.10946    1.82577      -31233.05553
  Ta      439   72.83782   71.45062   -0.16218    1.87679      -31233.08500
  Ta      440   72.83223   71.44503   -0.16777    1.88062      -31233.08460
  Ta      441   72.87259   71.48539   -0.12741    1.84473      -31233.06201
  Ta      442   72.87044   71.48323   -0.12956    1.84491      -31233.06616
  Ta      443   72.83685   71.44965   -0.16315    1.87263      -31233.08747
  Ta      444   72.86094   71.47374   -0.13906    1.85578      -31233.07569
  Ta      445   72.85036   71.46316   -0.14964    1.86535      -31233.07056
  Ta      446   72.85025   71.46304   -0.14975    1.85561      -31233.06628
  Ta      447   72.91472   71.52752   -0.08528    1.80071      -31233.03216
  Ta      448   72.86902   71.48181   -0.13098    1.84899      -31233.07007
  Ta      449   72.90582   71.51862   -0.09418    1.80936      -31233.04529
  Ta      450   72.89131   71.50411   -0.10869    1.82835      -31233.04701
  Ta      451   72.92560   71.53839   -0.07440    1.79453      -31233.02629
  Ta      452   72.90694   71.51974   -0.09306    1.81067      -31233.03993
  Ta      453   72.77800   71.39080   -0.22200    1.93060      -31233.11527
  Ta      454   72.85387   71.46667   -0.14613    1.85917      -31233.07444
  Ta      455   72.87052   71.48332   -0.12948    1.84261      -31233.05810
  Ta      456   72.84921   71.46201   -0.15079    1.86260      -31233.07687
  Ta      457   72.79759   71.41039   -0.20241    1.91179      -31233.11070
  Ta      458   72.77521   71.38801   -0.22479    1.93059      -31233.11098
  Ta      459   72.93270   71.54549   -0.06730    1.78880      -31233.03127
  Ta      460   72.79574   71.40853   -0.20426    1.91661      -31233.10527
  Ta      461   72.77909   71.39188   -0.22091    1.93240      -31233.12350
  Ta      462   72.96706   71.57986   -0.03294    1.75393      -31233.00851
  Ta      463   72.81930   71.43210   -0.18070    1.88921      -31233.09762
  Ta      464   72.84317   71.45597   -0.15683    1.86661      -31233.08303
  Ta      465   72.89035   71.50314   -0.10965    1.82800      -31233.04981
  Ta      466   72.84962   71.46242   -0.15038    1.86508      -31233.07056
  Ta      467   72.88364   71.49644   -0.11636    1.83421      -31233.05705
  Ta      468   72.88074   71.49354   -0.11926    1.82951      -31233.05023
  Ta      469   72.90267   71.51547   -0.09733    1.81103      -31233.05346
  Ta      470   72.86295   71.47575   -0.13705    1.85486      -31233.07148
  Ta      471   72.77863   71.39143   -0.22137    1.93030      -31233.11570
  Ta      472   72.82331   71.43610   -0.17669    1.88820      -31233.09602
  Ta      473   72.85354   71.46633   -0.14646    1.85617      -31233.07310
  Ta      474   72.89357   71.50637   -0.10643    1.82324      -31233.04594
  Ta      475   72.89985   71.51264   -0.10015    1.82021      -31233.04851
  Ta      476   72.84948   71.46228   -0.15052    1.86902      -31233.08039
  Ta      477   72.87863   71.49143   -0.12137    1.83603      -31233.05233
  Ta      478   72.82887   71.44166   -0.17113    1.88129      -31233.08478
  Ta      479   72.83405   71.44685   -0.16595    1.87552      -31233.07989
  Ta      480   72.78887   71.40167   -0.21113    1.92061      -31233.10360
  Ta      481   72.83208   71.44488   -0.16792    1.87565      -31233.08805
  Ta      482   72.91066   71.52346   -0.08934    1.80171      -31233.03360
  Ta      483   72.85468   71.46748   -0.14532    1.85841      -31233.07723
  Ta      484   72.81803   71.43083   -0.18197    1.89193      -31233.09668
  Ta      485   72.90385   71.51665   -0.09615    1.81408      -31233.04693
  Ta      486   72.81407   71.42686   -0.18593    1.89433      -31233.08489
  Ta      487   72.88400   71.49680   -0.11600    1.83211      -31233.06119
  Ta      488   72.93129   71.54409   -0.06871    1.78345      -31233.01864
  Ta      489   72.84621   71.45901   -0.15379    1.86514      -31233.07699
  Ta      490   72.82346   71.43626   -0.17654    1.88826      -31233.08505
  Ta      491   72.86804   71.48084   -0.13196    1.84205      -31233.06013
  Ta      492   72.81380   71.42660   -0.18620    1.89782      -31233.09894
  Ta      493   72.77372   71.38651   -0.22628    1.93369      -31233.11564
  Ta      494   72.80173   71.41453   -0.19827    1.90785      -31233.10194
  Ta      495   72.78203   71.39483   -0.21797    1.92578      -31233.10906
  Ta      496   72.85717   71.46997   -0.14283    1.85428      -31233.06039
  Ta      497   72.77248   71.38528   -0.22752    1.93834      -31233.12686
  Ta      498   72.92079   71.53359   -0.07921    1.79790      -31233.04100
  Ta      499   72.89569   71.50849   -0.10431    1.81825      -31233.04879
  Ta      500   72.88021   71.49301   -0.11979    1.83851      -31233.06204
  Ta      501   72.83189   71.44468   -0.16811    1.88150      -31233.08336
  Ta      502   72.83330   71.44609   -0.16670    1.88319      -31233.09374
  Ta      503   72.81388   71.42668   -0.18612    1.89916      -31233.09462
  Ta      504   72.85013   71.46293   -0.14987    1.86144      -31233.07929
  Ta      505   72.90642   71.51922   -0.09358    1.81309      -31233.04172
  Ta      506   72.89306   71.50585   -0.10694    1.82289      -31233.04635
  Ta      507   72.88464   71.49743   -0.11536    1.82894      -31233.05753
  Ta      508   72.85234   71.46514   -0.14766    1.85859      -31233.07715
  Ta      509   72.82547   71.43827   -0.17453    1.88297      -31233.09117
  Ta      510   72.86021   71.47301   -0.13979    1.85894      -31233.07391
  Ta      511   72.85145   71.46425   -0.14855    1.85882      -31233.07350
  Ta      512   72.82400   71.43680   -0.17600    1.89013      -31233.09095
