 Atom   Index      Q          Qmt        dQ        Vmad        Local Energy
  W         1   73.92481   72.53797   -0.07519    1.84619      -32312.64550
  W         2   74.02854   72.64170    0.02854    1.74845      -32312.59593
  W         3   73.99981   72.61298   -0.00019    1.76831      -32312.59315
  W         4   74.02250   72.63566    0.02250    1.75084      -32312.59721
  W         5   73.95144   72.56461   -0.04856    1.81953      -32312.62866
  W         6   74.02751   72.64068    0.02751    1.75152      -32312.59689
  W         7   73.96521   72.57838   -0.03479    1.80920      -32312.62611
  W         8   73.93739   72.55056   -0.06261    1.82971      -32312.62919
  W         9   73.92081   72.53397   -0.07919    1.84675      -32312.65245
  W        10   73.92249   72.53566   -0.07751    1.84173      -32312.63926
  W        11   73.98024   72.59340   -0.01976    1.79417      -32312.61432
  W        12   73.98988   72.60304   -0.01012    1.78333      -32312.61226
  W        13   73.91387   72.52703   -0.08613    1.85289      -32312.64493
  W        14   73.93657   72.54973   -0.06343    1.83018      -32312.63399
  W        15   73.95339   72.56656   -0.04661    1.81137      -32312.61969
  W        16   73.91314   72.52631   -0.08686    1.85253      -32312.65696
  Nb       17   41.02369   39.63686    0.02369    1.77968       -7632.70900
  Nb       18   41.02387   39.63703    0.02387    1.78319       -7632.71535
  Nb       19   40.99410   39.60726   -0.00590    1.80982       -7632.72614
  Nb       20   41.01654   39.62971    0.01654    1.78715       -7632.72243
  Nb       21   40.97392   39.58709   -0.02608    1.82208       -7632.73192
  Nb       22   41.03590   39.64907    0.03590    1.76671       -7632.69931
  Nb       23   40.99328   39.60644   -0.00672    1.80339       -7632.72102
  Nb       24   41.01971   39.63288    0.01971    1.78554       -7632.72295
  Nb       25   40.97192   39.58508   -0.02808    1.83111       -7632.74625
  Nb       26   41.03167   39.64484    0.03167    1.77294       -7632.70982
  Nb       27   40.97537   39.58853   -0.02463    1.82542       -7632.74364
  Nb       28   40.96710   39.58027   -0.03290    1.83432       -7632.74595
  Nb       29   41.06679   39.67996    0.06679    1.73700       -7632.68577
  Nb       30   41.01725   39.63041    0.01725    1.78114       -7632.71233
  Nb       31   41.00169   39.61485    0.00169    1.80252       -7632.73077
  Nb       32   40.99929   39.61246   -0.00071    1.80251       -7632.72017
  Mo       33   42.18714   40.80031    0.18714    1.70730       -8090.68790
  Mo       34   42.16259   40.77576    0.16259    1.72611       -8090.69496
  Mo       35   42.20835   40.82151    0.20835    1.68987       -8090.68516
  Mo       36   42.18084   40.79400    0.18084    1.71836       -8090.69855
  Mo       37   42.17788   40.79105    0.17788    1.71741       -8090.68995
  Mo       38   42.18852   40.80169    0.18852    1.70804       -8090.68905
  Mo       39   42.13310   40.74627    0.13310    1.75483       -8090.72105
  Mo       40   42.19465   40.80782    0.19465    1.69934       -8090.68006
  Mo       41   42.14090   40.75407    0.14090    1.74772       -8090.70436
  Mo       42   42.19262   40.80578    0.19262    1.70298       -8090.67966
  Mo       43   42.14519   40.75836    0.14519    1.74656       -8090.70800
  Mo       44   42.17014   40.78330    0.17014    1.72163       -8090.69277
  Mo       45   42.16083   40.77399    0.16083    1.73243       -8090.70296
  Mo       46   42.23332   40.84648    0.23332    1.66485       -8090.67495
  Mo       47   42.18387   40.79704    0.18387    1.71089       -8090.68484
  Mo       48   42.24045   40.85362    0.24045    1.65626       -8090.66040
  Ta       49   72.88239   71.49555   -0.11761    1.83283      -31233.05404
  Ta       50   72.82258   71.43575   -0.17742    1.88875      -31233.08550
  Ta       51   72.85089   71.46405   -0.14911    1.85760      -31233.06790
  Ta       52   72.81304   71.42621   -0.18696    1.89890      -31233.10084
  Ta       53   72.83756   71.45072   -0.16244    1.87224      -31233.08599
  Ta       54   72.84863   71.46180   -0.15137    1.86084      -31233.07771
  Ta       55   72.92120   71.53436   -0.07880    1.79958      -31233.03453
  Ta       56   72.85307   71.46624   -0.14693    1.85705      -31233.07241
  Ta       57   72.84378   71.45694   -0.15622    1.87248      -31233.09241
  Ta       58   72.87535   71.48851   -0.12465    1.83800      -31233.06724
  Ta       59   72.80506   71.41823   -0.19494    1.90187      -31233.09698
  Ta       60   72.81424   71.42741   -0.18576    1.89354      -31233.09358
  Ta       61   72.86677   71.47993   -0.13323    1.84772      -31233.06207
  Ta       62   72.82363   71.43679   -0.17637    1.88905      -31233.08680
  Ta       63   72.92440   71.53757   -0.07560    1.79177      -31233.02072
  Ta       64   72.81731   71.43048   -0.18269    1.89237      -31233.09338
