System Description            : WNbMoTa, BCC structure                          
Number of Atoms in Unit Cell  : 512                                             
Number of Atomic Species      : 4                                               
Number of Atoms in Each Type  : 128(W), 128(Nb), 128(Mo), 128(Ta)               
Energy Offset                 : -19816                                          
=======================================================================================
    Iter     Energy      3PV     Efermi   Rms_rho    Rms_pot   Mix  Alg  Alpha 
---------------------------------------------------------------------------------------
**       1  -0.259114  2293.570  0.59471  0.140E+01  0.269E+00  pot  B   0.1000
         2   0.128842  2266.108  0.61944  0.809E-02  0.223E+01  pot  B   0.1000
         3  -0.610171  2263.207  0.61283  0.246E-02  0.554E+00  pot  B   0.1000
         4  -0.676920  2258.520  0.61455  0.133E-02  0.431E+00  pot  B   0.1000
         5  -0.852700  2225.038  0.63005  0.907E-02  0.851E+00  pot  B   0.1000
         6  -1.109369  2190.737  0.64597  0.926E-02  0.481E+00  pot  B   0.1000
         7  -1.151660  2181.680  0.65620  0.256E-02  0.404E+00  pot  B   0.1000
         8  -1.191138  2172.938  0.66274  0.256E-02  0.227E+00  pot  B   0.1000
         9  -1.202937  2165.419  0.66744  0.240E-02  0.319E+00  pot  B   0.1000
        10  -1.230030  2158.451  0.67137  0.237E-02  0.105E+00  pot  B   0.1000
        11  -1.241507  2153.257  0.67402  0.191E-02  0.107E+00  pot  B   0.1000
        12  -1.255658  2146.844  0.67695  0.252E-02  0.946E-01  pot  B   0.1000
        13  -1.271256  2136.128  0.68174  0.453E-02  0.724E-01  pot  B   0.1000
        14  -1.270114  2136.881  0.68172  0.327E-03  0.819E-01  pot  B   0.1000
        15  -1.272790  2131.215  0.68485  0.185E-02  0.760E-01  pot  B   0.1000
        16  -1.276113  2128.138  0.68641  0.183E-02  0.914E-02  pot  B   0.1000
        17  -1.276422  2128.383  0.68696  0.383E-03  0.249E-01  pot  B   0.1000
        18  -1.276578  2128.301  0.68717  0.115E-03  0.112E-01  pot  B   0.1000
        19  -1.276548  2128.219  0.68742  0.852E-04  0.229E-01  pot  B   0.1000
        20  -1.276665  2128.208  0.68778  0.151E-03  0.118E-01  pot  B   0.1000
        21  -1.276735  2128.666  0.68792  0.135E-03  0.934E-02  pot  B   0.1000
        22  -1.276752  2128.947  0.68796  0.108E-03  0.102E-01  pot  B   0.1000
        23  -1.276795  2128.833  0.68840  0.155E-03  0.560E-02  pot  B   0.1000
        24  -1.276822  2128.830  0.68887  0.947E-04  0.541E-02  pot  B   0.1000
        25  -1.276849  2129.129  0.68925  0.118E-03  0.457E-02  pot  B   0.1000
        26  -1.276865  2129.152  0.68974  0.708E-04  0.378E-02  pot  B   0.1000
        27  -1.276869  2129.132  0.68996  0.364E-04  0.271E-02  pot  B   0.1000
        28  -1.276874  2129.026  0.69012  0.544E-04  0.274E-02  pot  B   0.1000
        29  -1.276877  2128.970  0.69030  0.297E-04  0.191E-02  pot  B   0.1000
        30  -1.276880  2128.850  0.69047  0.546E-04  0.349E-02  pot  B   0.1000
        31  -1.276884  2128.695  0.69064  0.536E-04  0.305E-02  pot  B   0.1000
        32  -1.276885  2128.648  0.69072  0.255E-04  0.371E-02  pot  B   0.1000
        33  -1.276889  2128.518  0.69089  0.550E-04  0.238E-02  pot  B   0.1000
        34  -1.276890  2128.391  0.69098  0.454E-04  0.158E-02  pot  B   0.1000
        35  -1.276889  2128.333  0.69104  0.276E-04  0.211E-02  pot  B   0.1000
        36  -1.276890  2128.324  0.69110  0.111E-04  0.115E-02  pot  B   0.1000
        37  -1.276891  2128.333  0.69111  0.336E-05  0.621E-03  pot  B   0.1000
        38  -1.276890  2128.293  0.69113  0.168E-04  0.517E-03  pot  B   0.1000
        39  -1.276890  2128.276  0.69117  0.119E-04  0.591E-03  pot  B   0.1000
        40  -1.276890  2128.258  0.69119  0.962E-05  0.646E-03  pot  B   0.1000
        41  -1.276890  2128.252  0.69121  0.554E-05  0.391E-03  pot  B   0.1000
        42  -1.276890  2128.240  0.69123  0.741E-05  0.320E-03  pot  B   0.1000
        43  -1.276890  2128.242  0.69123  0.120E-05  0.192E-03  pot  B   0.1000
        44  -1.276890  2128.243  0.69123  0.100E-05  0.284E-03  pot  B   0.1000
        45  -1.276890  2128.242  0.69124  0.133E-05  0.115E-03  pot  B   0.1000
        46  -1.276890  2128.244  0.69124  0.111E-05  0.107E-03  pot  B   0.1000
        47  -1.276890  2128.251  0.69124  0.226E-05  0.166E-03  pot  B   0.1000
        48  -1.276890  2128.255  0.69124  0.117E-05  0.151E-03  pot  B   0.1000
        49  -1.276890  2128.253  0.69124  0.775E-06  0.175E-03  pot  B   0.1000
        50  -1.276890  2128.254  0.69125  0.105E-05  0.119E-03  pot  B   0.1000
        51  -1.276890  2128.258  0.69125  0.100E-05  0.797E-04  pot  B   0.1000
        52  -1.276890  2128.260  0.69125  0.950E-06  0.646E-04  pot  B   0.1000
        53  -1.276890  2128.261  0.69125  0.244E-06  0.467E-04  pot  B   0.1000
        54  -1.276890  2128.263  0.69125  0.850E-06  0.347E-04  pot  B   0.1000
        55  -1.276890  2128.264  0.69125  0.322E-06  0.510E-04  pot  B   0.1000
        56  -1.276890  2128.267  0.69125  0.940E-06  0.634E-04  pot  B   0.1000
        57  -1.276890  2128.268  0.69125  0.399E-06  0.325E-04  pot  B   0.1000
        58  -1.276890  2128.270  0.69125  0.780E-06  0.271E-04  pot  B   0.1000
        59  -1.276890  2128.273  0.69125  0.118E-05  0.272E-04  pot  B   0.1000
        60  -1.276890  2128.274  0.69125  0.268E-06  0.242E-04  pot  B   0.1000
        61  -1.276890  2128.274  0.69125  0.139E-06  0.317E-04  pot  B   0.1000
        62  -1.276890  2128.274  0.69125  0.146E-06  0.245E-04  pot  B   0.1000
        63  -1.276890  2128.275  0.69125  0.413E-06  0.215E-04  pot  B   0.1000
        64  -1.276890  2128.275  0.69125  0.364E-06  0.240E-04  pot  B   0.1000
        65  -1.276890  2128.276  0.69125  0.551E-07  0.218E-04  pot  B   0.1000
        66  -1.276890  2128.276  0.69125  0.423E-06  0.130E-04  pot  B   0.1000
        67  -1.276890  2128.276  0.69125  0.725E-07  0.187E-04  pot  B   0.1000
        68  -1.276890  2128.277  0.69125  0.235E-06  0.128E-04  pot  B   0.1000
        69  -1.276890  2128.277  0.69125  0.918E-07  0.817E-05  pot  B   0.1000
        70  -1.276890  2128.277  0.69125  0.751E-07  0.508E-05  pot  B   0.1000
        71  -1.276890  2128.277  0.69125  0.144E-06  0.531E-05  pot  B   0.1000
        72  -1.276890  2128.277  0.69125  0.610E-07  0.704E-05  pot  B   0.1000
        73  -1.276890  2128.277  0.69125  0.871E-07  0.950E-05  pot  B   0.1000
        74  -1.276890  2128.277  0.69125  0.490E-07  0.113E-04  pot  B   0.1000
        75  -1.276890  2128.277  0.69125  0.897E-07  0.643E-05  pot  B   0.1000
        76  -1.276890  2128.277  0.69125  0.500E-07  0.612E-05  pot  B   0.1000
        77  -1.276890  2128.277  0.69125  0.280E-07  0.550E-05  pot  B   0.1000
        78  -1.276890  2128.277  0.69125  0.469E-07  0.247E-05  pot  B   0.1000
        79  -1.276890  2128.277  0.69125  0.130E-07  0.454E-05  pot  B   0.1000
        80  -1.276890  2128.276  0.69124  0.378E-07  0.310E-05  pot  B   0.1000
        81  -1.276890  2128.276  0.69124  0.148E-07  0.226E-05  pot  B   0.1000
        82  -1.276890  2128.276  0.69124  0.190E-07  0.220E-05  pot  B   0.1000
        83  -1.276890  2128.276  0.69124  0.503E-07  0.150E-05  pot  B   0.1000
        84  -1.276890  2128.276  0.69124  0.307E-07  0.210E-05  pot  B   0.1000
        85  -1.276890  2128.276  0.69124  0.343E-07  0.182E-05  pot  B   0.1000
        86  -1.276890  2128.276  0.69124  0.564E-08  0.219E-05  pot  B   0.1000
        87  -1.276890  2128.276  0.69124  0.246E-07  0.149E-05  pot  B   0.1000
        88  -1.276890  2128.276  0.69124  0.240E-07  0.145E-05  pot  B   0.1000
        89  -1.276890  2128.276  0.69124  0.127E-07  0.147E-05  pot  B   0.1000
        90  -1.276890  2128.276  0.69124  0.215E-07  0.110E-05  pot  B   0.1000
        91  -1.276890  2128.276  0.69124  0.132E-07  0.193E-05  pot  B   0.1000
        92  -1.276890  2128.276  0.69124  0.212E-07  0.148E-05  pot  B   0.1000
        93  -1.276890  2128.276  0.69124  0.703E-08  0.101E-05  pot  B   0.1000
        94  -1.276890  2128.276  0.69124  0.692E-08  0.923E-06  pot  B   0.1000
        95  -1.276890  2128.276  0.69124  0.165E-07  0.447E-06  pot  B   0.1000
        96  -1.276890  2128.276  0.69124  0.893E-08  0.577E-06  pot  B   0.1000
        97  -1.276890  2128.276  0.69124  0.112E-07  0.514E-06  pot  B   0.1000
        98  -1.276890  2128.276  0.69124  0.270E-08  0.913E-06  pot  B   0.1000
        99  -1.276890  2128.276  0.69124  0.911E-08  0.533E-06  pot  B   0.1000
       100  -1.276890  2128.276  0.69124  0.969E-08  0.541E-06  pot  B   0.1000
**     101  -1.276890  2128.276  0.69124  0.505E-12  0.541E-06  pot  B   0.1000
       102  -1.276890  2128.276  0.69124  0.415E-08  0.348E-05  pot  B   0.1000
       103  -1.276890  2128.276  0.69124  0.273E-08  0.521E-06  pot  B   0.1000
       104  -1.276890  2128.276  0.69124  0.905E-09  0.221E-06  pot  B   0.1000
       105  -1.276890  2128.276  0.69124  0.120E-08  0.370E-06  pot  B   0.1000
**     106  -1.276890  2128.276  0.69124  0.505E-12  0.541E-06  pot  B   0.1000
**     107  -1.276890  2128.276  0.69124  0.505E-12  0.541E-06  pot  B   0.1000
