 Atom   Index      Q          Qmt        dQ        Vmad        Local Energy
  W         1   73.99021   72.60301   -0.00979    1.78586      -32312.62031
  W         2   73.92859   72.54139   -0.07141    1.84034      -32312.64409
  W         3   73.95068   72.56348   -0.04932    1.80654      -32312.61491
  W         4   73.99305   72.60585   -0.00695    1.78682      -32312.61834
  W         5   73.93960   72.55240   -0.06040    1.82934      -32312.63604
  W         6   73.93851   72.55131   -0.06149    1.83007      -32312.63704
  W         7   73.93855   72.55135   -0.06145    1.82940      -32312.63316
  W         8   73.94904   72.56184   -0.05096    1.82239      -32312.62829
  W         9   73.92940   72.54220   -0.07060    1.84368      -32312.65476
  W        10   73.97512   72.58792   -0.02488    1.79773      -32312.62019
  W        11   73.94349   72.55629   -0.05651    1.82076      -32312.62573
  W        12   73.89982   72.51262   -0.10018    1.85977      -32312.65152
  W        13   73.93733   72.55013   -0.06267    1.83473      -32312.63801
  W        14   73.92102   72.53382   -0.07898    1.83854      -32312.63351
  W        15   73.89151   72.50431   -0.10849    1.87269      -32312.65916
  W        16   73.98048   72.59328   -0.01952    1.78744      -32312.61622
  W        17   74.00566   72.61846    0.00566    1.77657      -32312.60724
  W        18   73.95137   72.56418   -0.04863    1.80470      -32312.61226
  W        19   73.95233   72.56513   -0.04767    1.80887      -32312.61255
  W        20   74.04170   72.65450    0.04170    1.73108      -32312.57948
  W        21   73.96981   72.58261   -0.03019    1.79248      -32312.60167
  W        22   73.99280   72.60560   -0.00720    1.77774      -32312.60080
  W        23   73.96337   72.57618   -0.03663    1.80560      -32312.61611
  W        24   73.96784   72.58065   -0.03216    1.80254      -32312.61808
  W        25   73.90132   72.51412   -0.09868    1.85949      -32312.64358
  W        26   74.00036   72.61316    0.00036    1.76413      -32312.59862
  W        27   73.88226   72.49506   -0.11774    1.87456      -32312.65258
  W        28   73.91675   72.52955   -0.08325    1.84786      -32312.64185
  W        29   73.92373   72.53653   -0.07627    1.83869      -32312.63792
  W        30   73.97974   72.59254   -0.02026    1.79063      -32312.61275
  W        31   73.91930   72.53210   -0.08070    1.83972      -32312.63403
  W        32   74.02237   72.63517    0.02237    1.75232      -32312.58779
  W        33   74.01990   72.63270    0.01990    1.75749      -32312.59511
  W        34   73.90050   72.51330   -0.09950    1.86827      -32312.66199
  W        35   74.02671   72.63951    0.02671    1.74062      -32312.58618
  W        36   73.94815   72.56095   -0.05185    1.81502      -32312.62166
  W        37   73.94310   72.55590   -0.05690    1.82063      -32312.62892
  W        38   73.97512   72.58792   -0.02488    1.79614      -32312.61595
  W        39   73.90106   72.51386   -0.09894    1.85700      -32312.64350
  W        40   74.01113   72.62393    0.01113    1.76119      -32312.60224
  W        41   73.94225   72.55505   -0.05775    1.81967      -32312.62318
  W        42   73.94628   72.55908   -0.05372    1.82490      -32312.63361
  W        43   73.95707   72.56987   -0.04293    1.81447      -32312.62678
  W        44   73.86478   72.47758   -0.13522    1.89174      -32312.66651
  W        45   73.93367   72.54647   -0.06633    1.82026      -32312.61628
  W        46   73.94226   72.55506   -0.05774    1.81940      -32312.62528
  W        47   73.90993   72.52274   -0.09007    1.85581      -32312.65149
  W        48   73.97269   72.58550   -0.02731    1.79196      -32312.61246
  W        49   73.87730   72.49011   -0.12270    1.88135      -32312.65658
  W        50   74.01499   72.62780    0.01499    1.75686      -32312.59595
  W        51   73.92294   72.53574   -0.07706    1.84033      -32312.63862
  W        52   73.98257   72.59537   -0.01743    1.78828      -32312.60948
  W        53   73.94212   72.55493   -0.05788    1.82681      -32312.63586
  W        54   73.97811   72.59091   -0.02189    1.79271      -32312.61003
  W        55   73.89987   72.51267   -0.10013    1.86447      -32312.65950
  W        56   74.00643   72.61923    0.00643    1.75958      -32312.59157
  W        57   73.99383   72.60663   -0.00617    1.76932      -32312.59412
  W        58   73.92822   72.54103   -0.07178    1.83647      -32312.63201
  W        59   74.01130   72.62410    0.01130    1.76435      -32312.59933
  W        60   73.96879   72.58159   -0.03121    1.79620      -32312.61567
  W        61   73.99342   72.60622   -0.00658    1.78548      -32312.61521
  W        62   73.95508   72.56788   -0.04492    1.81822      -32312.62864
  W        63   74.04994   72.66275    0.04994    1.72367      -32312.57007
  W        64   73.96147   72.57427   -0.03853    1.80182      -32312.61442
  W        65   73.91604   72.52884   -0.08396    1.84783      -32312.64558
  W        66   73.87335   72.48615   -0.12665    1.87988      -32312.65672
  W        67   73.97055   72.58335   -0.02945    1.79778      -32312.62341
  W        68   73.91135   72.52415   -0.08865    1.85847      -32312.64561
  W        69   73.95319   72.56599   -0.04681    1.81565      -32312.63279
  W        70   73.94548   72.55828   -0.05452    1.82690      -32312.63169
  W        71   74.07053   72.68333    0.07053    1.70045      -32312.56294
  W        72   73.97011   72.58291   -0.02989    1.80784      -32312.62882
  W        73   74.00284   72.61564    0.00284    1.76578      -32312.59274
  W        74   73.97667   72.58947   -0.02333    1.78629      -32312.60379
  W        75   73.98002   72.59282   -0.01998    1.79918      -32312.61887
  W        76   73.93486   72.54767   -0.06514    1.83294      -32312.63479
  W        77   73.94322   72.55602   -0.05678    1.82894      -32312.63241
  W        78   73.95552   72.56832   -0.04448    1.81513      -32312.62566
  W        79   73.93223   72.54503   -0.06777    1.83744      -32312.63876
  W        80   73.90074   72.51355   -0.09926    1.86571      -32312.65100
  W        81   73.96864   72.58144   -0.03136    1.79657      -32312.61000
  W        82   73.92779   72.54059   -0.07221    1.84186      -32312.64493
  W        83   73.94327   72.55607   -0.05673    1.82044      -32312.62624
  W        84   73.93173   72.54453   -0.06827    1.83625      -32312.64447
  W        85   74.03187   72.64467    0.03187    1.74779      -32312.59836
  W        86   73.89922   72.51203   -0.10078    1.86842      -32312.65815
  W        87   74.04045   72.65326    0.04045    1.74577      -32312.59743
  W        88   73.94182   72.55462   -0.05818    1.82859      -32312.64038
  W        89   73.87442   72.48722   -0.12558    1.87675      -32312.65091
  W        90   74.01759   72.63039    0.01759    1.74862      -32312.58839
  W        91   73.97613   72.58893   -0.02387    1.79814      -32312.62558
  W        92   74.00864   72.62144    0.00864    1.76485      -32312.59777
  W        93   73.91929   72.53209   -0.08071    1.85136      -32312.65340
  W        94   73.96271   72.57551   -0.03729    1.81886      -32312.63954
  W        95   73.97808   72.59088   -0.02192    1.80064      -32312.62467
  W        96   73.95100   72.56380   -0.04900    1.81777      -32312.63008
  W        97   73.97576   72.58856   -0.02424    1.78965      -32312.60707
  W        98   73.89402   72.50682   -0.10598    1.85649      -32312.64280
  W        99   74.02118   72.63398    0.02118    1.74609      -32312.58446
  W       100   73.97027   72.58307   -0.02973    1.79468      -32312.60514
  W       101   73.98039   72.59319   -0.01961    1.78453      -32312.60187
  W       102   73.91977   72.53258   -0.08023    1.84610      -32312.64565
  W       103   73.95494   72.56775   -0.04506    1.81613      -32312.63006
  W       104   73.96955   72.58235   -0.03045    1.79134      -32312.60324
  W       105   74.02898   72.64178    0.02898    1.74653      -32312.58535
  W       106   73.97453   72.58733   -0.02547    1.79874      -32312.61605
  W       107   73.96502   72.57782   -0.03498    1.79624      -32312.60665
  W       108   73.88880   72.50160   -0.11120    1.87414      -32312.65784
  W       109   73.92591   72.53871   -0.07409    1.83137      -32312.62410
  W       110   73.94849   72.56129   -0.05151    1.82297      -32312.63254
  W       111   74.02171   72.63451    0.02171    1.75788      -32312.59603
  W       112   73.97822   72.59102   -0.02178    1.79601      -32312.61789
  W       113   73.87270   72.48550   -0.12730    1.89569      -32312.67722
  W       114   73.96564   72.57844   -0.03436    1.80594      -32312.63409
  W       115   73.93659   72.54940   -0.06341    1.82404      -32312.62283
  W       116   73.98081   72.59361   -0.01919    1.78226      -32312.60799
  W       117   73.97478   72.58758   -0.02522    1.79811      -32312.62096
  W       118   73.97686   72.58967   -0.02314    1.78379      -32312.60329
  W       119   73.96469   72.57749   -0.03531    1.80835      -32312.62225
  W       120   73.95811   72.57091   -0.04189    1.81340      -32312.63149
  W       121   73.89056   72.50336   -0.10944    1.86480      -32312.64314
  W       122   73.97576   72.58856   -0.02424    1.79925      -32312.62174
  W       123   73.99261   72.60541   -0.00739    1.78342      -32312.61297
  W       124   73.94461   72.55741   -0.05539    1.81956      -32312.62823
  W       125   73.84751   72.46031   -0.15249    1.91083      -32312.68523
  W       126   73.99676   72.60957   -0.00324    1.77885      -32312.60863
  W       127   73.99437   72.60717   -0.00563    1.77369      -32312.59232
  W       128   74.00164   72.61444    0.00164    1.76897      -32312.59382
  Nb      129   41.01532   39.62812    0.01532    1.77614       -7632.70178
  Nb      130   41.01080   39.62360    0.01080    1.79653       -7632.72285
  Nb      131   40.99574   39.60854   -0.00426    1.80594       -7632.72504
  Nb      132   41.01705   39.62986    0.01705    1.78941       -7632.71358
  Nb      133   41.07950   39.69230    0.07950    1.72415       -7632.67885
  Nb      134   41.03144   39.64424    0.03144    1.77488       -7632.70895
  Nb      135   41.08454   39.69734    0.08454    1.72840       -7632.67462
  Nb      136   40.89903   39.51184   -0.10097    1.90068       -7632.78612
  Nb      137   41.01510   39.62790    0.01510    1.79313       -7632.71676
  Nb      138   41.06904   39.68184    0.06904    1.74209       -7632.68978
  Nb      139   41.06159   39.67439    0.06159    1.74872       -7632.69799
  Nb      140   41.03968   39.65249    0.03968    1.77214       -7632.71131
  Nb      141   41.00780   39.62060    0.00780    1.78854       -7632.71532
  Nb      142   41.05424   39.66704    0.05424    1.75480       -7632.70559
  Nb      143   41.01170   39.62450    0.01170    1.79647       -7632.73030
  Nb      144   41.02293   39.63574    0.02293    1.78847       -7632.71654
  Nb      145   41.01088   39.62368    0.01088    1.79728       -7632.72190
  Nb      146   41.02186   39.63467    0.02186    1.78016       -7632.71184
  Nb      147   41.02847   39.64127    0.02847    1.77629       -7632.70855
  Nb      148   41.02046   39.63326    0.02046    1.77719       -7632.71143
  Nb      149   41.09218   39.70498    0.09218    1.71410       -7632.67507
  Nb      150   41.03517   39.64798    0.03517    1.76769       -7632.69763
  Nb      151   40.95871   39.57151   -0.04129    1.84275       -7632.74848
  Nb      152   40.98007   39.59287   -0.01993    1.81932       -7632.72871
  Nb      153   41.03903   39.65183    0.03903    1.77136       -7632.71215
  Nb      154   41.04716   39.65997    0.04716    1.76140       -7632.70135
  Nb      155   40.96347   39.57627   -0.03653    1.84189       -7632.75073
  Nb      156   40.98291   39.59571   -0.01709    1.82002       -7632.73635
  Nb      157   41.04596   39.65876    0.04596    1.75632       -7632.69590
  Nb      158   41.04380   39.65660    0.04380    1.76465       -7632.70244
  Nb      159   41.06797   39.68077    0.06797    1.74397       -7632.69220
  Nb      160   41.02364   39.63644    0.02364    1.78456       -7632.71755
  Nb      161   40.99906   39.61186   -0.00094    1.80145       -7632.72097
  Nb      162   41.09786   39.71066    0.09786    1.71899       -7632.67332
  Nb      163   41.06411   39.67691    0.06411    1.74375       -7632.69037
  Nb      164   41.04038   39.65318    0.04038    1.77212       -7632.70828
  Nb      165   40.93980   39.55261   -0.06020    1.85930       -7632.76206
  Nb      166   40.99539   39.60819   -0.00461    1.81819       -7632.74814
  Nb      167   41.11106   39.72386    0.11106    1.69870       -7632.67255
  Nb      168   41.03035   39.64315    0.03035    1.77876       -7632.71661
  Nb      169   41.05435   39.66716    0.05435    1.75684       -7632.69843
  Nb      170   41.04147   39.65427    0.04147    1.76656       -7632.70338
  Nb      171   40.96878   39.58158   -0.03122    1.83797       -7632.74708
  Nb      172   41.12895   39.74176    0.12895    1.69016       -7632.65936
  Nb      173   41.00154   39.61434    0.00154    1.80978       -7632.73034
  Nb      174   40.99896   39.61176   -0.00104    1.81020       -7632.73449
  Nb      175   40.95137   39.56418   -0.04863    1.84991       -7632.75179
  Nb      176   41.04372   39.65653    0.04372    1.76781       -7632.70983
  Nb      177   41.04539   39.65819    0.04539    1.76475       -7632.69890
  Nb      178   40.99537   39.60817   -0.00463    1.80440       -7632.72064
  Nb      179   40.97076   39.58356   -0.02924    1.83082       -7632.74574
  Nb      180   40.95087   39.56368   -0.04913    1.85164       -7632.75127
  Nb      181   41.01622   39.62902    0.01622    1.79160       -7632.72179
  Nb      182   41.01543   39.62823    0.01543    1.78660       -7632.71663
  Nb      183   41.02576   39.63857    0.02576    1.78776       -7632.71759
  Nb      184   40.95925   39.57206   -0.04075    1.83874       -7632.74527
  Nb      185   41.06656   39.67937    0.06656    1.74276       -7632.69027
  Nb      186   40.95910   39.57191   -0.04090    1.83993       -7632.74510
  Nb      187   41.03874   39.65154    0.03874    1.76598       -7632.71070
  Nb      188   40.99871   39.61152   -0.00129    1.80463       -7632.72578
  Nb      189   41.04371   39.65651    0.04371    1.76394       -7632.70172
  Nb      190   41.00297   39.61578    0.00297    1.79668       -7632.72156
  Nb      191   40.98816   39.60096   -0.01184    1.82453       -7632.74511
  Nb      192   41.09187   39.70467    0.09187    1.72034       -7632.67777
  Nb      193   41.01508   39.62788    0.01508    1.79394       -7632.72430
  Nb      194   41.01841   39.63121    0.01841    1.78432       -7632.71389
  Nb      195   41.03498   39.64778    0.03498    1.77371       -7632.71170
  Nb      196   41.05184   39.66464    0.05184    1.76303       -7632.70472
  Nb      197   40.97308   39.58589   -0.02692    1.82392       -7632.73686
  Nb      198   40.98196   39.59476   -0.01804    1.82608       -7632.74355
  Nb      199   40.96949   39.58229   -0.03051    1.83360       -7632.74087
  Nb      200   40.87881   39.49161   -0.12119    1.91733       -7632.78998
  Nb      201   41.05796   39.67076    0.05796    1.75050       -7632.69589
  Nb      202   41.09481   39.70761    0.09481    1.71338       -7632.67355
  Nb      203   40.99122   39.60402   -0.00878    1.81061       -7632.73122
  Nb      204   41.04797   39.66077    0.04797    1.76228       -7632.70725
  Nb      205   40.97378   39.58658   -0.02622    1.83289       -7632.74829
  Nb      206   41.08656   39.69936    0.08656    1.73210       -7632.68750
  Nb      207   40.98347   39.59628   -0.01653    1.82076       -7632.73510
  Nb      208   41.02991   39.64271    0.02991    1.77493       -7632.70340
  Nb      209   41.00693   39.61973    0.00693    1.80009       -7632.73132
  Nb      210   41.05066   39.66346    0.05066    1.75782       -7632.69605
  Nb      211   41.01719   39.63000    0.01719    1.77991       -7632.70938
  Nb      212   40.98159   39.59439   -0.01841    1.82346       -7632.73483
  Nb      213   40.99891   39.61172   -0.00109    1.80450       -7632.73318
  Nb      214   41.05195   39.66476    0.05195    1.76034       -7632.70360
  Nb      215   40.90409   39.51689   -0.09591    1.89702       -7632.78663
  Nb      216   41.08243   39.69523    0.08243    1.73063       -7632.68648
  Nb      217   41.02108   39.63388    0.02108    1.79064       -7632.71402
  Nb      218   41.06528   39.67809    0.06528    1.74606       -7632.69476
  Nb      219   41.08297   39.69577    0.08297    1.73469       -7632.68947
  Nb      220   41.03596   39.64876    0.03596    1.77322       -7632.71209
  Nb      221   40.97086   39.58366   -0.02914    1.83129       -7632.74183
  Nb      222   41.04079   39.65359    0.04079    1.77344       -7632.70989
  Nb      223   40.96878   39.58158   -0.03122    1.83335       -7632.74321
  Nb      224   40.97411   39.58692   -0.02589    1.82628       -7632.73699
  Nb      225   40.97636   39.58916   -0.02364    1.82962       -7632.74354
  Nb      226   41.12177   39.73457    0.12177    1.68782       -7632.65939
  Nb      227   41.08942   39.70223    0.08942    1.72765       -7632.68074
  Nb      228   40.98528   39.59808   -0.01472    1.81845       -7632.73769
  Nb      229   40.98801   39.60081   -0.01199    1.81145       -7632.73163
  Nb      230   40.93010   39.54290   -0.06990    1.87001       -7632.76729
  Nb      231   41.10834   39.72114    0.10834    1.70581       -7632.67024
  Nb      232   41.03544   39.64824    0.03544    1.76756       -7632.70592
  Nb      233   41.00736   39.62016    0.00736    1.79996       -7632.72292
  Nb      234   41.05236   39.66516    0.05236    1.76042       -7632.70744
  Nb      235   41.10600   39.71881    0.10600    1.71075       -7632.67173
  Nb      236   41.00109   39.61389    0.00109    1.80060       -7632.72895
  Nb      237   41.00094   39.61375    0.00094    1.79997       -7632.72960
  Nb      238   40.99902   39.61182   -0.00098    1.80927       -7632.72952
  Nb      239   40.96563   39.57844   -0.03437    1.83433       -7632.75036
  Nb      240   40.95620   39.56900   -0.04380    1.85017       -7632.75494
  Nb      241   40.96581   39.57861   -0.03419    1.83569       -7632.74378
  Nb      242   40.99413   39.60694   -0.00587    1.81219       -7632.73541
  Nb      243   41.01697   39.62977    0.01697    1.78687       -7632.71403
  Nb      244   40.95649   39.56930   -0.04351    1.84026       -7632.75561
  Nb      245   41.04623   39.65903    0.04623    1.76891       -7632.71127
  Nb      246   41.06892   39.68172    0.06892    1.74313       -7632.69340
  Nb      247   41.03807   39.65088    0.03807    1.77211       -7632.70815
  Nb      248   40.98344   39.59625   -0.01656    1.81476       -7632.73752
  Nb      249   41.02290   39.63570    0.02290    1.78281       -7632.71204
  Nb      250   41.06531   39.67811    0.06531    1.74144       -7632.69160
  Nb      251   40.96700   39.57980   -0.03300    1.83471       -7632.74760
  Nb      252   41.02228   39.63508    0.02228    1.77981       -7632.71132
  Nb      253   41.04220   39.65500    0.04220    1.76182       -7632.70570
  Nb      254   41.07062   39.68343    0.07062    1.74229       -7632.69308
  Nb      255   40.94820   39.56101   -0.05180    1.84720       -7632.75838
  Nb      256   41.03784   39.65064    0.03784    1.76915       -7632.70942
  Mo      257   42.23107   40.84387    0.23107    1.65765       -8090.65492
  Mo      258   42.17532   40.78812    0.17532    1.70801       -8090.67710
  Mo      259   42.21686   40.82966    0.21686    1.67663       -8090.67335
  Mo      260   42.16219   40.77499    0.16219    1.73128       -8090.69740
  Mo      261   42.13393   40.74673    0.13393    1.75156       -8090.70060
  Mo      262   42.14610   40.75890    0.14610    1.73788       -8090.69687
  Mo      263   42.12460   40.73740    0.12460    1.75925       -8090.70540
  Mo      264   42.20583   40.81863    0.20583    1.68727       -8090.67866
  Mo      265   42.07293   40.68573    0.07293    1.81511       -8090.74477
  Mo      266   42.16097   40.77377    0.16097    1.73418       -8090.70157
  Mo      267   42.18035   40.79315    0.18035    1.72104       -8090.69851
  Mo      268   42.16495   40.77775    0.16495    1.73339       -8090.70684
  Mo      269   42.21659   40.82940    0.21659    1.67001       -8090.65306
  Mo      270   42.14534   40.75814    0.14534    1.74024       -8090.69533
  Mo      271   42.17032   40.78312    0.17032    1.72418       -8090.69976
  Mo      272   42.10511   40.71791    0.10511    1.78908       -8090.72978
  Mo      273   42.10491   40.71772    0.10491    1.78494       -8090.72707
  Mo      274   42.20849   40.82129    0.20849    1.68301       -8090.67176
  Mo      275   42.21729   40.83009    0.21729    1.67954       -8090.66969
  Mo      276   42.12081   40.73361    0.12081    1.76185       -8090.70977
  Mo      277   42.16253   40.77533    0.16253    1.73497       -8090.70116
  Mo      278   42.18906   40.80186    0.18906    1.70313       -8090.69583
  Mo      279   42.18828   40.80109    0.18828    1.71035       -8090.69476
  Mo      280   42.12752   40.74032    0.12752    1.76714       -8090.71648
  Mo      281   42.16720   40.78000    0.16720    1.71656       -8090.68696
  Mo      282   42.24898   40.86178    0.24898    1.65224       -8090.66470
  Mo      283   42.06936   40.68216    0.06936    1.81846       -8090.74252
  Mo      284   42.13067   40.74347    0.13067    1.75956       -8090.71277
  Mo      285   42.14313   40.75593    0.14313    1.75750       -8090.72304
  Mo      286   42.21842   40.83122    0.21842    1.67239       -8090.66012
  Mo      287   42.22226   40.83507    0.22226    1.66951       -8090.66072
  Mo      288   42.20330   40.81610    0.20330    1.68882       -8090.67790
  Mo      289   42.17746   40.79026    0.17746    1.70831       -8090.68594
  Mo      290   42.12818   40.74098    0.12818    1.76094       -8090.71804
  Mo      291   42.15735   40.77015    0.15735    1.73797       -8090.70681
  Mo      292   42.24153   40.85433    0.24153    1.65167       -8090.64921
  Mo      293   42.14013   40.75294    0.14013    1.75550       -8090.71558
  Mo      294   42.13802   40.75082    0.13802    1.74052       -8090.69245
  Mo      295   42.19052   40.80332    0.19052    1.70468       -8090.68987
  Mo      296   42.17744   40.79024    0.17744    1.71467       -8090.69004
  Mo      297   42.13325   40.74605    0.13325    1.75416       -8090.70795
  Mo      298   42.10864   40.72144    0.10864    1.78097       -8090.72230
  Mo      299   42.14449   40.75729    0.14449    1.73733       -8090.68992
  Mo      300   42.11898   40.73178    0.11898    1.76441       -8090.71062
  Mo      301   42.20645   40.81925    0.20645    1.69822       -8090.68723
  Mo      302   42.07921   40.69201    0.07921    1.80828       -8090.74188
  Mo      303   42.11357   40.72637    0.11357    1.77807       -8090.72567
  Mo      304   42.09800   40.71080    0.09800    1.78203       -8090.71680
  Mo      305   42.23439   40.84719    0.23439    1.66346       -8090.66673
  Mo      306   42.22160   40.83441    0.22160    1.67294       -8090.66610
  Mo      307   42.08241   40.69521    0.08241    1.79731       -8090.72296
  Mo      308   42.18060   40.79340    0.18060    1.71945       -8090.70732
  Mo      309   42.12165   40.73445    0.12165    1.77120       -8090.72419
  Mo      310   42.16155   40.77435    0.16155    1.73160       -8090.69340
  Mo      311   42.16813   40.78093    0.16813    1.71061       -8090.68263
  Mo      312   42.18954   40.80234    0.18954    1.70455       -8090.69157
  Mo      313   42.20850   40.82130    0.20850    1.69659       -8090.69091
  Mo      314   42.17063   40.78343    0.17063    1.71388       -8090.68347
  Mo      315   42.15168   40.76448    0.15168    1.74502       -8090.70671
  Mo      316   42.15706   40.76987    0.15706    1.73862       -8090.70239
  Mo      317   42.09658   40.70938    0.09658    1.79219       -8090.73159
  Mo      318   42.17810   40.79090    0.17810    1.72446       -8090.70282
  Mo      319   42.17789   40.79069    0.17789    1.71583       -8090.68985
  Mo      320   42.18983   40.80263    0.18983    1.70734       -8090.68900
  Mo      321   42.23196   40.84476    0.23196    1.66312       -8090.66304
  Mo      322   42.19245   40.80525    0.19245    1.70983       -8090.69606
  Mo      323   42.09317   40.70597    0.09317    1.79517       -8090.72838
  Mo      324   42.15637   40.76917    0.15637    1.74062       -8090.70840
  Mo      325   42.17782   40.79062    0.17782    1.71632       -8090.69345
  Mo      326   42.19560   40.80840    0.19560    1.70433       -8090.69426
  Mo      327   42.18491   40.79771    0.18491    1.71478       -8090.69320
  Mo      328   42.09289   40.70569    0.09289    1.79466       -8090.73094
  Mo      329   42.21096   40.82376    0.21096    1.69080       -8090.67651
  Mo      330   42.15979   40.77259    0.15979    1.73571       -8090.70314
  Mo      331   42.17125   40.78405    0.17125    1.72024       -8090.68650
  Mo      332   42.15049   40.76329    0.15049    1.74797       -8090.71081
  Mo      333   42.17051   40.78331    0.17051    1.71968       -8090.69255
  Mo      334   42.15414   40.76694    0.15414    1.73871       -8090.70087
  Mo      335   42.09252   40.70532    0.09252    1.79327       -8090.72992
  Mo      336   42.16926   40.78207    0.16926    1.72560       -8090.69867
  Mo      337   42.18882   40.80162    0.18882    1.71021       -8090.69639
  Mo      338   42.18491   40.79771    0.18491    1.71275       -8090.70279
  Mo      339   42.18987   40.80267    0.18987    1.70674       -8090.68778
  Mo      340   42.20291   40.81572    0.20291    1.70220       -8090.69396
  Mo      341   42.22022   40.83303    0.22022    1.67320       -8090.66864
  Mo      342   42.15087   40.76367    0.15087    1.74385       -8090.70311
  Mo      343   42.18133   40.79413    0.18133    1.70137       -8090.67507
  Mo      344   42.23690   40.84970    0.23690    1.66725       -8090.67362
  Mo      345   42.11295   40.72575    0.11295    1.77808       -8090.72365
  Mo      346   42.13049   40.74329    0.13049    1.76150       -8090.71736
  Mo      347   42.14491   40.75771    0.14491    1.74805       -8090.71121
  Mo      348   42.12601   40.73882    0.12601    1.75726       -8090.70994
  Mo      349   42.13202   40.74482    0.13202    1.76004       -8090.71726
  Mo      350   42.15700   40.76980    0.15700    1.72959       -8090.69511
  Mo      351   42.13712   40.74992    0.13712    1.75040       -8090.70724
  Mo      352   42.19644   40.80925    0.19644    1.69706       -8090.67977
  Mo      353   42.20458   40.81738    0.20458    1.69429       -8090.67729
  Mo      354   42.14465   40.75745    0.14465    1.74473       -8090.70497
  Mo      355   42.12451   40.73731    0.12451    1.76936       -8090.72170
  Mo      356   42.14070   40.75350    0.14070    1.75361       -8090.71320
  Mo      357   42.17485   40.78765    0.17485    1.72653       -8090.69930
  Mo      358   42.08677   40.69957    0.08677    1.80208       -8090.73213
  Mo      359   42.13821   40.75101    0.13821    1.74422       -8090.69921
  Mo      360   42.13539   40.74819    0.13539    1.75972       -8090.71690
  Mo      361   42.19126   40.80406    0.19126    1.70045       -8090.68438
  Mo      362   42.17339   40.78619    0.17339    1.71877       -8090.69497
  Mo      363   42.20625   40.81905    0.20625    1.69831       -8090.69541
  Mo      364   42.19669   40.80949    0.19669    1.70108       -8090.68618
  Mo      365   42.21559   40.82839    0.21559    1.67486       -8090.66349
  Mo      366   42.19882   40.81162    0.19882    1.69433       -8090.67503
  Mo      367   42.19822   40.81102    0.19822    1.69392       -8090.67990
  Mo      368   42.15745   40.77026    0.15745    1.73652       -8090.70818
  Mo      369   42.18483   40.79763    0.18483    1.70323       -8090.68014
  Mo      370   42.19232   40.80512    0.19232    1.69915       -8090.67763
  Mo      371   42.19968   40.81248    0.19968    1.69271       -8090.68033
  Mo      372   42.18086   40.79366    0.18086    1.71386       -8090.68948
  Mo      373   42.18771   40.80052    0.18771    1.70189       -8090.67847
  Mo      374   42.19027   40.80308    0.19027    1.70050       -8090.68876
  Mo      375   42.16031   40.77311    0.16031    1.73317       -8090.70075
  Mo      376   42.14821   40.76102    0.14821    1.74362       -8090.70212
  Mo      377   42.15740   40.77021    0.15740    1.72705       -8090.68953
  Mo      378   42.10131   40.71411    0.10131    1.78914       -8090.72992
  Mo      379   42.18097   40.79378    0.18097    1.71330       -8090.68510
  Mo      380   42.20158   40.81438    0.20158    1.69274       -8090.67471
  Mo      381   42.08837   40.70117    0.08837    1.80301       -8090.73457
  Mo      382   42.20836   40.82116    0.20836    1.68373       -8090.67278
  Mo      383   42.17186   40.78466    0.17186    1.71842       -8090.69537
  Mo      384   42.16665   40.77945    0.16665    1.73504       -8090.70454
  Ta      385   72.88700   71.49980   -0.11300    1.81960      -31233.05520
  Ta      386   72.94920   71.56201   -0.05080    1.77802      -31233.01782
  Ta      387   72.86087   71.47367   -0.13913    1.84931      -31233.06234
  Ta      388   72.89896   71.51177   -0.10104    1.82369      -31233.04517
  Ta      389   72.77720   71.39000   -0.22280    1.92940      -31233.11241
  Ta      390   72.97356   71.58636   -0.02644    1.74355      -31232.99059
  Ta      391   72.88257   71.49537   -0.11743    1.83503      -31233.05796
  Ta      392   72.84643   71.45923   -0.15357    1.86374      -31233.07368
  Ta      393   72.89873   71.51153   -0.10127    1.81723      -31233.04908
  Ta      394   72.94888   71.56168   -0.05112    1.77057      -31233.01234
  Ta      395   72.89184   71.50464   -0.10816    1.81632      -31233.04196
  Ta      396   72.90503   71.51784   -0.09497    1.81022      -31233.04436
  Ta      397   72.84098   71.45378   -0.15902    1.87319      -31233.08163
  Ta      398   72.91910   71.53190   -0.08090    1.80308      -31233.04329
  Ta      399   72.91411   71.52691   -0.08589    1.81176      -31233.04125
  Ta      400   72.86306   71.47586   -0.13694    1.85172      -31233.06617
  Ta      401   72.90865   71.52145   -0.09135    1.80354      -31233.04035
  Ta      402   72.83095   71.44376   -0.16905    1.88101      -31233.09023
  Ta      403   72.89285   71.50565   -0.10715    1.82783      -31233.05364
  Ta      404   72.90690   71.51970   -0.09310    1.81602      -31233.04051
  Ta      405   72.79829   71.41109   -0.20171    1.90839      -31233.10449
  Ta      406   72.81409   71.42689   -0.18591    1.89953      -31233.09348
  Ta      407   72.92901   71.54181   -0.07099    1.79104      -31233.02722
  Ta      408   72.79863   71.41143   -0.20137    1.91514      -31233.10389
  Ta      409   72.82893   71.44173   -0.17107    1.87870      -31233.08607
  Ta      410   72.93053   71.54334   -0.06947    1.79249      -31233.03055
  Ta      411   72.90976   71.52256   -0.09024    1.81666      -31233.04724
  Ta      412   72.87235   71.48515   -0.12765    1.84158      -31233.05999
  Ta      413   72.86816   71.48096   -0.13184    1.84429      -31233.05851
  Ta      414   72.88969   71.50249   -0.11031    1.82951      -31233.05029
  Ta      415   72.85624   71.46904   -0.14376    1.85345      -31233.06488
  Ta      416   72.87024   71.48304   -0.12976    1.85017      -31233.06953
  Ta      417   72.85101   71.46381   -0.14899    1.86603      -31233.07639
  Ta      418   72.91176   71.52456   -0.08824    1.80340      -31233.03700
  Ta      419   72.88333   71.49614   -0.11667    1.83570      -31233.05575
  Ta      420   72.86566   71.47846   -0.13434    1.84976      -31233.06261
  Ta      421   72.87674   71.48954   -0.12326    1.84696      -31233.06697
  Ta      422   72.78679   71.39959   -0.21321    1.91674      -31233.10426
  Ta      423   72.80991   71.42271   -0.19009    1.89894      -31233.09854
  Ta      424   72.92515   71.53795   -0.07485    1.79977      -31233.03742
  Ta      425   72.88020   71.49300   -0.11980    1.83903      -31233.05795
  Ta      426   72.79365   71.40646   -0.20635    1.90986      -31233.10576
  Ta      427   72.91394   71.52674   -0.08606    1.80175      -31233.03360
  Ta      428   72.80731   71.42011   -0.19269    1.90519      -31233.09872
  Ta      429   72.85435   71.46715   -0.14565    1.85939      -31233.07361
  Ta      430   72.81408   71.42688   -0.18592    1.90195      -31233.10474
  Ta      431   72.80980   71.42260   -0.19020    1.89670      -31233.09573
  Ta      432   72.85016   71.46296   -0.14984    1.86714      -31233.08082
  Ta      433   72.91180   71.52461   -0.08820    1.80250      -31233.03608
  Ta      434   72.87014   71.48294   -0.12986    1.84868      -31233.06900
  Ta      435   72.92401   71.53681   -0.07599    1.79185      -31233.02527
  Ta      436   72.85584   71.46864   -0.14416    1.85925      -31233.07034
  Ta      437   72.84647   71.45927   -0.15353    1.85906      -31233.07803
  Ta      438   72.83832   71.45112   -0.16168    1.87364      -31233.08629
  Ta      439   72.79270   71.40550   -0.20730    1.91503      -31233.10728
  Ta      440   72.85328   71.46608   -0.14672    1.85826      -31233.06996
  Ta      441   72.83337   71.44617   -0.16663    1.88078      -31233.08021
  Ta      442   72.78893   71.40173   -0.21107    1.92066      -31233.10858
  Ta      443   72.79634   71.40914   -0.20366    1.90683      -31233.10309
  Ta      444   72.80085   71.41365   -0.19915    1.91562      -31233.11315
  Ta      445   72.79360   71.40640   -0.20640    1.91584      -31233.10449
  Ta      446   72.84890   71.46170   -0.15110    1.86848      -31233.08266
  Ta      447   72.76602   71.37883   -0.23398    1.94066      -31233.12311
  Ta      448   72.83990   71.45271   -0.16010    1.86732      -31233.08638
  Ta      449   72.80153   71.41433   -0.19847    1.91594      -31233.10983
  Ta      450   72.81971   71.43251   -0.18029    1.88682      -31233.08588
  Ta      451   72.89109   71.50389   -0.10891    1.82697      -31233.05449
  Ta      452   72.87825   71.49105   -0.12175    1.83482      -31233.06084
  Ta      453   72.79530   71.40810   -0.20470    1.91287      -31233.11212
  Ta      454   72.81176   71.42456   -0.18824    1.89446      -31233.09048
  Ta      455   72.87172   71.48452   -0.12828    1.83906      -31233.05634
  Ta      456   72.87180   71.48460   -0.12820    1.83420      -31233.05896
  Ta      457   72.83305   71.44585   -0.16695    1.86747      -31233.07300
  Ta      458   72.85453   71.46733   -0.14547    1.86475      -31233.07321
  Ta      459   72.86789   71.48069   -0.13211    1.85755      -31233.07723
  Ta      460   72.84753   71.46034   -0.15247    1.86440      -31233.07832
  Ta      461   72.82956   71.44236   -0.17044    1.88536      -31233.08917
  Ta      462   72.87831   71.49111   -0.12169    1.83898      -31233.05222
  Ta      463   72.90353   71.51633   -0.09647    1.81605      -31233.04314
  Ta      464   72.93033   71.54313   -0.06967    1.79325      -31233.02971
  Ta      465   72.90351   71.51632   -0.09649    1.81073      -31233.04710
  Ta      466   72.95285   71.56565   -0.04715    1.76611      -31233.01549
  Ta      467   72.87607   71.48887   -0.12393    1.84320      -31233.06007
  Ta      468   72.86082   71.47362   -0.13918    1.85134      -31233.07700
  Ta      469   72.86588   71.47868   -0.13412    1.84988      -31233.06316
  Ta      470   72.75396   71.36676   -0.24604    1.95588      -31233.13475
  Ta      471   72.86910   71.48190   -0.13090    1.85398      -31233.06873
  Ta      472   72.83633   71.44914   -0.16367    1.87747      -31233.07814
  Ta      473   72.88063   71.49344   -0.11937    1.83150      -31233.05194
  Ta      474   72.92248   71.53528   -0.07752    1.79254      -31233.04022
  Ta      475   72.83803   71.45083   -0.16197    1.86842      -31233.08003
  Ta      476   72.84270   71.45550   -0.15730    1.86682      -31233.07679
  Ta      477   72.84739   71.46019   -0.15261    1.85945      -31233.07028
  Ta      478   72.83157   71.44438   -0.16843    1.88691      -31233.08698
  Ta      479   72.84513   71.45793   -0.15487    1.87027      -31233.08634
  Ta      480   72.88949   71.50230   -0.11051    1.82387      -31233.05668
  Ta      481   72.87667   71.48947   -0.12333    1.83488      -31233.04921
  Ta      482   72.80029   71.41309   -0.19971    1.91475      -31233.10484
  Ta      483   72.82487   71.43767   -0.17513    1.89184      -31233.08956
  Ta      484   72.87571   71.48851   -0.12429    1.84212      -31233.05704
  Ta      485   72.85066   71.46346   -0.14934    1.85858      -31233.07443
  Ta      486   72.91724   71.53004   -0.08276    1.80377      -31233.03905
  Ta      487   72.87254   71.48534   -0.12746    1.83998      -31233.05786
  Ta      488   72.81368   71.42648   -0.18632    1.89375      -31233.09148
  Ta      489   72.85164   71.46444   -0.14836    1.86215      -31233.07126
  Ta      490   72.85564   71.46844   -0.14436    1.84644      -31233.06618
  Ta      491   72.82029   71.43309   -0.17971    1.88605      -31233.08600
  Ta      492   72.89480   71.50760   -0.10520    1.81811      -31233.05436
  Ta      493   72.91396   71.52676   -0.08604    1.80636      -31233.04085
  Ta      494   72.84182   71.45462   -0.15818    1.87500      -31233.08618
  Ta      495   72.84650   71.45930   -0.15350    1.86264      -31233.07391
  Ta      496   72.90120   71.51400   -0.09880    1.81686      -31233.05223
  Ta      497   72.85084   71.46364   -0.14916    1.86002      -31233.07677
  Ta      498   72.92596   71.53876   -0.07404    1.79280      -31233.02728
  Ta      499   72.80340   71.41620   -0.19660    1.90958      -31233.10353
  Ta      500   72.81458   71.42738   -0.18542    1.89683      -31233.09791
  Ta      501   72.83498   71.44778   -0.16502    1.87528      -31233.08326
  Ta      502   72.88948   71.50228   -0.11052    1.82589      -31233.05476
  Ta      503   72.86439   71.47720   -0.13561    1.84865      -31233.06361
  Ta      504   72.78444   71.39724   -0.21556    1.91934      -31233.10547
  Ta      505   72.89137   71.50418   -0.10863    1.82657      -31233.05406
  Ta      506   72.90173   71.51453   -0.09827    1.81442      -31233.04334
  Ta      507   72.80012   71.41292   -0.19988    1.91098      -31233.10326
  Ta      508   72.87904   71.49184   -0.12096    1.84288      -31233.06595
  Ta      509   72.82584   71.43864   -0.17416    1.87810      -31233.08229
  Ta      510   72.90413   71.51693   -0.09587    1.81430      -31233.04448
  Ta      511   72.86936   71.48216   -0.13064    1.84995      -31233.06924
  Ta      512   72.75618   71.36898   -0.24382    1.95100      -31233.12432
