 Atom   Index      Q          Qmt        dQ        Vmad        Local Energy
  W         1   73.85074   72.54652   -0.14926    1.76694      -32312.53308
  W         2   73.83967   72.53545   -0.16033    1.78277      -32312.55235
  W         3   73.91940   72.61517   -0.08060    1.70718      -32312.50094
  W         4   73.78521   72.48099   -0.21479    1.82637      -32312.56084
  W         5   73.92896   72.62474   -0.07104    1.69146      -32312.49337
  W         6   73.94089   72.63667   -0.05911    1.67930      -32312.47767
  W         7   73.89721   72.59299   -0.10279    1.72611      -32312.51376
  W         8   73.86694   72.56272   -0.13306    1.75057      -32312.51727
  W         9   73.81225   72.50803   -0.18775    1.81418      -32312.57689
  W        10   73.95263   72.64841   -0.04737    1.66661      -32312.47372
  W        11   73.88751   72.58329   -0.11249    1.72635      -32312.51579
  W        12   73.89678   72.59256   -0.10322    1.72905      -32312.51530
  W        13   73.84655   72.54233   -0.15345    1.76384      -32312.52341
  W        14   73.90917   72.60495   -0.09083    1.71707      -32312.51152
  W        15   73.91394   72.60972   -0.08606    1.70277      -32312.49661
  W        16   73.76531   72.46109   -0.23469    1.84965      -32312.57804
  Nb       17   40.84787   39.54365   -0.15213    1.80232       -7632.65268
  Nb       18   40.85199   39.54777   -0.14801    1.79039       -7632.62294
  Nb       19   41.00113   39.69691    0.00113    1.64497       -7632.55556
  Nb       20   41.01304   39.70882    0.01304    1.63232       -7632.54755
  Nb       21   41.03224   39.72802    0.03224    1.62184       -7632.54641
  Nb       22   40.97006   39.66584   -0.02994    1.67440       -7632.56259
  Nb       23   40.78442   39.48020   -0.21558    1.85867       -7632.67128
  Nb       24   40.95815   39.65393   -0.04185    1.69409       -7632.58835
  Nb       25   41.02042   39.71620    0.02042    1.63308       -7632.54712
  Nb       26   40.91001   39.60579   -0.08999    1.74057       -7632.61737
  Nb       27   40.82665   39.52243   -0.17335    1.82482       -7632.66092
  Nb       28   40.90337   39.59915   -0.09663    1.74423       -7632.61073
  Nb       29   40.98918   39.68496   -0.01082    1.65133       -7632.55880
  Nb       30   40.92167   39.61745   -0.07833    1.73217       -7632.60913
  Nb       31   40.94504   39.64082   -0.05496    1.70586       -7632.59325
  Nb       32   40.96038   39.65616   -0.03962    1.68939       -7632.58654
  Mo       33   42.14666   40.84244    0.14666    1.59609       -8090.55442
  Mo       34   41.97873   40.67451   -0.02127    1.76810       -8090.65810
  Mo       35   42.04750   40.74328    0.04750    1.69628       -8090.60774
  Mo       36   41.97277   40.66855   -0.02723    1.77046       -8090.65070
  Mo       37   42.14373   40.83951    0.14373    1.59614       -8090.55194
  Mo       38   42.21298   40.90876    0.21298    1.52715       -8090.50946
  Mo       39   42.18470   40.88048    0.18470    1.55584       -8090.52809
  Mo       40   42.13662   40.83240    0.13662    1.60869       -8090.55986
  Mo       41   42.11679   40.81257    0.11679    1.62912       -8090.56983
  Mo       42   42.02535   40.72113    0.02535    1.71941       -8090.62116
  Mo       43   42.08842   40.78420    0.08842    1.65064       -8090.57491
  Mo       44   42.12281   40.81859    0.12281    1.62704       -8090.56769
  Mo       45   42.09265   40.78843    0.09265    1.64628       -8090.58003
  Mo       46   42.03307   40.72885    0.03307    1.71562       -8090.62501
  Mo       47   42.09353   40.78931    0.09353    1.63993       -8090.56677
  Mo       48   42.03084   40.72662    0.03084    1.71570       -8090.62565
  Ta       49   72.85823   71.55401   -0.14177    1.70094      -31232.90297
  Ta       50   72.68126   71.37704   -0.31874    1.87467      -31233.00082
  Ta       51   72.78101   71.47679   -0.21899    1.76992      -31232.93065
  Ta       52   72.75785   71.45363   -0.24215    1.79128      -31232.94136
  Ta       53   72.72244   71.41822   -0.27756    1.83496      -31232.98718
  Ta       54   72.82829   71.52407   -0.17171    1.72414      -31232.90851
  Ta       55   72.69832   71.39410   -0.30168    1.86045      -31233.00146
  Ta       56   72.83254   71.52832   -0.16746    1.72055      -31232.91166
  Ta       57   72.84548   71.54126   -0.15452    1.71144      -31232.89960
  Ta       58   72.75030   71.44608   -0.24970    1.80752      -31232.95381
  Ta       59   72.85234   71.54812   -0.14766    1.70727      -31232.89797
  Ta       60   72.78532   71.48110   -0.21468    1.77688      -31232.95286
  Ta       61   72.89000   71.58578   -0.11000    1.67263      -31232.88362
  Ta       62   72.76452   71.46030   -0.23548    1.78954      -31232.94351
  Ta       63   72.75633   71.45211   -0.24367    1.80242      -31232.96285
  Ta       64   72.70630   71.40208   -0.29370    1.85375      -31233.00673
  Ti       65   22.27057   20.96635    0.27057    1.60755       -1704.41506
  Ti       66   22.33891   21.03469    0.33891    1.54035       -1704.40717
  Ti       67   22.31252   21.00830    0.31252    1.55749       -1704.38025
  Ti       68   22.28052   20.97630    0.28052    1.57895       -1704.36561
  Ti       69   22.38719   21.08297    0.38719    1.47879       -1704.32940
  Ti       70   22.31929   21.01507    0.31929    1.56079       -1704.40338
  Ti       71   22.28389   20.97967    0.28389    1.58211       -1704.37599
  Ti       72   22.33083   21.02661    0.33083    1.54882       -1704.40104
  Ti       73   22.37720   21.07298    0.37720    1.48900       -1704.33363
  Ti       74   22.21433   20.91011    0.21433    1.65264       -1704.42633
  Ti       75   22.46822   21.16400    0.46822    1.40474       -1704.30725
  Ti       76   22.30766   21.00344    0.30766    1.56000       -1704.37219
  Ti       77   22.35506   21.05084    0.35506    1.51033       -1704.34099
  Ti       78   22.29799   20.99377    0.29799    1.57266       -1704.40742
  Ti       79   22.35343   21.04921    0.35343    1.51649       -1704.35277
  Ti       80   22.21592   20.91170    0.21592    1.66034       -1704.47134
