System Description            : WNbMoTaV, BCC structure                         
Number of Atoms in Unit Cell  : 640                                             
Number of Atomic Species      : 5                                               
Number of Atoms in Each Type  : 128(W), 128(Nb), 128(Mo), 128(Ta), 128(V)       
Energy Offset                 : -16231                                          
=======================================================================================
    Iter     Energy      3PV     Efermi   Rms_rho    Rms_pot   Mix  Alg  Alpha 
---------------------------------------------------------------------------------------
**       1  -0.857546  1839.070  0.58672  0.140E+01  0.277E+00  pot  B   0.1000
         2   0.122918  1817.888  0.60982  0.825E-02  0.294E+01  pot  B   0.1000
         3  -1.197227  1815.140  0.59595  0.600E-02  0.593E+00  pot  B   0.1000
         4  -1.096156  1807.886  0.60588  0.473E-02  0.122E+01  pot  B   0.1000
         5  -1.267489  1800.463  0.61122  0.389E-02  0.110E+01  pot  B   0.1000
         6  -1.384678  1790.790  0.61652  0.415E-02  0.734E+00  pot  B   0.1000
         7  -1.424480  1780.330  0.61984  0.368E-02  0.996E+00  pot  B   0.1000
         8  -1.547894  1769.119  0.62241  0.386E-02  0.725E+00  pot  B   0.1000
         9  -1.594165  1750.896  0.62763  0.633E-02  0.696E+00  pot  B   0.1000
        10  -1.663124  1744.864  0.62980  0.214E-02  0.388E+00  pot  B   0.1000
        11  -1.688859  1737.050  0.63273  0.283E-02  0.383E+00  pot  B   0.1000
        12  -1.715627  1731.979  0.63489  0.220E-02  0.182E+00  pot  B   0.1000
        13  -1.725662  1727.976  0.63672  0.168E-02  0.103E+00  pot  B   0.1000
        14  -1.730359  1724.266  0.63818  0.187E-02  0.174E+00  pot  B   0.1000
        15  -1.737634  1723.064  0.63812  0.968E-03  0.940E-01  pot  B   0.1000
        16  -1.744089  1717.596  0.63927  0.260E-02  0.103E+00  pot  B   0.1000
        17  -1.748405  1713.059  0.64051  0.236E-02  0.224E+00  pot  B   0.1000
        18  -1.754262  1709.102  0.64191  0.202E-02  0.108E+00  pot  B   0.1000
        19  -1.756056  1706.857  0.64307  0.120E-02  0.762E-01  pot  B   0.1000
        20  -1.756841  1707.067  0.64368  0.544E-03  0.664E-01  pot  B   0.1000
        21  -1.757184  1706.398  0.64391  0.414E-03  0.616E-01  pot  B   0.1000
        22  -1.757459  1706.069  0.64424  0.312E-03  0.477E-01  pot  B   0.1000
        23  -1.757624  1705.983  0.64438  0.188E-03  0.519E-01  pot  B   0.1000
        24  -1.757889  1706.411  0.64430  0.222E-03  0.290E-01  pot  B   0.1000
        25  -1.758143  1706.116  0.64463  0.240E-03  0.159E-01  pot  B   0.1000
        26  -1.758207  1705.979  0.64522  0.230E-03  0.320E-01  pot  B   0.1000
        27  -1.758370  1705.886  0.64573  0.203E-03  0.134E-01  pot  B   0.1000
        28  -1.758461  1705.777  0.64638  0.246E-03  0.156E-01  pot  B   0.1000
        29  -1.758486  1705.739  0.64664  0.127E-03  0.137E-01  pot  B   0.1000
        30  -1.758516  1705.860  0.64687  0.113E-03  0.141E-01  pot  B   0.1000
        31  -1.758497  1705.912  0.64701  0.107E-03  0.214E-01  pot  B   0.1000
        32  -1.758567  1705.872  0.64732  0.910E-04  0.546E-02  pot  B   0.1000
        33  -1.758590  1705.949  0.64768  0.719E-04  0.753E-02  pot  B   0.1000
        34  -1.758607  1706.064  0.64809  0.985E-04  0.143E-01  pot  B   0.1000
        35  -1.758640  1706.122  0.64838  0.711E-04  0.844E-02  pot  B   0.1000
        36  -1.758646  1706.235  0.64868  0.780E-04  0.125E-01  pot  B   0.1000
        37  -1.758663  1706.226  0.64887  0.755E-04  0.764E-02  pot  B   0.1000
        38  -1.758671  1706.278  0.64906  0.681E-04  0.924E-02  pot  B   0.1000
        39  -1.758687  1706.328  0.64916  0.303E-04  0.338E-02  pot  B   0.1000
        40  -1.758693  1706.364  0.64924  0.308E-04  0.531E-02  pot  B   0.1000
        41  -1.758699  1706.384  0.64927  0.293E-04  0.407E-02  pot  B   0.1000
        42  -1.758703  1706.418  0.64935  0.373E-04  0.312E-02  pot  B   0.1000
        43  -1.758707  1706.465  0.64940  0.277E-04  0.253E-02  pot  B   0.1000
        44  -1.758710  1706.494  0.64939  0.254E-04  0.215E-02  pot  B   0.1000
        45  -1.758714  1706.531  0.64943  0.202E-04  0.192E-02  pot  B   0.1000
        46  -1.758716  1706.572  0.64945  0.237E-04  0.281E-02  pot  B   0.1000
        47  -1.758717  1706.592  0.64945  0.131E-04  0.190E-02  pot  B   0.1000
        48  -1.758718  1706.621  0.64943  0.185E-04  0.132E-02  pot  B   0.1000
        49  -1.758718  1706.637  0.64941  0.137E-04  0.153E-02  pot  B   0.1000
        50  -1.758718  1706.661  0.64938  0.153E-04  0.190E-02  pot  B   0.1000
        51  -1.758718  1706.690  0.64936  0.171E-04  0.167E-02  pot  B   0.1000
        52  -1.758719  1706.706  0.64935  0.105E-04  0.190E-02  pot  B   0.1000
        53  -1.758719  1706.736  0.64931  0.188E-04  0.193E-02  pot  B   0.1000
        54  -1.758719  1706.751  0.64931  0.108E-04  0.167E-02  pot  B   0.1000
        55  -1.758719  1706.772  0.64927  0.134E-04  0.137E-02  pot  B   0.1000
        56  -1.758719  1706.791  0.64925  0.113E-04  0.120E-02  pot  B   0.1000
        57  -1.758719  1706.802  0.64923  0.834E-05  0.691E-03  pot  B   0.1000
        58  -1.758718  1706.805  0.64921  0.800E-05  0.944E-03  pot  B   0.1000
        59  -1.758718  1706.810  0.64920  0.782E-05  0.119E-02  pot  B   0.1000
        60  -1.758718  1706.818  0.64918  0.573E-05  0.568E-03  pot  B   0.1000
        61  -1.758718  1706.829  0.64916  0.783E-05  0.616E-03  pot  B   0.1000
        62  -1.758718  1706.838  0.64914  0.619E-05  0.479E-03  pot  B   0.1000
        63  -1.758718  1706.841  0.64912  0.361E-05  0.741E-03  pot  B   0.1000
        64  -1.758718  1706.844  0.64911  0.370E-05  0.383E-03  pot  B   0.1000
        65  -1.758717  1706.844  0.64910  0.270E-05  0.641E-03  pot  B   0.1000
        66  -1.758717  1706.846  0.64909  0.276E-05  0.309E-03  pot  B   0.1000
        67  -1.758717  1706.844  0.64909  0.222E-05  0.677E-03  pot  B   0.1000
        68  -1.758717  1706.842  0.64909  0.292E-05  0.816E-03  pot  B   0.1000
        69  -1.758717  1706.843  0.64908  0.198E-05  0.319E-03  pot  B   0.1000
        70  -1.758717  1706.843  0.64907  0.271E-05  0.274E-03  pot  B   0.1000
        71  -1.758717  1706.841  0.64906  0.319E-05  0.220E-03  pot  B   0.1000
        72  -1.758717  1706.839  0.64905  0.176E-05  0.271E-03  pot  B   0.1000
        73  -1.758717  1706.837  0.64905  0.193E-05  0.237E-03  pot  B   0.1000
        74  -1.758717  1706.835  0.64905  0.198E-05  0.223E-03  pot  B   0.1000
        75  -1.758717  1706.833  0.64904  0.187E-05  0.148E-03  pot  B   0.1000
        76  -1.758717  1706.830  0.64904  0.169E-05  0.257E-03  pot  B   0.1000
        77  -1.758717  1706.828  0.64904  0.173E-05  0.136E-03  pot  B   0.1000
        78  -1.758717  1706.825  0.64904  0.187E-05  0.213E-03  pot  B   0.1000
        79  -1.758717  1706.823  0.64903  0.118E-05  0.172E-03  pot  B   0.1000
        80  -1.758717  1706.821  0.64903  0.122E-05  0.335E-03  pot  B   0.1000
        81  -1.758717  1706.821  0.64903  0.847E-06  0.118E-03  pot  B   0.1000
        82  -1.758717  1706.819  0.64903  0.104E-05  0.728E-04  pot  B   0.1000
        83  -1.758717  1706.817  0.64903  0.969E-06  0.101E-03  pot  B   0.1000
        84  -1.758717  1706.816  0.64903  0.571E-06  0.705E-04  pot  B   0.1000
        85  -1.758717  1706.814  0.64903  0.106E-05  0.117E-03  pot  B   0.1000
        86  -1.758717  1706.813  0.64903  0.772E-06  0.727E-04  pot  B   0.1000
        87  -1.758717  1706.812  0.64903  0.675E-06  0.818E-04  pot  B   0.1000
        88  -1.758717  1706.811  0.64904  0.700E-06  0.903E-04  pot  B   0.1000
        89  -1.758717  1706.810  0.64904  0.621E-06  0.656E-04  pot  B   0.1000
        90  -1.758717  1706.809  0.64904  0.479E-06  0.652E-04  pot  B   0.1000
        91  -1.758717  1706.809  0.64904  0.552E-06  0.502E-04  pot  B   0.1000
        92  -1.758717  1706.809  0.64904  0.396E-06  0.761E-04  pot  B   0.1000
        93  -1.758717  1706.809  0.64904  0.220E-06  0.440E-04  pot  B   0.1000
        94  -1.758717  1706.808  0.64904  0.485E-06  0.320E-04  pot  B   0.1000
        95  -1.758717  1706.807  0.64904  0.615E-06  0.422E-04  pot  B   0.1000
        96  -1.758717  1706.807  0.64904  0.318E-06  0.336E-04  pot  B   0.1000
        97  -1.758717  1706.807  0.64904  0.490E-06  0.458E-04  pot  B   0.1000
        98  -1.758717  1706.807  0.64904  0.271E-06  0.264E-04  pot  B   0.1000
        99  -1.758717  1706.807  0.64904  0.324E-06  0.229E-04  pot  B   0.1000
       100  -1.758717  1706.807  0.64904  0.211E-06  0.294E-04  pot  B   0.1000
       101  -1.758717  1706.807  0.64905  0.243E-06  0.240E-04  pot  B   0.1000
       102  -1.758717  1706.807  0.64905  0.193E-06  0.271E-04  pot  B   0.1000
       103  -1.758717  1706.807  0.64905  0.293E-06  0.211E-04  pot  B   0.1000
       104  -1.758717  1706.807  0.64905  0.209E-06  0.384E-04  pot  B   0.1000
       105  -1.758717  1706.807  0.64905  0.159E-06  0.260E-04  pot  B   0.1000
       106  -1.758717  1706.807  0.64905  0.225E-06  0.197E-04  pot  B   0.1000
       107  -1.758717  1706.807  0.64905  0.162E-06  0.142E-04  pot  B   0.1000
       108  -1.758717  1706.807  0.64905  0.133E-06  0.127E-04  pot  B   0.1000
       109  -1.758717  1706.807  0.64905  0.102E-06  0.877E-05  pot  B   0.1000
       110  -1.758717  1706.807  0.64905  0.119E-06  0.105E-04  pot  B   0.1000
       111  -1.758717  1706.807  0.64905  0.123E-06  0.122E-04  pot  B   0.1000
       112  -1.758717  1706.807  0.64905  0.111E-06  0.167E-04  pot  B   0.1000
       113  -1.758717  1706.807  0.64905  0.100E-06  0.109E-04  pot  B   0.1000
       114  -1.758717  1706.807  0.64905  0.956E-07  0.110E-04  pot  B   0.1000
       115  -1.758717  1706.808  0.64905  0.130E-06  0.185E-04  pot  B   0.1000
       116  -1.758717  1706.808  0.64905  0.877E-07  0.111E-04  pot  B   0.1000
       117  -1.758717  1706.808  0.64905  0.483E-07  0.697E-05  pot  B   0.1000
       118  -1.758717  1706.808  0.64905  0.524E-07  0.666E-05  pot  B   0.1000
       119  -1.758717  1706.808  0.64905  0.577E-07  0.507E-05  pot  B   0.1000
       120  -1.758717  1706.808  0.64905  0.678E-07  0.657E-05  pot  B   0.1000
       121  -1.758717  1706.808  0.64905  0.734E-07  0.624E-05  pot  B   0.1000
       122  -1.758717  1706.808  0.64905  0.696E-07  0.619E-05  pot  B   0.1000
       123  -1.758717  1706.808  0.64905  0.788E-07  0.558E-05  pot  B   0.1000
       124  -1.758717  1706.808  0.64905  0.445E-07  0.647E-05  pot  B   0.1000
       125  -1.758717  1706.808  0.64905  0.371E-07  0.390E-05  pot  B   0.1000
       126  -1.758717  1706.808  0.64905  0.470E-07  0.367E-05  pot  B   0.1000
       127  -1.758717  1706.808  0.64905  0.495E-07  0.805E-05  pot  B   0.1000
       128  -1.758717  1706.808  0.64905  0.435E-07  0.404E-05  pot  B   0.1000
       129  -1.758717  1706.808  0.64905  0.249E-07  0.420E-05  pot  B   0.1000
       130  -1.758717  1706.809  0.64905  0.330E-07  0.456E-05  pot  B   0.1000
       131  -1.758717  1706.809  0.64905  0.368E-07  0.313E-05  pot  B   0.1000
       132  -1.758717  1706.809  0.64905  0.477E-07  0.218E-05  pot  B   0.1000
       133  -1.758717  1706.809  0.64905  0.381E-07  0.236E-05  pot  B   0.1000
       134  -1.758717  1706.809  0.64905  0.196E-07  0.165E-05  pot  B   0.1000
       135  -1.758717  1706.809  0.64905  0.255E-07  0.221E-05  pot  B   0.1000
       136  -1.758717  1706.809  0.64905  0.231E-07  0.262E-05  pot  B   0.1000
       137  -1.758717  1706.809  0.64905  0.183E-07  0.253E-05  pot  B   0.1000
       138  -1.758717  1706.809  0.64905  0.234E-07  0.203E-05  pot  B   0.1000
       139  -1.758717  1706.809  0.64905  0.215E-07  0.447E-05  pot  B   0.1000
       140  -1.758717  1706.809  0.64905  0.213E-07  0.239E-05  pot  B   0.1000
       141  -1.758717  1706.809  0.64905  0.117E-07  0.200E-05  pot  B   0.1000
       142  -1.758717  1706.809  0.64905  0.141E-07  0.220E-05  pot  B   0.1000
       143  -1.758717  1706.809  0.64905  0.115E-07  0.125E-05  pot  B   0.1000
       144  -1.758717  1706.809  0.64905  0.103E-07  0.739E-06  pot  B   0.1000
       145  -1.758717  1706.809  0.64905  0.682E-08  0.126E-05  pot  B   0.1000
       146  -1.758717  1706.809  0.64905  0.989E-08  0.858E-06  pot  B   0.1000
       147  -1.758717  1706.809  0.64905  0.878E-08  0.912E-06  pot  B   0.1000
       148  -1.758717  1706.809  0.64905  0.116E-07  0.107E-05  pot  B   0.1000
       149  -1.758717  1706.809  0.64905  0.661E-08  0.111E-05  pot  B   0.1000
       150  -1.758717  1706.809  0.64905  0.569E-08  0.958E-06  pot  B   0.1000
       151  -1.758717  1706.809  0.64905  0.602E-08  0.962E-06  pot  B   0.1000
       152  -1.758717  1706.809  0.64905  0.589E-08  0.753E-06  pot  B   0.1000
       153  -1.758717  1706.809  0.64905  0.550E-08  0.587E-06  pot  B   0.1000
       154  -1.758717  1706.809  0.64905  0.370E-08  0.863E-06  pot  B   0.1000
       155  -1.758717  1706.809  0.64905  0.534E-08  0.680E-06  pot  B   0.1000
       156  -1.758717  1706.809  0.64905  0.826E-08  0.584E-06  pot  B   0.1000
       157  -1.758717  1706.809  0.64905  0.431E-08  0.825E-06  pot  B   0.1000
       158  -1.758717  1706.809  0.64905  0.605E-08  0.454E-06  pot  B   0.1000
       159  -1.758717  1706.809  0.64905  0.638E-08  0.422E-06  pot  B   0.1000
       160  -1.758717  1706.808  0.64905  0.616E-08  0.316E-06  pot  B   0.1000
       161  -1.758717  1706.808  0.64905  0.289E-08  0.406E-06  pot  B   0.1000
       162  -1.758717  1706.808  0.64905  0.234E-08  0.345E-06  pot  B   0.1000
       163  -1.758717  1706.808  0.64905  0.550E-08  0.449E-06  pot  B   0.1000
       164  -1.758717  1706.808  0.64905  0.384E-08  0.501E-06  pot  B   0.1000
       165  -1.758717  1706.808  0.64905  0.398E-08  0.318E-06  pot  B   0.1000
       166  -1.758717  1706.808  0.64905  0.297E-08  0.449E-06  pot  B   0.1000
       167  -1.758717  1706.808  0.64905  0.286E-08  0.500E-06  pot  B   0.1000
       168  -1.758717  1706.808  0.64905  0.388E-08  0.251E-06  pot  B   0.1000
       169  -1.758717  1706.808  0.64905  0.199E-08  0.302E-06  pot  B   0.1000
       170  -1.758717  1706.808  0.64905  0.214E-08  0.182E-06  pot  B   0.1000
       171  -1.758717  1706.808  0.64905  0.233E-08  0.183E-06  pot  B   0.1000
       172  -1.758717  1706.808  0.64905  0.225E-08  0.186E-06  pot  B   0.1000
       173  -1.758717  1706.808  0.64905  0.174E-08  0.196E-06  pot  B   0.1000
       174  -1.758717  1706.808  0.64905  0.141E-08  0.200E-06  pot  B   0.1000
       175  -1.758717  1706.808  0.64905  0.195E-08  0.183E-06  pot  B   0.1000
       176  -1.758717  1706.808  0.64905  0.912E-09  0.179E-06  pot  B   0.1000
       177  -1.758717  1706.808  0.64905  0.137E-08  0.139E-06  pot  B   0.1000
       178  -1.758717  1706.808  0.64905  0.118E-08  0.146E-06  pot  B   0.1000
       179  -1.758717  1706.808  0.64905  0.734E-09  0.144E-06  pot  B   0.1000
       180  -1.758717  1706.808  0.64905  0.867E-09  0.110E-06  pot  B   0.1000
       181  -1.758717  1706.808  0.64905  0.666E-09  0.139E-06  pot  B   0.1000
       182  -1.758717  1706.808  0.64905  0.586E-09  0.981E-07  pot  B   0.1000
       183  -1.758717  1706.808  0.64905  0.898E-09  0.709E-07  pot  B   0.1000
       184  -1.758717  1706.808  0.64905  0.950E-09  0.678E-07  pot  B   0.1000
       185  -1.758717  1706.808  0.64905  0.724E-09  0.687E-07  pot  B   0.1000
       186  -1.758717  1706.808  0.64905  0.509E-09  0.681E-07  pot  B   0.1000
       187  -1.758717  1706.808  0.64905  0.716E-09  0.717E-07  pot  B   0.1000
       188  -1.758717  1706.808  0.64905  0.502E-09  0.796E-07  pot  B   0.1000
       189  -1.758717  1706.808  0.64905  0.650E-09  0.588E-07  pot  B   0.1000
       190  -1.758717  1706.808  0.64905  0.425E-09  0.566E-07  pot  B   0.1000
       191  -1.758717  1706.808  0.64905  0.440E-09  0.984E-07  pot  B   0.1000
       192  -1.758717  1706.808  0.64905  0.717E-09  0.579E-07  pot  B   0.1000
       193  -1.758717  1706.808  0.64905  0.659E-09  0.794E-07  pot  B   0.1000
       194  -1.758717  1706.808  0.64905  0.326E-09  0.521E-07  pot  B   0.1000
       195  -1.758717  1706.808  0.64905  0.534E-09  0.314E-07  pot  B   0.1000
       196  -1.758717  1706.808  0.64905  0.639E-09  0.403E-07  pot  B   0.1000
       197  -1.758717  1706.808  0.64905  0.369E-09  0.320E-07  pot  B   0.1000
       198  -1.758717  1706.808  0.64905  0.508E-09  0.392E-07  pot  B   0.1000
       199  -1.758717  1706.808  0.64905  0.445E-09  0.426E-07  pot  B   0.1000
       200  -1.758717  1706.808  0.64905  0.319E-09  0.294E-07  pot  B   0.1000
**     201  -1.758717  1706.808  0.64905  0.138E-11  0.294E-07  pot  B   0.1000
