 Atom   Index      Q          Qmt        dQ        Vmad        Local Energy
  W         1   73.74829   72.44721   -0.25171    1.84965      -32312.56076
  W         2   73.96495   72.66386   -0.03505    1.62396      -32312.41580
  W         3   73.81047   72.50939   -0.18953    1.78312      -32312.53873
  W         4   73.94010   72.63901   -0.05990    1.65192      -32312.43496
  W         5   73.83954   72.53846   -0.16046    1.75531      -32312.49907
  W         6   73.86408   72.56299   -0.13592    1.72871      -32312.49408
  W         7   73.78045   72.47936   -0.21955    1.81506      -32312.54090
  W         8   73.88336   72.58227   -0.11664    1.70705      -32312.47145
  Nb        9   40.85419   39.55310   -0.14581    1.76928       -7632.61151
  Nb       10   40.94120   39.64011   -0.05880    1.68452       -7632.57241
  Nb       11   40.85521   39.55412   -0.14479    1.77079       -7632.62173
  Nb       12   40.82155   39.52047   -0.17845    1.80084       -7632.62897
  Nb       13   41.05033   39.74924    0.05033    1.57602       -7632.48885
  Nb       14   40.74536   39.44428   -0.25464    1.88272       -7632.68406
  Nb       15   40.85575   39.55466   -0.14425    1.77279       -7632.61805
  Nb       16   40.82729   39.52620   -0.17271    1.80133       -7632.62457
  Mo       17   41.93630   40.63521   -0.06370    1.78699       -8090.64767
  Mo       18   41.93797   40.63688   -0.06203    1.78181       -8090.64391
  Mo       19   42.17328   40.87219    0.17328    1.54084       -8090.49534
  Mo       20   42.08388   40.78280    0.08388    1.63283       -8090.55243
  Mo       21   42.12693   40.82584    0.12693    1.58817       -8090.52614
  Mo       22   42.02332   40.72223    0.02332    1.70117       -8090.59965
  Mo       23   42.10565   40.80456    0.10565    1.61545       -8090.54888
  Mo       24   42.02968   40.72859    0.02968    1.69450       -8090.59780
  Ta       25   72.69695   71.39586   -0.30305    1.83643      -31232.95849
  Ta       26   72.73376   71.43268   -0.26624    1.80049      -31232.93854
  Ta       27   72.78225   71.48116   -0.21775    1.75108      -31232.91526
  Ta       28   72.83900   71.53791   -0.16100    1.69533      -31232.87396
  Ta       29   72.73308   71.43199   -0.26692    1.80153      -31232.94431
  Ta       30   72.78556   71.48448   -0.21444    1.74777      -31232.91241
  Ta       31   72.73762   71.43653   -0.26238    1.79156      -31232.93261
  Ta       32   72.76560   71.46452   -0.23440    1.77310      -31232.93456
  V        33   23.57101   22.26992    0.57101    1.36868       -1895.12721
  V        34   23.35871   22.05762    0.35871    1.59402       -1895.25685
  V        35   23.52716   22.22607    0.52716    1.41638       -1895.16835
  V        36   23.42758   22.12649    0.42758    1.51633       -1895.20625
  V        37   23.38010   22.07901    0.38010    1.56954       -1895.24174
  V        38   23.41344   22.11235    0.41344    1.53386       -1895.21585
  V        39   23.48452   22.18343    0.48452    1.46162       -1895.19316
  V        40   23.56454   22.26346    0.56454    1.37657       -1895.13296
