System Description            : WNbMoTaTi, BCC structure                        
Number of Atoms in Unit Cell  : 320                                             
Number of Atomic Species      : 5                                               
Number of Atoms in Each Type  : 64(W), 64(Nb), 64(Mo), 64(Ta), 64(Ti)           
Energy Offset                 : -16193                                          
=======================================================================================
    Iter     Energy      3PV     Efermi   Rms_rho    Rms_pot   Mix  Alg  Alpha 
---------------------------------------------------------------------------------------
**       1  -0.754473  1839.800  0.54516  0.140E+01  0.177E+00  pot  B   0.1000
         2  -0.780631  1816.761  0.57590  0.773E-02  0.106E+01  pot  B   0.1000
         3  -1.064684  1815.331  0.57694  0.183E-02  0.415E+00  pot  B   0.1000
         4  -1.045708  1798.491  0.59027  0.583E-02  0.895E+00  pot  B   0.1000
         5  -1.149525  1788.878  0.59712  0.337E-02  0.793E+00  pot  B   0.1000
         6  -1.419039  1772.169  0.60784  0.552E-02  0.441E+00  pot  B   0.1000
         7  -1.465972  1757.168  0.61831  0.511E-02  0.448E+00  pot  B   0.1000
         8  -1.512184  1743.350  0.62893  0.485E-02  0.385E+00  pot  B   0.1000
         9  -1.557343  1733.388  0.63666  0.364E-02  0.125E+00  pot  B   0.1000
        10  -1.568534  1728.743  0.64076  0.195E-02  0.932E-01  pot  B   0.1000
        11  -1.577388  1724.799  0.64357  0.187E-02  0.928E-01  pot  B   0.1000
        12  -1.588026  1720.233  0.64718  0.237E-02  0.950E-01  pot  B   0.1000
        13  -1.598410  1713.715  0.65197  0.347E-02  0.939E-01  pot  B   0.1000
        14  -1.594613  1717.766  0.64843  0.162E-02  0.930E-01  pot  B   0.1000
        15  -1.604612  1707.692  0.65587  0.486E-02  0.319E-01  pot  B   0.1000
        16  -1.602916  1708.432  0.65604  0.551E-03  0.680E-01  pot  B   0.1000
        17  -1.604626  1706.179  0.65803  0.109E-02  0.118E-01  pot  B   0.1000
        18  -1.604702  1706.382  0.65810  0.107E-03  0.680E-02  pot  B   0.1000
        19  -1.604790  1706.263  0.65885  0.176E-03  0.752E-02  pot  B   0.1000
        20  -1.604851  1706.179  0.65956  0.184E-03  0.109E-01  pot  B   0.1000
        21  -1.604834  1706.253  0.65966  0.750E-04  0.149E-01  pot  B   0.1000
        22  -1.604954  1706.310  0.66047  0.174E-03  0.839E-02  pot  B   0.1000
        23  -1.604922  1706.144  0.66056  0.811E-04  0.105E-01  pot  B   0.1000
        24  -1.605004  1706.266  0.66148  0.183E-03  0.680E-02  pot  B   0.1000
        25  -1.605020  1706.302  0.66183  0.630E-04  0.358E-02  pot  B   0.1000
        26  -1.605029  1706.364  0.66204  0.443E-04  0.354E-02  pot  B   0.1000
        27  -1.605032  1706.292  0.66220  0.472E-04  0.303E-02  pot  B   0.1000
        28  -1.605034  1706.299  0.66226  0.158E-04  0.184E-02  pot  B   0.1000
        29  -1.605038  1706.313  0.66238  0.251E-04  0.151E-02  pot  B   0.1000
        30  -1.605039  1706.299  0.66243  0.147E-04  0.140E-02  pot  B   0.1000
        31  -1.605041  1706.284  0.66254  0.163E-04  0.160E-02  pot  B   0.1000
        32  -1.605043  1706.277  0.66260  0.112E-04  0.143E-02  pot  B   0.1000
        33  -1.605044  1706.266  0.66265  0.885E-05  0.129E-02  pot  B   0.1000
        34  -1.605044  1706.259  0.66269  0.724E-05  0.729E-03  pot  B   0.1000
        35  -1.605044  1706.255  0.66270  0.541E-05  0.902E-03  pot  B   0.1000
        36  -1.605045  1706.251  0.66274  0.742E-05  0.685E-03  pot  B   0.1000
        37  -1.605046  1706.245  0.66277  0.423E-05  0.484E-03  pot  B   0.1000
        38  -1.605046  1706.234  0.66280  0.679E-05  0.505E-03  pot  B   0.1000
        39  -1.605046  1706.232  0.66281  0.373E-05  0.922E-03  pot  B   0.1000
        40  -1.605046  1706.227  0.66284  0.417E-05  0.556E-03  pot  B   0.1000
        41  -1.605046  1706.220  0.66285  0.372E-05  0.303E-03  pot  B   0.1000
        42  -1.605046  1706.217  0.66286  0.254E-05  0.212E-03  pot  B   0.1000
        43  -1.605046  1706.212  0.66287  0.235E-05  0.189E-03  pot  B   0.1000
        44  -1.605046  1706.211  0.66287  0.156E-05  0.173E-03  pot  B   0.1000
        45  -1.605046  1706.209  0.66287  0.126E-05  0.213E-03  pot  B   0.1000
        46  -1.605046  1706.208  0.66287  0.104E-05  0.189E-03  pot  B   0.1000
        47  -1.605046  1706.206  0.66287  0.122E-05  0.219E-03  pot  B   0.1000
        48  -1.605046  1706.205  0.66287  0.103E-05  0.170E-03  pot  B   0.1000
        49  -1.605046  1706.204  0.66287  0.916E-06  0.113E-03  pot  B   0.1000
        50  -1.605046  1706.202  0.66287  0.731E-06  0.106E-03  pot  B   0.1000
        51  -1.605046  1706.202  0.66287  0.539E-06  0.131E-03  pot  B   0.1000
        52  -1.605046  1706.202  0.66287  0.463E-06  0.992E-04  pot  B   0.1000
        53  -1.605046  1706.201  0.66287  0.444E-06  0.465E-04  pot  B   0.1000
        54  -1.605046  1706.201  0.66286  0.408E-06  0.439E-04  pot  B   0.1000
        55  -1.605046  1706.200  0.66286  0.102E-05  0.560E-04  pot  B   0.1000
        56  -1.605046  1706.200  0.66286  0.502E-06  0.621E-04  pot  B   0.1000
        57  -1.605046  1706.199  0.66286  0.512E-06  0.694E-04  pot  B   0.1000
        58  -1.605046  1706.199  0.66286  0.457E-06  0.580E-04  pot  B   0.1000
        59  -1.605046  1706.199  0.66285  0.791E-06  0.506E-04  pot  B   0.1000
        60  -1.605046  1706.199  0.66286  0.275E-06  0.420E-04  pot  B   0.1000
        61  -1.605046  1706.199  0.66285  0.307E-06  0.317E-04  pot  B   0.1000
        62  -1.605046  1706.199  0.66285  0.373E-06  0.186E-04  pot  B   0.1000
        63  -1.605046  1706.200  0.66285  0.273E-06  0.500E-04  pot  B   0.1000
        64  -1.605046  1706.200  0.66285  0.146E-06  0.270E-04  pot  B   0.1000
        65  -1.605046  1706.200  0.66285  0.263E-06  0.154E-04  pot  B   0.1000
        66  -1.605046  1706.200  0.66285  0.190E-06  0.199E-04  pot  B   0.1000
        67  -1.605046  1706.201  0.66285  0.309E-06  0.137E-04  pot  B   0.1000
        68  -1.605046  1706.201  0.66285  0.187E-06  0.116E-04  pot  B   0.1000
        69  -1.605046  1706.201  0.66285  0.899E-07  0.134E-04  pot  B   0.1000
        70  -1.605046  1706.201  0.66285  0.100E-06  0.956E-05  pot  B   0.1000
        71  -1.605046  1706.202  0.66285  0.186E-06  0.972E-05  pot  B   0.1000
        72  -1.605046  1706.202  0.66285  0.796E-07  0.169E-04  pot  B   0.1000
        73  -1.605046  1706.202  0.66285  0.115E-06  0.145E-04  pot  B   0.1000
        74  -1.605046  1706.202  0.66285  0.139E-06  0.814E-05  pot  B   0.1000
        75  -1.605046  1706.202  0.66285  0.103E-06  0.158E-04  pot  B   0.1000
        76  -1.605046  1706.202  0.66285  0.487E-07  0.965E-05  pot  B   0.1000
        77  -1.605046  1706.203  0.66285  0.728E-07  0.557E-05  pot  B   0.1000
        78  -1.605046  1706.203  0.66285  0.441E-07  0.616E-05  pot  B   0.1000
        79  -1.605046  1706.203  0.66285  0.508E-07  0.280E-05  pot  B   0.1000
        80  -1.605046  1706.203  0.66285  0.448E-07  0.375E-05  pot  B   0.1000
        81  -1.605046  1706.203  0.66285  0.303E-07  0.524E-05  pot  B   0.1000
        82  -1.605046  1706.203  0.66285  0.300E-07  0.350E-05  pot  B   0.1000
        83  -1.605046  1706.203  0.66285  0.491E-07  0.290E-05  pot  B   0.1000
        84  -1.605046  1706.203  0.66285  0.280E-07  0.620E-05  pot  B   0.1000
        85  -1.605046  1706.203  0.66285  0.402E-07  0.509E-05  pot  B   0.1000
        86  -1.605046  1706.203  0.66285  0.246E-07  0.227E-05  pot  B   0.1000
        87  -1.605046  1706.203  0.66285  0.315E-07  0.335E-05  pot  B   0.1000
        88  -1.605046  1706.203  0.66285  0.107E-07  0.254E-05  pot  B   0.1000
        89  -1.605046  1706.203  0.66285  0.133E-07  0.139E-05  pot  B   0.1000
        90  -1.605046  1706.203  0.66285  0.226E-07  0.206E-05  pot  B   0.1000
        91  -1.605046  1706.203  0.66285  0.192E-07  0.143E-05  pot  B   0.1000
        92  -1.605046  1706.203  0.66285  0.269E-07  0.136E-05  pot  B   0.1000
        93  -1.605046  1706.203  0.66285  0.195E-07  0.141E-05  pot  B   0.1000
        94  -1.605046  1706.203  0.66285  0.130E-07  0.113E-05  pot  B   0.1000
        95  -1.605046  1706.203  0.66285  0.208E-07  0.857E-06  pot  B   0.1000
        96  -1.605046  1706.203  0.66285  0.164E-07  0.165E-05  pot  B   0.1000
        97  -1.605046  1706.203  0.66285  0.115E-07  0.174E-05  pot  B   0.1000
        98  -1.605046  1706.203  0.66285  0.975E-08  0.121E-05  pot  B   0.1000
        99  -1.605046  1706.203  0.66285  0.251E-07  0.127E-05  pot  B   0.1000
       100  -1.605046  1706.203  0.66285  0.682E-08  0.132E-05  pot  B   0.1000
       101  -1.605046  1706.203  0.66285  0.780E-08  0.938E-06  pot  B   0.1000
       102  -1.605046  1706.203  0.66285  0.138E-07  0.920E-06  pot  B   0.1000
       103  -1.605046  1706.203  0.66285  0.733E-08  0.637E-06  pot  B   0.1000
       104  -1.605046  1706.203  0.66285  0.798E-08  0.387E-06  pot  B   0.1000
       105  -1.605046  1706.203  0.66285  0.409E-08  0.378E-06  pot  B   0.1000
       106  -1.605046  1706.203  0.66285  0.275E-08  0.331E-06  pot  B   0.1000
       107  -1.605046  1706.203  0.66285  0.445E-08  0.277E-06  pot  B   0.1000
       108  -1.605046  1706.203  0.66285  0.464E-08  0.561E-06  pot  B   0.1000
       109  -1.605046  1706.203  0.66285  0.392E-08  0.640E-06  pot  B   0.1000
       110  -1.605046  1706.203  0.66285  0.363E-08  0.463E-06  pot  B   0.1000
       111  -1.605046  1706.203  0.66285  0.482E-08  0.353E-06  pot  B   0.1000
       112  -1.605046  1706.203  0.66285  0.171E-08  0.360E-06  pot  B   0.1000
       113  -1.605046  1706.203  0.66285  0.215E-08  0.228E-06  pot  B   0.1000
       114  -1.605046  1706.203  0.66285  0.183E-08  0.231E-06  pot  B   0.1000
       115  -1.605046  1706.203  0.66285  0.142E-08  0.234E-06  pot  B   0.1000
       116  -1.605046  1706.203  0.66285  0.210E-08  0.152E-06  pot  B   0.1000
       117  -1.605046  1706.203  0.66285  0.154E-08  0.147E-06  pot  B   0.1000
       118  -1.605046  1706.203  0.66285  0.132E-08  0.150E-06  pot  B   0.1000
       119  -1.605046  1706.203  0.66285  0.163E-08  0.890E-07  pot  B   0.1000
       120  -1.605046  1706.203  0.66285  0.268E-08  0.129E-06  pot  B   0.1000
       121  -1.605046  1706.203  0.66285  0.983E-09  0.152E-06  pot  B   0.1000
       122  -1.605046  1706.203  0.66285  0.106E-08  0.161E-06  pot  B   0.1000
       123  -1.605046  1706.203  0.66285  0.234E-08  0.914E-07  pot  B   0.1000
       124  -1.605046  1706.203  0.66285  0.108E-08  0.132E-06  pot  B   0.1000
       125  -1.605046  1706.203  0.66285  0.139E-08  0.112E-06  pot  B   0.1000
       126  -1.605046  1706.203  0.66285  0.145E-08  0.100E-06  pot  B   0.1000
       127  -1.605046  1706.203  0.66285  0.680E-09  0.136E-06  pot  B   0.1000
       128  -1.605046  1706.203  0.66285  0.168E-08  0.939E-07  pot  B   0.1000
       129  -1.605046  1706.203  0.66285  0.102E-08  0.715E-07  pot  B   0.1000
       130  -1.605046  1706.203  0.66285  0.747E-09  0.550E-07  pot  B   0.1000
       131  -1.605046  1706.203  0.66285  0.454E-09  0.391E-07  pot  B   0.1000
       132  -1.605046  1706.203  0.66285  0.949E-09  0.471E-07  pot  B   0.1000
       133  -1.605046  1706.203  0.66285  0.354E-09  0.526E-07  pot  B   0.1000
       134  -1.605046  1706.203  0.66285  0.413E-09  0.613E-07  pot  B   0.1000
       135  -1.605046  1706.203  0.66285  0.696E-09  0.255E-07  pot  B   0.1000
       136  -1.605046  1706.203  0.66285  0.431E-09  0.448E-07  pot  B   0.1000
       137  -1.605046  1706.203  0.66285  0.339E-09  0.462E-07  pot  B   0.1000
       138  -1.605046  1706.203  0.66285  0.384E-09  0.364E-07  pot  B   0.1000
       139  -1.605046  1706.203  0.66285  0.202E-09  0.406E-07  pot  B   0.1000
       140  -1.605046  1706.203  0.66285  0.220E-09  0.309E-07  pot  B   0.1000
       141  -1.605046  1706.203  0.66285  0.129E-09  0.173E-07  pot  B   0.1000
       142  -1.605046  1706.203  0.66285  0.111E-09  0.202E-07  pot  B   0.1000
       143  -1.605046  1706.203  0.66285  0.782E-10  0.132E-07  pot  B   0.1000
       144  -1.605046  1706.203  0.66285  0.193E-09  0.108E-07  pot  B   0.1000
       145  -1.605046  1706.203  0.66285  0.103E-09  0.208E-07  pot  B   0.1000
       146  -1.605046  1706.203  0.66285  0.134E-09  0.163E-07  pot  B   0.1000
       147  -1.605046  1706.203  0.66285  0.134E-09  0.993E-08  pot  B   0.1000
**     148  -1.605046  1706.203  0.66285  0.140E-11  0.993E-08  pot  B   0.1000
**     149  -1.605046  1706.203  0.66285  0.140E-11  0.993E-08  pot  B   0.1000
