 Atom   Index      Q          Qmt        dQ        Vmad        Local Energy
  W         1   73.86209   72.55746   -0.13791    1.75452      -32312.52161
  W         2   73.84021   72.53557   -0.15979    1.77768      -32312.54625
  W         3   73.98527   72.68064   -0.01473    1.62930      -32312.44112
  W         4   73.91353   72.60889   -0.08647    1.70566      -32312.50035
  W         5   73.90040   72.59576   -0.09960    1.72528      -32312.51083
  W         6   73.87073   72.56610   -0.12927    1.75442      -32312.53046
  W         7   73.89275   72.58811   -0.10725    1.71626      -32312.49059
  W         8   73.98356   72.67892   -0.01644    1.62547      -32312.44086
  W         9   73.87060   72.56596   -0.12940    1.74989      -32312.52870
  W        10   73.80624   72.50161   -0.19376    1.81194      -32312.55658
  W        11   73.94566   72.64102   -0.05434    1.67008      -32312.47002
  W        12   73.83826   72.53363   -0.16174    1.77705      -32312.53681
  W        13   74.00492   72.70029    0.00492    1.60484      -32312.41626
  W        14   73.85778   72.55315   -0.14222    1.75290      -32312.51210
  W        15   73.93561   72.63098   -0.06439    1.68557      -32312.48316
  W        16   73.87301   72.56838   -0.12699    1.73835      -32312.51008
  W        17   73.87329   72.56866   -0.12671    1.75430      -32312.53724
  W        18   73.85493   72.55029   -0.14507    1.76417      -32312.53898
  W        19   73.99487   72.69024   -0.00513    1.61491      -32312.43725
  W        20   73.83333   72.52870   -0.16667    1.78405      -32312.54638
  W        21   73.91308   72.60845   -0.08692    1.70689      -32312.50037
  W        22   73.78709   72.48245   -0.21291    1.83091      -32312.55839
  W        23   73.85405   72.54942   -0.14595    1.76597      -32312.54159
  W        24   73.84473   72.54010   -0.15527    1.77166      -32312.53742
  W        25   73.86658   72.56195   -0.13342    1.74125      -32312.50386
  W        26   73.86728   72.56264   -0.13272    1.74491      -32312.52329
  W        27   73.83075   72.52612   -0.16925    1.77681      -32312.53012
  W        28   73.89500   72.59037   -0.10500    1.71616      -32312.49923
  W        29   73.86146   72.55683   -0.13854    1.74910      -32312.51465
  W        30   73.95410   72.64947   -0.04590    1.65716      -32312.47054
  W        31   73.87088   72.56625   -0.12912    1.74406      -32312.51456
  W        32   73.90496   72.60032   -0.09504    1.70174      -32312.48552
  W        33   73.91258   72.60795   -0.08742    1.71388      -32312.50702
  W        34   73.98149   72.67686   -0.01851    1.62557      -32312.43397
  W        35   73.87298   72.56835   -0.12702    1.75661      -32312.53845
  W        36   73.86659   72.56196   -0.13341    1.74535      -32312.51076
  W        37   73.96405   72.65942   -0.03595    1.65721      -32312.46931
  W        38   73.95388   72.64924   -0.04612    1.65927      -32312.46414
  W        39   73.86071   72.55608   -0.13929    1.76107      -32312.53210
  W        40   73.90838   72.60374   -0.09162    1.71509      -32312.50239
  W        41   73.83953   72.53489   -0.16047    1.77419      -32312.54627
  W        42   73.85834   72.55370   -0.14166    1.76565      -32312.53524
  W        43   73.81720   72.51257   -0.18280    1.80115      -32312.55545
  W        44   73.99082   72.68619   -0.00918    1.62710      -32312.44866
  W        45   74.04908   72.74445    0.04908    1.57219      -32312.41181
  W        46   73.81445   72.50982   -0.18555    1.81058      -32312.57479
  W        47   73.91731   72.61268   -0.08269    1.70413      -32312.48667
  W        48   73.94766   72.64302   -0.05234    1.67140      -32312.47551
  W        49   73.82496   72.52033   -0.17504    1.79352      -32312.54280
  W        50   73.93063   72.62599   -0.06937    1.68993      -32312.48896
  W        51   73.77676   72.47212   -0.22324    1.84013      -32312.56954
  W        52   73.89996   72.59533   -0.10004    1.72035      -32312.51207
  W        53   73.91152   72.60689   -0.08848    1.70216      -32312.48302
  W        54   73.88004   72.57541   -0.11996    1.73027      -32312.50735
  W        55   73.82276   72.51813   -0.17724    1.79286      -32312.54792
  W        56   73.86961   72.56498   -0.13039    1.75317      -32312.52774
  W        57   73.86154   72.55690   -0.13846    1.75878      -32312.53719
  W        58   73.93289   72.62826   -0.06711    1.68256      -32312.47025
  W        59   73.95478   72.65015   -0.04522    1.66888      -32312.46657
  W        60   73.90134   72.59670   -0.09866    1.70093      -32312.47556
  W        61   73.93653   72.63190   -0.06347    1.68830      -32312.48266
  W        62   73.86166   72.55703   -0.13834    1.76049      -32312.53502
  W        63   73.87599   72.57135   -0.12401    1.73135      -32312.51108
  W        64   73.84601   72.54138   -0.15399    1.77685      -32312.54379
  Nb       65   40.97366   39.66903   -0.02634    1.67049       -7632.57464
  Nb       66   40.98522   39.68058   -0.01478    1.67318       -7632.57957
  Nb       67   40.93724   39.63261   -0.06276    1.71158       -7632.58015
  Nb       68   40.94799   39.64336   -0.05201    1.69451       -7632.57818
  Nb       69   40.83840   39.53377   -0.16160    1.81009       -7632.65013
  Nb       70   40.78404   39.47941   -0.21596    1.86642       -7632.67947
  Nb       71   40.89891   39.59427   -0.10109    1.74692       -7632.60080
  Nb       72   40.99948   39.69485   -0.00052    1.64238       -7632.55472
  Nb       73   40.94178   39.63715   -0.05822    1.71088       -7632.59269
  Nb       74   41.01263   39.70800    0.01263    1.64116       -7632.54918
  Nb       75   40.96983   39.66519   -0.03017    1.67449       -7632.56925
  Nb       76   40.77255   39.46791   -0.22745    1.87281       -7632.68832
  Nb       77   40.84134   39.53670   -0.15866    1.80254       -7632.64070
  Nb       78   41.00814   39.70350    0.00814    1.63733       -7632.53490
  Nb       79   40.82722   39.52258   -0.17278    1.83092       -7632.66724
  Nb       80   40.91370   39.60907   -0.08630    1.73818       -7632.61214
  Nb       81   40.87262   39.56799   -0.12738    1.78073       -7632.62748
  Nb       82   40.83050   39.52586   -0.16950    1.81878       -7632.65838
  Nb       83   40.94084   39.63621   -0.05916    1.69466       -7632.57871
  Nb       84   40.90474   39.60010   -0.09526    1.74222       -7632.61328
  Nb       85   41.07525   39.77062    0.07525    1.57498       -7632.51013
  Nb       86   40.95635   39.65172   -0.04365    1.69264       -7632.58312
  Nb       87   40.93436   39.62972   -0.06564    1.70951       -7632.59416
  Nb       88   40.94330   39.63866   -0.05670    1.71094       -7632.59177
  Nb       89   40.88290   39.57826   -0.11710    1.76197       -7632.62609
  Nb       90   40.83381   39.52917   -0.16619    1.81852       -7632.66561
  Nb       91   41.13863   39.83399    0.13863    1.51697       -7632.48188
  Nb       92   40.93113   39.62650   -0.06887    1.71771       -7632.58298
  Nb       93   40.95459   39.64996   -0.04541    1.69670       -7632.58708
  Nb       94   40.95399   39.64935   -0.04601    1.69324       -7632.56462
  Nb       95   40.98904   39.68440   -0.01096    1.65740       -7632.55898
  Nb       96   41.05366   39.74902    0.05366    1.59557       -7632.52344
  Nb       97   41.00737   39.70274    0.00737    1.64168       -7632.54966
  Nb       98   40.94793   39.64330   -0.05207    1.70398       -7632.58482
  Nb       99   40.98691   39.68228   -0.01309    1.65811       -7632.56251
  Nb      100   40.89725   39.59262   -0.10275    1.75481       -7632.61608
  Nb      101   40.89683   39.59220   -0.10317    1.75383       -7632.62022
  Nb      102   40.96592   39.66128   -0.03408    1.67376       -7632.56831
  Nb      103   40.94997   39.64534   -0.05003    1.69862       -7632.59212
  Nb      104   40.89951   39.59488   -0.10049    1.75424       -7632.62284
  Nb      105   41.06846   39.76383    0.06846    1.57807       -7632.50978
  Nb      106   40.93830   39.63366   -0.06170    1.71119       -7632.59669
  Nb      107   40.91006   39.60543   -0.08994    1.73811       -7632.60180
  Nb      108   40.97713   39.67249   -0.02287    1.68094       -7632.58267
  Nb      109   40.79562   39.49098   -0.20438    1.85980       -7632.68429
  Nb      110   41.05100   39.74636    0.05100    1.59271       -7632.51895
  Nb      111   40.93019   39.62555   -0.06981    1.71868       -7632.61084
  Nb      112   40.97925   39.67462   -0.02075    1.67603       -7632.57022
  Nb      113   41.06007   39.75544    0.06007    1.59275       -7632.52999
  Nb      114   40.94930   39.64466   -0.05070    1.69637       -7632.57158
  Nb      115   40.90867   39.60404   -0.09133    1.74032       -7632.61919
  Nb      116   40.90608   39.60144   -0.09392    1.74640       -7632.61050
  Nb      117   40.82786   39.52322   -0.17214    1.82400       -7632.65772
  Nb      118   40.98040   39.67576   -0.01960    1.66420       -7632.56356
  Nb      119   41.02876   39.72413    0.02876    1.62635       -7632.54332
  Nb      120   40.98062   39.67598   -0.01938    1.67003       -7632.57917
  Nb      121   40.81619   39.51156   -0.18381    1.83045       -7632.66647
  Nb      122   40.89094   39.58630   -0.10906    1.76153       -7632.62715
  Nb      123   40.93159   39.62696   -0.06841    1.71955       -7632.59941
  Nb      124   40.98515   39.68051   -0.01485    1.66065       -7632.56477
  Nb      125   41.01843   39.71380    0.01843    1.63107       -7632.53270
  Nb      126   40.89601   39.59138   -0.10399    1.75491       -7632.62290
  Nb      127   41.00854   39.70391    0.00854    1.64032       -7632.55132
  Nb      128   40.85165   39.54702   -0.14835    1.79649       -7632.64193
  Mo      129   42.13594   40.83130    0.13594    1.60343       -8090.55761
  Mo      130   41.98067   40.67603   -0.01933    1.76651       -8090.65735
  Mo      131   42.11789   40.81326    0.11789    1.61933       -8090.55405
  Mo      132   42.05964   40.75500    0.05964    1.68956       -8090.61004
  Mo      133   42.05879   40.75416    0.05879    1.69718       -8090.62159
  Mo      134   41.98553   40.68090   -0.01447    1.75632       -8090.64318
  Mo      135   42.04590   40.74127    0.04590    1.69920       -8090.61637
  Mo      136   42.06776   40.76313    0.06776    1.67414       -8090.58985
  Mo      137   42.06130   40.75666    0.06130    1.68448       -8090.60187
  Mo      138   42.08106   40.77643    0.08106    1.66569       -8090.59412
  Mo      139   42.11414   40.80951    0.11414    1.62208       -8090.55981
  Mo      140   42.02658   40.72194    0.02658    1.72595       -8090.63434
  Mo      141   42.12200   40.81737    0.12200    1.61718       -8090.55941
  Mo      142   42.12812   40.82349    0.12812    1.62261       -8090.57200
  Mo      143   42.06545   40.76081    0.06545    1.68388       -8090.61097
  Mo      144   42.05870   40.75406    0.05870    1.68889       -8090.60794
  Mo      145   42.18048   40.87585    0.18048    1.56194       -8090.53102
  Mo      146   42.07656   40.77193    0.07656    1.67716       -8090.60789
  Mo      147   42.15323   40.84860    0.15323    1.59762       -8090.55846
  Mo      148   42.05511   40.75048    0.05511    1.68728       -8090.60356
  Mo      149   42.06403   40.75940    0.06403    1.67582       -8090.58529
  Mo      150   42.07926   40.77463    0.07926    1.65944       -8090.58239
  Mo      151   42.10086   40.79622    0.10086    1.63246       -8090.55930
  Mo      152   42.08669   40.78205    0.08669    1.64853       -8090.57588
  Mo      153   42.08352   40.77888    0.08352    1.66236       -8090.59311
  Mo      154   42.02997   40.72533    0.02997    1.71114       -8090.61189
  Mo      155   41.94588   40.64125   -0.05412    1.81110       -8090.69392
  Mo      156   42.11090   40.80627    0.11090    1.63182       -8090.57580
  Mo      157   42.08838   40.78375    0.08838    1.64758       -8090.57124
  Mo      158   42.11278   40.80815    0.11278    1.62584       -8090.57392
  Mo      159   41.99063   40.68599   -0.00937    1.75894       -8090.64524
  Mo      160   42.07393   40.76930    0.07393    1.66493       -8090.58925
  Mo      161   42.18842   40.88379    0.18842    1.55827       -8090.53763
  Mo      162   42.01323   40.70860    0.01323    1.74774       -8090.65885
  Mo      163   42.04743   40.74280    0.04743    1.69725       -8090.60832
  Mo      164   42.06650   40.76187    0.06650    1.67683       -8090.59518
  Mo      165   42.09150   40.78687    0.09150    1.65856       -8090.59510
  Mo      166   42.25564   40.95101    0.25564    1.47781       -8090.47696
  Mo      167   42.07235   40.76772    0.07235    1.66901       -8090.58929
  Mo      168   42.11707   40.81243    0.11707    1.62804       -8090.56677
  Mo      169   42.09391   40.78927    0.09391    1.64175       -8090.57299
  Mo      170   42.08819   40.78356    0.08819    1.63860       -8090.55879
  Mo      171   41.98244   40.67781   -0.01756    1.76944       -8090.65686
  Mo      172   41.96753   40.66289   -0.03247    1.78644       -8090.67000
  Mo      173   42.14413   40.83950    0.14413    1.60027       -8090.55453
  Mo      174   42.14981   40.84517    0.14981    1.59020       -8090.54654
  Mo      175   42.05857   40.75394    0.05857    1.68827       -8090.60326
  Mo      176   42.18204   40.87741    0.18204    1.56216       -8090.53397
  Mo      177   42.03200   40.72737    0.03200    1.72104       -8090.63481
  Mo      178   42.19895   40.89431    0.19895    1.53282       -8090.49860
  Mo      179   41.98702   40.68239   -0.01298    1.75642       -8090.64012
  Mo      180   42.05974   40.75511    0.05974    1.68241       -8090.59755
  Mo      181   41.93802   40.63339   -0.06198    1.81017       -8090.67572
  Mo      182   42.09257   40.78793    0.09257    1.64574       -8090.56945
  Mo      183   42.16133   40.85670    0.16133    1.58347       -8090.55155
  Mo      184   42.11437   40.80974    0.11437    1.62096       -8090.55596
  Mo      185   42.03782   40.73318    0.03782    1.71538       -8090.62880
  Mo      186   42.10141   40.79678    0.10141    1.64489       -8090.58138
  Mo      187   42.17504   40.87041    0.17504    1.56098       -8090.52416
  Mo      188   42.00968   40.70505    0.00968    1.74103       -8090.64316
  Mo      189   42.01958   40.71494    0.01958    1.72483       -8090.62070
  Mo      190   42.09156   40.78693    0.09156    1.66066       -8090.59835
  Mo      191   42.16350   40.85886    0.16350    1.58281       -8090.55332
  Mo      192   42.09595   40.79131    0.09595    1.63891       -8090.56943
  Ta      193   72.70182   71.39718   -0.29818    1.85668      -31232.99643
  Ta      194   72.68862   71.38398   -0.31138    1.87143      -31233.01118
  Ta      195   72.93085   71.62621   -0.06915    1.62908      -31232.85410
  Ta      196   72.74794   71.44331   -0.25206    1.80302      -31232.96448
  Ta      197   72.68452   71.37989   -0.31548    1.86713      -31232.98138
  Ta      198   72.74604   71.44141   -0.25396    1.80623      -31232.94695
  Ta      199   72.81702   71.51238   -0.18298    1.74391      -31232.91646
  Ta      200   72.84577   71.54114   -0.15423    1.71092      -31232.89939
  Ta      201   72.74572   71.44108   -0.25428    1.80915      -31232.95481
  Ta      202   72.80632   71.50169   -0.19368    1.75280      -31232.92274
  Ta      203   72.82650   71.52187   -0.17350    1.73277      -31232.93309
  Ta      204   72.66544   71.36081   -0.33456    1.89165      -31233.01590
  Ta      205   72.83335   71.52871   -0.16665    1.72592      -31232.90590
  Ta      206   72.89567   71.59104   -0.10433    1.66881      -31232.87998
  Ta      207   72.73907   71.43443   -0.26093    1.82264      -31232.96537
  Ta      208   72.83267   71.52804   -0.16733    1.72206      -31232.91425
  Ta      209   72.84278   71.53815   -0.15722    1.71899      -31232.90485
  Ta      210   72.85466   71.55003   -0.14534    1.70434      -31232.90080
  Ta      211   72.84427   71.53964   -0.15573    1.70678      -31232.90282
  Ta      212   72.80435   71.49971   -0.19565    1.74847      -31232.92068
  Ta      213   72.79223   71.48759   -0.20777    1.76824      -31232.94716
  Ta      214   72.93971   71.63508   -0.06029    1.61909      -31232.85149
  Ta      215   72.73864   71.43401   -0.26136    1.81027      -31232.95894
  Ta      216   72.77071   71.46607   -0.22929    1.78617      -31232.93873
  Ta      217   72.80771   71.50307   -0.19229    1.75399      -31232.92674
  Ta      218   72.75279   71.44816   -0.24721    1.79769      -31232.95406
  Ta      219   72.81534   71.51070   -0.18466    1.75219      -31232.93757
  Ta      220   72.80878   71.50415   -0.19122    1.75115      -31232.92865
  Ta      221   72.78677   71.48214   -0.21323    1.76754      -31232.92522
  Ta      222   72.70281   71.39817   -0.29719    1.85346      -31232.97660
  Ta      223   72.69515   71.39052   -0.30485    1.86242      -31232.99071
  Ta      224   72.83429   71.52966   -0.16571    1.71964      -31232.90677
  Ta      225   72.71087   71.40624   -0.28913    1.84707      -31232.97787
  Ta      226   72.79035   71.48571   -0.20965    1.76724      -31232.94351
  Ta      227   72.75850   71.45387   -0.24150    1.79803      -31232.94714
  Ta      228   72.80491   71.50028   -0.19509    1.75562      -31232.92702
  Ta      229   72.85306   71.54843   -0.14694    1.70932      -31232.90943
  Ta      230   72.77981   71.47518   -0.22019    1.76981      -31232.92423
  Ta      231   72.79041   71.48578   -0.20959    1.76562      -31232.94308
  Ta      232   72.70496   71.40032   -0.29504    1.85211      -31232.98240
  Ta      233   72.71013   71.40549   -0.28987    1.84890      -31232.98402
  Ta      234   72.92345   71.61881   -0.07655    1.64525      -31232.86971
  Ta      235   72.80330   71.49867   -0.19670    1.75483      -31232.92593
  Ta      236   72.84305   71.53841   -0.15695    1.71225      -31232.90164
  Ta      237   72.80162   71.49699   -0.19838    1.76080      -31232.92844
  Ta      238   72.68516   71.38052   -0.31484    1.87175      -31232.99533
  Ta      239   72.86343   71.55880   -0.13657    1.69725      -31232.90017
  Ta      240   72.81569   71.51106   -0.18431    1.73928      -31232.90570
  Ta      241   72.90221   71.59757   -0.09779    1.64868      -31232.87421
  Ta      242   72.77718   71.47255   -0.22282    1.78636      -31232.94805
  Ta      243   72.79397   71.48934   -0.20603    1.76070      -31232.93993
  Ta      244   72.83455   71.52991   -0.16545    1.72639      -31232.92118
  Ta      245   72.78032   71.47569   -0.21968    1.77102      -31232.94071
  Ta      246   72.85704   71.55240   -0.14296    1.70585      -31232.90078
  Ta      247   72.74576   71.44113   -0.25424    1.81732      -31232.97457
  Ta      248   72.88467   71.58004   -0.11533    1.67474      -31232.86546
  Ta      249   72.80029   71.49565   -0.19971    1.75855      -31232.92435
  Ta      250   72.81645   71.51181   -0.18355    1.74260      -31232.92410
  Ta      251   72.78797   71.48334   -0.21203    1.77083      -31232.94371
  Ta      252   72.73189   71.42725   -0.26811    1.83182      -31232.98162
  Ta      253   72.80132   71.49668   -0.19868    1.75427      -31232.91871
  Ta      254   72.89152   71.58689   -0.10848    1.66930      -31232.88338
  Ta      255   72.79764   71.49301   -0.20236    1.75208      -31232.92656
  Ta      256   72.70923   71.40459   -0.29077    1.85384      -31233.00843
  Ti      257   22.25627   20.95164    0.25627    1.62328       -1704.43033
  Ti      258   22.41374   21.10911    0.41374    1.46264       -1704.36014
  Ti      259   22.20124   20.89660    0.20124    1.66708       -1704.43757
  Ti      260   22.32200   21.01737    0.32200    1.54311       -1704.35062
  Ti      261   22.17629   20.87166    0.17629    1.70298       -1704.47622
  Ti      262   22.28331   20.97867    0.28331    1.58027       -1704.36563
  Ti      263   22.22960   20.92497    0.22960    1.64596       -1704.43559
  Ti      264   22.27119   20.96656    0.27119    1.60227       -1704.41906
  Ti      265   22.27230   20.96767    0.27230    1.59875       -1704.41816
  Ti      266   22.35733   21.05270    0.35733    1.52024       -1704.36676
  Ti      267   22.38084   21.07620    0.38084    1.49908       -1704.35909
  Ti      268   22.34563   21.04100    0.34563    1.53175       -1704.37816
  Ti      269   22.23360   20.92896    0.23360    1.64032       -1704.43960
  Ti      270   22.23493   20.93029    0.23493    1.63795       -1704.42933
  Ti      271   22.22752   20.92289    0.22752    1.65813       -1704.46092
  Ti      272   22.36310   21.05846    0.36310    1.51044       -1704.35503
  Ti      273   22.25914   20.95450    0.25914    1.60450       -1704.37167
  Ti      274   22.24436   20.93973    0.24436    1.62648       -1704.39666
  Ti      275   22.18178   20.87715    0.18178    1.68223       -1704.43135
  Ti      276   22.26429   20.95965    0.26429    1.61833       -1704.42689
  Ti      277   22.32987   21.02524    0.32987    1.55113       -1704.42458
  Ti      278   22.33160   21.02696    0.33160    1.54668       -1704.40381
  Ti      279   22.33757   21.03294    0.33757    1.53672       -1704.39174
  Ti      280   22.29080   20.98617    0.29080    1.56904       -1704.36078
  Ti      281   22.26414   20.95950    0.26414    1.60102       -1704.36902
  Ti      282   22.34172   21.03708    0.34172    1.54331       -1704.40875
  Ti      283   22.23841   20.93378    0.23841    1.63857       -1704.45288
  Ti      284   22.35324   21.04861    0.35324    1.51197       -1704.35967
  Ti      285   22.35302   21.04839    0.35302    1.52401       -1704.39249
  Ti      286   22.29783   20.99319    0.29783    1.57086       -1704.39352
  Ti      287   22.25227   20.94764    0.25227    1.61227       -1704.38115
  Ti      288   22.29587   20.99123    0.29587    1.57136       -1704.37743
  Ti      289   22.21342   20.90878    0.21342    1.65302       -1704.42416
  Ti      290   22.29611   20.99147    0.29611    1.57789       -1704.39085
  Ti      291   22.29483   20.99020    0.29483    1.58178       -1704.41561
  Ti      292   22.29027   20.98564    0.29027    1.58844       -1704.41181
  Ti      293   22.36875   21.06412    0.36875    1.50746       -1704.35260
  Ti      294   22.35083   21.04620    0.35083    1.52521       -1704.37339
  Ti      295   22.27172   20.96709    0.27172    1.60697       -1704.43533
  Ti      296   22.30774   21.00311    0.30774    1.55821       -1704.36533
  Ti      297   22.30692   21.00228    0.30692    1.56216       -1704.38626
  Ti      298   22.24896   20.94432    0.24896    1.61559       -1704.38086
  Ti      299   22.40110   21.09646    0.40110    1.47802       -1704.34305
  Ti      300   22.31373   21.00909    0.31373    1.55274       -1704.35512
  Ti      301   22.15739   20.85275    0.15739    1.72352       -1704.48698
  Ti      302   22.43686   21.13222    0.43686    1.43685       -1704.32359
  Ti      303   22.26792   20.96328    0.26792    1.60989       -1704.43360
  Ti      304   22.28404   20.97941    0.28404    1.58246       -1704.37111
  Ti      305   22.37325   21.06862    0.37325    1.50110       -1704.35740
  Ti      306   22.26184   20.95720    0.26184    1.60890       -1704.42500
  Ti      307   22.35802   21.05339    0.35802    1.51776       -1704.38338
  Ti      308   22.21967   20.91504    0.21967    1.65829       -1704.45499
  Ti      309   22.34282   21.03818    0.34282    1.52604       -1704.35489
  Ti      310   22.34451   21.03988    0.34451    1.53734       -1704.38952
  Ti      311   22.37266   21.06803    0.37266    1.49495       -1704.35309
  Ti      312   22.30863   21.00399    0.30863    1.56875       -1704.38970
  Ti      313   22.28490   20.98027    0.28490    1.60308       -1704.43202
  Ti      314   22.22089   20.91626    0.22089    1.64271       -1704.39558
  Ti      315   22.35785   21.05321    0.35785    1.51612       -1704.36262
  Ti      316   22.31660   21.01197    0.31660    1.55390       -1704.37679
  Ti      317   22.22822   20.92359    0.22822    1.64769       -1704.42479
  Ti      318   22.41375   21.10912    0.41375    1.46715       -1704.37085
  Ti      319   22.19241   20.88778    0.19241    1.67920       -1704.45258
  Ti      320   22.28176   20.97713    0.28176    1.59734       -1704.41475
