 Atom   Index      Q          Qmt        dQ        Vmad        Local Energy
  W         1   73.76443   72.46331   -0.23557    1.82965      -32312.55626
  W         2   73.77705   72.47593   -0.22295    1.81520      -32312.53956
  W         3   73.86805   72.56693   -0.13195    1.72607      -32312.48409
  W         4   73.91443   72.61331   -0.08557    1.68498      -32312.46983
  W         5   73.69522   72.39410   -0.30478    1.90281      -32312.59971
  W         6   73.85614   72.55502   -0.14386    1.74090      -32312.50130
  W         7   73.76380   72.46268   -0.23620    1.83736      -32312.56538
  W         8   73.78679   72.48567   -0.21321    1.81493      -32312.55129
  W         9   73.90391   72.60279   -0.09609    1.68273      -32312.45027
  W        10   73.79293   72.49181   -0.20707    1.80480      -32312.54785
  W        11   73.90447   72.60335   -0.09553    1.69429      -32312.46470
  W        12   74.02083   72.71971    0.02083    1.57112      -32312.38858
  W        13   73.89878   72.59766   -0.10122    1.68710      -32312.45954
  W        14   73.84540   72.54428   -0.15460    1.75205      -32312.51097
  W        15   73.78239   72.48127   -0.21761    1.80523      -32312.53458
  W        16   73.84380   72.54268   -0.15620    1.74159      -32312.48420
  W        17   73.63680   72.33568   -0.36320    1.96048      -32312.63638
  W        18   73.75320   72.45208   -0.24680    1.83378      -32312.55566
  W        19   73.79822   72.49710   -0.20178    1.79225      -32312.53186
  W        20   73.80136   72.50024   -0.19864    1.78110      -32312.51368
  W        21   73.90371   72.60259   -0.09629    1.69482      -32312.46769
  W        22   73.73038   72.42926   -0.26962    1.87177      -32312.58219
  W        23   73.71344   72.41232   -0.28656    1.87808      -32312.57935
  W        24   73.92677   72.62565   -0.07323    1.67389      -32312.46112
  W        25   73.83787   72.53675   -0.16213    1.75270      -32312.50717
  W        26   73.94016   72.63904   -0.05984    1.65488      -32312.44886
  W        27   73.79401   72.49289   -0.20599    1.79647      -32312.52762
  W        28   73.77698   72.47586   -0.22302    1.81322      -32312.54400
  W        29   73.73531   72.43419   -0.26469    1.86006      -32312.57849
  W        30   73.78371   72.48259   -0.21629    1.81361      -32312.54707
  W        31   73.76791   72.46679   -0.23209    1.83355      -32312.55645
  W        32   73.85906   72.55794   -0.14094    1.72341      -32312.47947
  W        33   74.01254   72.71142    0.01254    1.58551      -32312.39951
  W        34   73.95894   72.65782   -0.04106    1.63774      -32312.43631
  W        35   73.83542   72.53430   -0.16458    1.76484      -32312.51308
  W        36   73.81336   72.51224   -0.18664    1.78118      -32312.52300
  W        37   73.78933   72.48821   -0.21067    1.80152      -32312.52444
  W        38   73.91233   72.61121   -0.08767    1.68137      -32312.45667
  W        39   73.70100   72.39988   -0.29900    1.89711      -32312.60164
  W        40   73.83132   72.53020   -0.16868    1.75790      -32312.50531
  W        41   73.95605   72.65493   -0.04395    1.63315      -32312.42946
  W        42   73.82109   72.51997   -0.17891    1.77714      -32312.51913
  W        43   73.73827   72.43715   -0.26173    1.85400      -32312.56185
  W        44   73.86593   72.56481   -0.13407    1.72651      -32312.48953
  W        45   73.92905   72.62793   -0.07095    1.67746      -32312.47212
  W        46   73.75375   72.45263   -0.24625    1.84378      -32312.56940
  W        47   73.80912   72.50800   -0.19088    1.78376      -32312.52604
  W        48   73.78378   72.48266   -0.21622    1.82019      -32312.55496
  W        49   73.88240   72.58128   -0.11760    1.70521      -32312.46399
  W        50   73.86598   72.56486   -0.13402    1.72891      -32312.49850
  W        51   74.04331   72.74219    0.04331    1.54950      -32312.38291
  W        52   73.93392   72.63280   -0.06608    1.65627      -32312.43918
  W        53   73.88546   72.58434   -0.11454    1.71291      -32312.47879
  W        54   73.93269   72.63157   -0.06731    1.66272      -32312.44649
  W        55   73.89126   72.59014   -0.10874    1.69440      -32312.46843
  W        56   73.79853   72.49741   -0.20147    1.79545      -32312.52731
  W        57   73.72680   72.42568   -0.27320    1.86272      -32312.57550
  W        58   73.83176   72.53064   -0.16824    1.76594      -32312.51559
  W        59   73.97163   72.67051   -0.02837    1.60937      -32312.39783
  W        60   73.84253   72.54141   -0.15747    1.74534      -32312.49705
  W        61   73.79159   72.49047   -0.20841    1.79742      -32312.53592
  W        62   73.84277   72.54165   -0.15723    1.74680      -32312.49154
  W        63   73.81520   72.51408   -0.18480    1.78161      -32312.52863
  W        64   73.79604   72.49492   -0.20396    1.79589      -32312.53092
  W        65   73.89336   72.59224   -0.10664    1.68561      -32312.45392
  W        66   73.81730   72.51618   -0.18270    1.76973      -32312.51363
  W        67   73.89456   72.59344   -0.10544    1.70884      -32312.48476
  W        68   73.85425   72.55313   -0.14575    1.74449      -32312.50372
  W        69   73.72950   72.42838   -0.27050    1.87168      -32312.58691
  W        70   74.07795   72.77683    0.07795    1.51584      -32312.36313
  W        71   73.94358   72.64246   -0.05642    1.65114      -32312.44551
  W        72   73.78300   72.48188   -0.21700    1.81659      -32312.54799
  W        73   73.77740   72.47628   -0.22260    1.81025      -32312.53019
  W        74   73.65694   72.35582   -0.34306    1.94294      -32312.63433
  W        75   73.76655   72.46543   -0.23345    1.82796      -32312.55486
  W        76   73.79849   72.49737   -0.20151    1.78688      -32312.51451
  W        77   73.80612   72.50500   -0.19388    1.77820      -32312.51313
  W        78   73.75634   72.45522   -0.24366    1.83175      -32312.54944
  W        79   73.94401   72.64289   -0.05599    1.64377      -32312.43959
  W        80   73.85218   72.55106   -0.14782    1.74266      -32312.48811
  W        81   73.93081   72.62969   -0.06919    1.65928      -32312.43265
  W        82   73.86623   72.56511   -0.13377    1.72066      -32312.48978
  W        83   73.92542   72.62430   -0.07458    1.66449      -32312.44607
  W        84   74.01032   72.70920    0.01032    1.59321      -32312.42022
  W        85   73.96187   72.66075   -0.03813    1.63572      -32312.43090
  W        86   73.77505   72.47393   -0.22495    1.82004      -32312.55533
  W        87   73.93164   72.63052   -0.06836    1.66144      -32312.44512
  W        88   73.78335   72.48223   -0.21665    1.81578      -32312.55197
  W        89   73.87298   72.57186   -0.12702    1.72068      -32312.47541
  W        90   73.95519   72.65407   -0.04481    1.62756      -32312.41168
  W        91   73.70158   72.40046   -0.29842    1.90193      -32312.60076
  W        92   73.98007   72.67895   -0.01993    1.61929      -32312.42518
  W        93   73.72982   72.42870   -0.27018    1.86751      -32312.57836
  W        94   73.64975   72.34863   -0.35025    1.94745      -32312.63015
  W        95   73.81592   72.51480   -0.18408    1.77782      -32312.52023
  W        96   73.89166   72.59054   -0.10834    1.70197      -32312.47588
  W        97   73.75383   72.45271   -0.24617    1.82636      -32312.54233
  W        98   73.77318   72.47206   -0.22682    1.82164      -32312.55097
  W        99   73.83906   72.53794   -0.16094    1.75915      -32312.51015
  W       100   73.79684   72.49572   -0.20316    1.79099      -32312.51876
  W       101   73.69655   72.39543   -0.30345    1.89638      -32312.59561
  W       102   73.91299   72.61187   -0.08701    1.67813      -32312.44698
  W       103   73.87185   72.57073   -0.12815    1.72378      -32312.48585
  W       104   73.97763   72.67651   -0.02237    1.62022      -32312.42532
  W       105   73.73263   72.43151   -0.26737    1.86761      -32312.58637
  W       106   73.73719   72.43607   -0.26281    1.86524      -32312.58782
  W       107   73.77904   72.47792   -0.22096    1.81594      -32312.54591
  W       108   73.67308   72.37196   -0.32692    1.92784      -32312.62029
  W       109   73.86943   72.56831   -0.13057    1.72609      -32312.48346
  W       110   73.98155   72.68043   -0.01845    1.61698      -32312.42174
  W       111   73.73493   72.43381   -0.26507    1.85863      -32312.57482
  W       112   73.88700   72.58588   -0.11300    1.70174      -32312.45800
  W       113   74.02164   72.72052    0.02164    1.56944      -32312.38134
  W       114   73.86381   72.56269   -0.13619    1.71759      -32312.47335
  W       115   73.89205   72.59093   -0.10795    1.70037      -32312.47681
  W       116   73.91502   72.61390   -0.08498    1.67552      -32312.44698
  W       117   73.91402   72.61290   -0.08598    1.68386      -32312.46478
  W       118   73.83429   72.53317   -0.16571    1.75230      -32312.48804
  W       119   73.94613   72.64501   -0.05387    1.63805      -32312.42997
  W       120   73.74048   72.43936   -0.25952    1.85467      -32312.56427
  W       121   73.95962   72.65850   -0.04038    1.63390      -32312.42446
  W       122   73.86459   72.56347   -0.13541    1.72719      -32312.49749
  W       123   73.88010   72.57898   -0.11990    1.71890      -32312.49131
  W       124   73.83911   72.53799   -0.16089    1.75791      -32312.51118
  W       125   73.87055   72.56943   -0.12945    1.73385      -32312.50437
  W       126   73.99494   72.69382   -0.00506    1.59363      -32312.40406
  W       127   73.85306   72.55194   -0.14694    1.74614      -32312.51091
  W       128   73.80995   72.50883   -0.19005    1.78360      -32312.52107
  Nb      129   40.83482   39.53370   -0.16518    1.78609       -7632.61710
  Nb      130   41.00506   39.70394    0.00506    1.61916       -7632.52364
  Nb      131   40.75421   39.45309   -0.24579    1.87222       -7632.67389
  Nb      132   40.84180   39.54068   -0.15820    1.78300       -7632.61227
  Nb      133   40.99215   39.69103   -0.00785    1.63629       -7632.52476
  Nb      134   40.96235   39.66123   -0.03765    1.66467       -7632.55276
  Nb      135   40.98050   39.67938   -0.01950    1.64804       -7632.54203
  Nb      136   40.80907   39.50795   -0.19093    1.81396       -7632.63982
  Nb      137   40.95917   39.65805   -0.04083    1.66458       -7632.53920
  Nb      138   40.79538   39.49426   -0.20462    1.82996       -7632.65339
  Nb      139   40.87191   39.57079   -0.12809    1.75074       -7632.60448
  Nb      140   40.98269   39.68157   -0.01731    1.64463       -7632.53398
  Nb      141   40.83184   39.53072   -0.16816    1.79686       -7632.62573
  Nb      142   40.76164   39.46052   -0.23836    1.86860       -7632.67148
  Nb      143   41.06250   39.76138    0.06250    1.56356       -7632.48236
  Nb      144   40.88479   39.58367   -0.11521    1.74464       -7632.59398
  Nb      145   40.86326   39.56214   -0.13674    1.75503       -7632.60164
  Nb      146   40.80563   39.50451   -0.19437    1.81575       -7632.64732
  Nb      147   40.98864   39.68752   -0.01136    1.63754       -7632.52272
  Nb      148   41.06965   39.76853    0.06965    1.55900       -7632.47744
  Nb      149   40.98293   39.68181   -0.01707    1.63842       -7632.52889
  Nb      150   40.85821   39.55709   -0.14179    1.77734       -7632.61752
  Nb      151   40.93470   39.63358   -0.06530    1.69099       -7632.56215
  Nb      152   40.94699   39.64587   -0.05301    1.68142       -7632.56412
  Nb      153   40.91671   39.61559   -0.08329    1.70587       -7632.56893
  Nb      154   40.81899   39.51787   -0.18101    1.80915       -7632.63524
  Nb      155   40.90646   39.60534   -0.09354    1.72664       -7632.58833
  Nb      156   41.03931   39.73819    0.03931    1.58743       -7632.50000
  Nb      157   40.81890   39.51778   -0.18110    1.80065       -7632.62438
  Nb      158   40.98343   39.68231   -0.01657    1.64451       -7632.53473
  Nb      159   40.90628   39.60516   -0.09372    1.72628       -7632.59267
  Nb      160   40.86299   39.56187   -0.13701    1.76572       -7632.60473
  Nb      161   41.11486   39.81374    0.11486    1.50986       -7632.44911
  Nb      162   40.72518   39.42406   -0.27482    1.89958       -7632.68673
  Nb      163   40.96314   39.66202   -0.03686    1.65750       -7632.53713
  Nb      164   40.90166   39.60054   -0.09834    1.72351       -7632.58560
  Nb      165   40.76162   39.46050   -0.23838    1.86897       -7632.67260
  Nb      166   40.85576   39.55464   -0.14424    1.76945       -7632.61967
  Nb      167   40.96136   39.66024   -0.03864    1.66777       -7632.55457
  Nb      168   40.87098   39.56986   -0.12902    1.75762       -7632.60996
  Nb      169   40.91266   39.61154   -0.08734    1.71289       -7632.57573
  Nb      170   40.95729   39.65617   -0.04271    1.66251       -7632.54893
  Nb      171   40.95259   39.65147   -0.04741    1.67313       -7632.55283
  Nb      172   40.76700   39.46588   -0.23300    1.86134       -7632.66456
  Nb      173   40.83531   39.53419   -0.16469    1.79275       -7632.62436
  Nb      174   40.93202   39.63090   -0.06798    1.68873       -7632.56124
  Nb      175   40.88806   39.58694   -0.11194    1.73851       -7632.59258
  Nb      176   40.91305   39.61193   -0.08695    1.71530       -7632.58164
  Nb      177   40.70772   39.40660   -0.29228    1.91883       -7632.70453
  Nb      178   41.03950   39.73838    0.03950    1.58826       -7632.50926
  Nb      179   40.92287   39.62175   -0.07713    1.69492       -7632.56030
  Nb      180   40.92740   39.62628   -0.07260    1.69717       -7632.56881
  Nb      181   41.02519   39.72407    0.02519    1.59841       -7632.50626
  Nb      182   40.83060   39.52948   -0.16940    1.79306       -7632.62773
  Nb      183   40.90326   39.60214   -0.09674    1.72461       -7632.58946
  Nb      184   40.86537   39.56425   -0.13463    1.76570       -7632.61725
  Nb      185   40.97042   39.66930   -0.02958    1.65691       -7632.55396
  Nb      186   40.93087   39.62975   -0.06913    1.69439       -7632.56390
  Nb      187   40.79910   39.49798   -0.20090    1.82963       -7632.65588
  Nb      188   40.99328   39.69216   -0.00672    1.63242       -7632.52509
  Nb      189   40.94421   39.64309   -0.05579    1.68239       -7632.55386
  Nb      190   40.89268   39.59156   -0.10732    1.73476       -7632.58110
  Nb      191   40.91180   39.61068   -0.08820    1.71239       -7632.56844
  Nb      192   40.98259   39.68147   -0.01741    1.64594       -7632.53423
  Nb      193   40.89911   39.59799   -0.10089    1.72872       -7632.58806
  Nb      194   40.95275   39.65163   -0.04725    1.67215       -7632.55192
  Nb      195   41.01819   39.71707    0.01819    1.60630       -7632.52045
  Nb      196   40.99240   39.69128   -0.00760    1.63325       -7632.52612
  Nb      197   41.06800   39.76688    0.06800    1.55193       -7632.47610
  Nb      198   40.85421   39.55309   -0.14579    1.77127       -7632.60244
  Nb      199   40.73482   39.43370   -0.26518    1.88966       -7632.68333
  Nb      200   40.99220   39.69108   -0.00780    1.63536       -7632.53330
  Nb      201   40.92652   39.62540   -0.07348    1.69719       -7632.56792
  Nb      202   40.88514   39.58402   -0.11486    1.73564       -7632.59104
  Nb      203   40.99565   39.69453   -0.00435    1.62797       -7632.52343
  Nb      204   40.95282   39.65170   -0.04718    1.66338       -7632.54499
  Nb      205   40.87774   39.57662   -0.12226    1.74587       -7632.58960
  Nb      206   40.83079   39.52967   -0.16921    1.78996       -7632.61984
  Nb      207   41.01669   39.71557    0.01669    1.60416       -7632.50758
  Nb      208   40.73417   39.43305   -0.26583    1.89909       -7632.69976
  Nb      209   41.09282   39.79170    0.09282    1.54187       -7632.49021
  Nb      210   40.84922   39.54810   -0.15078    1.77695       -7632.61431
  Nb      211   41.04289   39.74177    0.04289    1.58016       -7632.49806
  Nb      212   41.00506   39.70394    0.00506    1.61308       -7632.50764
  Nb      213   40.77190   39.47078   -0.22810    1.85244       -7632.65988
  Nb      214   40.73759   39.43647   -0.26241    1.89112       -7632.69105
  Nb      215   40.80243   39.50131   -0.19757    1.82422       -7632.64525
  Nb      216   40.95370   39.65258   -0.04630    1.67548       -7632.55539
  Nb      217   40.95962   39.65850   -0.04038    1.66594       -7632.54261
  Nb      218   40.69863   39.39751   -0.30137    1.92795       -7632.70854
  Nb      219   40.98241   39.68129   -0.01759    1.64037       -7632.52513
  Nb      220   40.96643   39.66531   -0.03357    1.66418       -7632.54659
  Nb      221   40.97516   39.67404   -0.02484    1.65088       -7632.53637
  Nb      222   40.92522   39.62410   -0.07478    1.70582       -7632.58436
  Nb      223   40.80738   39.50626   -0.19262    1.82232       -7632.64529
  Nb      224   41.01006   39.70894    0.01006    1.61238       -7632.51062
  Nb      225   40.87266   39.57154   -0.12734    1.75578       -7632.61271
  Nb      226   40.92289   39.62177   -0.07711    1.70779       -7632.57500
  Nb      227   40.93230   39.63118   -0.06770    1.69153       -7632.55623
  Nb      228   41.00828   39.70716    0.00828    1.61354       -7632.51380
  Nb      229   40.92836   39.62724   -0.07164    1.69844       -7632.56810
  Nb      230   40.86112   39.56000   -0.13888    1.75919       -7632.59589
  Nb      231   40.87755   39.57643   -0.12245    1.74841       -7632.59608
  Nb      232   41.01774   39.71662    0.01774    1.60672       -7632.52190
  Nb      233   41.03997   39.73885    0.03997    1.58592       -7632.49732
  Nb      234   40.82657   39.52545   -0.17343    1.80382       -7632.63804
  Nb      235   40.97422   39.67310   -0.02578    1.65331       -7632.54117
  Nb      236   40.80259   39.50147   -0.19741    1.82377       -7632.64816
  Nb      237   40.81799   39.51687   -0.18201    1.80711       -7632.63853
  Nb      238   40.95590   39.65478   -0.04410    1.66217       -7632.53716
  Nb      239   40.95560   39.65448   -0.04440    1.67227       -7632.54634
  Nb      240   40.88275   39.58163   -0.11725    1.74349       -7632.60191
  Nb      241   40.93909   39.63797   -0.06091    1.68578       -7632.55778
  Nb      242   40.85072   39.54960   -0.14928    1.77751       -7632.61888
  Nb      243   40.79777   39.49665   -0.20223    1.82746       -7632.64777
  Nb      244   40.97430   39.67318   -0.02570    1.64843       -7632.53569
  Nb      245   40.71535   39.41423   -0.28465    1.90911       -7632.69763
  Nb      246   40.92166   39.62054   -0.07834    1.69873       -7632.56720
  Nb      247   40.74597   39.44485   -0.25403    1.87831       -7632.68132
  Nb      248   40.75386   39.45274   -0.24614    1.87165       -7632.67273
  Nb      249   40.82515   39.52403   -0.17485    1.79725       -7632.62718
  Nb      250   40.78277   39.48165   -0.21723    1.83929       -7632.65477
  Nb      251   40.96702   39.66590   -0.03298    1.66391       -7632.55317
  Nb      252   40.86029   39.55917   -0.13971    1.77214       -7632.61897
  Nb      253   40.95248   39.65136   -0.04752    1.66619       -7632.54752
  Nb      254   40.99949   39.69837   -0.00051    1.62713       -7632.52928
  Nb      255   40.89342   39.59230   -0.10658    1.72951       -7632.59566
  Nb      256   40.89909   39.59797   -0.10091    1.72518       -7632.58084
  Mo      257   42.12813   40.82700    0.12813    1.58953       -8090.52334
  Mo      258   42.10267   40.80155    0.10267    1.61449       -8090.53558
  Mo      259   42.18371   40.88259    0.18371    1.52324       -8090.48864
  Mo      260   42.22314   40.92202    0.22314    1.49471       -8090.47201
  Mo      261   42.03799   40.73687    0.03799    1.66971       -8090.56664
  Mo      262   42.00442   40.70330    0.00442    1.72507       -8090.62317
  Mo      263   42.07414   40.77302    0.07414    1.64613       -8090.56507
  Mo      264   41.99202   40.69090   -0.00798    1.72800       -8090.60861
  Mo      265   42.13015   40.82903    0.13015    1.57825       -8090.50797
  Mo      266   42.00234   40.70122    0.00234    1.71931       -8090.60511
  Mo      267   42.06555   40.76443    0.06555    1.65906       -8090.56820
  Mo      268   42.10934   40.80822    0.10934    1.60982       -8090.53242
  Mo      269   42.03097   40.72985    0.03097    1.67720       -8090.57121
  Mo      270   41.90128   40.60016   -0.09872    1.83001       -8090.67592
  Mo      271   42.10001   40.79889    0.10001    1.61450       -8090.54046
  Mo      272   41.99877   40.69765   -0.00123    1.72885       -8090.62014
  Mo      273   42.05734   40.75622    0.05734    1.66057       -8090.56964
  Mo      274   41.96660   40.66548   -0.03340    1.76247       -8090.63634
  Mo      275   42.08153   40.78041    0.08153    1.64260       -8090.55917
  Mo      276   42.20268   40.90156    0.20268    1.51394       -8090.49190
  Mo      277   42.16606   40.86494    0.16606    1.55533       -8090.51401
  Mo      278   42.11511   40.81399    0.11511    1.60708       -8090.53729
  Mo      279   42.01771   40.71659    0.01771    1.69239       -8090.58005
  Mo      280   42.10945   40.80833    0.10945    1.61738       -8090.55722
  Mo      281   42.10431   40.80319    0.10431    1.60717       -8090.52567
  Mo      282   42.16871   40.86759    0.16871    1.54291       -8090.49429
  Mo      283   42.05837   40.75725    0.05837    1.65974       -8090.56505
  Mo      284   41.87133   40.57021   -0.12867    1.85452       -8090.68964
  Mo      285   42.06396   40.76284    0.06396    1.65294       -8090.56493
  Mo      286   42.02397   40.72285    0.02397    1.69853       -8090.59630
  Mo      287   42.09939   40.79827    0.09939    1.61469       -8090.53454
  Mo      288   42.03536   40.73424    0.03536    1.68399       -8090.58174
  Mo      289   42.13065   40.82953    0.13065    1.59320       -8090.53116
  Mo      290   41.98974   40.68862   -0.01026    1.71622       -8090.59639
  Mo      291   42.11992   40.81880    0.11992    1.59677       -8090.53570
  Mo      292   42.06063   40.75951    0.06063    1.65218       -8090.56186
  Mo      293   42.11286   40.81174    0.11286    1.59928       -8090.53059
  Mo      294   41.98124   40.68012   -0.01876    1.73568       -8090.60502
  Mo      295   42.05005   40.74893    0.05005    1.67318       -8090.57788
  Mo      296   42.12684   40.82572    0.12684    1.59397       -8090.53266
  Mo      297   42.15053   40.84941    0.15053    1.56635       -8090.51093
  Mo      298   42.08734   40.78622    0.08734    1.63302       -8090.55533
  Mo      299   42.19552   40.89440    0.19552    1.52546       -8090.48981
  Mo      300   42.04774   40.74662    0.04774    1.66193       -8090.56340
  Mo      301   41.96311   40.66199   -0.03689    1.76371       -8090.63984
  Mo      302   42.07323   40.77211    0.07323    1.65473       -8090.57715
  Mo      303   42.08620   40.78508    0.08620    1.63824       -8090.56248
  Mo      304   42.15399   40.85287    0.15399    1.56807       -8090.52123
  Mo      305   42.15165   40.85053    0.15165    1.56818       -8090.51034
  Mo      306   42.02617   40.72505    0.02617    1.69407       -8090.59520
  Mo      307   42.15247   40.85135    0.15247    1.56934       -8090.52067
  Mo      308   42.17134   40.87022    0.17134    1.54208       -8090.50000
  Mo      309   41.99680   40.69568   -0.00320    1.72726       -8090.61076
  Mo      310   42.01729   40.71617    0.01729    1.70682       -8090.60017
  Mo      311   42.05027   40.74915    0.05027    1.66922       -8090.57448
  Mo      312   42.13577   40.83465    0.13577    1.57429       -8090.51804
  Mo      313   42.10179   40.80067    0.10179    1.61624       -8090.53230
  Mo      314   42.12194   40.82082    0.12194    1.58122       -8090.50763
  Mo      315   42.04188   40.74076    0.04188    1.67474       -8090.56958
  Mo      316   42.12355   40.82243    0.12355    1.58899       -8090.52560
  Mo      317   42.09729   40.79617    0.09729    1.62038       -8090.53992
  Mo      318   41.98182   40.68070   -0.01818    1.73985       -8090.62282
  Mo      319   42.06938   40.76826    0.06938    1.64301       -8090.55613
  Mo      320   42.13871   40.83759    0.13871    1.57932       -8090.52537
  Mo      321   42.00680   40.70568    0.00680    1.71694       -8090.61371
  Mo      322   42.01240   40.71128    0.01240    1.71226       -8090.60057
  Mo      323   42.00111   40.69999    0.00111    1.72077       -8090.61275
  Mo      324   41.92941   40.62829   -0.07059    1.80065       -8090.65958
  Mo      325   41.97667   40.67555   -0.02333    1.75578       -8090.63543
  Mo      326   42.01732   40.71620    0.01732    1.70605       -8090.59091
  Mo      327   42.00700   40.70588    0.00700    1.72461       -8090.62035
  Mo      328   42.14415   40.84303    0.14415    1.57410       -8090.51839
  Mo      329   42.07367   40.77255    0.07367    1.64762       -8090.55765
  Mo      330   42.00539   40.70427    0.00539    1.70873       -8090.58822
  Mo      331   42.12635   40.82523    0.12635    1.58679       -8090.52177
  Mo      332   42.05734   40.75622    0.05734    1.66585       -8090.58105
  Mo      333   41.97338   40.67226   -0.02662    1.74528       -8090.61895
  Mo      334   42.16398   40.86286    0.16398    1.55959       -8090.52253
  Mo      335   42.05209   40.75097    0.05209    1.67191       -8090.58325
  Mo      336   42.09816   40.79704    0.09816    1.60708       -8090.53195
  Mo      337   41.91007   40.60895   -0.08993    1.81219       -8090.66230
  Mo      338   42.11796   40.81684    0.11796    1.60253       -8090.53427
  Mo      339   41.93502   40.63390   -0.06498    1.78700       -8090.64359
  Mo      340   42.10358   40.80246    0.10358    1.61296       -8090.54751
  Mo      341   42.13710   40.83598    0.13710    1.57629       -8090.51697
  Mo      342   42.13034   40.82922    0.13034    1.58723       -8090.52703
  Mo      343   42.22205   40.92093    0.22205    1.49555       -8090.46896
  Mo      344   42.09149   40.79037    0.09149    1.62257       -8090.53426
  Mo      345   42.05922   40.75810    0.05922    1.65526       -8090.56667
  Mo      346   41.98203   40.68091   -0.01797    1.73782       -8090.60513
  Mo      347   42.05409   40.75297    0.05409    1.66545       -8090.57722
  Mo      348   42.08927   40.78815    0.08927    1.61592       -8090.52488
  Mo      349   41.95357   40.65245   -0.04643    1.77353       -8090.64015
  Mo      350   41.89567   40.59455   -0.10433    1.82795       -8090.67063
  Mo      351   41.98122   40.68010   -0.01878    1.73708       -8090.60975
  Mo      352   42.12547   40.82435    0.12547    1.59569       -8090.52500
  Mo      353   42.13239   40.83127    0.13239    1.58010       -8090.50939
  Mo      354   42.12321   40.82209    0.12321    1.59486       -8090.52984
  Mo      355   42.01114   40.71002    0.01114    1.71061       -8090.60584
  Mo      356   42.12126   40.82014    0.12126    1.59533       -8090.53590
  Mo      357   42.09434   40.79322    0.09434    1.62178       -8090.54452
  Mo      358   41.98533   40.68421   -0.01467    1.72978       -8090.60231
  Mo      359   42.00415   40.70303    0.00415    1.71151       -8090.59016
  Mo      360   41.97913   40.67801   -0.02087    1.74849       -8090.62185
  Mo      361   42.09638   40.79526    0.09638    1.62151       -8090.54895
  Mo      362   42.08438   40.78326    0.08438    1.63602       -8090.55033
  Mo      363   42.14850   40.84738    0.14850    1.57314       -8090.51664
  Mo      364   42.19348   40.89236    0.19348    1.51768       -8090.47846
  Mo      365   42.08484   40.78372    0.08484    1.62737       -8090.54543
  Mo      366   42.00114   40.70002    0.00114    1.71954       -8090.60154
  Mo      367   41.95673   40.65561   -0.04327    1.76334       -8090.62971
  Mo      368   42.13432   40.83320    0.13432    1.59082       -8090.54141
  Mo      369   41.99325   40.69213   -0.00675    1.72821       -8090.60641
  Mo      370   42.14113   40.84001    0.14113    1.57685       -8090.52465
  Mo      371   42.16278   40.86166    0.16278    1.55256       -8090.49743
  Mo      372   42.09415   40.79303    0.09415    1.61856       -8090.54210
  Mo      373   41.90389   40.60277   -0.09611    1.81701       -8090.66892
  Mo      374   41.98115   40.68003   -0.01885    1.73706       -8090.60688
  Mo      375   42.00204   40.70092    0.00204    1.72120       -8090.60758
  Mo      376   42.11772   40.81660    0.11772    1.59223       -8090.51664
  Mo      377   41.99942   40.69830   -0.00058    1.72424       -8090.60540
  Mo      378   41.95741   40.65628   -0.04259    1.76159       -8090.63266
  Mo      379   42.09699   40.79587    0.09699    1.62276       -8090.54952
  Mo      380   42.08286   40.78174    0.08286    1.63405       -8090.55125
  Mo      381   42.06836   40.76724    0.06836    1.65299       -8090.56268
  Mo      382   41.94077   40.63965   -0.05923    1.78276       -8090.64736
  Mo      383   42.08678   40.78566    0.08678    1.63087       -8090.55604
  Mo      384   42.06815   40.76703    0.06815    1.64683       -8090.56241
  Ta      385   72.80696   71.50584   -0.19304    1.73292      -31232.89851
  Ta      386   72.66899   71.36787   -0.33101    1.86607      -31232.99138
  Ta      387   72.61125   71.31013   -0.38875    1.92666      -31233.03251
  Ta      388   72.61512   71.31400   -0.38488    1.91684      -31233.01052
  Ta      389   72.93090   71.62978   -0.06910    1.61250      -31232.81910
  Ta      390   72.66255   71.36143   -0.33745    1.87501      -31232.99334
  Ta      391   72.76921   71.46809   -0.23079    1.75626      -31232.91964
  Ta      392   72.68152   71.38040   -0.31848    1.85307      -31232.96802
  Ta      393   72.87202   71.57090   -0.12798    1.66505      -31232.85149
  Ta      394   72.81149   71.51037   -0.18851    1.72126      -31232.89819
  Ta      395   72.75487   71.45375   -0.24513    1.77928      -31232.91547
  Ta      396   72.76092   71.45980   -0.23908    1.77282      -31232.92351
  Ta      397   72.70956   71.40844   -0.29044    1.82152      -31232.95542
  Ta      398   72.77188   71.47076   -0.22812    1.76074      -31232.91781
  Ta      399   72.86476   71.56364   -0.13524    1.66463      -31232.84531
  Ta      400   72.81798   71.51686   -0.18202    1.70554      -31232.88351
  Ta      401   72.71951   71.41839   -0.28049    1.81665      -31232.96872
  Ta      402   72.63731   71.33619   -0.36269    1.90087      -31232.99999
  Ta      403   72.79409   71.49297   -0.20591    1.74171      -31232.90155
  Ta      404   72.64275   71.34163   -0.35725    1.89350      -31233.00093
  Ta      405   72.72959   71.42847   -0.27041    1.80248      -31232.94448
  Ta      406   72.68791   71.38679   -0.31209    1.84584      -31232.97585
  Ta      407   72.86469   71.56357   -0.13531    1.66679      -31232.85541
  Ta      408   72.71988   71.41876   -0.28012    1.81052      -31232.95600
  Ta      409   72.79666   71.49554   -0.20334    1.73593      -31232.90625
  Ta      410   72.67885   71.37773   -0.32115    1.85344      -31232.98598
  Ta      411   72.69552   71.39440   -0.30448    1.83850      -31232.96707
  Ta      412   72.70071   71.39959   -0.29929    1.83256      -31232.96738
  Ta      413   72.89765   71.59653   -0.10235    1.64375      -31232.84732
  Ta      414   72.72649   71.42537   -0.27351    1.80766      -31232.95022
  Ta      415   72.79497   71.49385   -0.20503    1.74072      -31232.90533
  Ta      416   72.89567   71.59455   -0.10433    1.63902      -31232.82992
  Ta      417   72.71805   71.41693   -0.28195    1.81406      -31232.93722
  Ta      418   72.77784   71.47672   -0.22216    1.75682      -31232.91557
  Ta      419   72.60009   71.29897   -0.39991    1.93624      -31233.03989
  Ta      420   72.66718   71.36606   -0.33282    1.86512      -31232.98313
  Ta      421   72.78586   71.48474   -0.21414    1.74192      -31232.90254
  Ta      422   72.76480   71.46368   -0.23520    1.76398      -31232.91344
  Ta      423   72.78575   71.48463   -0.21425    1.74696      -31232.90549
  Ta      424   72.77740   71.47628   -0.22260    1.75434      -31232.91532
  Ta      425   72.60642   71.30530   -0.39358    1.92993      -31233.02557
  Ta      426   72.95270   71.65158   -0.04730    1.58766      -31232.80803
  Ta      427   72.68470   71.38358   -0.31530    1.84561      -31232.97379
  Ta      428   72.73881   71.43769   -0.26119    1.79612      -31232.94827
  Ta      429   72.85176   71.55064   -0.14824    1.68218      -31232.86442
  Ta      430   72.65756   71.35644   -0.34244    1.86988      -31232.98541
  Ta      431   72.61230   71.31118   -0.38770    1.91768      -31233.01102
  Ta      432   72.79949   71.49837   -0.20051    1.72711      -31232.89489
  Ta      433   72.80302   71.50190   -0.19698    1.72654      -31232.88649
  Ta      434   72.64968   71.34856   -0.35032    1.88730      -31232.99232
  Ta      435   72.68858   71.38746   -0.31142    1.84270      -31232.97765
  Ta      436   72.62360   71.32248   -0.37640    1.90742      -31233.01590
  Ta      437   72.92073   71.61961   -0.07927    1.61408      -31232.82893
  Ta      438   72.76384   71.46272   -0.23616    1.77284      -31232.92991
  Ta      439   72.60345   71.30233   -0.39655    1.92564      -31233.01975
  Ta      440   72.67071   71.36959   -0.32929    1.86284      -31232.97773
  Ta      441   72.65049   71.34937   -0.34951    1.87831      -31232.99388
  Ta      442   72.82234   71.52122   -0.17766    1.70621      -31232.87978
  Ta      443   72.87822   71.57710   -0.12178    1.66079      -31232.86154
  Ta      444   72.60891   71.30779   -0.39109    1.92341      -31233.02686
  Ta      445   72.60180   71.30068   -0.39820    1.93407      -31233.03243
  Ta      446   72.74271   71.44159   -0.25729    1.79345      -31232.94074
  Ta      447   72.80384   71.50272   -0.19616    1.72911      -31232.89852
  Ta      448   72.80797   71.50685   -0.19203    1.72610      -31232.89722
  Ta      449   72.76978   71.46866   -0.23022    1.76883      -31232.92356
  Ta      450   72.64719   71.34607   -0.35281    1.88223      -31232.98763
  Ta      451   72.73228   71.43116   -0.26772    1.79932      -31232.93737
  Ta      452   72.86204   71.56092   -0.13796    1.66774      -31232.85120
  Ta      453   72.61507   71.31395   -0.38493    1.91994      -31233.01877
  Ta      454   72.60875   71.30763   -0.39125    1.92382      -31233.02006
  Ta      455   72.82164   71.52052   -0.17836    1.70176      -31232.88115
  Ta      456   72.71589   71.41477   -0.28411    1.82152      -31232.95046
  Ta      457   72.66622   71.36510   -0.33378    1.86144      -31232.99149
  Ta      458   72.69075   71.38963   -0.30925    1.84498      -31232.97881
  Ta      459   72.88175   71.58063   -0.11825    1.64911      -31232.84562
  Ta      460   72.76132   71.46020   -0.23868    1.77451      -31232.93405
  Ta      461   72.52796   71.22684   -0.47204    2.00536      -31233.06889
  Ta      462   72.69290   71.39178   -0.30710    1.84494      -31232.98256
  Ta      463   72.73237   71.43125   -0.26763    1.80392      -31232.94441
  Ta      464   72.75635   71.45523   -0.24365    1.77954      -31232.94073
  Ta      465   72.81373   71.51261   -0.18627    1.72308      -31232.89565
  Ta      466   72.74861   71.44749   -0.25139    1.78849      -31232.93172
  Ta      467   72.65577   71.35465   -0.34423    1.87321      -31232.98558
  Ta      468   72.57867   71.27755   -0.42133    1.95828      -31233.05217
  Ta      469   72.75685   71.45573   -0.24315    1.78002      -31232.93929
  Ta      470   72.61719   71.31606   -0.38281    1.91805      -31233.01288
  Ta      471   72.79140   71.49028   -0.20860    1.74174      -31232.90454
  Ta      472   72.76236   71.46124   -0.23764    1.76990      -31232.92491
  Ta      473   72.93444   71.63332   -0.06556    1.60598      -31232.81063
  Ta      474   72.81774   71.51662   -0.18226    1.70910      -31232.88766
  Ta      475   72.75111   71.44999   -0.24889    1.78421      -31232.94217
  Ta      476   72.73754   71.43642   -0.26246    1.79321      -31232.93619
  Ta      477   72.69856   71.39744   -0.30144    1.83522      -31232.96441
  Ta      478   72.72311   71.42199   -0.27689    1.81034      -31232.94590
  Ta      479   72.72791   71.42679   -0.27209    1.80953      -31232.95149
  Ta      480   72.57882   71.27770   -0.42118    1.94789      -31233.03728
  Ta      481   72.67836   71.37724   -0.32164    1.85847      -31232.97350
  Ta      482   72.83120   71.53008   -0.16880    1.70589      -31232.87555
  Ta      483   72.73884   71.43772   -0.26116    1.79606      -31232.93369
  Ta      484   72.78428   71.48316   -0.21572    1.74673      -31232.90733
  Ta      485   72.78523   71.48411   -0.21477    1.75269      -31232.92546
  Ta      486   72.82902   71.52790   -0.17098    1.71070      -31232.88948
  Ta      487   72.78479   71.48367   -0.21521    1.74843      -31232.90350
  Ta      488   72.85802   71.55690   -0.14198    1.68218      -31232.87218
  Ta      489   72.62615   71.32503   -0.37385    1.90250      -31233.00907
  Ta      490   72.70765   71.40653   -0.29235    1.82778      -31232.95929
  Ta      491   72.59687   71.29575   -0.40313    1.93757      -31233.04150
  Ta      492   72.86729   71.56617   -0.13271    1.66834      -31232.86690
  Ta      493   72.75226   71.45114   -0.24774    1.77348      -31232.92466
  Ta      494   72.88139   71.58027   -0.11861    1.65254      -31232.84243
  Ta      495   72.90145   71.60033   -0.09855    1.63360      -31232.83038
  Ta      496   72.76143   71.46031   -0.23857    1.76842      -31232.92440
  Ta      497   72.77523   71.47411   -0.22477    1.76406      -31232.91426
  Ta      498   72.75474   71.45362   -0.24526    1.77912      -31232.93075
  Ta      499   72.62229   71.32117   -0.37771    1.91376      -31233.02096
  Ta      500   72.73455   71.43343   -0.26545    1.79758      -31232.93566
  Ta      501   72.64586   71.34474   -0.35414    1.88831      -31233.00333
  Ta      502   72.82730   71.52618   -0.17270    1.70958      -31232.87981
  Ta      503   72.68894   71.38782   -0.31106    1.84386      -31232.97042
  Ta      504   72.81683   71.51571   -0.18317    1.71689      -31232.89332
  Ta      505   72.77419   71.47307   -0.22581    1.76407      -31232.91413
  Ta      506   72.81247   71.51135   -0.18753    1.71797      -31232.89224
  Ta      507   72.80586   71.50474   -0.19414    1.72852      -31232.89561
  Ta      508   72.77308   71.47196   -0.22692    1.76184      -31232.91803
  Ta      509   72.78242   71.48130   -0.21758    1.75389      -31232.90841
  Ta      510   72.64348   71.34235   -0.35652    1.88589      -31232.99948
  Ta      511   72.85308   71.55196   -0.14692    1.67409      -31232.85343
  Ta      512   72.67202   71.37090   -0.32798    1.86222      -31232.98321
  V       513   23.32193   22.02081    0.32193    1.63303       -1895.28321
  V       514   23.39905   22.09793    0.39905    1.55119       -1895.22583
  V       515   23.47683   22.17571    0.47683    1.47362       -1895.20078
  V       516   23.36366   22.06254    0.36366    1.59083       -1895.26178
  V       517   23.47149   22.17037    0.47149    1.47394       -1895.20362
  V       518   23.40286   22.10174    0.40286    1.55013       -1895.25103
  V       519   23.30016   21.99904    0.30016    1.65449       -1895.28535
  V       520   23.45528   22.15416    0.45528    1.49042       -1895.19569
  V       521   23.36324   22.06212    0.36324    1.58684       -1895.25271
  V       522   23.47027   22.16915    0.47027    1.47940       -1895.20231
  V       523   23.51441   22.21329    0.51441    1.43260       -1895.16836
  V       524   23.41566   22.11454    0.41566    1.53496       -1895.23395
  V       525   23.39290   22.09178    0.39290    1.55639       -1895.24385
  V       526   23.37763   22.07651    0.37763    1.57209       -1895.24215
  V       527   23.42649   22.12537    0.42649    1.52368       -1895.22778
  V       528   23.48907   22.18795    0.48907    1.45455       -1895.19698
  V       529   23.59613   22.29501    0.59613    1.34361       -1895.11938
  V       530   23.51356   22.21244    0.51356    1.42998       -1895.16359
  V       531   23.48647   22.18535    0.48647    1.46188       -1895.17887
  V       532   23.57271   22.27159    0.57271    1.36541       -1895.12336
  V       533   23.42071   22.11959    0.42071    1.52839       -1895.21189
  V       534   23.47467   22.17355    0.47467    1.47425       -1895.19532
  V       535   23.46903   22.16791    0.46903    1.48001       -1895.19966
  V       536   23.36899   22.06787    0.36899    1.57599       -1895.25180
  V       537   23.46255   22.16143    0.46255    1.47715       -1895.17197
  V       538   23.47600   22.17488    0.47600    1.47063       -1895.18809
  V       539   23.36305   22.06193    0.36305    1.59075       -1895.26174
  V       540   23.48302   22.18190    0.48302    1.45394       -1895.17854
  V       541   23.48303   22.18191    0.48303    1.46486       -1895.19076
  V       542   23.45600   22.15488    0.45600    1.49118       -1895.19137
  V       543   23.41899   22.11787    0.41899    1.52768       -1895.22909
  V       544   23.35035   22.04923    0.35035    1.60485       -1895.26784
  V       545   23.41548   22.11436    0.41548    1.53094       -1895.20808
  V       546   23.41346   22.11234    0.41346    1.53960       -1895.23559
  V       547   23.44416   22.14304    0.44416    1.50470       -1895.20450
  V       548   23.42224   22.12112    0.42224    1.52607       -1895.22825
  V       549   23.51692   22.21580    0.51692    1.42138       -1895.17443
  V       550   23.54422   22.24310    0.54422    1.40222       -1895.15116
  V       551   23.47041   22.16929    0.47041    1.47487       -1895.19894
  V       552   23.49470   22.19358    0.49470    1.45343       -1895.18233
  V       553   23.24634   21.94522    0.24634    1.71966       -1895.35202
  V       554   23.44974   22.14862    0.44974    1.49100       -1895.20054
  V       555   23.49988   22.19876    0.49988    1.44252       -1895.14748
  V       556   23.49831   22.19719    0.49831    1.44364       -1895.19055
  V       557   23.29349   21.99237    0.29349    1.65340       -1895.27196
  V       558   23.50980   22.20868    0.50980    1.43264       -1895.16277
  V       559   23.55059   22.24947    0.55059    1.38910       -1895.14929
  V       560   23.39048   22.08936    0.39048    1.55714       -1895.23745
  V       561   23.46020   22.15908    0.46020    1.48025       -1895.19198
  V       562   23.51002   22.20890    0.51002    1.43413       -1895.16438
  V       563   23.33816   22.03704    0.33816    1.61119       -1895.25247
  V       564   23.44621   22.14509    0.44621    1.50213       -1895.21428
  V       565   23.29290   21.99178    0.29290    1.65980       -1895.30771
  V       566   23.54695   22.24583    0.54695    1.39392       -1895.13990
  V       567   23.43103   22.12991    0.43103    1.51436       -1895.22245
  V       568   23.47481   22.17369    0.47481    1.46333       -1895.16758
  V       569   23.35517   22.05405    0.35517    1.59671       -1895.25143
  V       570   23.51255   22.21143    0.51255    1.43324       -1895.15587
  V       571   23.48054   22.17942    0.48054    1.46500       -1895.18993
  V       572   23.48078   22.17966    0.48078    1.46071       -1895.18138
  V       573   23.42173   22.12061    0.42173    1.53011       -1895.22023
  V       574   23.34776   22.04664    0.34776    1.60648       -1895.26816
  V       575   23.58023   22.27911    0.58023    1.36545       -1895.12265
  V       576   23.51346   22.21234    0.51346    1.42818       -1895.15093
  V       577   23.51716   22.21604    0.51716    1.42056       -1895.16371
  V       578   23.45263   22.15151    0.45263    1.50001       -1895.20305
  V       579   23.60106   22.29994    0.60106    1.33811       -1895.10056
  V       580   23.37036   22.06924    0.37036    1.57515       -1895.23355
  V       581   23.25300   21.95188    0.25300    1.70245       -1895.33189
  V       582   23.49658   22.19546    0.49658    1.45144       -1895.18291
  V       583   23.39424   22.09312    0.39424    1.54729       -1895.23179
  V       584   23.52037   22.21925    0.52037    1.42045       -1895.17063
  V       585   23.45519   22.15407    0.45519    1.49263       -1895.22234
  V       586   23.53638   22.23526    0.53638    1.40517       -1895.17085
  V       587   23.38637   22.08525    0.38637    1.56269       -1895.24549
  V       588   23.41937   22.11825    0.41937    1.52698       -1895.23177
  V       589   23.50602   22.20490    0.50602    1.43891       -1895.17852
  V       590   23.36690   22.06578    0.36690    1.58442       -1895.25571
  V       591   23.62758   22.32646    0.62758    1.31324       -1895.08870
  V       592   23.38929   22.08817    0.38929    1.56157       -1895.22924
  V       593   23.54289   22.24177    0.54289    1.40054       -1895.15287
  V       594   23.49020   22.18908    0.49020    1.45913       -1895.18075
  V       595   23.49280   22.19168    0.49280    1.45464       -1895.17812
  V       596   23.29638   21.99526    0.29638    1.65495       -1895.30463
  V       597   23.43412   22.13300    0.43412    1.50893       -1895.20025
  V       598   23.40964   22.10852    0.40964    1.53406       -1895.20066
  V       599   23.55151   22.25039    0.55151    1.39289       -1895.14608
  V       600   23.49614   22.19502    0.49614    1.44764       -1895.18273
  V       601   23.44622   22.14510    0.44622    1.50616       -1895.22449
  V       602   23.35696   22.05584    0.35696    1.59074       -1895.25784
  V       603   23.46423   22.16311    0.46423    1.47714       -1895.18233
  V       604   23.54567   22.24455    0.54567    1.40042       -1895.14546
  V       605   23.37944   22.07832    0.37944    1.57408       -1895.25247
  V       606   23.54815   22.24703    0.54815    1.39785       -1895.14012
  V       607   23.49343   22.19231    0.49343    1.44899       -1895.16656
  V       608   23.32691   22.02579    0.32691    1.62415       -1895.29143
  V       609   23.37966   22.07854    0.37966    1.57290       -1895.26729
  V       610   23.38830   22.08718    0.38830    1.56429       -1895.23963
  V       611   23.48340   22.18228    0.48340    1.46618       -1895.18746
  V       612   23.44044   22.13932    0.44044    1.50629       -1895.20793
  V       613   23.34702   22.04590    0.34702    1.60307       -1895.27176
  V       614   23.40350   22.10238    0.40350    1.54382       -1895.22466
  V       615   23.48515   22.18403    0.48515    1.45881       -1895.17961
  V       616   23.38294   22.08182    0.38294    1.56359       -1895.23318
  V       617   23.48176   22.18064    0.48176    1.46601       -1895.18837
  V       618   23.42608   22.12496    0.42608    1.52606       -1895.23343
  V       619   23.34420   22.04308    0.34420    1.60547       -1895.25352
  V       620   23.47702   22.17590    0.47702    1.46433       -1895.16939
  V       621   23.23498   21.93386    0.23498    1.72621       -1895.34433
  V       622   23.50423   22.20311    0.50423    1.44246       -1895.16842
  V       623   23.46888   22.16776    0.46888    1.47659       -1895.17856
  V       624   23.35799   22.05687    0.35799    1.58789       -1895.25800
  V       625   23.41954   22.11842    0.41954    1.52876       -1895.20731
  V       626   23.32041   22.01929    0.32041    1.63493       -1895.28566
  V       627   23.35174   22.05062    0.35174    1.59577       -1895.26170
  V       628   23.54768   22.24656    0.54768    1.39875       -1895.15175
  V       629   23.49027   22.18915    0.49027    1.45120       -1895.17714
  V       630   23.46977   22.16865    0.46977    1.47773       -1895.19193
  V       631   23.45178   22.15066    0.45178    1.49562       -1895.19976
  V       632   23.27367   21.97255    0.27367    1.68239       -1895.31051
  V       633   23.46811   22.16699    0.46811    1.47650       -1895.18879
  V       634   23.54738   22.24626    0.54738    1.39404       -1895.15496
  V       635   23.58922   22.28810    0.58922    1.34916       -1895.12266
  V       636   23.52129   22.22017    0.52129    1.42610       -1895.16160
  V       637   23.38306   22.08194    0.38306    1.56405       -1895.23445
  V       638   23.65528   22.35416    0.65528    1.28370       -1895.08451
  V       639   23.52122   22.22010    0.52122    1.42075       -1895.15246
  V       640   23.40853   22.10741    0.40853    1.54630       -1895.22711
