System Description            : WNbMoTaTi, BCC structure                        
Number of Atoms in Unit Cell  : 40                                              
Number of Atomic Species      : 5                                               
Number of Atoms in Each Type  : 8(W), 8(Nb), 8(Mo), 8(Ta), 8(Ti)                
Energy Offset                 : -16193                                          
=======================================================================================
    Iter     Energy      3PV     Efermi   Rms_rho    Rms_pot   Mix  Alg  Alpha 
---------------------------------------------------------------------------------------
**       1  -0.760104  1839.777  0.53775  0.140E+01  0.132E+00  pot  B   0.1000
         2  -0.927929  1816.622  0.57848  0.774E-02  0.480E+00  pot  B   0.1000
         3  -1.098595  1813.507  0.57714  0.156E-02  0.207E+00  pot  B   0.1000
         4  -1.370378  1782.293  0.59650  0.101E-01  0.162E+00  pot  B   0.1000
         5  -1.404795  1763.551  0.61085  0.623E-02  0.326E+00  pot  B   0.1000
         6  -1.491109  1747.172  0.62278  0.553E-02  0.233E+00  pot  B   0.1000
         7  -1.565281  1731.249  0.63533  0.586E-02  0.499E-01  pot  B   0.1000
         8  -1.580980  1723.466  0.64298  0.354E-02  0.388E-01  pot  B   0.1000
         9  -1.595664  1714.534  0.65062  0.472E-02  0.476E-01  pot  B   0.1000
        10  -1.601593  1710.300  0.65297  0.225E-02  0.283E-01  pot  B   0.1000
        11  -1.603333  1706.915  0.65647  0.207E-02  0.130E-01  pot  B   0.1000
        12  -1.603627  1706.401  0.65705  0.368E-03  0.393E-02  pot  B   0.1000
        13  -1.603741  1706.235  0.65800  0.273E-03  0.511E-02  pot  B   0.1000
        14  -1.603950  1706.161  0.65996  0.365E-03  0.141E-02  pot  B   0.1000
        15  -1.603959  1706.140  0.66100  0.200E-03  0.110E-02  pot  B   0.1000
        16  -1.603955  1706.181  0.66122  0.434E-04  0.486E-03  pot  B   0.1000
        17  -1.603958  1706.221  0.66135  0.286E-04  0.636E-03  pot  B   0.1000
        18  -1.603960  1706.230  0.66145  0.170E-04  0.470E-03  pot  B   0.1000
        19  -1.603964  1706.251  0.66163  0.331E-04  0.146E-03  pot  B   0.1000
        20  -1.603964  1706.225  0.66169  0.138E-04  0.103E-03  pot  B   0.1000
        21  -1.603964  1706.217  0.66172  0.686E-05  0.110E-03  pot  B   0.1000
        22  -1.603964  1706.200  0.66174  0.575E-05  0.708E-04  pot  B   0.1000
        23  -1.603964  1706.201  0.66174  0.262E-05  0.470E-04  pot  B   0.1000
        24  -1.603964  1706.200  0.66174  0.121E-05  0.257E-04  pot  B   0.1000
        25  -1.603964  1706.201  0.66175  0.976E-06  0.148E-04  pot  B   0.1000
        26  -1.603964  1706.202  0.66175  0.675E-06  0.794E-05  pot  B   0.1000
        27  -1.603964  1706.203  0.66175  0.334E-06  0.567E-05  pot  B   0.1000
        28  -1.603964  1706.204  0.66176  0.357E-06  0.395E-05  pot  B   0.1000
        29  -1.603964  1706.205  0.66176  0.528E-06  0.180E-05  pot  B   0.1000
        30  -1.603964  1706.205  0.66176  0.813E-07  0.146E-05  pot  B   0.1000
        31  -1.603964  1706.205  0.66176  0.735E-07  0.169E-05  pot  B   0.1000
        32  -1.603964  1706.205  0.66176  0.106E-06  0.500E-06  pot  B   0.1000
        33  -1.603964  1706.205  0.66176  0.596E-07  0.305E-06  pot  B   0.1000
        34  -1.603964  1706.205  0.66176  0.316E-07  0.325E-06  pot  B   0.1000
        35  -1.603964  1706.205  0.66176  0.350E-07  0.267E-06  pot  B   0.1000
        36  -1.603964  1706.205  0.66176  0.308E-07  0.194E-06  pot  B   0.1000
        37  -1.603964  1706.205  0.66176  0.164E-07  0.101E-06  pot  B   0.1000
        38  -1.603964  1706.205  0.66176  0.788E-08  0.686E-07  pot  B   0.1000
        39  -1.603964  1706.205  0.66176  0.479E-08  0.108E-06  pot  B   0.1000
        40  -1.603964  1706.205  0.66176  0.551E-08  0.413E-07  pot  B   0.1000
        41  -1.603964  1706.205  0.66176  0.154E-08  0.267E-07  pot  B   0.1000
        42  -1.603964  1706.205  0.66176  0.113E-08  0.215E-07  pot  B   0.1000
        43  -1.603964  1706.205  0.66176  0.103E-08  0.149E-07  pot  B   0.1000
        44  -1.603964  1706.205  0.66176  0.118E-08  0.831E-08  pot  B   0.1000
**      45  -1.603964  1706.205  0.66176  0.455E-12  0.831E-08  pot  B   0.1000
