 Atom   Index      Q          Qmt        dQ        Vmad        Local Energy
  W         1   73.96206   72.57483   -0.03794    1.80936      -32312.62588
  W         2   73.89218   72.50495   -0.10782    1.87737      -32312.66916
  W         3   73.93688   72.54965   -0.06312    1.82673      -32312.63489
  W         4   73.96260   72.57537   -0.03740    1.81067      -32312.63111
  W         5   73.91049   72.52326   -0.08951    1.85338      -32312.64890
  W         6   73.98800   72.60077   -0.01200    1.77552      -32312.59917
  W         7   73.91226   72.52503   -0.08774    1.85314      -32312.64540
  W         8   73.91748   72.53025   -0.08252    1.84929      -32312.64335
  W         9   73.87280   72.48557   -0.12720    1.88948      -32312.66492
  W        10   73.96749   72.58026   -0.03251    1.80580      -32312.63416
  W        11   73.90089   72.51365   -0.09911    1.86499      -32312.65842
  W        12   73.88756   72.50033   -0.11244    1.87829      -32312.66133
  W        13   74.00203   72.61480    0.00203    1.76753      -32312.59668
  W        14   74.00031   72.61308    0.00031    1.77344      -32312.60174
  W        15   74.02209   72.63486    0.02209    1.75492      -32312.59936
  W        16   73.96371   72.57648   -0.03629    1.79922      -32312.60967
  W        17   73.87436   72.48713   -0.12564    1.88834      -32312.67007
  W        18   73.93764   72.55041   -0.06236    1.82755      -32312.62716
  W        19   73.93204   72.54481   -0.06796    1.83262      -32312.62637
  W        20   73.94705   72.55982   -0.05295    1.82200      -32312.63315
  W        21   73.88882   72.50159   -0.11118    1.87619      -32312.66192
  W        22   73.99487   72.60764   -0.00513    1.77816      -32312.60967
  W        23   73.90388   72.51665   -0.09612    1.85525      -32312.64284
  W        24   73.88419   72.49696   -0.11581    1.87611      -32312.66276
  W        25   73.96600   72.57877   -0.03400    1.80186      -32312.61676
  W        26   74.02780   72.64057    0.02780    1.74515      -32312.58551
  W        27   73.99746   72.61023   -0.00254    1.77629      -32312.61568
  W        28   73.95918   72.57195   -0.04082    1.81129      -32312.62320
  W        29   73.95484   72.56761   -0.04516    1.81193      -32312.62614
  W        30   74.00976   72.62253    0.00976    1.76650      -32312.60277
  W        31   73.85080   72.46357   -0.14920    1.90717      -32312.67220
  W        32   73.88797   72.50074   -0.11203    1.87799      -32312.66349
  W        33   74.00861   72.62138    0.00861    1.75729      -32312.58955
  W        34   74.00501   72.61778    0.00501    1.76492      -32312.59878
  W        35   73.97045   72.58322   -0.02955    1.79470      -32312.61641
  W        36   73.99559   72.60836   -0.00441    1.77648      -32312.60476
  W        37   73.97652   72.58929   -0.02348    1.79832      -32312.62087
  W        38   73.96445   72.57722   -0.03555    1.80802      -32312.62650
  W        39   73.96166   72.57443   -0.03834    1.80870      -32312.62768
  W        40   73.91031   72.52308   -0.08969    1.85147      -32312.63917
  W        41   73.95986   72.57263   -0.04014    1.81082      -32312.62426
  W        42   74.04458   72.65735    0.04458    1.72974      -32312.57880
  W        43   73.93616   72.54893   -0.06384    1.82904      -32312.62897
  W        44   74.02383   72.63660    0.02383    1.75542      -32312.59875
  W        45   73.98454   72.59731   -0.01546    1.78570      -32312.61594
  W        46   73.89534   72.50811   -0.10466    1.86667      -32312.64408
  W        47   73.91796   72.53073   -0.08204    1.84687      -32312.64071
  W        48   73.89054   72.50331   -0.10946    1.87651      -32312.66913
  W        49   73.94323   72.55600   -0.05677    1.83130      -32312.64089
  W        50   73.90667   72.51944   -0.09333    1.85953      -32312.65330
  W        51   73.88840   72.50117   -0.11160    1.87567      -32312.65794
  W        52   73.97289   72.58566   -0.02711    1.79614      -32312.61557
  W        53   73.99482   72.60759   -0.00518    1.77466      -32312.60486
  W        54   74.00176   72.61453    0.00176    1.76455      -32312.58575
  W        55   73.96176   72.57452   -0.03824    1.81042      -32312.62775
  W        56   74.02326   72.63603    0.02326    1.74700      -32312.58477
  W        57   74.02469   72.63746    0.02469    1.74426      -32312.58816
  W        58   73.96744   72.58021   -0.03256    1.79884      -32312.61599
  W        59   73.98586   72.59863   -0.01414    1.78790      -32312.62036
  W        60   73.99453   72.60730   -0.00547    1.77536      -32312.60058
  W        61   73.92617   72.53894   -0.07383    1.83535      -32312.63584
  W        62   73.95777   72.57054   -0.04223    1.81194      -32312.62254
  W        63   73.92570   72.53847   -0.07430    1.83834      -32312.63871
  W        64   73.97847   72.59124   -0.02153    1.78816      -32312.60816
  W        65   73.97884   72.59161   -0.02116    1.79611      -32312.61392
  W        66   73.97945   72.59222   -0.02055    1.78957      -32312.60555
  W        67   73.85644   72.46921   -0.14356    1.90475      -32312.68108
  W        68   73.97496   72.58773   -0.02504    1.79505      -32312.61488
  W        69   74.04040   72.65317    0.04040    1.73762      -32312.58560
  W        70   73.89572   72.50849   -0.10428    1.86831      -32312.65692
  W        71   73.99526   72.60803   -0.00474    1.77615      -32312.60938
  W        72   74.03425   72.64702    0.03425    1.73912      -32312.58769
  W        73   73.92573   72.53850   -0.07427    1.83936      -32312.63570
  W        74   73.98512   72.59789   -0.01488    1.78499      -32312.60623
  W        75   73.91979   72.53256   -0.08021    1.84410      -32312.64220
  W        76   73.88008   72.49285   -0.11992    1.88181      -32312.66389
  W        77   73.97512   72.58789   -0.02488    1.79324      -32312.61083
  W        78   73.97046   72.58323   -0.02954    1.80516      -32312.62805
  W        79   74.02723   72.64000    0.02723    1.75596      -32312.60178
  W        80   74.05215   72.66492    0.05215    1.72960      -32312.58259
  W        81   73.90979   72.52256   -0.09021    1.85389      -32312.64211
  W        82   73.87429   72.48706   -0.12571    1.88732      -32312.66040
  W        83   73.90777   72.52054   -0.09223    1.85254      -32312.63567
  W        84   73.93730   72.55007   -0.06270    1.83656      -32312.64162
  W        85   73.95857   72.57134   -0.04143    1.81114      -32312.62171
  W        86   73.90867   72.52144   -0.09133    1.85557      -32312.65652
  W        87   74.00577   72.61854    0.00577    1.76409      -32312.58876
  W        88   74.00762   72.62039    0.00762    1.76666      -32312.60136
  W        89   73.91468   72.52745   -0.08532    1.84986      -32312.64530
  W        90   73.94823   72.56100   -0.05177    1.82048      -32312.62832
  W        91   73.96350   72.57627   -0.03650    1.80249      -32312.61498
  W        92   73.98383   72.59660   -0.01617    1.78429      -32312.61493
  W        93   73.91762   72.53039   -0.08238    1.84105      -32312.63316
  W        94   74.02219   72.63496    0.02219    1.74492      -32312.58462
  W        95   73.98334   72.59611   -0.01666    1.77892      -32312.60524
  W        96   74.01523   72.62800    0.01523    1.75389      -32312.58695
  W        97   73.93173   72.54450   -0.06827    1.83513      -32312.63840
  W        98   73.90709   72.51986   -0.09291    1.86391      -32312.66298
  W        99   74.03398   72.64675    0.03398    1.74635      -32312.59313
  W       100   73.92808   72.54085   -0.07192    1.83997      -32312.64584
  W       101   73.96702   72.57979   -0.03298    1.79909      -32312.61598
  W       102   73.93241   72.54518   -0.06759    1.83420      -32312.64117
  W       103   73.93106   72.54383   -0.06894    1.83603      -32312.64496
  W       104   73.90909   72.52185   -0.09091    1.85515      -32312.64324
  W       105   73.98993   72.60270   -0.01007    1.78675      -32312.61303
  W       106   73.91015   72.52292   -0.08985    1.85705      -32312.65575
  W       107   74.00452   72.61729    0.00452    1.76642      -32312.60276
  W       108   74.01951   72.63228    0.01951    1.75625      -32312.59259
  W       109   73.94283   72.55560   -0.05717    1.82381      -32312.63612
  W       110   73.93114   72.54391   -0.06886    1.83887      -32312.64013
  W       111   73.96569   72.57846   -0.03431    1.80049      -32312.61534
  W       112   73.95194   72.56471   -0.04806    1.81940      -32312.63021
  W       113   73.91614   72.52891   -0.08386    1.84550      -32312.64405
  W       114   73.93119   72.54396   -0.06881    1.83252      -32312.63401
  W       115   73.94888   72.56165   -0.05112    1.81384      -32312.62828
  W       116   74.00588   72.61865    0.00588    1.77086      -32312.60090
  W       117   73.97206   72.58483   -0.02794    1.79688      -32312.61187
  W       118   73.92516   72.53793   -0.07484    1.84351      -32312.64633
  W       119   73.92720   72.53997   -0.07280    1.83585      -32312.63452
  W       120   73.87146   72.48423   -0.12854    1.88856      -32312.65777
  W       121   73.95661   72.56938   -0.04339    1.80354      -32312.61570
  W       122   74.00302   72.61579    0.00302    1.76532      -32312.59428
  W       123   73.84532   72.45809   -0.15468    1.91442      -32312.67930
  W       124   73.93415   72.54692   -0.06585    1.83242      -32312.64038
  W       125   73.95211   72.56488   -0.04789    1.82399      -32312.63700
  W       126   73.98162   72.59439   -0.01838    1.79682      -32312.62194
  W       127   73.95789   72.57066   -0.04211    1.81014      -32312.62445
  W       128   73.85211   72.46488   -0.14789    1.90560      -32312.66836
  Nb      129   41.02838   39.64115    0.02838    1.77426       -7632.70591
  Nb      130   41.04101   39.65378    0.04101    1.76800       -7632.70267
  Nb      131   41.07179   39.68455    0.07179    1.74047       -7632.68098
  Nb      132   41.11627   39.72904    0.11627    1.69258       -7632.65807
  Nb      133   40.95705   39.56982   -0.04295    1.84510       -7632.75160
  Nb      134   40.96494   39.57771   -0.03506    1.83991       -7632.75487
  Nb      135   41.02407   39.63684    0.02407    1.77994       -7632.71707
  Nb      136   40.99279   39.60556   -0.00721    1.81175       -7632.72995
  Nb      137   41.07398   39.68675    0.07398    1.72858       -7632.68023
  Nb      138   41.04462   39.65739    0.04462    1.76206       -7632.70339
  Nb      139   41.07877   39.69154    0.07877    1.72869       -7632.67932
  Nb      140   41.01816   39.63093    0.01816    1.79002       -7632.72679
  Nb      141   41.04687   39.65964    0.04687    1.76230       -7632.69885
  Nb      142   41.02820   39.64097    0.02820    1.77486       -7632.71083
  Nb      143   41.09210   39.70487    0.09210    1.70850       -7632.66772
  Nb      144   41.04010   39.65287    0.04010    1.76896       -7632.70495
  Nb      145   40.97685   39.58962   -0.02315    1.82806       -7632.74078
  Nb      146   40.99689   39.60966   -0.00311    1.80619       -7632.72909
  Nb      147   40.94436   39.55713   -0.05564    1.85752       -7632.76184
  Nb      148   40.99011   39.60288   -0.00989    1.81333       -7632.72827
  Nb      149   41.00008   39.61285    0.00008    1.80017       -7632.72289
  Nb      150   41.01727   39.63004    0.01727    1.78399       -7632.71415
  Nb      151   41.06692   39.67969    0.06692    1.74107       -7632.69271
  Nb      152   41.01924   39.63201    0.01924    1.79031       -7632.72454
  Nb      153   41.03568   39.64845    0.03568    1.77282       -7632.70916
  Nb      154   40.99154   39.60431   -0.00846    1.81013       -7632.72692
  Nb      155   40.95023   39.56300   -0.04977    1.85299       -7632.75431
  Nb      156   41.00129   39.61406    0.00129    1.80387       -7632.72758
  Nb      157   40.94677   39.55954   -0.05323    1.84642       -7632.74880
  Nb      158   41.06640   39.67917    0.06640    1.74489       -7632.69144
  Nb      159   41.01209   39.62486    0.01209    1.79221       -7632.71207
  Nb      160   40.99252   39.60529   -0.00748    1.81546       -7632.73161
  Nb      161   41.02419   39.63696    0.02419    1.77854       -7632.70543
  Nb      162   41.07987   39.69264    0.07987    1.72537       -7632.68043
  Nb      163   40.95617   39.56894   -0.04383    1.84068       -7632.74185
  Nb      164   41.01265   39.62542    0.01265    1.79345       -7632.72017
  Nb      165   41.00149   39.61426    0.00149    1.80241       -7632.72644
  Nb      166   41.04003   39.65280    0.04003    1.76707       -7632.70692
  Nb      167   40.99148   39.60425   -0.00852    1.81492       -7632.72971
  Nb      168   41.02590   39.63867    0.02590    1.78147       -7632.71393
  Nb      169   41.06887   39.68164    0.06887    1.73531       -7632.68613
  Nb      170   41.06339   39.67616    0.06339    1.74628       -7632.69430
  Nb      171   41.00795   39.62072    0.00795    1.79460       -7632.72152
  Nb      172   41.05204   39.66481    0.05204    1.75063       -7632.69177
  Nb      173   41.02447   39.63724    0.02447    1.78217       -7632.71776
  Nb      174   41.02704   39.63981    0.02704    1.77961       -7632.71889
  Nb      175   40.96744   39.58021   -0.03256    1.83576       -7632.74254
  Nb      176   40.97612   39.58889   -0.02388    1.82625       -7632.73959
  Nb      177   41.06143   39.67420    0.06143    1.75235       -7632.69810
  Nb      178   41.02466   39.63743    0.02466    1.78347       -7632.71099
  Nb      179   40.99967   39.61244   -0.00033    1.79921       -7632.72104
  Nb      180   41.00586   39.61863    0.00586    1.79633       -7632.72551
  Nb      181   40.98481   39.59758   -0.01519    1.81519       -7632.73004
  Nb      182   41.03984   39.65260    0.03984    1.76981       -7632.70578
  Nb      183   41.06572   39.67849    0.06572    1.74108       -7632.68951
  Nb      184   40.99794   39.61071   -0.00206    1.80515       -7632.72753
  Nb      185   41.00887   39.62163    0.00887    1.79887       -7632.72397
  Nb      186   41.00396   39.61672    0.00396    1.80302       -7632.72830
  Nb      187   41.05120   39.66397    0.05120    1.75431       -7632.69580
  Nb      188   41.02097   39.63374    0.02097    1.78052       -7632.71882
  Nb      189   41.04510   39.65787    0.04510    1.76164       -7632.69964
  Nb      190   41.00342   39.61619    0.00342    1.80270       -7632.73239
  Nb      191   40.96002   39.57279   -0.03998    1.84595       -7632.75096
  Nb      192   40.95272   39.56549   -0.04728    1.84980       -7632.74697
  Nb      193   41.02739   39.64016    0.02739    1.77539       -7632.70919
  Nb      194   41.00327   39.61604    0.00327    1.80041       -7632.72604
  Nb      195   41.08172   39.69449    0.08172    1.72924       -7632.67783
  Nb      196   40.98569   39.59846   -0.01431    1.81376       -7632.72678
  Nb      197   40.98481   39.59758   -0.01519    1.81889       -7632.73760
  Nb      198   41.05121   39.66398    0.05121    1.75648       -7632.69768
  Nb      199   40.99427   39.60703   -0.00573    1.81007       -7632.73182
  Nb      200   40.97619   39.58896   -0.02381    1.82633       -7632.74173
  Nb      201   40.96448   39.57725   -0.03552    1.82822       -7632.73983
  Nb      202   40.96916   39.58193   -0.03084    1.83378       -7632.74125
  Nb      203   41.03687   39.64964    0.03687    1.77393       -7632.70536
  Nb      204   41.02934   39.64211    0.02934    1.77942       -7632.71710
  Nb      205   41.03865   39.65142    0.03865    1.77171       -7632.70295
  Nb      206   40.95745   39.57022   -0.04255    1.84057       -7632.75010
  Nb      207   40.93811   39.55088   -0.06189    1.86470       -7632.76383
  Nb      208   40.98224   39.59501   -0.01776    1.82669       -7632.74653
  Nb      209   40.99023   39.60300   -0.00977    1.81469       -7632.73221
  Nb      210   41.03806   39.65083    0.03806    1.76882       -7632.71003
  Nb      211   40.94380   39.55657   -0.05620    1.85096       -7632.76003
  Nb      212   40.99546   39.60823   -0.00454    1.80563       -7632.72980
  Nb      213   41.02775   39.64052    0.02775    1.78093       -7632.71718
  Nb      214   41.03529   39.64806    0.03529    1.77230       -7632.71602
  Nb      215   41.02357   39.63634    0.02357    1.78311       -7632.71206
  Nb      216   40.97932   39.59209   -0.02068    1.82078       -7632.73935
  Nb      217   41.03007   39.64284    0.03007    1.77615       -7632.71030
  Nb      218   41.00959   39.62236    0.00959    1.78931       -7632.72465
  Nb      219   41.02107   39.63384    0.02107    1.78229       -7632.72216
  Nb      220   41.05962   39.67239    0.05962    1.75122       -7632.69199
  Nb      221   41.02440   39.63717    0.02440    1.77756       -7632.71062
  Nb      222   40.95438   39.56715   -0.04562    1.84309       -7632.75455
  Nb      223   41.03129   39.64406    0.03129    1.77159       -7632.70717
  Nb      224   41.00867   39.62144    0.00867    1.79937       -7632.72575
  Nb      225   41.01331   39.62608    0.01331    1.79587       -7632.72244
  Nb      226   40.98669   39.59946   -0.01331    1.81478       -7632.72870
  Nb      227   41.03067   39.64344    0.03067    1.77046       -7632.70576
  Nb      228   41.01244   39.62521    0.01244    1.79158       -7632.72565
  Nb      229   41.02549   39.63826    0.02549    1.77930       -7632.70855
  Nb      230   41.01504   39.62781    0.01504    1.79372       -7632.71639
  Nb      231   40.93502   39.54778   -0.06498    1.86151       -7632.75900
  Nb      232   41.04748   39.66025    0.04748    1.75383       -7632.70331
  Nb      233   40.98768   39.60045   -0.01232    1.81220       -7632.72947
  Nb      234   40.96297   39.57574   -0.03703    1.84243       -7632.75262
  Nb      235   41.02113   39.63390    0.02113    1.78602       -7632.71434
  Nb      236   41.01786   39.63063    0.01786    1.78800       -7632.72120
  Nb      237   40.94209   39.55486   -0.05791    1.85551       -7632.75561
  Nb      238   41.04427   39.65704    0.04427    1.76446       -7632.70544
  Nb      239   41.04202   39.65479    0.04202    1.76450       -7632.70319
  Nb      240   40.98263   39.59540   -0.01737    1.81978       -7632.74058
  Nb      241   41.05108   39.66385    0.05108    1.75293       -7632.69481
  Nb      242   41.10285   39.71562    0.10285    1.70667       -7632.66218
  Nb      243   40.98466   39.59743   -0.01534    1.82387       -7632.74253
  Nb      244   41.01969   39.63246    0.01969    1.78847       -7632.71942
  Nb      245   41.03252   39.64529    0.03252    1.77630       -7632.71202
  Nb      246   41.00109   39.61386    0.00109    1.80301       -7632.73262
  Nb      247   40.97741   39.59018   -0.02259    1.82650       -7632.74291
  Nb      248   41.00826   39.62103    0.00826    1.79906       -7632.72845
  Nb      249   40.98480   39.59757   -0.01520    1.81386       -7632.73580
  Nb      250   40.99953   39.61230   -0.00047    1.80612       -7632.73171
  Nb      251   41.00045   39.61322    0.00045    1.80033       -7632.71947
  Nb      252   40.95316   39.56593   -0.04684    1.84257       -7632.74994
  Nb      253   41.09193   39.70470    0.09193    1.71890       -7632.67871
  Nb      254   40.96069   39.57346   -0.03931    1.84240       -7632.75721
  Nb      255   41.02343   39.63620    0.02343    1.77972       -7632.71533
  Nb      256   41.08716   39.69993    0.08716    1.71832       -7632.67256
  Mo      257   42.20778   40.82055    0.20778    1.69745       -8090.68763
  Mo      258   42.12816   40.74093    0.12816    1.75639       -8090.70927
  Mo      259   42.16271   40.77548    0.16271    1.72640       -8090.70340
  Mo      260   42.20723   40.82000    0.20723    1.68573       -8090.67479
  Mo      261   42.20959   40.82236    0.20959    1.68632       -8090.67762
  Mo      262   42.17049   40.78326    0.17049    1.71876       -8090.69403
  Mo      263   42.19705   40.80982    0.19705    1.69731       -8090.68476
  Mo      264   42.18227   40.79504    0.18227    1.70539       -8090.67948
  Mo      265   42.15062   40.76339    0.15062    1.74530       -8090.71820
  Mo      266   42.20832   40.82109    0.20832    1.68860       -8090.67622
  Mo      267   42.19790   40.81067    0.19790    1.69011       -8090.67152
  Mo      268   42.21646   40.82922    0.21646    1.67751       -8090.67827
  Mo      269   42.25934   40.87211    0.25934    1.64533       -8090.66189
  Mo      270   42.17068   40.78345    0.17068    1.71702       -8090.69019
  Mo      271   42.14565   40.75842    0.14565    1.74725       -8090.71453
  Mo      272   42.21309   40.82586    0.21309    1.67977       -8090.67435
  Mo      273   42.21155   40.82432    0.21155    1.68774       -8090.67717
  Mo      274   42.23016   40.84293    0.23016    1.67037       -8090.66694
  Mo      275   42.16527   40.77804    0.16527    1.72233       -8090.69043
  Mo      276   42.14605   40.75882    0.14605    1.74454       -8090.71055
  Mo      277   42.13124   40.74401    0.13124    1.76121       -8090.71565
  Mo      278   42.19522   40.80799    0.19522    1.69992       -8090.68469
  Mo      279   42.20232   40.81509    0.20232    1.69674       -8090.67877
  Mo      280   42.23080   40.84357    0.23080    1.66985       -8090.67453
  Mo      281   42.24140   40.85417    0.24140    1.65739       -8090.66525
  Mo      282   42.18809   40.80086    0.18809    1.70272       -8090.68981
  Mo      283   42.18827   40.80104    0.18827    1.70477       -8090.67794
  Mo      284   42.19935   40.81212    0.19935    1.69082       -8090.66887
  Mo      285   42.10980   40.72257    0.10980    1.78260       -8090.73129
  Mo      286   42.21872   40.83149    0.21872    1.67815       -8090.67381
  Mo      287   42.20592   40.81868    0.20592    1.68844       -8090.67241
  Mo      288   42.22434   40.83711    0.22434    1.67649       -8090.67146
  Mo      289   42.21208   40.82485    0.21208    1.68075       -8090.67003
  Mo      290   42.15522   40.76799    0.15522    1.74150       -8090.70832
  Mo      291   42.11861   40.73138    0.11861    1.77289       -8090.72346
  Mo      292   42.18836   40.80113    0.18836    1.70304       -8090.68067
  Mo      293   42.16854   40.78131    0.16854    1.72148       -8090.69221
  Mo      294   42.19979   40.81256    0.19979    1.70607       -8090.69555
  Mo      295   42.22193   40.83470    0.22193    1.67382       -8090.66447
  Mo      296   42.15691   40.76968    0.15691    1.73153       -8090.69319
  Mo      297   42.22760   40.84037    0.22760    1.67148       -8090.67065
  Mo      298   42.15195   40.76472    0.15195    1.74443       -8090.71448
  Mo      299   42.17197   40.78474    0.17197    1.72080       -8090.69249
  Mo      300   42.20866   40.82143    0.20866    1.69086       -8090.68130
  Mo      301   42.23312   40.84589    0.23312    1.67069       -8090.67109
  Mo      302   42.21517   40.82794    0.21517    1.68540       -8090.67542
  Mo      303   42.20344   40.81621    0.20344    1.69819       -8090.69228
  Mo      304   42.17981   40.79257    0.17981    1.71309       -8090.68809
  Mo      305   42.12446   40.73723    0.12446    1.77074       -8090.72517
  Mo      306   42.12651   40.73927    0.12651    1.76466       -8090.72251
  Mo      307   42.16810   40.78086    0.16810    1.72550       -8090.70125
  Mo      308   42.11361   40.72637    0.11361    1.77352       -8090.71865
  Mo      309   42.21497   40.82774    0.21497    1.68027       -8090.67094
  Mo      310   42.10514   40.71791    0.10514    1.78070       -8090.72125
  Mo      311   42.15888   40.77165    0.15888    1.73808       -8090.70905
  Mo      312   42.19338   40.80615    0.19338    1.70279       -8090.68800
  Mo      313   42.20137   40.81414    0.20137    1.70515       -8090.69213
  Mo      314   42.17795   40.79072    0.17795    1.71057       -8090.68747
  Mo      315   42.22052   40.83329    0.22052    1.67610       -8090.67153
  Mo      316   42.19737   40.81014    0.19737    1.69480       -8090.68781
  Mo      317   42.16331   40.77608    0.16331    1.73099       -8090.70176
  Mo      318   42.18442   40.79719    0.18442    1.71957       -8090.69806
  Mo      319   42.15890   40.77167    0.15890    1.73417       -8090.70034
  Mo      320   42.09833   40.71110    0.09833    1.79186       -8090.72835
  Mo      321   42.21525   40.82802    0.21525    1.68121       -8090.66695
  Mo      322   42.19982   40.81259    0.19982    1.69523       -8090.67930
  Mo      323   42.15613   40.76889    0.15613    1.73793       -8090.70069
  Mo      324   42.14724   40.76001    0.14724    1.73961       -8090.70084
  Mo      325   42.24751   40.86028    0.24751    1.65567       -8090.67151
  Mo      326   42.17104   40.78381    0.17104    1.72151       -8090.68606
  Mo      327   42.26894   40.88171    0.26894    1.63167       -8090.64334
  Mo      328   42.19333   40.80610    0.19333    1.69807       -8090.68350
  Mo      329   42.13300   40.74577    0.13300    1.75638       -8090.70914
  Mo      330   42.07436   40.68713    0.07436    1.81106       -8090.73992
  Mo      331   42.21418   40.82695    0.21418    1.68797       -8090.68613
  Mo      332   42.17310   40.78587    0.17310    1.72060       -8090.69448
  Mo      333   42.17772   40.79049    0.17772    1.72133       -8090.69819
  Mo      334   42.22060   40.83336    0.22060    1.67599       -8090.67198
  Mo      335   42.09655   40.70932    0.09655    1.79326       -8090.73688
  Mo      336   42.09730   40.71007    0.09730    1.79156       -8090.73385
  Mo      337   42.18203   40.79480    0.18203    1.71723       -8090.69776
  Mo      338   42.14426   40.75703    0.14426    1.74991       -8090.70655
  Mo      339   42.12205   40.73482    0.12205    1.77133       -8090.72259
  Mo      340   42.10685   40.71962    0.10685    1.77735       -8090.72170
  Mo      341   42.12236   40.73513    0.12236    1.77571       -8090.73335
  Mo      342   42.16209   40.77486    0.16209    1.72807       -8090.69845
  Mo      343   42.26807   40.88084    0.26807    1.62941       -8090.64672
  Mo      344   42.19722   40.80999    0.19722    1.69825       -8090.68625
  Mo      345   42.21082   40.82359    0.21082    1.68741       -8090.68255
  Mo      346   42.18049   40.79326    0.18049    1.71510       -8090.69155
  Mo      347   42.21349   40.82626    0.21349    1.68544       -8090.67742
  Mo      348   42.20412   40.81689    0.20412    1.69067       -8090.67403
  Mo      349   42.13835   40.75112    0.13835    1.75137       -8090.71283
  Mo      350   42.13023   40.74299    0.13023    1.75875       -8090.71552
  Mo      351   42.25856   40.87133    0.25856    1.64012       -8090.65219
  Mo      352   42.16575   40.77852    0.16575    1.71827       -8090.68238
  Mo      353   42.18886   40.80163    0.18886    1.70346       -8090.68195
  Mo      354   42.22748   40.84025    0.22748    1.67330       -8090.66933
  Mo      355   42.19334   40.80611    0.19334    1.69860       -8090.68579
  Mo      356   42.20751   40.82028    0.20751    1.68847       -8090.67669
  Mo      357   42.15081   40.76358    0.15081    1.74703       -8090.70537
  Mo      358   42.18833   40.80109    0.18833    1.70735       -8090.68697
  Mo      359   42.23292   40.84569    0.23292    1.66689       -8090.66909
  Mo      360   42.21238   40.82515    0.21238    1.68304       -8090.67896
  Mo      361   42.15009   40.76286    0.15009    1.74048       -8090.69439
  Mo      362   42.15978   40.77255    0.15978    1.73102       -8090.69554
  Mo      363   42.16135   40.77412    0.16135    1.73204       -8090.70195
  Mo      364   42.22842   40.84118    0.22842    1.66533       -8090.66558
  Mo      365   42.15994   40.77271    0.15994    1.73794       -8090.70570
  Mo      366   42.19521   40.80798    0.19521    1.69714       -8090.67812
  Mo      367   42.12203   40.73480    0.12203    1.77037       -8090.72451
  Mo      368   42.16054   40.77331    0.16054    1.73080       -8090.69981
  Mo      369   42.12657   40.73933    0.12657    1.76211       -8090.71768
  Mo      370   42.17476   40.78753    0.17476    1.72492       -8090.70170
  Mo      371   42.14586   40.75863    0.14586    1.74494       -8090.69973
  Mo      372   42.13017   40.74294    0.13017    1.76282       -8090.71593
  Mo      373   42.15822   40.77099    0.15822    1.73518       -8090.69587
  Mo      374   42.19748   40.81025    0.19748    1.69700       -8090.67973
  Mo      375   42.15285   40.76562    0.15285    1.73962       -8090.69837
  Mo      376   42.16314   40.77591    0.16314    1.73156       -8090.69755
  Mo      377   42.25912   40.87189    0.25912    1.63776       -8090.65518
  Mo      378   42.21497   40.82774    0.21497    1.68727       -8090.67535
  Mo      379   42.21520   40.82797    0.21520    1.67813       -8090.67585
  Mo      380   42.13524   40.74801    0.13524    1.75507       -8090.71077
  Mo      381   42.12031   40.73308    0.12031    1.77521       -8090.72560
  Mo      382   42.09926   40.71203    0.09926    1.78776       -8090.72620
  Mo      383   42.17868   40.79145    0.17868    1.71503       -8090.69268
  Mo      384   42.15089   40.76366    0.15089    1.73419       -8090.69373
  Ta      385   72.78147   71.39424   -0.21853    1.92427      -31233.11542
  Ta      386   72.82732   71.44009   -0.17268    1.87996      -31233.08397
  Ta      387   72.78885   71.40162   -0.21115    1.91639      -31233.11661
  Ta      388   72.86261   71.47537   -0.13739    1.84968      -31233.06204
  Ta      389   72.81149   71.42426   -0.18851    1.89857      -31233.09406
  Ta      390   72.87183   71.48460   -0.12817    1.84549      -31233.05981
  Ta      391   72.87622   71.48899   -0.12378    1.83861      -31233.05304
  Ta      392   72.84412   71.45689   -0.15588    1.86207      -31233.07913
  Ta      393   72.88069   71.49346   -0.11931    1.83561      -31233.05861
  Ta      394   72.83391   71.44668   -0.16609    1.87960      -31233.08083
  Ta      395   72.85265   71.46542   -0.14735    1.86034      -31233.07295
  Ta      396   72.78235   71.39512   -0.21765    1.92121      -31233.11290
  Ta      397   72.80535   71.41812   -0.19465    1.90408      -31233.10090
  Ta      398   72.82599   71.43876   -0.17401    1.88495      -31233.08921
  Ta      399   72.89840   71.51116   -0.10160    1.81882      -31233.04394
  Ta      400   72.84098   71.45375   -0.15902    1.87014      -31233.07479
  Ta      401   72.85750   71.47027   -0.14250    1.86111      -31233.07217
  Ta      402   72.75934   71.37210   -0.24066    1.94857      -31233.12588
  Ta      403   72.85756   71.47033   -0.14244    1.84755      -31233.06034
  Ta      404   72.88162   71.49439   -0.11838    1.83651      -31233.05387
  Ta      405   72.86204   71.47481   -0.13796    1.84810      -31233.06606
  Ta      406   72.92467   71.53744   -0.07533    1.79663      -31233.03301
  Ta      407   72.89513   71.50790   -0.10487    1.81993      -31233.05071
  Ta      408   72.88056   71.49333   -0.11944    1.83049      -31233.05655
  Ta      409   72.77482   71.38759   -0.22518    1.93433      -31233.11954
  Ta      410   72.84758   71.46035   -0.15242    1.87158      -31233.07754
  Ta      411   72.82215   71.43491   -0.17785    1.88592      -31233.08555
  Ta      412   72.83056   71.44333   -0.16944    1.88448      -31233.08487
  Ta      413   72.91622   71.52899   -0.08378    1.80514      -31233.04534
  Ta      414   72.78139   71.39416   -0.21861    1.92837      -31233.10992
  Ta      415   72.85530   71.46807   -0.14470    1.85964      -31233.07443
  Ta      416   72.82214   71.43491   -0.17786    1.88464      -31233.08832
  Ta      417   72.88758   71.50035   -0.11242    1.82562      -31233.04898
  Ta      418   72.80852   71.42129   -0.19148    1.90101      -31233.09433
  Ta      419   72.87233   71.48510   -0.12767    1.84374      -31233.05855
  Ta      420   72.84474   71.45751   -0.15526    1.87103      -31233.07135
  Ta      421   72.83578   71.44854   -0.16422    1.87516      -31233.09294
  Ta      422   72.86054   71.47331   -0.13946    1.85291      -31233.07048
  Ta      423   72.82630   71.43907   -0.17370    1.88958      -31233.08826
  Ta      424   72.91670   71.52947   -0.08330    1.80481      -31233.04190
  Ta      425   72.84887   71.46164   -0.15113    1.86377      -31233.07301
  Ta      426   72.85799   71.47076   -0.14201    1.86046      -31233.07249
  Ta      427   72.91641   71.52918   -0.08359    1.80287      -31233.03711
  Ta      428   72.81430   71.42707   -0.18570    1.89368      -31233.09329
  Ta      429   72.83946   71.45223   -0.16054    1.87436      -31233.07627
  Ta      430   72.80710   71.41987   -0.19290    1.90577      -31233.10163
  Ta      431   72.88218   71.49495   -0.11782    1.83250      -31233.05888
  Ta      432   72.76559   71.37836   -0.23441    1.94151      -31233.11915
  Ta      433   72.91180   71.52457   -0.08820    1.79820      -31233.03553
  Ta      434   72.88451   71.49728   -0.11549    1.83550      -31233.05557
  Ta      435   72.92759   71.54035   -0.07241    1.79474      -31233.02883
  Ta      436   72.85904   71.47181   -0.14096    1.85453      -31233.07546
  Ta      437   72.91472   71.52748   -0.08528    1.80148      -31233.03155
  Ta      438   72.81771   71.43048   -0.18229    1.89017      -31233.08884
  Ta      439   72.88461   71.49738   -0.11539    1.83585      -31233.05713
  Ta      440   72.84400   71.45677   -0.15600    1.86453      -31233.07438
  Ta      441   72.77135   71.38412   -0.22865    1.93553      -31233.11328
  Ta      442   72.84387   71.45664   -0.15613    1.87000      -31233.08137
  Ta      443   72.85233   71.46510   -0.14767    1.86281      -31233.07248
  Ta      444   72.88513   71.49790   -0.11487    1.83186      -31233.05517
  Ta      445   72.87114   71.48391   -0.12886    1.84480      -31233.06300
  Ta      446   72.88893   71.50170   -0.11107    1.82552      -31233.05677
  Ta      447   72.88144   71.49421   -0.11856    1.83052      -31233.05703
  Ta      448   72.85107   71.46384   -0.14893    1.86614      -31233.07350
  Ta      449   72.88053   71.49330   -0.11947    1.83404      -31233.05746
  Ta      450   72.87114   71.48391   -0.12886    1.84544      -31233.05731
  Ta      451   72.90935   71.52212   -0.09065    1.80748      -31233.03953
  Ta      452   72.81593   71.42870   -0.18407    1.89371      -31233.08269
  Ta      453   72.86042   71.47318   -0.13958    1.85214      -31233.07088
  Ta      454   72.86369   71.47646   -0.13631    1.85345      -31233.06836
  Ta      455   72.80545   71.41822   -0.19455    1.90271      -31233.10133
  Ta      456   72.85439   71.46716   -0.14561    1.85424      -31233.07082
  Ta      457   72.82682   71.43959   -0.17318    1.88108      -31233.08655
  Ta      458   72.89252   71.50529   -0.10748    1.82821      -31233.04908
  Ta      459   72.89927   71.51204   -0.10073    1.81086      -31233.04173
  Ta      460   72.84283   71.45560   -0.15717    1.86350      -31233.07647
  Ta      461   72.87517   71.48794   -0.12483    1.83352      -31233.05749
  Ta      462   72.82551   71.43828   -0.17449    1.88686      -31233.08710
  Ta      463   72.85388   71.46665   -0.14612    1.85601      -31233.06834
  Ta      464   72.90450   71.51727   -0.09550    1.81302      -31233.03796
  Ta      465   72.81619   71.42896   -0.18381    1.89849      -31233.09609
  Ta      466   72.79139   71.40416   -0.20861    1.91895      -31233.11434
  Ta      467   72.84719   71.45996   -0.15281    1.86718      -31233.07267
  Ta      468   72.86672   71.47949   -0.13328    1.84981      -31233.07156
  Ta      469   72.91935   71.53212   -0.08065    1.80301      -31233.03555
  Ta      470   72.90539   71.51816   -0.09461    1.81333      -31233.04346
  Ta      471   72.92835   71.54112   -0.07165    1.79237      -31233.03661
  Ta      472   72.89357   71.50634   -0.10643    1.82143      -31233.05097
  Ta      473   72.89298   71.50575   -0.10702    1.82830      -31233.05388
  Ta      474   72.84821   71.46098   -0.15179    1.86749      -31233.07654
  Ta      475   72.82746   71.44023   -0.17254    1.88001      -31233.09123
  Ta      476   72.80156   71.41433   -0.19844    1.90447      -31233.10394
  Ta      477   72.88636   71.49913   -0.11364    1.82918      -31233.05504
  Ta      478   72.84619   71.45896   -0.15381    1.86847      -31233.07445
  Ta      479   72.85435   71.46712   -0.14565    1.86140      -31233.08024
  Ta      480   72.82125   71.43402   -0.17875    1.89613      -31233.09356
  Ta      481   72.87975   71.49252   -0.12025    1.83726      -31233.05742
  Ta      482   72.86384   71.47661   -0.13616    1.85658      -31233.06838
  Ta      483   72.87016   71.48293   -0.12984    1.84660      -31233.05739
  Ta      484   72.82294   71.43571   -0.17706    1.89070      -31233.08671
  Ta      485   72.85247   71.46524   -0.14753    1.86002      -31233.07104
  Ta      486   72.85197   71.46474   -0.14803    1.86016      -31233.06709
  Ta      487   72.82398   71.43675   -0.17602    1.88821      -31233.09188
  Ta      488   72.81458   71.42734   -0.18542    1.89291      -31233.09232
  Ta      489   72.87316   71.48593   -0.12684    1.84431      -31233.05679
  Ta      490   72.78825   71.40102   -0.21175    1.91729      -31233.10816
  Ta      491   72.84513   71.45790   -0.15487    1.86976      -31233.08151
  Ta      492   72.91079   71.52356   -0.08921    1.80510      -31233.03906
  Ta      493   72.81912   71.43189   -0.18088    1.88637      -31233.09136
  Ta      494   72.82268   71.43545   -0.17732    1.89501      -31233.09125
  Ta      495   72.92373   71.53650   -0.07627    1.79298      -31233.03353
  Ta      496   72.86299   71.47576   -0.13701    1.85412      -31233.06454
  Ta      497   72.83940   71.45217   -0.16060    1.87180      -31233.07828
  Ta      498   72.90534   71.51811   -0.09466    1.81229      -31233.04536
  Ta      499   72.81999   71.43276   -0.18001    1.88954      -31233.08974
  Ta      500   72.84798   71.46075   -0.15202    1.86662      -31233.07930
  Ta      501   72.88204   71.49481   -0.11796    1.83513      -31233.04964
  Ta      502   72.83755   71.45032   -0.16245    1.87546      -31233.08356
  Ta      503   72.82811   71.44088   -0.17189    1.88316      -31233.08677
  Ta      504   72.91805   71.53082   -0.08195    1.79776      -31233.03553
  Ta      505   72.81871   71.43148   -0.18129    1.89602      -31233.09599
  Ta      506   72.86359   71.47636   -0.13641    1.85510      -31233.06794
  Ta      507   72.89985   71.51262   -0.10015    1.82350      -31233.05262
  Ta      508   72.83885   71.45162   -0.16115    1.87990      -31233.08154
  Ta      509   72.80636   71.41913   -0.19364    1.90031      -31233.09542
  Ta      510   72.98253   71.59530   -0.01747    1.74543      -31232.99927
  Ta      511   72.86547   71.47824   -0.13453    1.85135      -31233.06758
  Ta      512   72.86320   71.47597   -0.13680    1.84832      -31233.05609
