 Atom   Index      Q          Qmt        dQ        Vmad        Local Energy
  W         1   73.80407   72.49894   -0.19593    1.81456      -32312.56876
  W         2   73.91540   72.61027   -0.08460    1.70271      -32312.49332
  W         3   73.79230   72.48717   -0.20770    1.83811      -32312.58856
  W         4   73.98272   72.67760   -0.01728    1.64901      -32312.47257
  W         5   73.94579   72.64067   -0.05421    1.67412      -32312.47784
  W         6   73.81462   72.50949   -0.18538    1.81627      -32312.57743
  W         7   73.87678   72.57166   -0.12322    1.74687      -32312.52063
  W         8   73.87852   72.57339   -0.12148    1.74303      -32312.51600
  W         9   73.90531   72.60018   -0.09469    1.70511      -32312.48460
  W        10   73.92356   72.61843   -0.07644    1.69328      -32312.48714
  W        11   73.93183   72.62671   -0.06817    1.69401      -32312.49456
  W        12   73.75223   72.44710   -0.24777    1.86929      -32312.60455
  W        13   73.91067   72.60554   -0.08933    1.71223      -32312.50370
  W        14   73.91722   72.61210   -0.08278    1.69785      -32312.49046
  W        15   73.91947   72.61434   -0.08053    1.69222      -32312.48228
  W        16   73.95308   72.64795   -0.04692    1.67553      -32312.48471
  W        17   73.83494   72.52981   -0.16506    1.78256      -32312.54528
  W        18   73.94109   72.63596   -0.05891    1.67501      -32312.46752
  W        19   73.89305   72.58793   -0.10695    1.71985      -32312.49591
  W        20   73.89354   72.58842   -0.10646    1.71725      -32312.49525
  W        21   73.90493   72.59981   -0.09507    1.70712      -32312.48934
  W        22   73.93614   72.63101   -0.06386    1.68261      -32312.47803
  W        23   73.88619   72.58107   -0.11381    1.72972      -32312.50134
  W        24   73.87878   72.57366   -0.12122    1.73420      -32312.51102
  W        25   74.01842   72.71330    0.01842    1.59970      -32312.42430
  W        26   73.83942   72.53429   -0.16058    1.77533      -32312.52958
  W        27   73.90712   72.60200   -0.09288    1.71699      -32312.50605
  W        28   73.88544   72.58031   -0.11456    1.73267      -32312.51277
  W        29   73.87199   72.56686   -0.12801    1.74446      -32312.51864
  W        30   73.80617   72.50105   -0.19383    1.80896      -32312.55066
  W        31   73.94264   72.63751   -0.05736    1.68412      -32312.48825
  W        32   73.84126   72.53613   -0.15874    1.77835      -32312.54026
  Nb       33   40.97533   39.67020   -0.02467    1.67423       -7632.57411
  Nb       34   40.92061   39.61548   -0.07939    1.72669       -7632.60284
  Nb       35   40.88952   39.58440   -0.11048    1.75567       -7632.61526
  Nb       36   40.93037   39.62524   -0.06963    1.72502       -7632.60979
  Nb       37   40.97061   39.66548   -0.02939    1.67896       -7632.57028
  Nb       38   40.95294   39.64782   -0.04706    1.69500       -7632.57514
  Nb       39   41.02939   39.72426    0.02939    1.62160       -7632.53630
  Nb       40   41.05684   39.75171    0.05684    1.58871       -7632.50783
  Nb       41   40.95152   39.64639   -0.04848    1.69945       -7632.59061
  Nb       42   40.99031   39.68518   -0.00969    1.66561       -7632.57206
  Nb       43   40.72847   39.42335   -0.27153    1.93019       -7632.73276
  Nb       44   40.94580   39.64068   -0.05420    1.70340       -7632.59312
  Nb       45   40.94402   39.63890   -0.05598    1.70272       -7632.58787
  Nb       46   40.90331   39.59818   -0.09669    1.74860       -7632.61478
  Nb       47   40.88754   39.58241   -0.11246    1.76442       -7632.62044
  Nb       48   41.05632   39.75119    0.05632    1.59149       -7632.51798
  Nb       49   40.82951   39.52439   -0.17049    1.82189       -7632.66484
  Nb       50   40.92106   39.61593   -0.07894    1.72968       -7632.60658
  Nb       51   40.98884   39.68371   -0.01116    1.66474       -7632.56546
  Nb       52   40.95997   39.65485   -0.04003    1.68915       -7632.57691
  Nb       53   40.90273   39.59760   -0.09727    1.73961       -7632.59748
  Nb       54   41.02291   39.71778    0.02291    1.63336       -7632.54943
  Nb       55   40.91590   39.61078   -0.08410    1.72652       -7632.59323
  Nb       56   40.88405   39.57893   -0.11595    1.76948       -7632.62422
  Nb       57   40.88968   39.58455   -0.11032    1.76054       -7632.61997
  Nb       58   40.92716   39.62203   -0.07284    1.72208       -7632.59838
  Nb       59   41.00688   39.70175    0.00688    1.64397       -7632.55448
  Nb       60   40.92332   39.61820   -0.07668    1.73523       -7632.61704
  Nb       61   40.99693   39.69180   -0.00307    1.64724       -7632.54784
  Nb       62   40.95699   39.65186   -0.04301    1.69270       -7632.57602
  Nb       63   40.91713   39.61200   -0.08287    1.72586       -7632.58976
  Nb       64   40.88690   39.58177   -0.11310    1.76746       -7632.62117
  Mo       65   41.97323   40.66810   -0.02677    1.77159       -8090.65448
  Mo       66   42.11106   40.80593    0.11106    1.63678       -8090.57753
  Mo       67   42.03461   40.72949    0.03461    1.71118       -8090.61619
  Mo       68   42.17944   40.87432    0.17944    1.55464       -8090.51606
  Mo       69   42.20574   40.90062    0.20574    1.54286       -8090.52763
  Mo       70   42.11971   40.81458    0.11971    1.63242       -8090.57798
  Mo       71   42.02932   40.72420    0.02932    1.72264       -8090.63712
  Mo       72   42.10213   40.79701    0.10213    1.63464       -8090.56352
  Mo       73   42.04094   40.73582    0.04094    1.71033       -8090.62510
  Mo       74   42.11111   40.80598    0.11111    1.62722       -8090.56700
  Mo       75   42.21150   40.90637    0.21150    1.53398       -8090.52078
  Mo       76   42.12524   40.82011    0.12524    1.60795       -8090.55164
  Mo       77   42.07509   40.76997    0.07509    1.66516       -8090.58519
  Mo       78   42.06223   40.75710    0.06223    1.68573       -8090.60694
  Mo       79   42.08769   40.78256    0.08769    1.65673       -8090.58812
  Mo       80   42.11570   40.81057    0.11570    1.62399       -8090.55950
  Mo       81   42.05686   40.75173    0.05686    1.69061       -8090.60235
  Mo       82   42.09304   40.78791    0.09304    1.64369       -8090.57216
  Mo       83   42.19065   40.88552    0.19065    1.55156       -8090.51977
  Mo       84   42.15652   40.85139    0.15652    1.59552       -8090.56147
  Mo       85   42.16077   40.85565    0.16077    1.57928       -8090.53310
  Mo       86   42.17772   40.87259    0.17772    1.56370       -8090.52178
  Mo       87   42.16780   40.86267    0.16780    1.57837       -8090.54742
  Mo       88   42.14488   40.83975    0.14488    1.59765       -8090.54517
  Mo       89   42.04652   40.74139    0.04652    1.70235       -8090.62403
  Mo       90   42.07301   40.76789    0.07301    1.67566       -8090.60099
  Mo       91   42.15603   40.85091    0.15603    1.57854       -8090.53311
  Mo       92   42.05702   40.75189    0.05702    1.69100       -8090.60901
  Mo       93   41.98184   40.67672   -0.01816    1.76574       -8090.64902
  Mo       94   42.08939   40.78427    0.08939    1.65349       -8090.59011
  Mo       95   42.11772   40.81259    0.11772    1.62402       -8090.56338
  Mo       96   42.17174   40.86662    0.17174    1.58319       -8090.55627
  Ta       97   72.74918   71.44406   -0.25082    1.80885      -31232.96536
  Ta       98   72.68094   71.37582   -0.31906    1.87953      -31233.01102
  Ta       99   72.69009   71.38497   -0.30991    1.87083      -31233.00876
  Ta      100   72.67285   71.36773   -0.32715    1.88207      -31233.00696
  Ta      101   72.71456   71.40943   -0.28544    1.84549      -31232.97469
  Ta      102   72.75807   71.45294   -0.24193    1.79385      -31232.95066
  Ta      103   72.64084   71.33571   -0.35916    1.91791      -31233.04251
  Ta      104   72.80209   71.49696   -0.19791    1.76017      -31232.94173
  Ta      105   72.81807   71.51294   -0.18193    1.73980      -31232.92489
  Ta      106   72.74106   71.43593   -0.25894    1.81568      -31232.96707
  Ta      107   72.76739   71.46226   -0.23261    1.78371      -31232.94856
  Ta      108   72.70418   71.39905   -0.29582    1.84830      -31232.98767
  Ta      109   72.72921   71.42409   -0.27079    1.82169      -31232.97722
  Ta      110   72.63655   71.33143   -0.36345    1.92324      -31233.03968
  Ta      111   72.70647   71.40135   -0.29353    1.84761      -31232.99756
  Ta      112   72.69162   71.38649   -0.30838    1.86073      -31232.98939
  Ta      113   72.80604   71.50091   -0.19396    1.76052      -31232.94196
  Ta      114   72.78528   71.48015   -0.21472    1.77370      -31232.93107
  Ta      115   72.74952   71.44439   -0.25048    1.79809      -31232.95934
  Ta      116   72.67467   71.36954   -0.32533    1.87822      -31233.00698
  Ta      117   72.64929   71.34416   -0.35071    1.90947      -31233.03134
  Ta      118   72.79405   71.48893   -0.20595    1.76672      -31232.94685
  Ta      119   72.73134   71.42621   -0.26866    1.82289      -31232.97670
  Ta      120   72.77632   71.47119   -0.22368    1.78146      -31232.94978
  Ta      121   72.80158   71.49645   -0.19842    1.74956      -31232.91317
  Ta      122   72.89744   71.59231   -0.10256    1.67032      -31232.88551
  Ta      123   72.75196   71.44683   -0.24804    1.80657      -31232.96685
  Ta      124   72.82470   71.51958   -0.17530    1.73351      -31232.91727
  Ta      125   72.73924   71.43412   -0.26076    1.82652      -31232.97857
  Ta      126   72.64722   71.34210   -0.35278    1.91113      -31233.03707
  Ta      127   72.83348   71.52836   -0.16652    1.72624      -31232.90738
  Ta      128   72.77695   71.47183   -0.22305    1.77882      -31232.94453
  Ti      129   22.28721   20.98208    0.28721    1.59367       -1704.40250
  Ti      130   22.39031   21.08518    0.39031    1.48125       -1704.34524
  Ti      131   22.23918   20.93406    0.23918    1.63762       -1704.43496
  Ti      132   22.34946   21.04433    0.34946    1.52581       -1704.35751
  Ti      133   22.46623   21.16111    0.46623    1.39952       -1704.28209
  Ti      134   22.36407   21.05895    0.36407    1.50610       -1704.33020
  Ti      135   22.30118   20.99605    0.30118    1.57587       -1704.40473
  Ti      136   22.34161   21.03648    0.34161    1.53640       -1704.38385
  Ti      137   22.21435   20.90922    0.21435    1.66546       -1704.44033
  Ti      138   22.29924   20.99412    0.29924    1.57443       -1704.38464
  Ti      139   22.40299   21.09787    0.40299    1.47600       -1704.35590
  Ti      140   22.31044   21.00532    0.31044    1.56935       -1704.40732
  Ti      141   22.16969   20.86456    0.16969    1.70197       -1704.46284
  Ti      142   22.27631   20.97118    0.27631    1.60008       -1704.42119
  Ti      143   22.23253   20.92740    0.23253    1.64204       -1704.43803
  Ti      144   22.29854   20.99342    0.29854    1.57350       -1704.37689
  Ti      145   22.33593   21.03081    0.33593    1.53945       -1704.37796
  Ti      146   22.36962   21.06449    0.36962    1.50324       -1704.37422
  Ti      147   22.29256   20.98744    0.29256    1.57540       -1704.38861
  Ti      148   22.37232   21.06720    0.37232    1.51355       -1704.39672
  Ti      149   22.27805   20.97292    0.27805    1.58508       -1704.35904
  Ti      150   22.28329   20.97817    0.28329    1.59563       -1704.42295
  Ti      151   22.33825   21.03313    0.33825    1.53087       -1704.36166
  Ti      152   22.32676   21.02164    0.32676    1.54392       -1704.36476
  Ti      153   22.40095   21.09582    0.40095    1.47318       -1704.35856
  Ti      154   22.24197   20.93684    0.24197    1.63542       -1704.43866
  Ti      155   22.42886   21.12373    0.42886    1.43797       -1704.29767
  Ti      156   22.36818   21.06305    0.36818    1.50684       -1704.36584
  Ti      157   22.24450   20.93938    0.24450    1.62683       -1704.40386
  Ti      158   22.40176   21.09663    0.40176    1.47171       -1704.35150
  Ti      159   22.35218   21.04705    0.35218    1.51418       -1704.34684
  Ti      160   22.28545   20.98032    0.28545    1.58056       -1704.37636
