 Atom   Index      Q          Qmt        dQ        Vmad        Local Energy
  W         1   73.88926   72.58460   -0.11074    1.72407      -32312.49699
  W         2   73.87905   72.57439   -0.12095    1.74005      -32312.50978
  W         3   73.74264   72.43798   -0.25736    1.87118      -32312.59383
  W         4   73.92623   72.62157   -0.07377    1.69196      -32312.48752
  W         5   73.87281   72.56815   -0.12719    1.75005      -32312.52867
  W         6   73.81678   72.51212   -0.18322    1.78792      -32312.53041
  W         7   73.81348   72.50882   -0.18652    1.80440      -32312.55389
  W         8   73.80311   72.49845   -0.19689    1.81890      -32312.57224
  W         9   73.81661   72.51195   -0.18339    1.80551      -32312.56460
  W        10   73.91731   72.61265   -0.08269    1.70599      -32312.50783
  W        11   73.95435   72.64969   -0.04565    1.67738      -32312.48728
  W        12   73.83282   72.52816   -0.16718    1.78324      -32312.54389
  W        13   73.87776   72.57310   -0.12224    1.74240      -32312.52492
  W        14   73.92151   72.61685   -0.07849    1.69736      -32312.49185
  W        15   73.83966   72.53499   -0.16034    1.77618      -32312.52972
  W        16   73.92226   72.61760   -0.07774    1.70148      -32312.49563
  W        17   73.97220   72.66754   -0.02780    1.64808      -32312.45533
  W        18   73.81556   72.51090   -0.18444    1.80480      -32312.54849
  W        19   73.83269   72.52803   -0.16731    1.78864      -32312.55385
  W        20   73.79051   72.48584   -0.20949    1.82870      -32312.57064
  W        21   73.81253   72.50786   -0.18747    1.80757      -32312.56222
  W        22   73.94993   72.64527   -0.05007    1.66162      -32312.46131
  W        23   73.83525   72.53059   -0.16475    1.77447      -32312.52253
  W        24   73.82102   72.51636   -0.17898    1.80205      -32312.56083
  W        25   73.88765   72.58299   -0.11235    1.73373      -32312.51187
  W        26   73.86624   72.56158   -0.13376    1.75679      -32312.53499
  W        27   73.84408   72.53941   -0.15592    1.77434      -32312.54606
  W        28   73.99532   72.69066   -0.00468    1.61318      -32312.43815
  W        29   73.85661   72.55195   -0.14339    1.76791      -32312.53379
  W        30   73.95248   72.64782   -0.04752    1.67394      -32312.48909
  W        31   73.91460   72.60993   -0.08540    1.70190      -32312.48928
  W        32   73.98047   72.67581   -0.01953    1.63658      -32312.44450
  W        33   73.90608   72.60142   -0.09392    1.71552      -32312.50416
  W        34   73.93100   72.62634   -0.06900    1.67611      -32312.46690
  W        35   73.78109   72.47643   -0.21891    1.84756      -32312.59571
  W        36   73.85292   72.54825   -0.14708    1.76872      -32312.53663
  W        37   73.88843   72.58377   -0.11157    1.71705      -32312.48888
  W        38   73.93715   72.63249   -0.06285    1.67922      -32312.46745
  W        39   73.80919   72.50452   -0.19081    1.81239      -32312.56951
  W        40   73.97890   72.67423   -0.02110    1.63743      -32312.45186
  W        41   73.90390   72.59924   -0.09610    1.69868      -32312.46954
  W        42   73.95994   72.65528   -0.04006    1.66233      -32312.47979
  W        43   74.04680   72.74214    0.04680    1.57005      -32312.40943
  W        44   73.87894   72.57428   -0.12106    1.74387      -32312.51743
  W        45   73.90942   72.60475   -0.09058    1.70975      -32312.50066
  W        46   73.88434   72.57968   -0.11566    1.74147      -32312.51863
  W        47   73.85820   72.55353   -0.14180    1.76517      -32312.53918
  W        48   73.78187   72.47721   -0.21813    1.84124      -32312.58935
  W        49   73.91378   72.60912   -0.08622    1.70675      -32312.49958
  W        50   73.85364   72.54897   -0.14636    1.76489      -32312.53067
  W        51   73.99675   72.69209   -0.00325    1.62516      -32312.45670
  W        52   73.81936   72.51470   -0.18064    1.79658      -32312.55464
  W        53   73.88115   72.57649   -0.11885    1.74115      -32312.52786
  W        54   73.99179   72.68713   -0.00821    1.63354      -32312.44761
  W        55   73.85647   72.55180   -0.14353    1.77053      -32312.54537
  W        56   73.75588   72.45122   -0.24412    1.87190      -32312.60659
  W        57   73.85761   72.55294   -0.14239    1.75766      -32312.52544
  W        58   73.89835   72.59369   -0.10165    1.72515      -32312.50962
  W        59   73.96573   72.66107   -0.03427    1.65403      -32312.46365
  W        60   73.93816   72.63350   -0.06184    1.67578      -32312.46753
  W        61   73.75798   72.45332   -0.24202    1.85770      -32312.57873
  W        62   73.78810   72.48344   -0.21190    1.82759      -32312.56750
  W        63   73.75829   72.45363   -0.24171    1.86612      -32312.59978
  W        64   73.99121   72.68655   -0.00879    1.61711      -32312.43243
  Nb       65   40.91818   39.61352   -0.08182    1.72488       -7632.59165
  Nb       66   41.08530   39.78064    0.08530    1.56682       -7632.50214
  Nb       67   40.90293   39.59827   -0.09707    1.74066       -7632.60320
  Nb       68   40.93782   39.63316   -0.06218    1.71511       -7632.59796
  Nb       69   40.89843   39.59377   -0.10157    1.75427       -7632.62631
  Nb       70   40.94260   39.63794   -0.05740    1.71322       -7632.60213
  Nb       71   40.98137   39.67670   -0.01863    1.66571       -7632.57154
  Nb       72   40.96583   39.66117   -0.03417    1.68236       -7632.56756
  Nb       73   41.02382   39.71916    0.02382    1.62174       -7632.54193
  Nb       74   41.02830   39.72364    0.02830    1.62554       -7632.54038
  Nb       75   40.90327   39.59861   -0.09673    1.74381       -7632.61029
  Nb       76   40.94078   39.63612   -0.05922    1.70244       -7632.58252
  Nb       77   40.98338   39.67872   -0.01662    1.66491       -7632.56739
  Nb       78   40.94295   39.63829   -0.05705    1.70580       -7632.58527
  Nb       79   40.90785   39.60318   -0.09215    1.74386       -7632.61115
  Nb       80   41.01211   39.70744    0.01211    1.63610       -7632.55270
  Nb       81   40.86468   39.56002   -0.13532    1.78413       -7632.63866
  Nb       82   41.00646   39.70180    0.00646    1.64664       -7632.55913
  Nb       83   40.98145   39.67679   -0.01855    1.66788       -7632.56427
  Nb       84   41.05852   39.75386    0.05852    1.58874       -7632.51650
  Nb       85   40.83431   39.52965   -0.16569    1.80706       -7632.62945
  Nb       86   40.76175   39.45709   -0.23825    1.88154       -7632.68689
  Nb       87   40.95642   39.65176   -0.04358    1.69214       -7632.57988
  Nb       88   40.86699   39.56232   -0.13301    1.77958       -7632.63658
  Nb       89   40.95578   39.65112   -0.04422    1.69948       -7632.58975
  Nb       90   40.92326   39.61860   -0.07674    1.72144       -7632.59108
  Nb       91   40.79028   39.48562   -0.20972    1.85979       -7632.67934
  Nb       92   40.97645   39.67179   -0.02355    1.66357       -7632.55647
  Nb       93   40.86017   39.55551   -0.13983    1.79039       -7632.64234
  Nb       94   40.96507   39.66041   -0.03493    1.68526       -7632.58528
  Nb       95   41.03741   39.73275    0.03741    1.62082       -7632.54073
  Nb       96   40.96456   39.65990   -0.03544    1.68930       -7632.58683
  Nb       97   40.92854   39.62388   -0.07146    1.71958       -7632.59479
  Nb       98   40.94498   39.64032   -0.05502    1.70836       -7632.59546
  Nb       99   40.89191   39.58725   -0.10809    1.75630       -7632.62066
  Nb      100   40.78794   39.48328   -0.21206    1.86503       -7632.68659
  Nb      101   41.00346   39.69880    0.00346    1.64063       -7632.54794
  Nb      102   40.93853   39.63387   -0.06147    1.70355       -7632.58179
  Nb      103   40.83926   39.53460   -0.16074    1.81226       -7632.65647
  Nb      104   40.82033   39.51567   -0.17967    1.82681       -7632.65470
  Nb      105   41.01471   39.71004    0.01471    1.63862       -7632.54834
  Nb      106   40.91923   39.61457   -0.08077    1.73248       -7632.60187
  Nb      107   41.03288   39.72822    0.03288    1.60826       -7632.52065
  Nb      108   40.95772   39.65306   -0.04228    1.68702       -7632.56620
  Nb      109   41.02353   39.71886    0.02353    1.62312       -7632.54801
  Nb      110   40.97559   39.67093   -0.02441    1.67519       -7632.57094
  Nb      111   40.92806   39.62340   -0.07194    1.72547       -7632.60122
  Nb      112   40.91980   39.61514   -0.08020    1.72752       -7632.60106
  Nb      113   40.89251   39.58785   -0.10749    1.75193       -7632.61411
  Nb      114   40.98454   39.67988   -0.01546    1.66448       -7632.55896
  Nb      115   40.91273   39.60807   -0.08727    1.73751       -7632.59970
  Nb      116   40.91854   39.61388   -0.08146    1.73240       -7632.60700
  Nb      117   40.91713   39.61247   -0.08287    1.73403       -7632.60702
  Nb      118   40.93246   39.62780   -0.06754    1.71502       -7632.58930
  Nb      119   40.91292   39.60826   -0.08708    1.73434       -7632.60811
  Nb      120   40.88985   39.58519   -0.11015    1.75500       -7632.62386
  Nb      121   40.94780   39.64314   -0.05220    1.69591       -7632.57899
  Nb      122   40.86276   39.55810   -0.13724    1.78639       -7632.63750
  Nb      123   40.92679   39.62213   -0.07321    1.72057       -7632.59836
  Nb      124   41.00660   39.70194    0.00660    1.64602       -7632.56070
  Nb      125   40.99254   39.68788   -0.00746    1.65156       -7632.55762
  Nb      126   40.92544   39.62078   -0.07456    1.71949       -7632.59226
  Nb      127   40.87914   39.57448   -0.12086    1.76948       -7632.61807
  Nb      128   41.01110   39.70644    0.01110    1.64380       -7632.56182
  Mo      129   42.12999   40.82533    0.12999    1.61451       -8090.56005
  Mo      130   42.08170   40.77704    0.08170    1.66576       -8090.59982
  Mo      131   42.01283   40.70817    0.01283    1.72883       -8090.62671
  Mo      132   42.11510   40.81044    0.11510    1.62354       -8090.56572
  Mo      133   42.00752   40.70286    0.00752    1.74114       -8090.64148
  Mo      134   42.10200   40.79734    0.10200    1.63556       -8090.56614
  Mo      135   42.11629   40.81162    0.11629    1.61795       -8090.55529
  Mo      136   42.08496   40.78030    0.08496    1.65722       -8090.58319
  Mo      137   42.11942   40.81475    0.11942    1.62091       -8090.56134
  Mo      138   42.06175   40.75708    0.06175    1.68015       -8090.59905
  Mo      139   42.08947   40.78481    0.08947    1.65927       -8090.59752
  Mo      140   41.99751   40.69285   -0.00249    1.74187       -8090.62296
  Mo      141   42.10213   40.79747    0.10213    1.63472       -8090.56386
  Mo      142   42.05872   40.75406    0.05872    1.68543       -8090.60498
  Mo      143   42.12922   40.82456    0.12922    1.60431       -8090.54763
  Mo      144   41.95395   40.64929   -0.04605    1.79539       -8090.67232
  Mo      145   42.11866   40.81399    0.11866    1.62745       -8090.57403
  Mo      146   42.13718   40.83251    0.13718    1.59909       -8090.54327
  Mo      147   41.99223   40.68757   -0.00777    1.75411       -8090.64883
  Mo      148   42.11911   40.81444    0.11911    1.60451       -8090.53683
  Mo      149   42.07145   40.76678    0.07145    1.67192       -8090.58963
  Mo      150   42.13517   40.83051    0.13517    1.61110       -8090.57236
  Mo      151   41.91792   40.61325   -0.08208    1.83047       -8090.68583
  Mo      152   41.94824   40.64358   -0.05176    1.79457       -8090.66110
  Mo      153   42.17714   40.87248    0.17714    1.57070       -8090.54010
  Mo      154   42.03467   40.73001    0.03467    1.70838       -8090.62305
  Mo      155   42.13385   40.82919    0.13385    1.60207       -8090.54251
  Mo      156   41.97507   40.67041   -0.02493    1.76542       -8090.64006
  Mo      157   42.22887   40.92421    0.22887    1.51506       -8090.50492
  Mo      158   42.04551   40.74085    0.04551    1.70330       -8090.61348
  Mo      159   42.08999   40.78533    0.08999    1.65579       -8090.58485
  Mo      160   42.04876   40.74409    0.04876    1.68690       -8090.58976
  Mo      161   42.13428   40.82962    0.13428    1.60094       -8090.54921
  Mo      162   42.02300   40.71834    0.02300    1.71739       -8090.61420
  Mo      163   42.03784   40.73318    0.03784    1.70103       -8090.60348
  Mo      164   42.15680   40.85214    0.15680    1.59350       -8090.55578
  Mo      165   42.02220   40.71753    0.02220    1.72481       -8090.63056
  Mo      166   42.11335   40.80869    0.11335    1.63033       -8090.56880
  Mo      167   42.01722   40.71256    0.01722    1.72902       -8090.63183
  Mo      168   42.02524   40.72058    0.02524    1.71293       -8090.60911
  Mo      169   42.07566   40.77100    0.07566    1.66635       -8090.58897
  Mo      170   42.12052   40.81586    0.12052    1.61976       -8090.56184
  Mo      171   42.14718   40.84252    0.14718    1.58989       -8090.53969
  Mo      172   42.10401   40.79935    0.10401    1.63672       -8090.57064
  Mo      173   42.03414   40.72948    0.03414    1.71050       -8090.62231
  Mo      174   42.19012   40.88546    0.19012    1.54521       -8090.51064
  Mo      175   42.09225   40.78758    0.09225    1.65341       -8090.58524
  Mo      176   42.07579   40.77113    0.07579    1.66385       -8090.58471
  Mo      177   42.04874   40.74408    0.04874    1.69763       -8090.60812
  Mo      178   42.14514   40.84047    0.14514    1.59886       -8090.55087
  Mo      179   42.08180   40.77714    0.08180    1.65651       -8090.58505
  Mo      180   42.02627   40.72161    0.02627    1.72059       -8090.62966
  Mo      181   42.05363   40.74897    0.05363    1.68578       -8090.59603
  Mo      182   42.09779   40.79313    0.09779    1.65102       -8090.58963
  Mo      183   42.12175   40.81708    0.12175    1.62603       -8090.57544
  Mo      184   42.08042   40.77576    0.08042    1.67314       -8090.60666
  Mo      185   42.13195   40.82729    0.13195    1.61277       -8090.56012
  Mo      186   42.13285   40.82818    0.13285    1.61403       -8090.57168
  Mo      187   42.08410   40.77944    0.08410    1.66423       -8090.59054
  Mo      188   42.11671   40.81205    0.11671    1.62173       -8090.55875
  Mo      189   42.10475   40.80009    0.10475    1.64484       -8090.58370
  Mo      190   42.09135   40.78669    0.09135    1.64489       -8090.57488
  Mo      191   42.12653   40.82187    0.12653    1.61330       -8090.56246
  Mo      192   42.11184   40.80718    0.11184    1.62715       -8090.56514
  Ta      193   72.76823   71.46357   -0.23177    1.78523      -31232.94813
  Ta      194   72.70742   71.40276   -0.29258    1.84542      -31232.98791
  Ta      195   72.87824   71.57358   -0.12176    1.67907      -31232.88773
  Ta      196   72.80404   71.49938   -0.19596    1.75190      -31232.92650
  Ta      197   72.83015   71.52549   -0.16985    1.72376      -31232.89718
  Ta      198   72.80368   71.49902   -0.19632    1.75666      -31232.93285
  Ta      199   72.77355   71.46888   -0.22645    1.78018      -31232.94357
  Ta      200   72.93081   71.62615   -0.06919    1.62980      -31232.85029
  Ta      201   72.79133   71.48667   -0.20867    1.76512      -31232.93652
  Ta      202   72.67194   71.36728   -0.32806    1.88263      -31233.01526
  Ta      203   72.73726   71.43260   -0.26274    1.82523      -31232.97541
  Ta      204   72.77541   71.47075   -0.22459    1.78047      -31232.94631
  Ta      205   72.81283   71.50817   -0.18717    1.75124      -31232.93911
  Ta      206   72.78637   71.48171   -0.21363    1.77664      -31232.94199
  Ta      207   72.80032   71.49566   -0.19968    1.75741      -31232.92129
  Ta      208   72.80440   71.49974   -0.19560    1.76530      -31232.94818
  Ta      209   72.83551   71.53085   -0.16449    1.72631      -31232.90888
  Ta      210   72.78577   71.48111   -0.21423    1.76577      -31232.93680
  Ta      211   72.72410   71.41944   -0.27590    1.83300      -31232.97787
  Ta      212   72.81860   71.51393   -0.18140    1.74302      -31232.91976
  Ta      213   72.66602   71.36135   -0.33398    1.89362      -31233.02267
  Ta      214   72.75492   71.45026   -0.24508    1.80832      -31232.97782
  Ta      215   72.68436   71.37970   -0.31564    1.86586      -31232.99383
  Ta      216   72.74750   71.44283   -0.25250    1.81279      -31232.97911
  Ta      217   72.88849   71.58383   -0.11151    1.66922      -31232.88592
  Ta      218   72.76309   71.45842   -0.23691    1.79907      -31232.96083
  Ta      219   72.73129   71.42663   -0.26871    1.82312      -31232.96124
  Ta      220   72.66089   71.35622   -0.33911    1.89689      -31233.02307
  Ta      221   72.72977   71.42510   -0.27023    1.82485      -31232.97661
  Ta      222   72.87039   71.56573   -0.12961    1.68853      -31232.88375
  Ta      223   72.78847   71.48381   -0.21153    1.76478      -31232.92849
  Ta      224   72.82470   71.52004   -0.17530    1.73579      -31232.91973
  Ta      225   72.78751   71.48285   -0.21249    1.76686      -31232.92576
  Ta      226   72.76731   71.46265   -0.23269    1.78672      -31232.95057
  Ta      227   72.70586   71.40120   -0.29414    1.84829      -31232.99095
  Ta      228   72.83781   71.53314   -0.16219    1.72555      -31232.91138
  Ta      229   72.60711   71.30245   -0.39289    1.95155      -31233.05054
  Ta      230   72.77121   71.46655   -0.22879    1.78518      -31232.95121
  Ta      231   72.81970   71.51504   -0.18030    1.74612      -31232.92278
  Ta      232   72.72219   71.41752   -0.27781    1.83544      -31232.98521
  Ta      233   72.83244   71.52778   -0.16756    1.72399      -31232.91584
  Ta      234   72.73187   71.42721   -0.26813    1.82381      -31232.96617
  Ta      235   72.87168   71.56702   -0.12832    1.68630      -31232.88482
  Ta      236   72.78250   71.47784   -0.21750    1.76860      -31232.93239
  Ta      237   72.80646   71.50180   -0.19354    1.75451      -31232.93105
  Ta      238   72.82217   71.51751   -0.17783    1.73243      -31232.91461
  Ta      239   72.82237   71.51771   -0.17763    1.74242      -31232.92280
  Ta      240   72.77396   71.46929   -0.22604    1.77101      -31232.92804
  Ta      241   72.71360   71.40894   -0.28640    1.84069      -31232.98969
  Ta      242   72.90873   71.60407   -0.09127    1.65453      -31232.86520
  Ta      243   72.86068   71.55602   -0.13932    1.69903      -31232.89582
  Ta      244   72.74960   71.44494   -0.25040    1.80882      -31232.97167
  Ta      245   72.86671   71.56205   -0.13329    1.69364      -31232.89833
  Ta      246   72.81222   71.50756   -0.18778    1.75034      -31232.92083
  Ta      247   72.77966   71.47500   -0.22034    1.78357      -31232.95005
  Ta      248   72.84702   71.54236   -0.15298    1.70745      -31232.89061
  Ta      249   72.83660   71.53194   -0.16340    1.72822      -31232.91062
  Ta      250   72.83712   71.53246   -0.16288    1.72425      -31232.90980
  Ta      251   72.76381   71.45915   -0.23619    1.80090      -31232.95994
  Ta      252   72.76941   71.46475   -0.23059    1.78494      -31232.95531
  Ta      253   72.59736   71.29270   -0.40264    1.96029      -31233.06060
  Ta      254   72.92239   71.61773   -0.07761    1.64165      -31232.85859
  Ta      255   72.69488   71.39022   -0.30512    1.86143      -31232.99395
  Ta      256   72.82502   71.52036   -0.17498    1.73872      -31232.92609
  Ti      257   22.29047   20.98581    0.29047    1.57630       -1704.38701
  Ti      258   22.39586   21.09120    0.39586    1.47330       -1704.34087
  Ti      259   22.12461   20.81995    0.12461    1.73949       -1704.45491
  Ti      260   22.21294   20.90827    0.21294    1.65094       -1704.40183
  Ti      261   22.42885   21.12419    0.42885    1.45073       -1704.34971
  Ti      262   22.39640   21.09173    0.39640    1.48205       -1704.35940
  Ti      263   22.27254   20.96787    0.27254    1.60275       -1704.41138
  Ti      264   22.35041   21.04575    0.35041    1.52398       -1704.36618
  Ti      265   22.30534   21.00067    0.30534    1.57562       -1704.40206
  Ti      266   22.29369   20.98903    0.29369    1.57564       -1704.39690
  Ti      267   22.25944   20.95478    0.25944    1.61367       -1704.39842
  Ti      268   22.29741   20.99275    0.29741    1.56876       -1704.36875
  Ti      269   22.30226   20.99760    0.30226    1.57108       -1704.40438
  Ti      270   22.37945   21.07479    0.37945    1.49653       -1704.35779
  Ti      271   22.40710   21.10244    0.40710    1.46750       -1704.35016
  Ti      272   22.40861   21.10395    0.40861    1.47425       -1704.35788
  Ti      273   22.30007   20.99541    0.30007    1.57233       -1704.40005
  Ti      274   22.40387   21.09921    0.40387    1.47577       -1704.35240
  Ti      275   22.33313   21.02847    0.33313    1.54164       -1704.39912
  Ti      276   22.25402   20.94936    0.25402    1.61657       -1704.41214
  Ti      277   22.41019   21.10553    0.41019    1.46024       -1704.33222
  Ti      278   22.27239   20.96773    0.27239    1.60056       -1704.41729
  Ti      279   22.29614   20.99148    0.29614    1.57119       -1704.37790
  Ti      280   22.35513   21.05047    0.35513    1.52620       -1704.39096
  Ti      281   22.22492   20.92026    0.22492    1.65848       -1704.46704
  Ti      282   22.37061   21.06594    0.37061    1.50525       -1704.34976
  Ti      283   22.14973   20.84507    0.14973    1.71790       -1704.45717
  Ti      284   22.37290   21.06824    0.37290    1.50351       -1704.36591
  Ti      285   22.37079   21.06613    0.37079    1.50912       -1704.37104
  Ti      286   22.29502   20.99036    0.29502    1.57907       -1704.40736
  Ti      287   22.30279   20.99813    0.30279    1.57205       -1704.38553
  Ti      288   22.30663   21.00197    0.30663    1.56305       -1704.36628
  Ti      289   22.21312   20.90846    0.21312    1.66336       -1704.43929
  Ti      290   22.38558   21.08092    0.38558    1.49393       -1704.36242
  Ti      291   22.41443   21.10977    0.41443    1.45804       -1704.31894
  Ti      292   22.23661   20.93195    0.23661    1.63047       -1704.41699
  Ti      293   22.26651   20.96185    0.26651    1.60174       -1704.39283
  Ti      294   22.26803   20.96337    0.26803    1.60316       -1704.41302
  Ti      295   22.30681   21.00215    0.30681    1.56537       -1704.38784
  Ti      296   22.40015   21.09549    0.40015    1.47822       -1704.36646
  Ti      297   22.38251   21.07785    0.38251    1.48940       -1704.34642
  Ti      298   22.31191   21.00724    0.31191    1.55489       -1704.35857
  Ti      299   22.18991   20.88525    0.18991    1.68424       -1704.44568
  Ti      300   22.39816   21.09350    0.39816    1.47020       -1704.33872
  Ti      301   22.30340   20.99873    0.30340    1.56923       -1704.39190
  Ti      302   22.38423   21.07957    0.38423    1.48985       -1704.34926
  Ti      303   22.25342   20.94876    0.25342    1.61102       -1704.39609
  Ti      304   22.35915   21.05448    0.35915    1.51337       -1704.36798
  Ti      305   22.34027   21.03560    0.34027    1.53365       -1704.37085
  Ti      306   22.21855   20.91389    0.21855    1.65007       -1704.41457
  Ti      307   22.32951   21.02485    0.32951    1.53643       -1704.35915
  Ti      308   22.28720   20.98254    0.28720    1.58117       -1704.39652
  Ti      309   22.40945   21.10479    0.40945    1.46669       -1704.33756
  Ti      310   22.22070   20.91604    0.22070    1.65739       -1704.45046
  Ti      311   22.39290   21.08824    0.39290    1.47577       -1704.34402
  Ti      312   22.32288   21.01821    0.32288    1.55426       -1704.38890
  Ti      313   22.31838   21.01372    0.31838    1.55170       -1704.38556
  Ti      314   22.35924   21.05458    0.35924    1.51862       -1704.38404
  Ti      315   22.38748   21.08282    0.38748    1.48587       -1704.35199
  Ti      316   22.26322   20.95856    0.26322    1.60997       -1704.41862
  Ti      317   22.30638   21.00172    0.30638    1.57385       -1704.40890
  Ti      318   22.26862   20.96396    0.26862    1.60514       -1704.39394
  Ti      319   22.30437   20.99971    0.30437    1.57285       -1704.39587
  Ti      320   22.29170   20.98703    0.29170    1.59417       -1704.44044
