 Atom   Index      Q          Qmt        dQ        Vmad        Local Energy
  W         1   73.85700   72.55728   -0.14300    1.73260      -32312.48924
  W         2   73.92097   72.62125   -0.07903    1.65432      -32312.42979
  W         3   74.09909   72.79937    0.09909    1.50378      -32312.36581
  W         4   73.85643   72.55671   -0.14357    1.73308      -32312.48963
  Nb        5   40.93709   39.63737   -0.06291    1.67762       -7632.56179
  Nb        6   40.77289   39.47317   -0.22711    1.85482       -7632.66823
  Nb        7   40.61562   39.31590   -0.38438    2.00578       -7632.73963
  Nb        8   41.17984   39.88013    0.17984    1.45382       -7632.42815
  Mo        9   42.15172   40.85200    0.15172    1.56811       -8090.51183
  Mo       10   42.21188   40.91216    0.21188    1.49983       -8090.48363
  Mo       11   41.73835   40.43863   -0.26165    1.98893       -8090.76326
  Mo       12   42.21783   40.91811    0.21783    1.49390       -8090.48460
  Ta       13   72.72522   71.42550   -0.27478    1.80812      -31232.95737
  Ta       14   72.80511   71.50539   -0.19489    1.72352      -31232.90403
  Ta       15   72.80200   71.50228   -0.19800    1.72638      -31232.90047
  Ta       16   72.73939   71.43967   -0.26061    1.79477      -31232.94573
  V        17   23.27957   21.97985    0.27957    1.67052       -1895.27754
  V        18   23.50201   22.20229    0.50201    1.43316       -1895.14016
  V        19   23.30229   22.00257    0.30229    1.64240       -1895.25477
  V        20   23.28569   21.98597    0.28569    1.67370       -1895.32001
