 Atom   Index      Q          Qmt        dQ        Vmad        Local Energy
  W         1   73.82529   72.52424   -0.17471    1.75817      -32312.49727
  W         2   73.70667   72.40562   -0.29333    1.89742      -32312.61101
  W         3   73.79820   72.49715   -0.20180    1.80036      -32312.53884
  W         4   73.84757   72.54652   -0.15243    1.74117      -32312.49033
  W         5   73.82067   72.51962   -0.17933    1.77136      -32312.51911
  W         6   73.98293   72.68187   -0.01707    1.60494      -32312.40372
  W         7   73.71969   72.41864   -0.28031    1.87359      -32312.58482
  W         8   73.95130   72.65024   -0.04870    1.64996      -32312.43526
  W         9   73.80219   72.50113   -0.19781    1.80063      -32312.53948
  W        10   73.80916   72.50811   -0.19084    1.77514      -32312.51788
  W        11   73.85572   72.55466   -0.14428    1.73812      -32312.49331
  W        12   73.79200   72.49094   -0.20800    1.79262      -32312.53076
  W        13   73.82776   72.52671   -0.17224    1.76359      -32312.50372
  W        14   73.81385   72.51279   -0.18615    1.78442      -32312.53154
  W        15   73.97591   72.67485   -0.02409    1.61130      -32312.41797
  W        16   73.82098   72.51992   -0.17902    1.77011      -32312.51227
  Nb       17   40.97334   39.67228   -0.02666    1.64917       -7632.53304
  Nb       18   40.96454   39.66349   -0.03546    1.65781       -7632.55482
  Nb       19   40.71607   39.41502   -0.28393    1.91222       -7632.69997
  Nb       20   40.84276   39.54171   -0.15724    1.77955       -7632.61506
  Nb       21   40.88060   39.57954   -0.11940    1.74843       -7632.59818
  Nb       22   40.91848   39.61743   -0.08152    1.71208       -7632.57518
  Nb       23   40.96896   39.66791   -0.03104    1.65052       -7632.54623
  Nb       24   40.92661   39.62556   -0.07339    1.70214       -7632.56327
  Nb       25   40.96728   39.66623   -0.03272    1.65164       -7632.53308
  Nb       26   40.96319   39.66214   -0.03681    1.66474       -7632.54490
  Nb       27   40.90622   39.60516   -0.09378    1.72167       -7632.58552
  Nb       28   40.89428   39.59323   -0.10572    1.73337       -7632.60259
  Nb       29   40.92600   39.62494   -0.07400    1.69892       -7632.56138
  Nb       30   40.98553   39.68448   -0.01447    1.63780       -7632.52707
  Nb       31   40.88722   39.58617   -0.11278    1.73247       -7632.59206
  Nb       32   40.76072   39.45967   -0.23928    1.86585       -7632.67013
  Mo       33   42.07315   40.77210    0.07315    1.64520       -8090.56224
  Mo       34   41.93724   40.63619   -0.06276    1.79170       -8090.65674
  Mo       35   42.08302   40.78196    0.08302    1.63239       -8090.54685
  Mo       36   42.00670   40.70564    0.00670    1.71272       -8090.59824
  Mo       37   42.12402   40.82296    0.12402    1.59553       -8090.53833
  Mo       38   42.09184   40.79078    0.09184    1.62764       -8090.55075
  Mo       39   42.07994   40.77888    0.07994    1.64717       -8090.56638
  Mo       40   42.14299   40.84194    0.14299    1.58008       -8090.52366
  Mo       41   42.12825   40.82719    0.12825    1.58285       -8090.51567
  Mo       42   41.99015   40.68910   -0.00985    1.73276       -8090.61879
  Mo       43   42.10766   40.80661    0.10766    1.61132       -8090.53831
  Mo       44   42.20927   40.90821    0.20927    1.49855       -8090.46673
  Mo       45   42.07420   40.77314    0.07420    1.64938       -8090.56201
  Mo       46   42.16759   40.86654    0.16759    1.55069       -8090.50449
  Mo       47   41.96550   40.66445   -0.03450    1.75770       -8090.63456
  Mo       48   42.05481   40.75376    0.05481    1.65224       -8090.55872
  Ta       49   72.76110   71.46005   -0.23890    1.77378      -31232.93864
  Ta       50   72.69343   71.39238   -0.30657    1.83791      -31232.97221
  Ta       51   72.75127   71.45022   -0.24873    1.77953      -31232.93105
  Ta       52   72.64239   71.34134   -0.35761    1.89117      -31232.99388
  Ta       53   72.64557   71.34452   -0.35443    1.88813      -31232.99256
  Ta       54   72.74170   71.44065   -0.25830    1.78735      -31232.93295
  Ta       55   72.80988   71.50882   -0.19012    1.72797      -31232.90177
  Ta       56   72.69949   71.39843   -0.30051    1.83464      -31232.95741
  Ta       57   72.78008   71.47903   -0.21992    1.75121      -31232.90756
  Ta       58   72.71635   71.41529   -0.28365    1.81917      -31232.94914
  Ta       59   72.66040   71.35935   -0.33960    1.87287      -31232.99365
  Ta       60   72.82092   71.51987   -0.17908    1.71616      -31232.88728
  Ta       61   72.80425   71.50320   -0.19575    1.73341      -31232.90106
  Ta       62   72.64276   71.34170   -0.35724    1.89203      -31233.00509
  Ta       63   72.73741   71.43636   -0.26259    1.80019      -31232.93692
  Ta       64   72.62985   71.32879   -0.37015    1.90315      -31233.01152
  V        65   23.54895   22.24789    0.54895    1.40079       -1895.15956
  V        66   23.40260   22.10154    0.40260    1.55190       -1895.24830
  V        67   23.35138   22.05033    0.35138    1.60042       -1895.26470
  V        68   23.50954   22.20848    0.50954    1.43550       -1895.17883
  V        69   23.48860   22.18754    0.48860    1.45276       -1895.17325
  V        70   23.48241   22.18135    0.48241    1.46835       -1895.18933
  V        71   23.40025   22.09919    0.40025    1.54703       -1895.22723
  V        72   23.53530   22.23424    0.53530    1.40307       -1895.16786
  V        73   23.46590   22.16485    0.46590    1.48322       -1895.18598
  V        74   23.38151   22.08045    0.38151    1.57205       -1895.24308
  V        75   23.43708   22.13603    0.43708    1.51003       -1895.20205
  V        76   23.39832   22.09727    0.39832    1.54598       -1895.21524
  V        77   23.63524   22.33419    0.63524    1.30677       -1895.11318
  V        78   23.53297   22.23192    0.53297    1.40942       -1895.15499
  V        79   23.43010   22.12904    0.43010    1.52253       -1895.21655
  V        80   23.39496   22.09390    0.39496    1.55719       -1895.24188
