System Description            : WNbMoTaV, BCC structure                         
Number of Atoms in Unit Cell  : 80                                              
Number of Atomic Species      : 5                                               
Number of Atoms in Each Type  : 16(W), 16(Nb), 16(Mo), 16(Ta), 16(V)            
Energy Offset                 : -16231                                          
=======================================================================================
    Iter     Energy      3PV     Efermi   Rms_rho    Rms_pot   Mix  Alg  Alpha 
---------------------------------------------------------------------------------------
**       1  -0.854971  1839.088  0.58567  0.140E+01  0.135E+00  pot  B   0.1000
         2  -1.104016  1816.606  0.59944  0.785E-02  0.442E+00  pot  B   0.1000
         3  -1.239606  1811.346  0.59950  0.328E-02  0.356E+00  pot  B   0.1000
         4  -1.407835  1796.159  0.61239  0.496E-02  0.186E+00  pot  B   0.1000
         5  -1.518717  1777.269  0.61828  0.639E-02  0.306E+00  pot  B   0.1000
         6  -1.649263  1749.217  0.62634  0.941E-02  0.311E+00  pot  B   0.1000
         7  -1.677288  1740.751  0.63026  0.297E-02  0.259E+00  pot  B   0.1000
         8  -1.713536  1732.982  0.63455  0.293E-02  0.956E-01  pot  B   0.1000
         9  -1.730655  1726.801  0.63740  0.272E-02  0.439E-01  pot  B   0.1000
        10  -1.743959  1719.961  0.63928  0.343E-02  0.684E-01  pot  B   0.1000
        11  -1.753492  1713.555  0.64057  0.336E-02  0.682E-01  pot  B   0.1000
        12  -1.757676  1709.464  0.64115  0.222E-02  0.373E-01  pot  B   0.1000
        13  -1.759279  1707.981  0.64244  0.900E-03  0.121E-01  pot  B   0.1000
        14  -1.759622  1707.419  0.64313  0.382E-03  0.536E-02  pot  B   0.1000
        15  -1.759791  1707.183  0.64434  0.297E-03  0.604E-02  pot  B   0.1000
        16  -1.759955  1706.981  0.64577  0.284E-03  0.567E-02  pot  B   0.1000
        17  -1.760078  1706.924  0.64753  0.336E-03  0.550E-02  pot  B   0.1000
        18  -1.760089  1706.839  0.64832  0.136E-03  0.363E-02  pot  B   0.1000
        19  -1.760094  1706.788  0.64853  0.516E-04  0.130E-02  pot  B   0.1000
        20  -1.760097  1706.832  0.64859  0.293E-04  0.972E-03  pot  B   0.1000
        21  -1.760096  1706.755  0.64865  0.501E-04  0.123E-02  pot  B   0.1000
        22  -1.760098  1706.748  0.64874  0.356E-04  0.651E-03  pot  B   0.1000
        23  -1.760099  1706.728  0.64881  0.324E-04  0.351E-03  pot  B   0.1000
        24  -1.760098  1706.729  0.64882  0.115E-04  0.524E-03  pot  B   0.1000
        25  -1.760098  1706.730  0.64882  0.748E-05  0.363E-03  pot  B   0.1000
        26  -1.760098  1706.741  0.64885  0.107E-04  0.335E-03  pot  B   0.1000
        27  -1.760099  1706.753  0.64887  0.879E-05  0.201E-03  pot  B   0.1000
        28  -1.760099  1706.770  0.64890  0.108E-04  0.116E-03  pot  B   0.1000
        29  -1.760099  1706.777  0.64890  0.472E-05  0.228E-03  pot  B   0.1000
        30  -1.760099  1706.786  0.64891  0.464E-05  0.114E-03  pot  B   0.1000
        31  -1.760099  1706.788  0.64891  0.286E-05  0.887E-04  pot  B   0.1000
        32  -1.760099  1706.790  0.64891  0.166E-05  0.622E-04  pot  B   0.1000
        33  -1.760099  1706.794  0.64891  0.231E-05  0.521E-04  pot  B   0.1000
        34  -1.760100  1706.794  0.64891  0.615E-06  0.275E-04  pot  B   0.1000
        35  -1.760100  1706.797  0.64891  0.212E-05  0.283E-04  pot  B   0.1000
        36  -1.760100  1706.798  0.64892  0.480E-06  0.196E-04  pot  B   0.1000
        37  -1.760100  1706.798  0.64892  0.360E-06  0.173E-04  pot  B   0.1000
        38  -1.760099  1706.799  0.64892  0.457E-06  0.174E-04  pot  B   0.1000
        39  -1.760099  1706.799  0.64892  0.198E-06  0.929E-05  pot  B   0.1000
        40  -1.760099  1706.799  0.64892  0.186E-06  0.106E-04  pot  B   0.1000
        41  -1.760099  1706.799  0.64892  0.109E-06  0.103E-04  pot  B   0.1000
        42  -1.760099  1706.798  0.64892  0.167E-06  0.930E-05  pot  B   0.1000
        43  -1.760099  1706.798  0.64892  0.171E-06  0.598E-05  pot  B   0.1000
        44  -1.760099  1706.798  0.64892  0.985E-07  0.822E-05  pot  B   0.1000
        45  -1.760099  1706.798  0.64892  0.874E-07  0.437E-05  pot  B   0.1000
        46  -1.760099  1706.798  0.64892  0.769E-07  0.412E-05  pot  B   0.1000
        47  -1.760099  1706.798  0.64892  0.773E-07  0.214E-05  pot  B   0.1000
        48  -1.760099  1706.798  0.64892  0.578E-07  0.197E-05  pot  B   0.1000
        49  -1.760099  1706.798  0.64892  0.250E-07  0.250E-05  pot  B   0.1000
        50  -1.760099  1706.798  0.64892  0.318E-07  0.127E-05  pot  B   0.1000
        51  -1.760099  1706.798  0.64892  0.317E-07  0.784E-06  pot  B   0.1000
        52  -1.760099  1706.798  0.64892  0.291E-07  0.142E-05  pot  B   0.1000
        53  -1.760099  1706.798  0.64892  0.201E-07  0.917E-06  pot  B   0.1000
        54  -1.760099  1706.798  0.64892  0.262E-07  0.530E-06  pot  B   0.1000
        55  -1.760099  1706.799  0.64892  0.180E-07  0.595E-06  pot  B   0.1000
        56  -1.760099  1706.799  0.64892  0.987E-08  0.699E-06  pot  B   0.1000
        57  -1.760099  1706.799  0.64892  0.671E-08  0.465E-06  pot  B   0.1000
        58  -1.760099  1706.799  0.64892  0.669E-08  0.430E-06  pot  B   0.1000
        59  -1.760099  1706.799  0.64892  0.550E-08  0.204E-06  pot  B   0.1000
        60  -1.760099  1706.799  0.64892  0.327E-08  0.170E-06  pot  B   0.1000
        61  -1.760099  1706.799  0.64892  0.203E-08  0.172E-06  pot  B   0.1000
        62  -1.760099  1706.799  0.64892  0.211E-08  0.139E-06  pot  B   0.1000
        63  -1.760099  1706.799  0.64892  0.263E-08  0.817E-07  pot  B   0.1000
        64  -1.760099  1706.799  0.64892  0.151E-08  0.749E-07  pot  B   0.1000
        65  -1.760099  1706.799  0.64892  0.184E-08  0.670E-07  pot  B   0.1000
        66  -1.760099  1706.799  0.64892  0.320E-08  0.132E-06  pot  B   0.1000
        67  -1.760099  1706.799  0.64892  0.197E-08  0.452E-07  pot  B   0.1000
        68  -1.760099  1706.799  0.64892  0.795E-09  0.586E-07  pot  B   0.1000
        69  -1.760099  1706.799  0.64892  0.518E-09  0.333E-07  pot  B   0.1000
        70  -1.760099  1706.799  0.64892  0.787E-09  0.374E-07  pot  B   0.1000
        71  -1.760099  1706.799  0.64892  0.727E-09  0.314E-07  pot  B   0.1000
        72  -1.760099  1706.799  0.64892  0.687E-09  0.158E-07  pot  B   0.1000
        73  -1.760099  1706.799  0.64892  0.341E-09  0.166E-07  pot  B   0.1000
        74  -1.760099  1706.799  0.64892  0.297E-09  0.175E-07  pot  B   0.1000
        75  -1.760099  1706.799  0.64892  0.220E-09  0.119E-07  pot  B   0.1000
        76  -1.760099  1706.799  0.64892  0.177E-09  0.511E-08  pot  B   0.1000
**      77  -1.760099  1706.799  0.64892  0.855E-12  0.511E-08  pot  B   0.1000
