System Description            : WNbMoTaV, BCC structure                         
Number of Atoms in Unit Cell  : 320                                             
Number of Atomic Species      : 5                                               
Number of Atoms in Each Type  : 64(W), 64(Nb), 64(Mo), 64(Ta), 64(V)            
Energy Offset                 : -16231                                          
=======================================================================================
    Iter     Energy      3PV     Efermi   Rms_rho    Rms_pot   Mix  Alg  Alpha 
---------------------------------------------------------------------------------------
**       1  -0.863383  1839.047  0.58747  0.140E+01  0.174E+00  pot  B   0.1000
         2  -0.826732  1816.915  0.60062  0.783E-02  0.127E+01  pot  B   0.1000
         3  -1.156164  1814.930  0.59867  0.404E-02  0.614E+00  pot  B   0.1000
         4  -1.225741  1804.462  0.60828  0.440E-02  0.718E+00  pot  B   0.1000
         5  -1.305706  1798.451  0.61190  0.227E-02  0.709E+00  pot  B   0.1000
         6  -1.457561  1785.959  0.61777  0.443E-02  0.401E+00  pot  B   0.1000
         7  -1.566338  1764.701  0.62339  0.719E-02  0.662E+00  pot  B   0.1000
         8  -1.669913  1746.781  0.62827  0.616E-02  0.214E+00  pot  B   0.1000
         9  -1.702021  1736.835  0.63288  0.355E-02  0.180E+00  pot  B   0.1000
        10  -1.718060  1730.071  0.63548  0.268E-02  0.160E+00  pot  B   0.1000
        11  -1.728103  1726.643  0.63726  0.157E-02  0.789E-01  pot  B   0.1000
        12  -1.738815  1722.241  0.63810  0.218E-02  0.102E+00  pot  B   0.1000
        13  -1.747536  1716.567  0.63940  0.296E-02  0.128E+00  pot  B   0.1000
        14  -1.753461  1713.821  0.64060  0.187E-02  0.665E-01  pot  B   0.1000
        15  -1.756166  1709.047  0.64180  0.211E-02  0.414E-01  pot  B   0.1000
        16  -1.756916  1708.427  0.64253  0.901E-03  0.691E-01  pot  B   0.1000
        17  -1.757597  1706.946  0.64340  0.620E-03  0.251E-01  pot  B   0.1000
        18  -1.757727  1707.228  0.64346  0.135E-03  0.192E-01  pot  B   0.1000
        19  -1.757808  1707.234  0.64412  0.215E-03  0.315E-01  pot  B   0.1000
        20  -1.757910  1707.040  0.64436  0.269E-03  0.166E-01  pot  B   0.1000
        21  -1.758042  1707.030  0.64511  0.192E-03  0.104E-01  pot  B   0.1000
        22  -1.758011  1706.963  0.64548  0.193E-03  0.204E-01  pot  B   0.1000
        23  -1.758150  1706.932  0.64660  0.224E-03  0.117E-01  pot  B   0.1000
        24  -1.758187  1706.796  0.64721  0.153E-03  0.890E-02  pot  B   0.1000
        25  -1.758222  1706.759  0.64782  0.159E-03  0.841E-02  pot  B   0.1000
        26  -1.758241  1706.764  0.64821  0.864E-04  0.469E-02  pot  B   0.1000
        27  -1.758240  1706.696  0.64832  0.787E-04  0.480E-02  pot  B   0.1000
        28  -1.758254  1706.693  0.64854  0.512E-04  0.428E-02  pot  B   0.1000
        29  -1.758256  1706.699  0.64859  0.396E-04  0.506E-02  pot  B   0.1000
        30  -1.758258  1706.683  0.64869  0.292E-04  0.445E-02  pot  B   0.1000
        31  -1.758266  1706.681  0.64878  0.327E-04  0.330E-02  pot  B   0.1000
        32  -1.758267  1706.673  0.64892  0.380E-04  0.405E-02  pot  B   0.1000
        33  -1.758271  1706.670  0.64897  0.256E-04  0.185E-02  pot  B   0.1000
        34  -1.758272  1706.673  0.64900  0.217E-04  0.182E-02  pot  B   0.1000
        35  -1.758273  1706.678  0.64901  0.136E-04  0.938E-03  pot  B   0.1000
        36  -1.758274  1706.684  0.64903  0.106E-04  0.107E-02  pot  B   0.1000
        37  -1.758275  1706.692  0.64904  0.150E-04  0.850E-03  pot  B   0.1000
        38  -1.758275  1706.705  0.64903  0.153E-04  0.952E-03  pot  B   0.1000
        39  -1.758275  1706.717  0.64902  0.908E-05  0.968E-03  pot  B   0.1000
        40  -1.758275  1706.737  0.64901  0.147E-04  0.686E-03  pot  B   0.1000
        41  -1.758275  1706.760  0.64900  0.142E-04  0.110E-02  pot  B   0.1000
        42  -1.758275  1706.749  0.64901  0.107E-04  0.946E-03  pot  B   0.1000
        43  -1.758275  1706.761  0.64901  0.967E-05  0.699E-03  pot  B   0.1000
        44  -1.758275  1706.775  0.64900  0.808E-05  0.646E-03  pot  B   0.1000
        45  -1.758275  1706.773  0.64900  0.523E-05  0.418E-03  pot  B   0.1000
        46  -1.758275  1706.781  0.64900  0.402E-05  0.322E-03  pot  B   0.1000
        47  -1.758274  1706.789  0.64899  0.477E-05  0.285E-03  pot  B   0.1000
        48  -1.758274  1706.792  0.64899  0.319E-05  0.301E-03  pot  B   0.1000
        49  -1.758274  1706.797  0.64899  0.347E-05  0.289E-03  pot  B   0.1000
        50  -1.758274  1706.802  0.64899  0.365E-05  0.153E-03  pot  B   0.1000
        51  -1.758274  1706.805  0.64899  0.177E-05  0.136E-03  pot  B   0.1000
        52  -1.758274  1706.807  0.64899  0.132E-05  0.121E-03  pot  B   0.1000
        53  -1.758274  1706.808  0.64899  0.149E-05  0.192E-03  pot  B   0.1000
        54  -1.758274  1706.808  0.64899  0.232E-05  0.143E-03  pot  B   0.1000
        55  -1.758274  1706.809  0.64899  0.155E-05  0.140E-03  pot  B   0.1000
        56  -1.758275  1706.810  0.64899  0.140E-05  0.135E-03  pot  B   0.1000
        57  -1.758274  1706.810  0.64899  0.137E-05  0.152E-03  pot  B   0.1000
        58  -1.758275  1706.812  0.64899  0.109E-05  0.115E-03  pot  B   0.1000
        59  -1.758275  1706.812  0.64899  0.126E-05  0.779E-04  pot  B   0.1000
        60  -1.758275  1706.812  0.64899  0.582E-06  0.504E-04  pot  B   0.1000
        61  -1.758275  1706.812  0.64899  0.646E-06  0.555E-04  pot  B   0.1000
        62  -1.758275  1706.812  0.64899  0.682E-06  0.358E-04  pot  B   0.1000
        63  -1.758275  1706.812  0.64899  0.395E-06  0.341E-04  pot  B   0.1000
        64  -1.758275  1706.812  0.64899  0.509E-06  0.250E-04  pot  B   0.1000
        65  -1.758275  1706.812  0.64899  0.565E-06  0.449E-04  pot  B   0.1000
        66  -1.758275  1706.812  0.64898  0.518E-06  0.382E-04  pot  B   0.1000
        67  -1.758275  1706.812  0.64898  0.311E-06  0.330E-04  pot  B   0.1000
        68  -1.758275  1706.812  0.64898  0.254E-06  0.265E-04  pot  B   0.1000
        69  -1.758275  1706.812  0.64898  0.236E-06  0.344E-04  pot  B   0.1000
        70  -1.758275  1706.811  0.64898  0.152E-06  0.305E-04  pot  B   0.1000
        71  -1.758275  1706.811  0.64898  0.277E-06  0.184E-04  pot  B   0.1000
        72  -1.758275  1706.811  0.64898  0.161E-06  0.135E-04  pot  B   0.1000
        73  -1.758275  1706.811  0.64898  0.154E-06  0.116E-04  pot  B   0.1000
        74  -1.758275  1706.811  0.64898  0.193E-06  0.151E-04  pot  B   0.1000
        75  -1.758275  1706.811  0.64898  0.147E-06  0.187E-04  pot  B   0.1000
        76  -1.758275  1706.811  0.64898  0.105E-06  0.937E-05  pot  B   0.1000
        77  -1.758275  1706.811  0.64898  0.618E-07  0.425E-05  pot  B   0.1000
        78  -1.758275  1706.811  0.64898  0.593E-07  0.519E-05  pot  B   0.1000
        79  -1.758275  1706.811  0.64898  0.560E-07  0.567E-05  pot  B   0.1000
        80  -1.758275  1706.811  0.64898  0.639E-07  0.690E-05  pot  B   0.1000
        81  -1.758275  1706.810  0.64898  0.822E-07  0.852E-05  pot  B   0.1000
        82  -1.758275  1706.810  0.64898  0.803E-07  0.997E-05  pot  B   0.1000
        83  -1.758275  1706.810  0.64898  0.902E-07  0.944E-05  pot  B   0.1000
        84  -1.758275  1706.810  0.64898  0.534E-07  0.393E-05  pot  B   0.1000
        85  -1.758275  1706.810  0.64898  0.590E-07  0.488E-05  pot  B   0.1000
        86  -1.758275  1706.810  0.64898  0.479E-07  0.235E-05  pot  B   0.1000
        87  -1.758275  1706.810  0.64898  0.298E-07  0.204E-05  pot  B   0.1000
        88  -1.758275  1706.810  0.64898  0.306E-07  0.230E-05  pot  B   0.1000
        89  -1.758275  1706.810  0.64898  0.359E-07  0.195E-05  pot  B   0.1000
        90  -1.758275  1706.810  0.64898  0.531E-07  0.266E-05  pot  B   0.1000
        91  -1.758275  1706.810  0.64898  0.270E-07  0.245E-05  pot  B   0.1000
        92  -1.758275  1706.810  0.64898  0.297E-07  0.230E-05  pot  B   0.1000
        93  -1.758275  1706.810  0.64898  0.351E-07  0.164E-05  pot  B   0.1000
        94  -1.758275  1706.810  0.64898  0.220E-07  0.207E-05  pot  B   0.1000
        95  -1.758275  1706.810  0.64898  0.196E-07  0.175E-05  pot  B   0.1000
        96  -1.758275  1706.810  0.64898  0.158E-07  0.165E-05  pot  B   0.1000
        97  -1.758275  1706.810  0.64898  0.141E-07  0.116E-05  pot  B   0.1000
        98  -1.758275  1706.810  0.64898  0.138E-07  0.108E-05  pot  B   0.1000
        99  -1.758275  1706.810  0.64898  0.168E-07  0.175E-05  pot  B   0.1000
       100  -1.758275  1706.810  0.64898  0.132E-07  0.757E-06  pot  B   0.1000
       101  -1.758275  1706.810  0.64898  0.890E-08  0.515E-06  pot  B   0.1000
       102  -1.758275  1706.810  0.64898  0.675E-08  0.360E-06  pot  B   0.1000
       103  -1.758275  1706.810  0.64898  0.539E-08  0.421E-06  pot  B   0.1000
       104  -1.758275  1706.810  0.64898  0.825E-08  0.843E-06  pot  B   0.1000
       105  -1.758275  1706.810  0.64898  0.881E-08  0.466E-06  pot  B   0.1000
       106  -1.758275  1706.810  0.64898  0.858E-08  0.102E-05  pot  B   0.1000
       107  -1.758275  1706.810  0.64898  0.804E-08  0.604E-06  pot  B   0.1000
       108  -1.758275  1706.810  0.64898  0.727E-08  0.470E-06  pot  B   0.1000
       109  -1.758275  1706.810  0.64898  0.424E-08  0.457E-06  pot  B   0.1000
       110  -1.758275  1706.810  0.64898  0.497E-08  0.267E-06  pot  B   0.1000
       111  -1.758275  1706.810  0.64898  0.477E-08  0.469E-06  pot  B   0.1000
       112  -1.758275  1706.810  0.64898  0.274E-08  0.238E-06  pot  B   0.1000
       113  -1.758275  1706.810  0.64898  0.220E-08  0.128E-06  pot  B   0.1000
       114  -1.758275  1706.810  0.64898  0.285E-08  0.185E-06  pot  B   0.1000
       115  -1.758275  1706.810  0.64898  0.226E-08  0.153E-06  pot  B   0.1000
       116  -1.758275  1706.810  0.64898  0.236E-08  0.297E-06  pot  B   0.1000
       117  -1.758275  1706.810  0.64898  0.250E-08  0.119E-06  pot  B   0.1000
       118  -1.758275  1706.810  0.64898  0.222E-08  0.227E-06  pot  B   0.1000
       119  -1.758275  1706.810  0.64898  0.153E-08  0.183E-06  pot  B   0.1000
       120  -1.758275  1706.810  0.64898  0.239E-08  0.159E-06  pot  B   0.1000
       121  -1.758275  1706.810  0.64898  0.139E-08  0.144E-06  pot  B   0.1000
       122  -1.758275  1706.810  0.64898  0.168E-08  0.121E-06  pot  B   0.1000
       123  -1.758275  1706.810  0.64898  0.217E-08  0.160E-06  pot  B   0.1000
       124  -1.758275  1706.810  0.64898  0.849E-09  0.114E-06  pot  B   0.1000
       125  -1.758275  1706.810  0.64898  0.144E-08  0.664E-07  pot  B   0.1000
       126  -1.758275  1706.810  0.64898  0.163E-08  0.737E-07  pot  B   0.1000
       127  -1.758275  1706.810  0.64898  0.966E-09  0.686E-07  pot  B   0.1000
       128  -1.758275  1706.810  0.64898  0.520E-09  0.773E-07  pot  B   0.1000
       129  -1.758275  1706.810  0.64898  0.770E-09  0.504E-07  pot  B   0.1000
       130  -1.758275  1706.810  0.64898  0.850E-09  0.768E-07  pot  B   0.1000
       131  -1.758275  1706.810  0.64898  0.789E-09  0.663E-07  pot  B   0.1000
       132  -1.758275  1706.810  0.64898  0.947E-09  0.661E-07  pot  B   0.1000
       133  -1.758275  1706.810  0.64898  0.771E-09  0.709E-07  pot  B   0.1000
       134  -1.758275  1706.810  0.64898  0.676E-09  0.858E-07  pot  B   0.1000
       135  -1.758275  1706.810  0.64898  0.857E-09  0.405E-07  pot  B   0.1000
       136  -1.758275  1706.810  0.64898  0.348E-09  0.393E-07  pot  B   0.1000
       137  -1.758275  1706.810  0.64898  0.364E-09  0.350E-07  pot  B   0.1000
       138  -1.758275  1706.810  0.64898  0.375E-09  0.233E-07  pot  B   0.1000
       139  -1.758275  1706.810  0.64898  0.174E-09  0.241E-07  pot  B   0.1000
       140  -1.758275  1706.810  0.64898  0.213E-09  0.396E-07  pot  B   0.1000
       141  -1.758275  1706.810  0.64898  0.265E-09  0.210E-07  pot  B   0.1000
       142  -1.758275  1706.810  0.64898  0.259E-09  0.376E-07  pot  B   0.1000
       143  -1.758275  1706.810  0.64898  0.218E-09  0.192E-07  pot  B   0.1000
       144  -1.758275  1706.810  0.64898  0.381E-09  0.281E-07  pot  B   0.1000
       145  -1.758275  1706.810  0.64898  0.227E-09  0.225E-07  pot  B   0.1000
       146  -1.758275  1706.810  0.64898  0.190E-09  0.234E-07  pot  B   0.1000
       147  -1.758275  1706.810  0.64898  0.261E-09  0.163E-07  pot  B   0.1000
       148  -1.758275  1706.810  0.64898  0.143E-09  0.132E-07  pot  B   0.1000
       149  -1.758275  1706.810  0.64898  0.201E-09  0.135E-07  pot  B   0.1000
       150  -1.758275  1706.810  0.64898  0.218E-09  0.103E-07  pot  B   0.1000
**     151  -1.758275  1706.810  0.64898  0.815E-12  0.103E-07  pot  B   0.1000
