 Atom   Index      Q          Qmt        dQ        Vmad        Local Energy
  W         1   74.00745   72.62000    0.00745    1.75673      -32312.59365
  W         2   73.85433   72.46687   -0.14567    1.90414      -32312.66863
  W         3   73.85635   72.46890   -0.14365    1.90565      -32312.67342
  W         4   73.88372   72.49627   -0.11628    1.87825      -32312.65576
  W         5   73.97349   72.58604   -0.02651    1.79865      -32312.61826
  W         6   73.93493   72.54747   -0.06507    1.83426      -32312.63850
  W         7   73.90146   72.51400   -0.09854    1.86781      -32312.66094
  W         8   73.94645   72.55900   -0.05355    1.82564      -32312.62962
  W         9   73.97250   72.58505   -0.02750    1.80690      -32312.63543
  W        10   73.87790   72.49044   -0.12210    1.88773      -32312.66448
  W        11   73.90329   72.51583   -0.09671    1.85360      -32312.64058
  W        12   73.97108   72.58363   -0.02892    1.80198      -32312.61547
  W        13   73.94237   72.55492   -0.05763    1.82900      -32312.63492
  W        14   73.97663   72.58918   -0.02337    1.78787      -32312.61113
  W        15   73.89650   72.50905   -0.10350    1.86678      -32312.65804
  W        16   73.96240   72.57495   -0.03760    1.80152      -32312.61570
  W        17   73.95011   72.56266   -0.04989    1.82349      -32312.63551
  W        18   74.02878   72.64132    0.02878    1.74718      -32312.58958
  W        19   73.96045   72.57300   -0.03955    1.81090      -32312.62649
  W        20   73.93380   72.54635   -0.06620    1.82915      -32312.63310
  W        21   73.94129   72.55384   -0.05871    1.82062      -32312.62628
  W        22   74.00223   72.61478    0.00223    1.76691      -32312.59388
  W        23   73.99695   72.60949   -0.00305    1.78396      -32312.61075
  W        24   73.99319   72.60574   -0.00681    1.78434      -32312.61464
  W        25   73.98860   72.60114   -0.01140    1.78218      -32312.60482
  W        26   74.02245   72.63500    0.02245    1.74857      -32312.59653
  W        27   73.95397   72.56652   -0.04603    1.81829      -32312.63461
  W        28   73.96531   72.57786   -0.03469    1.80114      -32312.62496
  W        29   74.01846   72.63101    0.01846    1.75930      -32312.59264
  W        30   73.97054   72.58309   -0.02946    1.80264      -32312.61913
  W        31   73.98525   72.59780   -0.01475    1.78722      -32312.61295
  W        32   73.91938   72.53193   -0.08062    1.83773      -32312.63587
  W        33   73.98098   72.59353   -0.01902    1.80067      -32312.62739
  W        34   73.93026   72.54281   -0.06974    1.83473      -32312.64018
  W        35   73.91960   72.53215   -0.08040    1.84638      -32312.63506
  W        36   73.99592   72.60847   -0.00408    1.77980      -32312.61145
  W        37   73.93360   72.54614   -0.06640    1.82738      -32312.63300
  W        38   73.95275   72.56529   -0.04725    1.81959      -32312.63795
  W        39   73.96510   72.57765   -0.03490    1.80514      -32312.62576
  W        40   73.95914   72.57168   -0.04086    1.80572      -32312.61621
  W        41   73.91555   72.52809   -0.08445    1.84290      -32312.64065
  W        42   73.94688   72.55943   -0.05312    1.82385      -32312.63703
  W        43   73.93611   72.54866   -0.06389    1.83617      -32312.64262
  W        44   73.96459   72.57714   -0.03541    1.80798      -32312.62841
  W        45   73.97179   72.58434   -0.02821    1.80046      -32312.62010
  W        46   73.89582   72.50837   -0.10418    1.86831      -32312.65056
  W        47   73.99687   72.60942   -0.00313    1.77091      -32312.60168
  W        48   74.00656   72.61911    0.00656    1.76426      -32312.59053
  W        49   73.86953   72.48208   -0.13047    1.89225      -32312.66960
  W        50   73.95228   72.56482   -0.04772    1.81712      -32312.63043
  W        51   73.92497   72.53752   -0.07503    1.84332      -32312.64762
  W        52   73.92952   72.54207   -0.07048    1.83153      -32312.62262
  W        53   74.01901   72.63155    0.01901    1.76325      -32312.60334
  W        54   73.97020   72.58275   -0.02980    1.80430      -32312.62161
  W        55   73.89754   72.51008   -0.10246    1.86971      -32312.65760
  W        56   73.90195   72.51450   -0.09805    1.86298      -32312.64834
  W        57   73.91518   72.52773   -0.08482    1.84716      -32312.63793
  W        58   73.93381   72.54636   -0.06619    1.82915      -32312.64177
  W        59   73.87449   72.48703   -0.12551    1.88329      -32312.66098
  W        60   74.00477   72.61731    0.00477    1.77314      -32312.60738
  W        61   74.02230   72.63485    0.02230    1.74875      -32312.58737
  W        62   73.91391   72.52646   -0.08609    1.84719      -32312.63620
  W        63   73.94093   72.55347   -0.05907    1.82713      -32312.63194
  W        64   74.07467   72.68722    0.07467    1.71128      -32312.57465
  W        65   73.94709   72.55964   -0.05291    1.81808      -32312.63024
  W        66   74.01769   72.63024    0.01769    1.75897      -32312.59335
  W        67   73.91293   72.52548   -0.08707    1.85035      -32312.65100
  W        68   73.90442   72.51696   -0.09558    1.85612      -32312.64437
  W        69   73.97839   72.59094   -0.02161    1.79350      -32312.62047
  W        70   73.93683   72.54938   -0.06317    1.82151      -32312.62309
  W        71   74.00808   72.62063    0.00808    1.76056      -32312.59455
  W        72   74.02282   72.63537    0.02282    1.75010      -32312.58882
  W        73   74.02232   72.63487    0.02232    1.75803      -32312.60068
  W        74   73.93809   72.55064   -0.06191    1.82843      -32312.62895
  W        75   73.98496   72.59751   -0.01504    1.78230      -32312.60234
  W        76   74.01113   72.62368    0.01113    1.76289      -32312.60241
  W        77   73.87462   72.48716   -0.12538    1.88527      -32312.66571
  W        78   73.95046   72.56301   -0.04954    1.81930      -32312.62878
  W        79   73.91535   72.52790   -0.08465    1.85009      -32312.64597
  W        80   73.96492   72.57746   -0.03508    1.80501      -32312.61584
  W        81   73.92391   72.53646   -0.07609    1.83865      -32312.63441
  W        82   73.97092   72.58347   -0.02908    1.79989      -32312.62597
  W        83   74.00051   72.61305    0.00051    1.76979      -32312.59653
  W        84   73.96300   72.57554   -0.03700    1.81440      -32312.63314
  W        85   73.95391   72.56645   -0.04609    1.81672      -32312.62732
  W        86   73.95079   72.56334   -0.04921    1.81754      -32312.62575
  W        87   74.01104   72.62358    0.01104    1.76133      -32312.59826
  W        88   73.97563   72.58818   -0.02437    1.80143      -32312.61704
  W        89   73.81959   72.43213   -0.18041    1.93605      -32312.68729
  W        90   73.99060   72.60315   -0.00940    1.78909      -32312.61695
  W        91   73.98549   72.59803   -0.01451    1.78377      -32312.60911
  W        92   73.98841   72.60096   -0.01159    1.77756      -32312.60472
  W        93   74.08328   72.69583    0.08328    1.70188      -32312.56490
  W        94   73.87308   72.48563   -0.12692    1.89260      -32312.66943
  W        95   73.95862   72.57117   -0.04138    1.81172      -32312.62605
  W        96   73.87206   72.48461   -0.12794    1.89580      -32312.67517
  W        97   73.95942   72.57197   -0.04058    1.80866      -32312.62211
  W        98   74.00163   72.61418    0.00163    1.77051      -32312.59963
  W        99   73.96855   72.58110   -0.03145    1.80078      -32312.62486
  W       100   73.93580   72.54835   -0.06420    1.83353      -32312.63557
  W       101   73.97209   72.58464   -0.02791    1.79347      -32312.61196
  W       102   73.94312   72.55567   -0.05688    1.81881      -32312.61977
  W       103   73.97448   72.58702   -0.02552    1.79258      -32312.61369
  W       104   73.89141   72.50395   -0.10859    1.86283      -32312.63973
  W       105   73.93854   72.55109   -0.06146    1.83249      -32312.63911
  W       106   73.87013   72.48268   -0.12987    1.88499      -32312.65986
  W       107   73.99584   72.60839   -0.00416    1.77943      -32312.60758
  W       108   73.90066   72.51321   -0.09934    1.85832      -32312.65246
  W       109   73.99779   72.61034   -0.00221    1.76634      -32312.58737
  W       110   73.88784   72.50039   -0.11216    1.87354      -32312.65268
  W       111   73.92210   72.53465   -0.07790    1.84139      -32312.63073
  W       112   73.93294   72.54548   -0.06706    1.82767      -32312.63336
  W       113   73.95634   72.56889   -0.04366    1.80465      -32312.61497
  W       114   73.92469   72.53724   -0.07531    1.83968      -32312.63305
  W       115   73.86156   72.47411   -0.13844    1.89452      -32312.66726
  W       116   73.97587   72.58842   -0.02413    1.79921      -32312.61516
  W       117   73.95515   72.56770   -0.04485    1.81471      -32312.62382
  W       118   73.96343   72.57598   -0.03657    1.79877      -32312.61278
  W       119   73.90371   72.51626   -0.09629    1.85096      -32312.63355
  W       120   73.98676   72.59930   -0.01324    1.78415      -32312.60905
  W       121   73.98775   72.60030   -0.01225    1.77106      -32312.59109
  W       122   73.99672   72.60927   -0.00328    1.77951      -32312.61135
  W       123   73.92498   72.53753   -0.07502    1.84683      -32312.64541
  W       124   73.87700   72.48955   -0.12300    1.88715      -32312.66960
  W       125   74.00356   72.61610    0.00356    1.77090      -32312.60035
  W       126   74.01567   72.62822    0.01567    1.75598      -32312.58919
  W       127   74.02721   72.63976    0.02721    1.75313      -32312.59552
  W       128   73.93292   72.54547   -0.06708    1.82344      -32312.62110
  Nb      129   40.97737   39.58992   -0.02263    1.83064       -7632.74214
  Nb      130   41.03720   39.64975    0.03720    1.77292       -7632.70519
  Nb      131   40.97042   39.58297   -0.02958    1.82863       -7632.73690
  Nb      132   41.07776   39.69031    0.07776    1.73309       -7632.68369
  Nb      133   40.96356   39.57611   -0.03644    1.83326       -7632.74219
  Nb      134   41.01984   39.63238    0.01984    1.78643       -7632.71432
  Nb      135   41.08051   39.69305    0.08051    1.72708       -7632.68654
  Nb      136   41.05892   39.67147    0.05892    1.74920       -7632.69646
  Nb      137   41.06873   39.68128    0.06873    1.74041       -7632.68726
  Nb      138   40.98286   39.59541   -0.01714    1.81643       -7632.72934
  Nb      139   40.98596   39.59850   -0.01404    1.80794       -7632.72300
  Nb      140   41.06878   39.68132    0.06878    1.74497       -7632.70013
  Nb      141   40.97769   39.59024   -0.02231    1.83171       -7632.74022
  Nb      142   41.05100   39.66355    0.05100    1.75646       -7632.70073
  Nb      143   41.00794   39.62049    0.00794    1.80203       -7632.72564
  Nb      144   41.07357   39.68612    0.07357    1.73799       -7632.68268
  Nb      145   41.05165   39.66420    0.05165    1.75537       -7632.69927
  Nb      146   40.96977   39.58231   -0.03023    1.83442       -7632.74082
  Nb      147   41.03863   39.65117    0.03863    1.76981       -7632.70677
  Nb      148   41.01997   39.63252    0.01997    1.78981       -7632.71885
  Nb      149   41.05938   39.67193    0.05938    1.74595       -7632.68951
  Nb      150   41.04616   39.65871    0.04616    1.76289       -7632.70515
  Nb      151   41.06320   39.67575    0.06320    1.74761       -7632.68820
  Nb      152   41.00108   39.61362    0.00108    1.80309       -7632.73260
  Nb      153   41.05268   39.66523    0.05268    1.75037       -7632.69266
  Nb      154   41.04433   39.65688    0.04433    1.75998       -7632.69781
  Nb      155   41.06825   39.68080    0.06825    1.74384       -7632.69368
  Nb      156   40.99052   39.60307   -0.00948    1.81362       -7632.73301
  Nb      157   41.07163   39.68417    0.07163    1.74406       -7632.69319
  Nb      158   41.05263   39.66518    0.05263    1.75774       -7632.69935
  Nb      159   41.03544   39.64799    0.03544    1.77292       -7632.71228
  Nb      160   40.99445   39.60700   -0.00555    1.81346       -7632.73358
  Nb      161   41.01084   39.62338    0.01084    1.79908       -7632.72598
  Nb      162   41.02457   39.63712    0.02457    1.78196       -7632.71412
  Nb      163   41.03261   39.64516    0.03261    1.77647       -7632.71016
  Nb      164   41.11384   39.72638    0.11384    1.69913       -7632.66438
  Nb      165   41.03886   39.65141    0.03886    1.76680       -7632.70896
  Nb      166   40.98774   39.60028   -0.01226    1.81425       -7632.73527
  Nb      167   40.99963   39.61218   -0.00037    1.80379       -7632.72646
  Nb      168   41.04613   39.65868    0.04613    1.76121       -7632.70221
  Nb      169   41.10142   39.71397    0.10142    1.71082       -7632.67112
  Nb      170   40.98192   39.59447   -0.01808    1.82214       -7632.73630
  Nb      171   41.05311   39.66566    0.05311    1.75396       -7632.71107
  Nb      172   41.08271   39.69525    0.08271    1.72665       -7632.67612
  Nb      173   40.94273   39.55528   -0.05727    1.85513       -7632.75486
  Nb      174   41.08039   39.69294    0.08039    1.72825       -7632.68922
  Nb      175   41.03170   39.64425    0.03170    1.77348       -7632.69945
  Nb      176   41.05808   39.67063    0.05808    1.75169       -7632.69585
  Nb      177   41.07378   39.68633    0.07378    1.73698       -7632.68686
  Nb      178   41.04187   39.65442    0.04187    1.76489       -7632.70856
  Nb      179   41.03968   39.65222    0.03968    1.76857       -7632.70628
  Nb      180   40.97608   39.58863   -0.02392    1.82489       -7632.73398
  Nb      181   41.00546   39.61801    0.00546    1.80134       -7632.72833
  Nb      182   41.05337   39.66592    0.05337    1.75495       -7632.69640
  Nb      183   41.08427   39.69681    0.08427    1.73246       -7632.68727
  Nb      184   41.04891   39.66146    0.04891    1.75983       -7632.70453
  Nb      185   41.02042   39.63296    0.02042    1.78517       -7632.72422
  Nb      186   41.00529   39.61784    0.00529    1.79881       -7632.72760
  Nb      187   41.01401   39.62655    0.01401    1.79107       -7632.71404
  Nb      188   41.07860   39.69115    0.07860    1.73352       -7632.69112
  Nb      189   41.05548   39.66803    0.05548    1.75124       -7632.69546
  Nb      190   40.98744   39.59999   -0.01256    1.80957       -7632.72757
  Nb      191   40.94389   39.55644   -0.05611    1.85892       -7632.76435
  Nb      192   40.95485   39.56740   -0.04515    1.84379       -7632.74924
  Nb      193   40.97889   39.59143   -0.02111    1.82693       -7632.74189
  Nb      194   41.09143   39.70398    0.09143    1.72380       -7632.68469
  Nb      195   40.99181   39.60435   -0.00819    1.80790       -7632.72637
  Nb      196   41.00976   39.62231    0.00976    1.79412       -7632.72651
  Nb      197   41.02529   39.63784    0.02529    1.78494       -7632.71676
  Nb      198   41.08549   39.69804    0.08549    1.73350       -7632.69266
  Nb      199   40.98701   39.59956   -0.01299    1.81723       -7632.73643
  Nb      200   40.97627   39.58882   -0.02373    1.82476       -7632.74007
  Nb      201   40.99648   39.60902   -0.00352    1.80831       -7632.72669
  Nb      202   40.96763   39.58018   -0.03237    1.83769       -7632.74250
  Nb      203   40.99388   39.60643   -0.00612    1.80199       -7632.72512
  Nb      204   40.97908   39.59162   -0.02092    1.82806       -7632.74220
  Nb      205   41.10635   39.71890    0.10635    1.70768       -7632.66878
  Nb      206   41.04994   39.66249    0.04994    1.75920       -7632.70047
  Nb      207   40.98216   39.59471   -0.01784    1.82082       -7632.74137
  Nb      208   41.00862   39.62117    0.00862    1.79560       -7632.72725
  Nb      209   41.14859   39.76114    0.14859    1.66827       -7632.64975
  Nb      210   40.96100   39.57354   -0.03900    1.84148       -7632.74528
  Nb      211   41.00373   39.61627    0.00373    1.80399       -7632.73762
  Nb      212   40.95076   39.56331   -0.04924    1.84771       -7632.74189
  Nb      213   40.98104   39.59359   -0.01896    1.82441       -7632.74083
  Nb      214   41.02226   39.63480    0.02226    1.78667       -7632.71464
  Nb      215   40.98315   39.59570   -0.01685    1.81945       -7632.73419
  Nb      216   41.04456   39.65711    0.04456    1.75830       -7632.70848
  Nb      217   40.95701   39.56956   -0.04299    1.84518       -7632.75316
  Nb      218   40.98015   39.59269   -0.01985    1.82163       -7632.73970
  Nb      219   41.04933   39.66188    0.04933    1.75819       -7632.70162
  Nb      220   40.99982   39.61237   -0.00018    1.80699       -7632.73069
  Nb      221   41.00734   39.61989    0.00734    1.79677       -7632.72365
  Nb      222   40.96785   39.58040   -0.03215    1.83198       -7632.74129
  Nb      223   40.99824   39.61079   -0.00176    1.80919       -7632.72913
  Nb      224   41.09542   39.70797    0.09542    1.72083       -7632.67676
  Nb      225   41.08671   39.69926    0.08671    1.72961       -7632.68755
  Nb      226   41.02882   39.64137    0.02882    1.77656       -7632.70362
  Nb      227   40.94959   39.56214   -0.05041    1.84881       -7632.75358
  Nb      228   41.01500   39.62755    0.01500    1.79069       -7632.72420
  Nb      229   41.02235   39.63490    0.02235    1.78082       -7632.71686
  Nb      230   40.94670   39.55924   -0.05330    1.85219       -7632.75189
  Nb      231   41.11628   39.72883    0.11628    1.69675       -7632.66336
  Nb      232   41.00707   39.61962    0.00707    1.79303       -7632.71738
  Nb      233   41.03368   39.64622    0.03368    1.76985       -7632.70390
  Nb      234   41.08266   39.69520    0.08266    1.73111       -7632.68478
  Nb      235   40.97122   39.58377   -0.02878    1.82788       -7632.74315
  Nb      236   41.08000   39.69255    0.08000    1.72849       -7632.68577
  Nb      237   40.98522   39.59777   -0.01478    1.81407       -7632.73136
  Nb      238   41.04136   39.65391    0.04136    1.76740       -7632.70595
  Nb      239   41.03503   39.64758    0.03503    1.77241       -7632.70390
  Nb      240   40.91981   39.53236   -0.08019    1.88162       -7632.76929
  Nb      241   40.98928   39.60183   -0.01072    1.80919       -7632.72678
  Nb      242   41.04560   39.65815    0.04560    1.76343       -7632.70154
  Nb      243   41.03618   39.64873    0.03618    1.77110       -7632.70879
  Nb      244   41.04156   39.65411    0.04156    1.76853       -7632.70877
  Nb      245   40.94464   39.55718   -0.05536    1.85655       -7632.75665
  Nb      246   41.00291   39.61545    0.00291    1.80054       -7632.72386
  Nb      247   41.10996   39.72251    0.10996    1.70548       -7632.66915
  Nb      248   40.92413   39.53667   -0.07587    1.87677       -7632.76829
  Nb      249   41.00088   39.61343    0.00088    1.80199       -7632.72554
  Nb      250   40.90709   39.51964   -0.09291    1.88849       -7632.77331
  Nb      251   41.02891   39.64146    0.02891    1.77885       -7632.71736
  Nb      252   41.00772   39.62027    0.00772    1.79873       -7632.72740
  Nb      253   41.01190   39.62445    0.01190    1.79411       -7632.72291
  Nb      254   41.01343   39.62598    0.01343    1.79284       -7632.71547
  Nb      255   41.02346   39.63600    0.02346    1.78616       -7632.71496
  Nb      256   41.09682   39.70937    0.09682    1.71897       -7632.68067
  Mo      257   42.14012   40.75267    0.14012    1.75274       -8090.71233
  Mo      258   42.06854   40.68109    0.06854    1.81517       -8090.73808
  Mo      259   42.20522   40.81777    0.20522    1.69365       -8090.67962
  Mo      260   42.10854   40.72109    0.10854    1.78612       -8090.73275
  Mo      261   42.07594   40.68849    0.07594    1.80874       -8090.74042
  Mo      262   42.16064   40.77319    0.16064    1.73652       -8090.70132
  Mo      263   42.28331   40.89585    0.28331    1.62335       -8090.63758
  Mo      264   42.16736   40.77991    0.16736    1.72500       -8090.69250
  Mo      265   42.12939   40.74193    0.12939    1.76122       -8090.71249
  Mo      266   42.21611   40.82865    0.21611    1.67790       -8090.66617
  Mo      267   42.22114   40.83369    0.22114    1.67581       -8090.66702
  Mo      268   42.09157   40.70412    0.09157    1.79161       -8090.72731
  Mo      269   42.14630   40.75885    0.14630    1.74351       -8090.70316
  Mo      270   42.20600   40.81855    0.20600    1.69039       -8090.67497
  Mo      271   42.23983   40.85237    0.23983    1.64872       -8090.65255
  Mo      272   42.17773   40.79028    0.17773    1.71535       -8090.68452
  Mo      273   42.19381   40.80636    0.19381    1.70221       -8090.68481
  Mo      274   42.11839   40.73094    0.11839    1.76871       -8090.71002
  Mo      275   42.06909   40.68164    0.06909    1.81874       -8090.74407
  Mo      276   42.20393   40.81648    0.20393    1.69123       -8090.68550
  Mo      277   42.19532   40.80787    0.19532    1.70045       -8090.67693
  Mo      278   42.20577   40.81832    0.20577    1.68516       -8090.67418
  Mo      279   42.19075   40.80330    0.19075    1.70185       -8090.67973
  Mo      280   42.15855   40.77110    0.15855    1.74087       -8090.70913
  Mo      281   42.22257   40.83512    0.22257    1.68185       -8090.68144
  Mo      282   42.09028   40.70283    0.09028    1.78672       -8090.71177
  Mo      283   42.11617   40.72871    0.11617    1.77395       -8090.71443
  Mo      284   42.21605   40.82860    0.21605    1.68464       -8090.67953
  Mo      285   42.13376   40.74630    0.13376    1.75863       -8090.71560
  Mo      286   42.23907   40.85162    0.23907    1.66313       -8090.66621
  Mo      287   42.13681   40.74935    0.13681    1.75031       -8090.70576
  Mo      288   42.17813   40.79068    0.17813    1.71720       -8090.69109
  Mo      289   42.08161   40.69415    0.08161    1.80535       -8090.73500
  Mo      290   42.15590   40.76844    0.15590    1.73430       -8090.69350
  Mo      291   42.16407   40.77662    0.16407    1.72258       -8090.68692
  Mo      292   42.03261   40.64515    0.03261    1.84914       -8090.75032
  Mo      293   42.10777   40.72032    0.10777    1.77634       -8090.71807
  Mo      294   42.14741   40.75995    0.14741    1.74602       -8090.71012
  Mo      295   42.20671   40.81926    0.20671    1.69117       -8090.67792
  Mo      296   42.23615   40.84869    0.23615    1.65745       -8090.65815
  Mo      297   42.17291   40.78545    0.17291    1.71242       -8090.68064
  Mo      298   42.21263   40.82518    0.21263    1.69075       -8090.68937
  Mo      299   42.06805   40.68060    0.06805    1.81568       -8090.73781
  Mo      300   42.20468   40.81723    0.20468    1.68825       -8090.67514
  Mo      301   42.18092   40.79347    0.18092    1.71463       -8090.69431
  Mo      302   42.08869   40.70124    0.08869    1.79452       -8090.72553
  Mo      303   42.11893   40.73147    0.11893    1.77407       -8090.72108
  Mo      304   42.11464   40.72719    0.11464    1.77998       -8090.72800
  Mo      305   42.10721   40.71976    0.10721    1.77780       -8090.71668
  Mo      306   42.02562   40.63817    0.02562    1.85426       -8090.76127
  Mo      307   42.17343   40.78598    0.17343    1.71980       -8090.69261
  Mo      308   42.10826   40.72081    0.10826    1.78474       -8090.73167
  Mo      309   42.16483   40.77738    0.16483    1.73359       -8090.70836
  Mo      310   42.24936   40.86191    0.24936    1.64692       -8090.65924
  Mo      311   42.16040   40.77295    0.16040    1.73466       -8090.70624
  Mo      312   42.16858   40.78113    0.16858    1.72811       -8090.70523
  Mo      313   42.04807   40.66061    0.04807    1.83505       -8090.74657
  Mo      314   42.18071   40.79326    0.18071    1.70890       -8090.68504
  Mo      315   42.15433   40.76688    0.15433    1.73903       -8090.70274
  Mo      316   42.12658   40.73913    0.12658    1.76531       -8090.71962
  Mo      317   42.12718   40.73972    0.12718    1.76405       -8090.71188
  Mo      318   42.16560   40.77815    0.16560    1.72275       -8090.69238
  Mo      319   42.20171   40.81425    0.20171    1.69204       -8090.67369
  Mo      320   42.15420   40.76675    0.15420    1.73809       -8090.70241
  Mo      321   42.13179   40.74434    0.13179    1.74761       -8090.69671
  Mo      322   42.18404   40.79659    0.18404    1.71500       -8090.68620
  Mo      323   42.17723   40.78978    0.17723    1.71310       -8090.68013
  Mo      324   42.14454   40.75708    0.14454    1.74229       -8090.70522
  Mo      325   42.10984   40.72238    0.10984    1.76878       -8090.70572
  Mo      326   42.14174   40.75429    0.14174    1.75266       -8090.71003
  Mo      327   42.18921   40.80176    0.18921    1.69949       -8090.67577
  Mo      328   42.17703   40.78958    0.17703    1.71932       -8090.69668
  Mo      329   42.23144   40.84398    0.23144    1.66683       -8090.66909
  Mo      330   42.16030   40.77284    0.16030    1.72476       -8090.68899
  Mo      331   42.21096   40.82351    0.21096    1.68285       -8090.67591
  Mo      332   42.18412   40.79667    0.18412    1.70818       -8090.68376
  Mo      333   42.17314   40.78569    0.17314    1.71397       -8090.68560
  Mo      334   42.16740   40.77995    0.16740    1.72623       -8090.69655
  Mo      335   42.15965   40.77220    0.15965    1.73344       -8090.70538
  Mo      336   42.17001   40.78256    0.17001    1.72088       -8090.69331
  Mo      337   42.09860   40.71115    0.09860    1.78777       -8090.71904
  Mo      338   42.15111   40.76366    0.15111    1.73796       -8090.70410
  Mo      339   42.12149   40.73404    0.12149    1.76792       -8090.71953
  Mo      340   42.16526   40.77781    0.16526    1.73315       -8090.69781
  Mo      341   42.15016   40.76271    0.15016    1.74050       -8090.70910
  Mo      342   42.17694   40.78949    0.17694    1.72088       -8090.70415
  Mo      343   42.10173   40.71428    0.10173    1.77683       -8090.70998
  Mo      344   42.16996   40.78251    0.16996    1.72560       -8090.69479
  Mo      345   42.22829   40.84083    0.22829    1.67569       -8090.67911
  Mo      346   42.17936   40.79191    0.17936    1.71915       -8090.69877
  Mo      347   42.16218   40.77473    0.16218    1.73174       -8090.69981
  Mo      348   42.21403   40.82657    0.21403    1.68219       -8090.67770
  Mo      349   42.10785   40.72040    0.10785    1.77826       -8090.72282
  Mo      350   42.10043   40.71298    0.10043    1.78936       -8090.72497
  Mo      351   42.16510   40.77765    0.16510    1.72376       -8090.68539
  Mo      352   42.11463   40.72718    0.11463    1.77314       -8090.71543
  Mo      353   42.18426   40.79681    0.18426    1.71131       -8090.69204
  Mo      354   42.19151   40.80406    0.19151    1.69806       -8090.68164
  Mo      355   42.09045   40.70300    0.09045    1.79267       -8090.72433
  Mo      356   42.13306   40.74561    0.13306    1.75002       -8090.70743
  Mo      357   42.19027   40.80281    0.19027    1.70898       -8090.68899
  Mo      358   42.13290   40.74545    0.13290    1.75900       -8090.71440
  Mo      359   42.21787   40.83042    0.21787    1.67535       -8090.67081
  Mo      360   42.19740   40.80995    0.19740    1.70147       -8090.69024
  Mo      361   42.17558   40.78812    0.17558    1.72240       -8090.69497
  Mo      362   42.13835   40.75090    0.13835    1.75611       -8090.71727
  Mo      363   42.10433   40.71687    0.10433    1.78889       -8090.72852
  Mo      364   42.08106   40.69361    0.08106    1.80115       -8090.73379
  Mo      365   42.16341   40.77595    0.16341    1.72669       -8090.69052
  Mo      366   42.14648   40.75903    0.14648    1.75129       -8090.70910
  Mo      367   42.13140   40.74395    0.13140    1.76046       -8090.71503
  Mo      368   42.14751   40.76006    0.14751    1.75119       -8090.71898
  Mo      369   42.16673   40.77928    0.16673    1.71685       -8090.68580
  Mo      370   42.13884   40.75138    0.13884    1.75363       -8090.71397
  Mo      371   42.21200   40.82455    0.21200    1.68177       -8090.67287
  Mo      372   42.18789   40.80044    0.18789    1.70868       -8090.69823
  Mo      373   42.13880   40.75135    0.13880    1.75479       -8090.71654
  Mo      374   42.17028   40.78282    0.17028    1.72414       -8090.69741
  Mo      375   42.11184   40.72438    0.11184    1.77375       -8090.71991
  Mo      376   42.15959   40.77213    0.15959    1.73881       -8090.71531
  Mo      377   42.09187   40.70442    0.09187    1.80226       -8090.73606
  Mo      378   42.20225   40.81480    0.20225    1.69632       -8090.67646
  Mo      379   42.08220   40.69475    0.08220    1.79917       -8090.72862
  Mo      380   42.21719   40.82974    0.21719    1.67212       -8090.66847
  Mo      381   42.10415   40.71670    0.10415    1.78798       -8090.72684
  Mo      382   42.17784   40.79039    0.17784    1.71352       -8090.69049
  Mo      383   42.23644   40.84899    0.23644    1.66047       -8090.65932
  Mo      384   42.10081   40.71336    0.10081    1.79288       -8090.72908
  Ta      385   72.95755   71.57010   -0.04245    1.76161      -31233.01153
  Ta      386   72.86913   71.48168   -0.13087    1.83729      -31233.05555
  Ta      387   72.81485   71.42740   -0.18515    1.89788      -31233.10018
  Ta      388   72.91979   71.53234   -0.08021    1.80808      -31233.04620
  Ta      389   72.80164   71.41418   -0.19836    1.90901      -31233.10477
  Ta      390   72.83881   71.45136   -0.16119    1.86925      -31233.08253
  Ta      391   72.88164   71.49418   -0.11836    1.84045      -31233.06306
  Ta      392   72.92676   71.53931   -0.07324    1.79563      -31233.03325
  Ta      393   72.83126   71.44381   -0.16874    1.88617      -31233.08105
  Ta      394   72.78571   71.39826   -0.21429    1.92432      -31233.10734
  Ta      395   72.85645   71.46900   -0.14355    1.86027      -31233.06783
  Ta      396   72.87002   71.48257   -0.12998    1.84342      -31233.06075
  Ta      397   72.86093   71.47347   -0.13907    1.85341      -31233.07368
  Ta      398   72.90748   71.52003   -0.09252    1.81145      -31233.04997
  Ta      399   72.79940   71.41195   -0.20060    1.91089      -31233.10402
  Ta      400   72.89164   71.50419   -0.10836    1.83241      -31233.05496
  Ta      401   72.84669   71.45924   -0.15331    1.86485      -31233.06891
  Ta      402   72.84829   71.46084   -0.15171    1.86568      -31233.07237
  Ta      403   72.82671   71.43926   -0.17329    1.88534      -31233.08784
  Ta      404   72.89105   71.50360   -0.10895    1.82341      -31233.04414
  Ta      405   72.87001   71.48256   -0.12999    1.84341      -31233.06001
  Ta      406   72.89545   71.50800   -0.10455    1.82023      -31233.05502
  Ta      407   72.87413   71.48668   -0.12587    1.84107      -31233.06062
  Ta      408   72.88801   71.50056   -0.11199    1.82668      -31233.05502
  Ta      409   72.87368   71.48623   -0.12632    1.84617      -31233.06101
  Ta      410   72.83348   71.44603   -0.16652    1.86994      -31233.07177
  Ta      411   72.90321   71.51576   -0.09679    1.82065      -31233.05020
  Ta      412   72.95644   71.56898   -0.04356    1.76842      -31233.01330
  Ta      413   72.87440   71.48695   -0.12560    1.84040      -31233.06038
  Ta      414   72.87298   71.48552   -0.12702    1.84420      -31233.06377
  Ta      415   72.81089   71.42343   -0.18911    1.90043      -31233.08786
  Ta      416   72.92910   71.54165   -0.07090    1.79384      -31233.02910
  Ta      417   72.87690   71.48945   -0.12310    1.83859      -31233.06524
  Ta      418   72.88381   71.49636   -0.11619    1.83204      -31233.05647
  Ta      419   72.91137   71.52391   -0.08863    1.80804      -31233.04368
  Ta      420   72.80733   71.41988   -0.19267    1.90952      -31233.10489
  Ta      421   72.90055   71.51309   -0.09945    1.81521      -31233.04984
  Ta      422   72.85745   71.47000   -0.14255    1.85824      -31233.07497
  Ta      423   72.87766   71.49020   -0.12234    1.83763      -31233.05496
  Ta      424   72.84973   71.46227   -0.15027    1.86975      -31233.07646
  Ta      425   72.94506   71.55761   -0.05494    1.77519      -31233.01705
  Ta      426   72.90574   71.51828   -0.09426    1.81198      -31233.04350
  Ta      427   72.87376   71.48631   -0.12624    1.83687      -31233.05598
  Ta      428   72.84921   71.46175   -0.15079    1.86363      -31233.08130
  Ta      429   72.83345   71.44600   -0.16655    1.87752      -31233.08322
  Ta      430   72.96040   71.57295   -0.03960    1.77122      -31233.01798
  Ta      431   72.88946   71.50200   -0.11054    1.82493      -31233.05384
  Ta      432   72.82426   71.43681   -0.17574    1.88987      -31233.08899
  Ta      433   72.85539   71.46794   -0.14461    1.86161      -31233.07129
  Ta      434   72.82775   71.44030   -0.17225    1.88878      -31233.08724
  Ta      435   72.89189   71.50444   -0.10811    1.83128      -31233.05496
  Ta      436   72.83983   71.45238   -0.16017    1.87418      -31233.08587
  Ta      437   72.79894   71.41148   -0.20106    1.90745      -31233.09433
  Ta      438   72.85115   71.46370   -0.14885    1.87175      -31233.08599
  Ta      439   72.92789   71.54044   -0.07211    1.79689      -31233.03378
  Ta      440   72.90458   71.51712   -0.09542    1.81616      -31233.04441
  Ta      441   72.88320   71.49575   -0.11680    1.83513      -31233.05651
  Ta      442   72.80137   71.41392   -0.19863    1.90168      -31233.09495
  Ta      443   72.83437   71.44691   -0.16563    1.88023      -31233.09141
  Ta      444   72.93826   71.55081   -0.06174    1.78969      -31233.02879
  Ta      445   72.91358   71.52612   -0.08642    1.80987      -31233.04653
  Ta      446   72.94301   71.55556   -0.05699    1.78244      -31233.02583
  Ta      447   72.85915   71.47170   -0.14085    1.84823      -31233.06010
  Ta      448   72.86457   71.47712   -0.13543    1.85222      -31233.06724
  Ta      449   72.91059   71.52314   -0.08941    1.80871      -31233.03839
  Ta      450   72.89630   71.50885   -0.10370    1.82227      -31233.04398
  Ta      451   72.91198   71.52453   -0.08802    1.80959      -31233.04463
  Ta      452   72.90811   71.52066   -0.09189    1.81521      -31233.05049
  Ta      453   72.82176   71.43430   -0.17824    1.88104      -31233.08464
  Ta      454   72.86181   71.47436   -0.13819    1.85556      -31233.07206
  Ta      455   72.94840   71.56095   -0.05160    1.77306      -31233.01700
  Ta      456   72.93013   71.54268   -0.06987    1.79569      -31233.03290
  Ta      457   72.87241   71.48496   -0.12759    1.84729      -31233.05915
  Ta      458   72.89156   71.50411   -0.10844    1.82501      -31233.04690
  Ta      459   72.88256   71.49511   -0.11744    1.83348      -31233.05228
  Ta      460   72.84388   71.45642   -0.15612    1.87140      -31233.07644
  Ta      461   72.88827   71.50081   -0.11173    1.83118      -31233.05214
  Ta      462   72.87666   71.48921   -0.12334    1.84222      -31233.05961
  Ta      463   72.82505   71.43760   -0.17495    1.88789      -31233.09563
  Ta      464   72.85714   71.46969   -0.14286    1.85193      -31233.05935
  Ta      465   72.85615   71.46870   -0.14385    1.85273      -31233.06738
  Ta      466   72.86655   71.47909   -0.13345    1.84243      -31233.05921
  Ta      467   72.82438   71.43693   -0.17562    1.88768      -31233.08868
  Ta      468   72.82386   71.43641   -0.17614    1.88758      -31233.09112
  Ta      469   72.74306   71.35561   -0.25694    1.96596      -31233.13782
  Ta      470   72.83441   71.44696   -0.16559    1.87583      -31233.08006
  Ta      471   72.80171   71.41426   -0.19829    1.90843      -31233.10197
  Ta      472   72.88277   71.49532   -0.11723    1.83336      -31233.05400
  Ta      473   72.90973   71.52228   -0.09027    1.81143      -31233.05031
  Ta      474   72.93984   71.55239   -0.06016    1.78549      -31233.03123
  Ta      475   72.89524   71.50779   -0.10476    1.82577      -31233.04906
  Ta      476   72.80735   71.41990   -0.19265    1.89985      -31233.09598
  Ta      477   72.92302   71.53556   -0.07698    1.78847      -31233.03097
  Ta      478   72.75396   71.36650   -0.24604    1.94748      -31233.12503
  Ta      479   72.81738   71.42993   -0.18262    1.89696      -31233.09713
  Ta      480   72.86024   71.47279   -0.13976    1.85449      -31233.06795
  Ta      481   72.83133   71.44388   -0.16867    1.87260      -31233.08198
  Ta      482   72.95532   71.56787   -0.04468    1.76553      -31233.01155
  Ta      483   72.94725   71.55980   -0.05275    1.77675      -31233.02310
  Ta      484   72.85008   71.46263   -0.14992    1.85968      -31233.07453
  Ta      485   72.78282   71.39536   -0.21718    1.92340      -31233.10934
  Ta      486   72.87308   71.48563   -0.12692    1.83924      -31233.06263
  Ta      487   72.85945   71.47199   -0.14055    1.85245      -31233.06700
  Ta      488   72.88358   71.49612   -0.11642    1.83486      -31233.05108
  Ta      489   72.85809   71.47064   -0.14191    1.85804      -31233.07859
  Ta      490   72.85839   71.47093   -0.14161    1.85531      -31233.06364
  Ta      491   72.83905   71.45159   -0.16095    1.86698      -31233.06741
  Ta      492   72.88684   71.49939   -0.11316    1.83308      -31233.05895
  Ta      493   72.93640   71.54894   -0.06360    1.78579      -31233.02978
  Ta      494   72.81413   71.42667   -0.18587    1.89642      -31233.09565
  Ta      495   72.88670   71.49925   -0.11330    1.83228      -31233.05080
  Ta      496   72.88506   71.49760   -0.11494    1.82477      -31233.04980
  Ta      497   72.94553   71.55808   -0.05447    1.77430      -31233.01220
  Ta      498   72.91208   71.52463   -0.08792    1.80555      -31233.03894
  Ta      499   72.84249   71.45504   -0.15751    1.87031      -31233.07680
  Ta      500   72.92753   71.54007   -0.07247    1.79144      -31233.03620
  Ta      501   72.82179   71.43434   -0.17821    1.89006      -31233.09766
  Ta      502   72.82127   71.43382   -0.17873    1.88473      -31233.09106
  Ta      503   72.93421   71.54676   -0.06579    1.78527      -31233.02705
  Ta      504   72.88009   71.49264   -0.11991    1.83617      -31233.05421
  Ta      505   72.75618   71.36873   -0.24382    1.95322      -31233.12842
  Ta      506   72.85054   71.46309   -0.14946    1.86274      -31233.08387
  Ta      507   72.95019   71.56274   -0.04981    1.77392      -31233.02266
  Ta      508   72.83608   71.44863   -0.16392    1.88087      -31233.08673
  Ta      509   72.83637   71.44891   -0.16363    1.87297      -31233.08047
  Ta      510   72.77729   71.38983   -0.22271    1.93077      -31233.11684
  Ta      511   72.89284   71.50539   -0.10716    1.82552      -31233.04781
  Ta      512   72.83022   71.44277   -0.16978    1.88061      -31233.08843
