System Description            : WNbMoTaV, BCC structure                         
Number of Atoms in Unit Cell  : 640                                             
Number of Atomic Species      : 5                                               
Number of Atoms in Each Type  : 128(W), 128(Nb), 128(Mo), 128(Ta), 128(V)       
Energy Offset                 : -16231                                          
=======================================================================================
    Iter     Energy      3PV     Efermi   Rms_rho    Rms_pot   Mix  Alg  Alpha 
---------------------------------------------------------------------------------------
**       1  -0.856437  1839.087  0.58609  0.140E+01  0.170E+00  pot  B   0.1000
         2  -0.942642  1816.768  0.59762  0.795E-02  0.149E+01  pot  B   0.1000
         3  -1.139551  1814.604  0.59877  0.394E-02  0.906E+00  pot  B   0.1000
         4  -1.211260  1805.179  0.60693  0.518E-02  0.119E+01  pot  B   0.1000
         5  -1.283127  1797.682  0.61254  0.382E-02  0.871E+00  pot  B   0.1000
         6  -1.435608  1789.275  0.61597  0.385E-02  0.639E+00  pot  B   0.1000
         7  -1.506497  1771.357  0.62140  0.611E-02  0.709E+00  pot  B   0.1000
         8  -1.558855  1760.193  0.62527  0.390E-02  0.793E+00  pot  B   0.1000
         9  -1.656729  1747.142  0.62829  0.450E-02  0.369E+00  pot  B   0.1000
        10  -1.694579  1738.966  0.63168  0.291E-02  0.247E+00  pot  B   0.1000
        11  -1.707350  1732.730  0.63413  0.242E-02  0.227E+00  pot  B   0.1000
        12  -1.715438  1730.075  0.63527  0.115E-02  0.204E+00  pot  B   0.1000
        13  -1.725356  1728.066  0.63616  0.115E-02  0.131E+00  pot  B   0.1000
        14  -1.732211  1725.331  0.63733  0.142E-02  0.129E+00  pot  B   0.1000
        15  -1.738571  1721.468  0.63779  0.172E-02  0.143E+00  pot  B   0.1000
        16  -1.741361  1715.866  0.63947  0.235E-02  0.175E+00  pot  B   0.1000
        17  -1.748265  1713.296  0.63987  0.163E-02  0.144E+00  pot  B   0.1000
        18  -1.748715  1712.340  0.64067  0.793E-03  0.167E+00  pot  B   0.1000
        19  -1.754425  1707.475  0.64254  0.249E-02  0.719E-01  pot  B   0.1000
        20  -1.756219  1706.822  0.64296  0.558E-03  0.595E-01  pot  B   0.1000
        21  -1.756652  1705.975  0.64325  0.451E-03  0.516E-01  pot  B   0.1000
        22  -1.757668  1705.825  0.64351  0.420E-03  0.303E-01  pot  B   0.1000
        23  -1.758015  1705.572  0.64396  0.348E-03  0.316E-01  pot  B   0.1000
        24  -1.758292  1705.413  0.64441  0.321E-03  0.340E-01  pot  B   0.1000
        25  -1.758486  1705.444  0.64472  0.251E-03  0.270E-01  pot  B   0.1000
        26  -1.758574  1705.277  0.64535  0.358E-03  0.395E-01  pot  B   0.1000
        27  -1.758681  1704.994  0.64550  0.178E-03  0.236E-01  pot  B   0.1000
        28  -1.758827  1705.328  0.64568  0.119E-03  0.143E-01  pot  B   0.1000
        29  -1.758839  1705.277  0.64593  0.112E-03  0.169E-01  pot  B   0.1000
        30  -1.758846  1705.352  0.64591  0.735E-04  0.202E-01  pot  B   0.1000
        31  -1.758933  1705.464  0.64634  0.105E-03  0.865E-02  pot  B   0.1000
        32  -1.758959  1705.541  0.64660  0.883E-04  0.107E-01  pot  B   0.1000
        33  -1.759009  1705.717  0.64704  0.792E-04  0.119E-01  pot  B   0.1000
        34  -1.759006  1705.793  0.64732  0.100E-03  0.159E-01  pot  B   0.1000
        35  -1.759068  1705.971  0.64771  0.104E-03  0.686E-02  pot  B   0.1000
        36  -1.759098  1706.132  0.64813  0.744E-04  0.699E-02  pot  B   0.1000
        37  -1.759105  1706.161  0.64825  0.632E-04  0.821E-02  pot  B   0.1000
        38  -1.759125  1706.253  0.64844  0.599E-04  0.629E-02  pot  B   0.1000
        39  -1.759135  1706.291  0.64852  0.467E-04  0.336E-02  pot  B   0.1000
        40  -1.759143  1706.378  0.64871  0.405E-04  0.729E-02  pot  B   0.1000
        41  -1.759149  1706.393  0.64869  0.267E-04  0.476E-02  pot  B   0.1000
        42  -1.759143  1706.423  0.64872  0.383E-04  0.932E-02  pot  B   0.1000
        43  -1.759161  1706.474  0.64884  0.266E-04  0.345E-02  pot  B   0.1000
        44  -1.759167  1706.518  0.64887  0.299E-04  0.219E-02  pot  B   0.1000
        45  -1.759169  1706.545  0.64889  0.179E-04  0.191E-02  pot  B   0.1000
        46  -1.759171  1706.563  0.64888  0.150E-04  0.256E-02  pot  B   0.1000
        47  -1.759172  1706.590  0.64888  0.172E-04  0.199E-02  pot  B   0.1000
        48  -1.759173  1706.611  0.64885  0.169E-04  0.219E-02  pot  B   0.1000
        49  -1.759174  1706.628  0.64885  0.178E-04  0.200E-02  pot  B   0.1000
        50  -1.759174  1706.659  0.64881  0.225E-04  0.201E-02  pot  B   0.1000
        51  -1.759175  1706.686  0.64879  0.185E-04  0.134E-02  pot  B   0.1000
        52  -1.759175  1706.717  0.64875  0.217E-04  0.116E-02  pot  B   0.1000
        53  -1.759175  1706.744  0.64871  0.176E-04  0.190E-02  pot  B   0.1000
        54  -1.759175  1706.748  0.64869  0.915E-05  0.166E-02  pot  B   0.1000
        55  -1.759175  1706.755  0.64869  0.612E-05  0.129E-02  pot  B   0.1000
        56  -1.759175  1706.782  0.64864  0.181E-04  0.980E-03  pot  B   0.1000
        57  -1.759174  1706.795  0.64861  0.910E-05  0.919E-03  pot  B   0.1000
        58  -1.759174  1706.808  0.64858  0.917E-05  0.858E-03  pot  B   0.1000
        59  -1.759174  1706.820  0.64855  0.835E-05  0.953E-03  pot  B   0.1000
        60  -1.759173  1706.830  0.64852  0.708E-05  0.834E-03  pot  B   0.1000
        61  -1.759173  1706.834  0.64851  0.528E-05  0.609E-03  pot  B   0.1000
        62  -1.759173  1706.839  0.64849  0.444E-05  0.506E-03  pot  B   0.1000
        63  -1.759173  1706.842  0.64848  0.355E-05  0.392E-03  pot  B   0.1000
        64  -1.759173  1706.843  0.64847  0.313E-05  0.319E-03  pot  B   0.1000
        65  -1.759173  1706.841  0.64846  0.254E-05  0.467E-03  pot  B   0.1000
        66  -1.759173  1706.843  0.64845  0.316E-05  0.680E-03  pot  B   0.1000
        67  -1.759173  1706.844  0.64845  0.256E-05  0.557E-03  pot  B   0.1000
        68  -1.759173  1706.842  0.64844  0.268E-05  0.430E-03  pot  B   0.1000
        69  -1.759173  1706.841  0.64843  0.291E-05  0.269E-03  pot  B   0.1000
        70  -1.759173  1706.840  0.64842  0.221E-05  0.285E-03  pot  B   0.1000
        71  -1.759173  1706.837  0.64842  0.198E-05  0.269E-03  pot  B   0.1000
        72  -1.759173  1706.835  0.64841  0.176E-05  0.175E-03  pot  B   0.1000
        73  -1.759173  1706.833  0.64841  0.125E-05  0.218E-03  pot  B   0.1000
        74  -1.759173  1706.829  0.64841  0.199E-05  0.171E-03  pot  B   0.1000
        75  -1.759173  1706.826  0.64841  0.213E-05  0.176E-03  pot  B   0.1000
        76  -1.759173  1706.822  0.64840  0.185E-05  0.171E-03  pot  B   0.1000
        77  -1.759173  1706.819  0.64840  0.214E-05  0.201E-03  pot  B   0.1000
        78  -1.759173  1706.816  0.64840  0.109E-05  0.245E-03  pot  B   0.1000
        79  -1.759173  1706.816  0.64840  0.106E-05  0.206E-03  pot  B   0.1000
        80  -1.759173  1706.814  0.64840  0.112E-05  0.142E-03  pot  B   0.1000
        81  -1.759173  1706.812  0.64840  0.108E-05  0.887E-04  pot  B   0.1000
        82  -1.759173  1706.811  0.64840  0.786E-06  0.802E-04  pot  B   0.1000
        83  -1.759173  1706.809  0.64840  0.741E-06  0.126E-03  pot  B   0.1000
        84  -1.759173  1706.808  0.64840  0.861E-06  0.790E-04  pot  B   0.1000
        85  -1.759173  1706.807  0.64840  0.595E-06  0.117E-03  pot  B   0.1000
        86  -1.759173  1706.805  0.64840  0.659E-06  0.710E-04  pot  B   0.1000
        87  -1.759173  1706.804  0.64841  0.699E-06  0.585E-04  pot  B   0.1000
        88  -1.759173  1706.803  0.64841  0.471E-06  0.424E-04  pot  B   0.1000
        89  -1.759173  1706.803  0.64841  0.553E-06  0.629E-04  pot  B   0.1000
        90  -1.759173  1706.802  0.64841  0.449E-06  0.700E-04  pot  B   0.1000
        91  -1.759173  1706.802  0.64841  0.310E-06  0.691E-04  pot  B   0.1000
        92  -1.759173  1706.802  0.64841  0.283E-06  0.529E-04  pot  B   0.1000
        93  -1.759173  1706.802  0.64841  0.575E-06  0.433E-04  pot  B   0.1000
        94  -1.759173  1706.801  0.64841  0.518E-06  0.405E-04  pot  B   0.1000
        95  -1.759173  1706.801  0.64841  0.381E-06  0.547E-04  pot  B   0.1000
        96  -1.759173  1706.801  0.64841  0.277E-06  0.402E-04  pot  B   0.1000
        97  -1.759173  1706.801  0.64841  0.280E-06  0.301E-04  pot  B   0.1000
        98  -1.759173  1706.801  0.64841  0.252E-06  0.257E-04  pot  B   0.1000
        99  -1.759173  1706.801  0.64842  0.268E-06  0.252E-04  pot  B   0.1000
       100  -1.759173  1706.801  0.64842  0.261E-06  0.214E-04  pot  B   0.1000
       101  -1.759173  1706.801  0.64842  0.329E-06  0.280E-04  pot  B   0.1000
       102  -1.759173  1706.801  0.64842  0.158E-06  0.302E-04  pot  B   0.1000
       103  -1.759173  1706.801  0.64842  0.127E-06  0.378E-04  pot  B   0.1000
       104  -1.759173  1706.801  0.64842  0.123E-06  0.228E-04  pot  B   0.1000
       105  -1.759173  1706.801  0.64842  0.179E-06  0.113E-04  pot  B   0.1000
       106  -1.759173  1706.801  0.64842  0.117E-06  0.108E-04  pot  B   0.1000
       107  -1.759173  1706.801  0.64842  0.122E-06  0.187E-04  pot  B   0.1000
       108  -1.759173  1706.801  0.64842  0.795E-07  0.147E-04  pot  B   0.1000
       109  -1.759173  1706.801  0.64842  0.101E-06  0.998E-05  pot  B   0.1000
       110  -1.759173  1706.801  0.64842  0.100E-06  0.113E-04  pot  B   0.1000
       111  -1.759173  1706.802  0.64842  0.111E-06  0.113E-04  pot  B   0.1000
       112  -1.759173  1706.802  0.64842  0.915E-07  0.789E-05  pot  B   0.1000
       113  -1.759173  1706.802  0.64842  0.854E-07  0.875E-05  pot  B   0.1000
       114  -1.759173  1706.802  0.64842  0.635E-07  0.111E-04  pot  B   0.1000
       115  -1.759173  1706.802  0.64842  0.546E-07  0.104E-04  pot  B   0.1000
       116  -1.759173  1706.802  0.64842  0.330E-07  0.774E-05  pot  B   0.1000
       117  -1.759173  1706.802  0.64842  0.650E-07  0.538E-05  pot  B   0.1000
       118  -1.759173  1706.802  0.64842  0.731E-07  0.661E-05  pot  B   0.1000
       119  -1.759173  1706.802  0.64842  0.787E-07  0.848E-05  pot  B   0.1000
       120  -1.759173  1706.802  0.64842  0.285E-07  0.944E-05  pot  B   0.1000
       121  -1.759173  1706.802  0.64842  0.577E-07  0.484E-05  pot  B   0.1000
       122  -1.759173  1706.803  0.64842  0.576E-07  0.485E-05  pot  B   0.1000
       123  -1.759173  1706.803  0.64842  0.394E-07  0.405E-05  pot  B   0.1000
       124  -1.759173  1706.803  0.64842  0.375E-07  0.295E-05  pot  B   0.1000
       125  -1.759173  1706.803  0.64842  0.508E-07  0.314E-05  pot  B   0.1000
       126  -1.759173  1706.803  0.64842  0.410E-07  0.446E-05  pot  B   0.1000
       127  -1.759173  1706.803  0.64842  0.458E-07  0.614E-05  pot  B   0.1000
       128  -1.759173  1706.803  0.64842  0.250E-07  0.430E-05  pot  B   0.1000
       129  -1.759173  1706.803  0.64842  0.462E-07  0.260E-05  pot  B   0.1000
       130  -1.759173  1706.803  0.64842  0.299E-07  0.238E-05  pot  B   0.1000
       131  -1.759173  1706.803  0.64842  0.333E-07  0.252E-05  pot  B   0.1000
       132  -1.759173  1706.803  0.64842  0.173E-07  0.309E-05  pot  B   0.1000
       133  -1.759173  1706.803  0.64842  0.173E-07  0.191E-05  pot  B   0.1000
       134  -1.759173  1706.803  0.64842  0.233E-07  0.193E-05  pot  B   0.1000
       135  -1.759173  1706.803  0.64842  0.200E-07  0.221E-05  pot  B   0.1000
       136  -1.759173  1706.803  0.64842  0.148E-07  0.209E-05  pot  B   0.1000
       137  -1.759173  1706.803  0.64842  0.250E-07  0.167E-05  pot  B   0.1000
       138  -1.759173  1706.803  0.64842  0.143E-07  0.174E-05  pot  B   0.1000
       139  -1.759173  1706.803  0.64842  0.125E-07  0.226E-05  pot  B   0.1000
       140  -1.759173  1706.803  0.64842  0.957E-08  0.159E-05  pot  B   0.1000
       141  -1.759173  1706.803  0.64842  0.109E-07  0.986E-06  pot  B   0.1000
       142  -1.759173  1706.803  0.64842  0.979E-08  0.101E-05  pot  B   0.1000
       143  -1.759173  1706.803  0.64842  0.785E-08  0.106E-05  pot  B   0.1000
       144  -1.759173  1706.803  0.64842  0.754E-08  0.141E-05  pot  B   0.1000
       145  -1.759173  1706.803  0.64842  0.775E-08  0.120E-05  pot  B   0.1000
       146  -1.759173  1706.803  0.64842  0.880E-08  0.915E-06  pot  B   0.1000
       147  -1.759173  1706.803  0.64842  0.712E-08  0.939E-06  pot  B   0.1000
       148  -1.759173  1706.803  0.64842  0.527E-08  0.779E-06  pot  B   0.1000
       149  -1.759173  1706.803  0.64842  0.760E-08  0.596E-06  pot  B   0.1000
       150  -1.759173  1706.803  0.64842  0.449E-08  0.510E-06  pot  B   0.1000
       151  -1.759173  1706.803  0.64842  0.613E-08  0.100E-05  pot  B   0.1000
       152  -1.759173  1706.803  0.64842  0.445E-08  0.936E-06  pot  B   0.1000
       153  -1.759173  1706.803  0.64842  0.615E-08  0.597E-06  pot  B   0.1000
       154  -1.759173  1706.803  0.64842  0.685E-08  0.548E-06  pot  B   0.1000
       155  -1.759173  1706.803  0.64842  0.628E-08  0.622E-06  pot  B   0.1000
       156  -1.759173  1706.803  0.64842  0.303E-08  0.584E-06  pot  B   0.1000
       157  -1.759173  1706.803  0.64842  0.446E-08  0.391E-06  pot  B   0.1000
       158  -1.759173  1706.803  0.64842  0.500E-08  0.329E-06  pot  B   0.1000
       159  -1.759173  1706.803  0.64842  0.344E-08  0.367E-06  pot  B   0.1000
       160  -1.759173  1706.803  0.64842  0.289E-08  0.317E-06  pot  B   0.1000
       161  -1.759173  1706.803  0.64842  0.591E-08  0.312E-06  pot  B   0.1000
       162  -1.759173  1706.803  0.64842  0.377E-08  0.343E-06  pot  B   0.1000
       163  -1.759173  1706.803  0.64842  0.431E-08  0.518E-06  pot  B   0.1000
       164  -1.759173  1706.803  0.64842  0.251E-08  0.440E-06  pot  B   0.1000
       165  -1.759173  1706.803  0.64842  0.239E-08  0.248E-06  pot  B   0.1000
       166  -1.759173  1706.803  0.64842  0.337E-08  0.255E-06  pot  B   0.1000
       167  -1.759173  1706.803  0.64842  0.229E-08  0.197E-06  pot  B   0.1000
       168  -1.759173  1706.803  0.64842  0.118E-08  0.345E-06  pot  B   0.1000
       169  -1.759173  1706.803  0.64842  0.184E-08  0.195E-06  pot  B   0.1000
       170  -1.759173  1706.803  0.64842  0.255E-08  0.194E-06  pot  B   0.1000
       171  -1.759173  1706.803  0.64842  0.166E-08  0.238E-06  pot  B   0.1000
       172  -1.759173  1706.803  0.64842  0.148E-08  0.185E-06  pot  B   0.1000
       173  -1.759173  1706.803  0.64842  0.156E-08  0.133E-06  pot  B   0.1000
       174  -1.759173  1706.803  0.64842  0.994E-09  0.114E-06  pot  B   0.1000
       175  -1.759173  1706.803  0.64842  0.904E-09  0.174E-06  pot  B   0.1000
       176  -1.759173  1706.803  0.64842  0.593E-09  0.163E-06  pot  B   0.1000
       177  -1.759173  1706.803  0.64842  0.890E-09  0.109E-06  pot  B   0.1000
       178  -1.759173  1706.803  0.64842  0.876E-09  0.120E-06  pot  B   0.1000
       179  -1.759173  1706.803  0.64842  0.869E-09  0.101E-06  pot  B   0.1000
       180  -1.759173  1706.803  0.64842  0.808E-09  0.188E-06  pot  B   0.1000
       181  -1.759173  1706.803  0.64842  0.791E-09  0.106E-06  pot  B   0.1000
       182  -1.759173  1706.803  0.64842  0.829E-09  0.762E-07  pot  B   0.1000
       183  -1.759173  1706.803  0.64842  0.520E-09  0.743E-07  pot  B   0.1000
       184  -1.759173  1706.803  0.64842  0.463E-09  0.609E-07  pot  B   0.1000
       185  -1.759173  1706.803  0.64842  0.609E-09  0.506E-07  pot  B   0.1000
       186  -1.759173  1706.803  0.64842  0.586E-09  0.563E-07  pot  B   0.1000
       187  -1.759173  1706.803  0.64842  0.706E-09  0.761E-07  pot  B   0.1000
       188  -1.759173  1706.803  0.64842  0.576E-09  0.823E-07  pot  B   0.1000
       189  -1.759173  1706.803  0.64842  0.448E-09  0.638E-07  pot  B   0.1000
       190  -1.759173  1706.803  0.64842  0.697E-09  0.527E-07  pot  B   0.1000
       191  -1.759173  1706.803  0.64842  0.603E-09  0.453E-07  pot  B   0.1000
       192  -1.759173  1706.803  0.64842  0.509E-09  0.589E-07  pot  B   0.1000
       193  -1.759173  1706.803  0.64842  0.269E-09  0.507E-07  pot  B   0.1000
       194  -1.759173  1706.803  0.64842  0.536E-09  0.337E-07  pot  B   0.1000
       195  -1.759173  1706.803  0.64842  0.481E-09  0.395E-07  pot  B   0.1000
       196  -1.759173  1706.803  0.64842  0.325E-09  0.397E-07  pot  B   0.1000
       197  -1.759173  1706.803  0.64842  0.508E-09  0.271E-07  pot  B   0.1000
       198  -1.759173  1706.803  0.64842  0.354E-09  0.308E-07  pot  B   0.1000
       199  -1.759173  1706.803  0.64842  0.358E-09  0.312E-07  pot  B   0.1000
       200  -1.759173  1706.803  0.64842  0.297E-09  0.293E-07  pot  B   0.1000
**     201  -1.759173  1706.803  0.64842  0.834E-12  0.293E-07  pot  B   0.1000
