 Atom   Index      Q          Qmt        dQ        Vmad        Local Energy
  W         1   73.87087   72.56975   -0.12913    1.71891      -32312.46687
  W         2   73.88455   72.58342   -0.11545    1.70344      -32312.46139
  W         3   73.87519   72.57407   -0.12481    1.71259      -32312.47588
  W         4   73.65994   72.35882   -0.34006    1.93590      -32312.62286
  W         5   73.90281   72.60168   -0.09719    1.68722      -32312.46473
  W         6   73.70332   72.40220   -0.29668    1.89395      -32312.60511
  W         7   73.96409   72.66297   -0.03591    1.63108      -32312.42709
  W         8   73.78767   72.48655   -0.21233    1.80022      -32312.53386
  W         9   73.81836   72.51724   -0.18164    1.77653      -32312.52209
  W        10   73.87063   72.56951   -0.12937    1.72043      -32312.48367
  W        11   73.79815   72.49703   -0.20185    1.79838      -32312.53765
  W        12   73.81915   72.51803   -0.18085    1.77953      -32312.52279
  W        13   73.85405   72.55293   -0.14595    1.74370      -32312.49838
  W        14   73.80059   72.49947   -0.19941    1.79815      -32312.52912
  W        15   73.98062   72.67950   -0.01938    1.60987      -32312.40928
  W        16   73.94142   72.64030   -0.05858    1.65516      -32312.44668
  Nb       17   40.86997   39.56884   -0.13003    1.75591       -7632.60651
  Nb       18   40.93835   39.63722   -0.06165    1.67997       -7632.54946
  Nb       19   40.70278   39.40166   -0.29722    1.92707       -7632.70723
  Nb       20   40.78694   39.48582   -0.21306    1.84104       -7632.64995
  Nb       21   40.74954   39.44842   -0.25046    1.87707       -7632.67416
  Nb       22   40.79937   39.49825   -0.20063    1.82767       -7632.64697
  Nb       23   40.82178   39.52066   -0.17822    1.80104       -7632.63568
  Nb       24   40.91210   39.61098   -0.08790    1.71159       -7632.57671
  Nb       25   40.85901   39.55789   -0.14099    1.76870       -7632.61261
  Nb       26   40.93356   39.63244   -0.06644    1.69012       -7632.56953
  Nb       27   40.83412   39.53300   -0.16588    1.78963       -7632.63275
  Nb       28   40.97682   39.67570   -0.02318    1.64655       -7632.54235
  Nb       29   40.97235   39.67123   -0.02765    1.65501       -7632.54329
  Nb       30   40.92682   39.62569   -0.07318    1.69894       -7632.57703
  Nb       31   40.95515   39.65403   -0.04485    1.67019       -7632.55841
  Nb       32   40.99959   39.69846   -0.00041    1.62053       -7632.51440
  Mo       33   41.90694   40.60582   -0.09306    1.81106       -8090.65910
  Mo       34   42.00855   40.70743    0.00855    1.71565       -8090.60575
  Mo       35   41.92909   40.62797   -0.07091    1.78889       -8090.63827
  Mo       36   42.11974   40.81861    0.11974    1.59983       -8090.53662
  Mo       37   42.08310   40.78197    0.08310    1.64123       -8090.56649
  Mo       38   42.19710   40.89598    0.19710    1.52180       -8090.48907
  Mo       39   42.08002   40.77890    0.08002    1.63175       -8090.54091
  Mo       40   42.18591   40.88479    0.18591    1.53281       -8090.49151
  Mo       41   42.10577   40.80465    0.10577    1.60964       -8090.53908
  Mo       42   42.13554   40.83442    0.13554    1.58412       -8090.52753
  Mo       43   41.97653   40.67540   -0.02347    1.74595       -8090.61576
  Mo       44   42.10156   40.80044    0.10156    1.61639       -8090.54245
  Mo       45   41.98422   40.68310   -0.01578    1.73521       -8090.60728
  Mo       46   41.94586   40.64474   -0.05414    1.78110       -8090.65010
  Mo       47   42.16526   40.86414    0.16526    1.54567       -8090.49914
  Mo       48   42.10636   40.80523    0.10636    1.61255       -8090.54376
  Ta       49   72.77877   71.47765   -0.22123    1.75498      -31232.91392
  Ta       50   72.75496   71.45384   -0.24504    1.77606      -31232.92708
  Ta       51   72.71725   71.41613   -0.28275    1.81570      -31232.94881
  Ta       52   72.71267   71.41155   -0.28733    1.82205      -31232.95378
  Ta       53   72.76830   71.46717   -0.23170    1.77412      -31232.92902
  Ta       54   72.83842   71.53730   -0.16158    1.69637      -31232.87953
  Ta       55   72.84008   71.53896   -0.15992    1.69372      -31232.87457
  Ta       56   72.77278   71.47166   -0.22722    1.76210      -31232.92533
  Ta       57   72.63226   71.33114   -0.36774    1.90108      -31233.01364
  Ta       58   72.89225   71.59112   -0.10775    1.64317      -31232.83898
  Ta       59   72.56564   71.26451   -0.43436    1.96230      -31233.04029
  Ta       60   72.82029   71.51916   -0.17971    1.70959      -31232.87751
  Ta       61   72.79380   71.49268   -0.20620    1.74139      -31232.90502
  Ta       62   72.78037   71.47924   -0.21963    1.75958      -31232.91861
  Ta       63   72.70218   71.40106   -0.29782    1.83691      -31232.97948
  Ta       64   72.83513   71.53401   -0.16487    1.69723      -31232.87730
  V        65   23.43416   22.13304    0.43416    1.51199       -1895.20031
  V        66   23.33217   22.03104    0.33217    1.62476       -1895.27379
  V        67   23.58280   22.28168    0.58280    1.35539       -1895.12050
  V        68   23.42958   22.12846    0.42958    1.51720       -1895.21227
  V        69   23.43166   22.13053    0.43166    1.51608       -1895.21160
  V        70   23.47100   22.16988    0.47100    1.46862       -1895.18125
  V        71   23.46614   22.16502    0.46614    1.47877       -1895.20201
  V        72   23.43768   22.13656    0.43768    1.50811       -1895.21781
  V        73   23.51322   22.21209    0.51322    1.42850       -1895.16579
  V        74   23.48554   22.18441    0.48554    1.46209       -1895.19864
  V        75   23.31832   22.01719    0.31832    1.63501       -1895.28838
  V        76   23.34863   22.04751    0.34863    1.60659       -1895.25751
  V        77   23.44717   22.14604    0.44717    1.50134       -1895.20341
  V        78   23.52151   22.22039    0.52151    1.42257       -1895.15605
  V        79   23.51464   22.21351    0.51464    1.42703       -1895.16393
  V        80   23.45939   22.15827    0.45939    1.49177       -1895.19973
