System Description            : WNbMoTaV, BCC structure                         
Number of Atoms in Unit Cell  : 640                                             
Number of Atomic Species      : 5                                               
Number of Atoms in Each Type  : 128(W), 128(Nb), 128(Mo), 128(Ta), 128(V)       
Energy Offset                 : -16231                                          
=======================================================================================
    Iter     Energy      3PV     Efermi   Rms_rho    Rms_pot   Mix  Alg  Alpha 
---------------------------------------------------------------------------------------
**       1  -0.859681  1839.058  0.58680  0.140E+01  0.219E+00  pot  B   0.1000
         2  -0.523153  1817.218  0.60254  0.825E-02  0.204E+01  pot  B   0.1000
         3  -1.166556  1815.092  0.59834  0.488E-02  0.688E+00  pot  B   0.1000
         4  -1.144269  1808.640  0.60474  0.411E-02  0.103E+01  pot  B   0.1000
         5  -1.256332  1800.882  0.61093  0.345E-02  0.989E+00  pot  B   0.1000
         6  -1.421981  1790.924  0.61581  0.385E-02  0.589E+00  pot  B   0.1000
         7  -1.495497  1774.092  0.62089  0.610E-02  0.941E+00  pot  B   0.1000
         8  -1.537791  1763.543  0.62397  0.363E-02  0.777E+00  pot  B   0.1000
         9  -1.648410  1748.079  0.62853  0.529E-02  0.489E+00  pot  B   0.1000
        10  -1.673372  1740.467  0.63129  0.329E-02  0.454E+00  pot  B   0.1000
        11  -1.690746  1736.524  0.63299  0.150E-02  0.333E+00  pot  B   0.1000
        12  -1.713200  1732.019  0.63474  0.175E-02  0.172E+00  pot  B   0.1000
        13  -1.723500  1728.472  0.63635  0.147E-02  0.125E+00  pot  B   0.1000
        14  -1.725843  1725.080  0.63724  0.178E-02  0.264E+00  pot  B   0.1000
        15  -1.735929  1723.799  0.63786  0.151E-02  0.936E-01  pot  B   0.1000
        16  -1.739077  1719.605  0.63884  0.189E-02  0.137E+00  pot  B   0.1000
        17  -1.742992  1714.346  0.64038  0.231E-02  0.206E+00  pot  B   0.1000
        18  -1.750933  1711.698  0.64074  0.157E-02  0.895E-01  pot  B   0.1000
        19  -1.753162  1709.137  0.64196  0.129E-02  0.116E+00  pot  B   0.1000
        20  -1.755592  1706.329  0.64349  0.147E-02  0.683E-01  pot  B   0.1000
        21  -1.756117  1705.701  0.64405  0.446E-03  0.721E-01  pot  B   0.1000
        22  -1.756681  1705.895  0.64400  0.380E-03  0.491E-01  pot  B   0.1000
        23  -1.756133  1706.436  0.64386  0.448E-03  0.909E-01  pot  B   0.1000
        24  -1.757359  1705.865  0.64415  0.333E-03  0.337E-01  pot  B   0.1000
        25  -1.757594  1705.577  0.64455  0.276E-03  0.235E-01  pot  B   0.1000
        26  -1.757862  1705.437  0.64522  0.310E-03  0.260E-01  pot  B   0.1000
        27  -1.758006  1705.299  0.64569  0.249E-03  0.163E-01  pot  B   0.1000
        28  -1.758141  1705.353  0.64615  0.192E-03  0.158E-01  pot  B   0.1000
        29  -1.758188  1705.454  0.64634  0.954E-04  0.163E-01  pot  B   0.1000
        30  -1.758220  1705.463  0.64651  0.656E-04  0.111E-01  pot  B   0.1000
        31  -1.758261  1705.546  0.64672  0.109E-03  0.664E-02  pot  B   0.1000
        32  -1.758305  1705.676  0.64713  0.831E-04  0.126E-01  pot  B   0.1000
        33  -1.758346  1705.843  0.64752  0.104E-03  0.110E-01  pot  B   0.1000
        34  -1.758352  1705.946  0.64786  0.662E-04  0.138E-01  pot  B   0.1000
        35  -1.758330  1706.124  0.64824  0.103E-03  0.261E-01  pot  B   0.1000
        36  -1.758384  1706.099  0.64824  0.852E-04  0.144E-01  pot  B   0.1000
        37  -1.758415  1706.179  0.64852  0.677E-04  0.102E-01  pot  B   0.1000
        38  -1.758435  1706.263  0.64874  0.720E-04  0.658E-02  pot  B   0.1000
        39  -1.758444  1706.319  0.64887  0.326E-04  0.714E-02  pot  B   0.1000
        40  -1.758454  1706.343  0.64892  0.484E-04  0.439E-02  pot  B   0.1000
        41  -1.758462  1706.382  0.64902  0.439E-04  0.374E-02  pot  B   0.1000
        42  -1.758463  1706.413  0.64907  0.317E-04  0.667E-02  pot  B   0.1000
        43  -1.758472  1706.455  0.64914  0.304E-04  0.343E-02  pot  B   0.1000
        44  -1.758476  1706.487  0.64916  0.358E-04  0.366E-02  pot  B   0.1000
        45  -1.758484  1706.544  0.64926  0.296E-04  0.303E-02  pot  B   0.1000
        46  -1.758487  1706.580  0.64929  0.250E-04  0.295E-02  pot  B   0.1000
        47  -1.758487  1706.580  0.64927  0.171E-04  0.292E-02  pot  B   0.1000
        48  -1.758489  1706.602  0.64928  0.137E-04  0.165E-02  pot  B   0.1000
        49  -1.758489  1706.616  0.64925  0.135E-04  0.228E-02  pot  B   0.1000
        50  -1.758490  1706.633  0.64925  0.111E-04  0.171E-02  pot  B   0.1000
        51  -1.758490  1706.654  0.64922  0.157E-04  0.195E-02  pot  B   0.1000
        52  -1.758491  1706.676  0.64922  0.140E-04  0.131E-02  pot  B   0.1000
        53  -1.758492  1706.711  0.64918  0.248E-04  0.108E-02  pot  B   0.1000
        54  -1.758492  1706.733  0.64915  0.151E-04  0.194E-02  pot  B   0.1000
        55  -1.758492  1706.748  0.64913  0.108E-04  0.884E-03  pot  B   0.1000
        56  -1.758492  1706.768  0.64910  0.132E-04  0.920E-03  pot  B   0.1000
        57  -1.758491  1706.784  0.64906  0.104E-04  0.587E-03  pot  B   0.1000
        58  -1.758491  1706.802  0.64902  0.129E-04  0.730E-03  pot  B   0.1000
        59  -1.758491  1706.807  0.64901  0.904E-05  0.150E-02  pot  B   0.1000
        60  -1.758491  1706.815  0.64899  0.758E-05  0.939E-03  pot  B   0.1000
        61  -1.758490  1706.822  0.64898  0.701E-05  0.138E-02  pot  B   0.1000
        62  -1.758490  1706.831  0.64896  0.665E-05  0.814E-03  pot  B   0.1000
        63  -1.758490  1706.837  0.64893  0.519E-05  0.807E-03  pot  B   0.1000
        64  -1.758490  1706.839  0.64893  0.353E-05  0.381E-03  pot  B   0.1000
        65  -1.758490  1706.841  0.64892  0.332E-05  0.384E-03  pot  B   0.1000
        66  -1.758490  1706.842  0.64891  0.383E-05  0.367E-03  pot  B   0.1000
        67  -1.758490  1706.842  0.64890  0.190E-05  0.262E-03  pot  B   0.1000
        68  -1.758490  1706.841  0.64889  0.277E-05  0.294E-03  pot  B   0.1000
        69  -1.758490  1706.842  0.64888  0.260E-05  0.191E-03  pot  B   0.1000
        70  -1.758490  1706.840  0.64887  0.323E-05  0.256E-03  pot  B   0.1000
        71  -1.758490  1706.839  0.64887  0.191E-05  0.382E-03  pot  B   0.1000
        72  -1.758490  1706.838  0.64887  0.147E-05  0.340E-03  pot  B   0.1000
        73  -1.758490  1706.836  0.64886  0.130E-05  0.273E-03  pot  B   0.1000
        74  -1.758490  1706.835  0.64886  0.144E-05  0.178E-03  pot  B   0.1000
        75  -1.758490  1706.832  0.64886  0.188E-05  0.196E-03  pot  B   0.1000
        76  -1.758490  1706.831  0.64885  0.118E-05  0.210E-03  pot  B   0.1000
        77  -1.758490  1706.828  0.64885  0.186E-05  0.180E-03  pot  B   0.1000
        78  -1.758490  1706.825  0.64885  0.168E-05  0.202E-03  pot  B   0.1000
        79  -1.758490  1706.823  0.64885  0.126E-05  0.165E-03  pot  B   0.1000
        80  -1.758490  1706.821  0.64885  0.108E-05  0.137E-03  pot  B   0.1000
        81  -1.758490  1706.819  0.64885  0.109E-05  0.734E-04  pot  B   0.1000
        82  -1.758490  1706.817  0.64885  0.982E-06  0.957E-04  pot  B   0.1000
        83  -1.758490  1706.816  0.64885  0.771E-06  0.118E-03  pot  B   0.1000
        84  -1.758490  1706.815  0.64885  0.623E-06  0.149E-03  pot  B   0.1000
        85  -1.758490  1706.814  0.64885  0.553E-06  0.136E-03  pot  B   0.1000
        86  -1.758490  1706.813  0.64885  0.524E-06  0.931E-04  pot  B   0.1000
        87  -1.758490  1706.811  0.64885  0.858E-06  0.634E-04  pot  B   0.1000
        88  -1.758490  1706.811  0.64885  0.373E-06  0.751E-04  pot  B   0.1000
        89  -1.758490  1706.810  0.64885  0.503E-06  0.534E-04  pot  B   0.1000
        90  -1.758490  1706.809  0.64885  0.435E-06  0.489E-04  pot  B   0.1000
        91  -1.758490  1706.809  0.64885  0.362E-06  0.412E-04  pot  B   0.1000
        92  -1.758490  1706.808  0.64885  0.298E-06  0.407E-04  pot  B   0.1000
        93  -1.758490  1706.808  0.64885  0.382E-06  0.334E-04  pot  B   0.1000
        94  -1.758490  1706.808  0.64886  0.484E-06  0.475E-04  pot  B   0.1000
        95  -1.758490  1706.807  0.64886  0.440E-06  0.499E-04  pot  B   0.1000
        96  -1.758490  1706.807  0.64886  0.314E-06  0.628E-04  pot  B   0.1000
        97  -1.758490  1706.807  0.64886  0.323E-06  0.523E-04  pot  B   0.1000
        98  -1.758490  1706.807  0.64886  0.209E-06  0.313E-04  pot  B   0.1000
        99  -1.758490  1706.807  0.64886  0.354E-06  0.223E-04  pot  B   0.1000
       100  -1.758490  1706.807  0.64886  0.185E-06  0.275E-04  pot  B   0.1000
       101  -1.758490  1706.807  0.64886  0.214E-06  0.229E-04  pot  B   0.1000
       102  -1.758490  1706.807  0.64886  0.225E-06  0.209E-04  pot  B   0.1000
       103  -1.758490  1706.807  0.64886  0.188E-06  0.286E-04  pot  B   0.1000
       104  -1.758490  1706.807  0.64886  0.214E-06  0.250E-04  pot  B   0.1000
       105  -1.758490  1706.807  0.64886  0.155E-06  0.159E-04  pot  B   0.1000
       106  -1.758490  1706.807  0.64886  0.178E-06  0.144E-04  pot  B   0.1000
       107  -1.758490  1706.807  0.64886  0.127E-06  0.126E-04  pot  B   0.1000
       108  -1.758490  1706.807  0.64886  0.814E-07  0.155E-04  pot  B   0.1000
       109  -1.758490  1706.807  0.64886  0.827E-07  0.148E-04  pot  B   0.1000
       110  -1.758490  1706.807  0.64886  0.696E-07  0.116E-04  pot  B   0.1000
       111  -1.758490  1706.807  0.64886  0.119E-06  0.149E-04  pot  B   0.1000
       112  -1.758490  1706.807  0.64886  0.973E-07  0.161E-04  pot  B   0.1000
       113  -1.758490  1706.807  0.64886  0.914E-07  0.883E-05  pot  B   0.1000
       114  -1.758490  1706.807  0.64886  0.822E-07  0.818E-05  pot  B   0.1000
       115  -1.758490  1706.808  0.64886  0.651E-07  0.962E-05  pot  B   0.1000
       116  -1.758490  1706.808  0.64886  0.677E-07  0.961E-05  pot  B   0.1000
       117  -1.758490  1706.808  0.64886  0.483E-07  0.511E-05  pot  B   0.1000
       118  -1.758490  1706.808  0.64886  0.645E-07  0.670E-05  pot  B   0.1000
       119  -1.758490  1706.808  0.64886  0.495E-07  0.438E-05  pot  B   0.1000
       120  -1.758490  1706.808  0.64886  0.669E-07  0.860E-05  pot  B   0.1000
       121  -1.758490  1706.808  0.64886  0.539E-07  0.764E-05  pot  B   0.1000
       122  -1.758490  1706.808  0.64886  0.318E-07  0.678E-05  pot  B   0.1000
       123  -1.758490  1706.808  0.64886  0.708E-07  0.570E-05  pot  B   0.1000
       124  -1.758490  1706.808  0.64886  0.560E-07  0.663E-05  pot  B   0.1000
       125  -1.758490  1706.808  0.64886  0.309E-07  0.442E-05  pot  B   0.1000
       126  -1.758490  1706.808  0.64886  0.419E-07  0.295E-05  pot  B   0.1000
       127  -1.758490  1706.808  0.64886  0.370E-07  0.314E-05  pot  B   0.1000
       128  -1.758490  1706.808  0.64886  0.415E-07  0.489E-05  pot  B   0.1000
       129  -1.758490  1706.808  0.64886  0.249E-07  0.268E-05  pot  B   0.1000
       130  -1.758490  1706.808  0.64886  0.494E-07  0.451E-05  pot  B   0.1000
       131  -1.758490  1706.808  0.64886  0.352E-07  0.212E-05  pot  B   0.1000
       132  -1.758490  1706.808  0.64886  0.288E-07  0.344E-05  pot  B   0.1000
       133  -1.758490  1706.808  0.64886  0.226E-07  0.267E-05  pot  B   0.1000
       134  -1.758490  1706.808  0.64886  0.109E-07  0.258E-05  pot  B   0.1000
       135  -1.758490  1706.808  0.64886  0.225E-07  0.194E-05  pot  B   0.1000
       136  -1.758490  1706.808  0.64886  0.159E-07  0.249E-05  pot  B   0.1000
       137  -1.758490  1706.808  0.64886  0.119E-07  0.269E-05  pot  B   0.1000
       138  -1.758490  1706.809  0.64886  0.239E-07  0.162E-05  pot  B   0.1000
       139  -1.758490  1706.809  0.64886  0.192E-07  0.236E-05  pot  B   0.1000
       140  -1.758490  1706.809  0.64886  0.155E-07  0.182E-05  pot  B   0.1000
       141  -1.758490  1706.809  0.64886  0.129E-07  0.138E-05  pot  B   0.1000
       142  -1.758490  1706.808  0.64886  0.116E-07  0.108E-05  pot  B   0.1000
       143  -1.758490  1706.808  0.64886  0.819E-08  0.819E-06  pot  B   0.1000
       144  -1.758490  1706.808  0.64886  0.720E-08  0.133E-05  pot  B   0.1000
       145  -1.758490  1706.808  0.64886  0.823E-08  0.115E-05  pot  B   0.1000
       146  -1.758490  1706.808  0.64886  0.703E-08  0.149E-05  pot  B   0.1000
       147  -1.758490  1706.808  0.64886  0.750E-08  0.114E-05  pot  B   0.1000
       148  -1.758490  1706.808  0.64886  0.853E-08  0.128E-05  pot  B   0.1000
       149  -1.758490  1706.808  0.64886  0.538E-08  0.131E-05  pot  B   0.1000
       150  -1.758490  1706.808  0.64886  0.759E-08  0.588E-06  pot  B   0.1000
       151  -1.758490  1706.808  0.64886  0.514E-08  0.648E-06  pot  B   0.1000
       152  -1.758490  1706.808  0.64886  0.549E-08  0.548E-06  pot  B   0.1000
       153  -1.758490  1706.808  0.64886  0.328E-08  0.417E-06  pot  B   0.1000
       154  -1.758490  1706.808  0.64886  0.678E-08  0.579E-06  pot  B   0.1000
       155  -1.758490  1706.808  0.64886  0.587E-08  0.467E-06  pot  B   0.1000
       156  -1.758490  1706.808  0.64886  0.461E-08  0.701E-06  pot  B   0.1000
       157  -1.758490  1706.808  0.64886  0.684E-08  0.516E-06  pot  B   0.1000
       158  -1.758490  1706.808  0.64886  0.314E-08  0.684E-06  pot  B   0.1000
       159  -1.758490  1706.808  0.64886  0.528E-08  0.409E-06  pot  B   0.1000
       160  -1.758490  1706.808  0.64886  0.364E-08  0.440E-06  pot  B   0.1000
       161  -1.758490  1706.808  0.64886  0.286E-08  0.473E-06  pot  B   0.1000
       162  -1.758490  1706.808  0.64886  0.302E-08  0.283E-06  pot  B   0.1000
       163  -1.758490  1706.808  0.64886  0.504E-08  0.338E-06  pot  B   0.1000
       164  -1.758490  1706.808  0.64886  0.396E-08  0.318E-06  pot  B   0.1000
       165  -1.758490  1706.808  0.64886  0.243E-08  0.286E-06  pot  B   0.1000
       166  -1.758490  1706.808  0.64886  0.483E-08  0.301E-06  pot  B   0.1000
       167  -1.758490  1706.808  0.64886  0.271E-08  0.196E-06  pot  B   0.1000
       168  -1.758490  1706.808  0.64886  0.214E-08  0.262E-06  pot  B   0.1000
       169  -1.758490  1706.808  0.64886  0.242E-08  0.179E-06  pot  B   0.1000
       170  -1.758490  1706.808  0.64886  0.115E-08  0.294E-06  pot  B   0.1000
       171  -1.758490  1706.808  0.64886  0.217E-08  0.205E-06  pot  B   0.1000
       172  -1.758490  1706.808  0.64886  0.195E-08  0.283E-06  pot  B   0.1000
       173  -1.758490  1706.808  0.64886  0.165E-08  0.271E-06  pot  B   0.1000
       174  -1.758490  1706.808  0.64886  0.143E-08  0.170E-06  pot  B   0.1000
       175  -1.758490  1706.808  0.64886  0.158E-08  0.148E-06  pot  B   0.1000
       176  -1.758490  1706.808  0.64886  0.124E-08  0.127E-06  pot  B   0.1000
       177  -1.758490  1706.808  0.64886  0.754E-09  0.970E-07  pot  B   0.1000
       178  -1.758490  1706.808  0.64886  0.939E-09  0.101E-06  pot  B   0.1000
       179  -1.758490  1706.808  0.64886  0.734E-09  0.959E-07  pot  B   0.1000
       180  -1.758490  1706.808  0.64886  0.610E-09  0.141E-06  pot  B   0.1000
       181  -1.758490  1706.808  0.64886  0.819E-09  0.115E-06  pot  B   0.1000
       182  -1.758490  1706.808  0.64886  0.726E-09  0.145E-06  pot  B   0.1000
       183  -1.758490  1706.808  0.64886  0.655E-09  0.948E-07  pot  B   0.1000
       184  -1.758490  1706.808  0.64886  0.658E-09  0.928E-07  pot  B   0.1000
       185  -1.758490  1706.808  0.64886  0.497E-09  0.851E-07  pot  B   0.1000
       186  -1.758490  1706.808  0.64886  0.519E-09  0.658E-07  pot  B   0.1000
       187  -1.758490  1706.808  0.64886  0.605E-09  0.551E-07  pot  B   0.1000
       188  -1.758490  1706.808  0.64886  0.629E-09  0.601E-07  pot  B   0.1000
       189  -1.758490  1706.808  0.64886  0.344E-09  0.579E-07  pot  B   0.1000
       190  -1.758490  1706.808  0.64886  0.875E-09  0.608E-07  pot  B   0.1000
       191  -1.758490  1706.808  0.64886  0.553E-09  0.538E-07  pot  B   0.1000
       192  -1.758490  1706.808  0.64886  0.507E-09  0.602E-07  pot  B   0.1000
       193  -1.758490  1706.808  0.64886  0.562E-09  0.423E-07  pot  B   0.1000
       194  -1.758490  1706.808  0.64886  0.336E-09  0.533E-07  pot  B   0.1000
       195  -1.758490  1706.808  0.64886  0.378E-09  0.383E-07  pot  B   0.1000
       196  -1.758490  1706.808  0.64886  0.449E-09  0.324E-07  pot  B   0.1000
       197  -1.758490  1706.808  0.64886  0.364E-09  0.478E-07  pot  B   0.1000
       198  -1.758490  1706.808  0.64886  0.334E-09  0.339E-07  pot  B   0.1000
       199  -1.758490  1706.808  0.64886  0.452E-09  0.366E-07  pot  B   0.1000
       200  -1.758490  1706.808  0.64886  0.491E-09  0.298E-07  pot  B   0.1000
**     201  -1.758490  1706.808  0.64886  0.698E-12  0.298E-07  pot  B   0.1000
