System Description            : WNbMoTaV, BCC structure                         
Number of Atoms in Unit Cell  : 1280                                            
Number of Atomic Species      : 5                                               
Number of Atoms in Each Type  : 256(W), 256(Nb), 256(Mo), 256(Ta), 256(V)       
Energy Offset                 : -16231                                          
=======================================================================================
    Iter     Energy      3PV     Efermi   Rms_rho    Rms_pot   Mix  Alg  Alpha 
---------------------------------------------------------------------------------------
**       1  -0.850884  1839.081  0.58632  0.140E+01  0.463E+00  pot  B   0.1000
         2  12.443780  1830.536  0.61608  0.198E-01  0.139E+02  pot  B   0.1000
         3  -0.697259  1816.686  0.60294  0.140E-01  0.244E+01  pot  B   0.1000
         4  -0.783443  1814.526  0.60054  0.658E-02  0.292E+01  pot  B   0.1000
         5  -0.760973  1813.329  0.60205  0.263E-02  0.291E+01  pot  B   0.1000
         6  -1.065909  1802.935  0.61051  0.526E-02  0.161E+01  pot  B   0.1000
         7  -1.321622  1795.364  0.61447  0.415E-02  0.106E+01  pot  B   0.1000
         8  -1.433826  1789.786  0.61504  0.371E-02  0.884E+00  pot  B   0.1000
         9  -1.454318  1782.190  0.61712  0.274E-02  0.839E+00  pot  B   0.1000
        10  -1.554758  1771.428  0.61956  0.416E-02  0.568E+00  pot  B   0.1000
        11  -1.599915  1757.397  0.62369  0.496E-02  0.747E+00  pot  B   0.1000
        12  -1.645034  1747.027  0.62766  0.371E-02  0.702E+00  pot  B   0.1000
        13  -1.690271  1736.987  0.63273  0.365E-02  0.474E+00  pot  B   0.1000
        14  -1.466100  1754.695  0.62715  0.636E-02  0.173E+01  pot  B   0.1000
        15  -1.689875  1737.229  0.63380  0.628E-02  0.624E+00  pot  B   0.1000
        16  -1.560737  1737.295  0.63534  0.307E-02  0.175E+01  pot  B   0.1000
        17  -1.690336  1731.817  0.63595  0.251E-02  0.771E+00  pot  B   0.1000
        18  -1.697108  1728.442  0.63657  0.145E-02  0.762E+00  pot  B   0.1000
        19  -1.721368  1728.100  0.63605  0.145E-02  0.302E+00  pot  B   0.1000
        20  -1.694238  1730.787  0.63525  0.278E-02  0.691E+00  pot  B   0.1000
        21  -1.727986  1727.379  0.63561  0.175E-02  0.308E+00  pot  B   0.1000
        22  -1.728244  1728.659  0.63535  0.129E-02  0.232E+00  pot  B   0.1000
        23  -1.734394  1726.760  0.63638  0.135E-02  0.257E+00  pot  B   0.1000
        24  -1.737348  1726.359  0.63660  0.996E-03  0.195E+00  pot  B   0.1000
        25  -1.740577  1725.632  0.63664  0.755E-03  0.115E+00  pot  B   0.1000
        26  -1.733588  1725.237  0.63675  0.591E-03  0.380E+00  pot  B   0.1000
        27  -1.742452  1724.966  0.63692  0.501E-03  0.106E+00  pot  B   0.1000
        28  -1.742411  1723.395  0.63737  0.851E-03  0.281E+00  pot  B   0.1000
        29  -1.742628  1723.570  0.63737  0.539E-03  0.206E+00  pot  B   0.1000
        30  -1.746305  1722.631  0.63773  0.680E-03  0.145E+00  pot  B   0.1000
        31  -1.744624  1722.213  0.63795  0.537E-03  0.155E+00  pot  B   0.1000
        32  -1.746016  1721.047  0.63833  0.117E-02  0.216E+00  pot  B   0.1000
        33  -1.745875  1721.017  0.63859  0.598E-03  0.216E+00  pot  B   0.1000
        34  -1.745676  1721.110  0.63876  0.799E-03  0.181E+00  pot  B   0.1000
        35  -1.748918  1720.264  0.63896  0.851E-03  0.182E+00  pot  B   0.1000
        36  -1.749550  1719.639  0.63921  0.593E-03  0.190E+00  pot  B   0.1000
        37  -1.750435  1719.668  0.63927  0.638E-03  0.114E+00  pot  B   0.1000
        38  -1.747756  1718.716  0.63980  0.499E-03  0.274E+00  pot  B   0.1000
        39  -1.751557  1719.241  0.63939  0.443E-03  0.765E-01  pot  B   0.1000
        40  -1.752126  1718.265  0.63994  0.499E-03  0.127E+00  pot  B   0.1000
        41  -1.752318  1718.026  0.64011  0.415E-03  0.112E+00  pot  B   0.1000
        42  -1.753049  1717.993  0.64010  0.554E-03  0.723E-01  pot  B   0.1000
        43  -1.753312  1717.316  0.64053  0.343E-03  0.915E-01  pot  B   0.1000
        44  -1.753694  1716.896  0.64086  0.581E-03  0.101E+00  pot  B   0.1000
        45  -1.753818  1716.396  0.64103  0.456E-03  0.123E+00  pot  B   0.1000
        46  -1.753990  1715.861  0.64127  0.381E-03  0.131E+00  pot  B   0.1000
        47  -1.754167  1715.962  0.64133  0.504E-03  0.133E+00  pot  B   0.1000
        48  -1.754233  1715.735  0.64150  0.338E-03  0.120E+00  pot  B   0.1000
        49  -1.754820  1715.668  0.64150  0.382E-03  0.858E-01  pot  B   0.1000
        50  -1.755073  1714.049  0.64244  0.802E-03  0.156E+00  pot  B   0.1000
        51  -1.755103  1715.386  0.64173  0.665E-03  0.808E-01  pot  B   0.1000
        52  -1.755733  1714.466  0.64228  0.460E-03  0.784E-01  pot  B   0.1000
        53  -1.755790  1714.139  0.64246  0.266E-03  0.107E+00  pot  B   0.1000
        54  -1.755696  1714.464  0.64232  0.487E-03  0.102E+00  pot  B   0.1000
        55  -1.756196  1714.089  0.64253  0.384E-03  0.564E-01  pot  B   0.1000
        56  -1.756520  1713.620  0.64282  0.260E-03  0.681E-01  pot  B   0.1000
        57  -1.756516  1713.466  0.64299  0.315E-03  0.634E-01  pot  B   0.1000
        58  -1.756774  1713.077  0.64327  0.195E-03  0.476E-01  pot  B   0.1000
        59  -1.756781  1712.999  0.64328  0.215E-03  0.811E-01  pot  B   0.1000
        60  -1.756857  1712.712  0.64346  0.191E-03  0.829E-01  pot  B   0.1000
        61  -1.756863  1712.907  0.64333  0.246E-03  0.775E-01  pot  B   0.1000
        62  -1.757349  1711.901  0.64409  0.497E-03  0.551E-01  pot  B   0.1000
        63  -1.756876  1712.552  0.64357  0.325E-03  0.897E-01  pot  B   0.1000
        64  -1.757370  1711.977  0.64401  0.350E-03  0.437E-01  pot  B   0.1000
        65  -1.757401  1711.626  0.64430  0.186E-03  0.724E-01  pot  B   0.1000
        66  -1.757119  1711.827  0.64411  0.332E-03  0.108E+00  pot  B   0.1000
        67  -1.757477  1711.682  0.64424  0.249E-03  0.581E-01  pot  B   0.1000
        68  -1.757648  1711.411  0.64445  0.209E-03  0.421E-01  pot  B   0.1000
        69  -1.757739  1711.170  0.64462  0.197E-03  0.435E-01  pot  B   0.1000
        70  -1.757832  1710.983  0.64475  0.114E-03  0.310E-01  pot  B   0.1000
        71  -1.757788  1711.008  0.64476  0.119E-03  0.564E-01  pot  B   0.1000
        72  -1.757859  1710.863  0.64489  0.136E-03  0.580E-01  pot  B   0.1000
        73  -1.757868  1710.935  0.64483  0.172E-03  0.476E-01  pot  B   0.1000
        74  -1.758087  1710.386  0.64523  0.274E-03  0.264E-01  pot  B   0.1000
        75  -1.757641  1710.467  0.64522  0.203E-03  0.973E-01  pot  B   0.1000
        76  -1.758095  1710.375  0.64528  0.220E-03  0.277E-01  pot  B   0.1000
        77  -1.758124  1710.048  0.64552  0.168E-03  0.451E-01  pot  B   0.1000
        78  -1.757834  1710.188  0.64545  0.214E-03  0.889E-01  pot  B   0.1000
        79  -1.758077  1710.107  0.64550  0.199E-03  0.427E-01  pot  B   0.1000
        80  -1.758208  1709.851  0.64570  0.139E-03  0.376E-01  pot  B   0.1000
        81  -1.758225  1709.781  0.64577  0.165E-03  0.261E-01  pot  B   0.1000
        82  -1.758265  1709.690  0.64586  0.815E-04  0.302E-01  pot  B   0.1000
        83  -1.758257  1709.662  0.64586  0.830E-04  0.427E-01  pot  B   0.1000
        84  -1.758301  1709.511  0.64598  0.912E-04  0.438E-01  pot  B   0.1000
        85  -1.758272  1709.655  0.64587  0.116E-03  0.348E-01  pot  B   0.1000
        86  -1.758374  1709.373  0.64612  0.143E-03  0.160E-01  pot  B   0.1000
        87  -1.758370  1709.158  0.64631  0.137E-03  0.350E-01  pot  B   0.1000
        88  -1.758388  1709.311  0.64617  0.123E-03  0.225E-01  pot  B   0.1000
        89  -1.758421  1709.101  0.64638  0.111E-03  0.213E-01  pot  B   0.1000
        90  -1.758333  1708.992  0.64644  0.103E-03  0.542E-01  pot  B   0.1000
        91  -1.758402  1709.006  0.64644  0.114E-03  0.315E-01  pot  B   0.1000
        92  -1.758442  1708.923  0.64652  0.873E-04  0.267E-01  pot  B   0.1000
        93  -1.758457  1708.823  0.64661  0.137E-03  0.220E-01  pot  B   0.1000
        94  -1.758467  1708.818  0.64661  0.564E-04  0.256E-01  pot  B   0.1000
        95  -1.758459  1708.805  0.64663  0.673E-04  0.290E-01  pot  B   0.1000
        96  -1.758490  1708.656  0.64677  0.773E-04  0.254E-01  pot  B   0.1000
        97  -1.758473  1708.706  0.64673  0.756E-04  0.236E-01  pot  B   0.1000
        98  -1.758523  1708.584  0.64684  0.638E-04  0.126E-01  pot  B   0.1000
        99  -1.758537  1708.394  0.64701  0.981E-04  0.198E-01  pot  B   0.1000
       100  -1.758521  1708.572  0.64685  0.927E-04  0.174E-01  pot  B   0.1000
       101  -1.758547  1708.401  0.64701  0.890E-04  0.178E-01  pot  B   0.1000
       102  -1.758513  1708.392  0.64703  0.559E-04  0.291E-01  pot  B   0.1000
       103  -1.758544  1708.326  0.64708  0.662E-04  0.184E-01  pot  B   0.1000
       104  -1.758562  1708.249  0.64716  0.630E-04  0.174E-01  pot  B   0.1000
       105  -1.758566  1708.213  0.64720  0.880E-04  0.197E-01  pot  B   0.1000
       106  -1.758568  1708.213  0.64720  0.414E-04  0.201E-01  pot  B   0.1000
       107  -1.758565  1708.196  0.64721  0.450E-04  0.204E-01  pot  B   0.1000
       108  -1.758583  1708.069  0.64734  0.666E-04  0.165E-01  pot  B   0.1000
       109  -1.758572  1708.071  0.64734  0.606E-04  0.168E-01  pot  B   0.1000
       110  -1.758593  1708.047  0.64736  0.509E-04  0.955E-02  pot  B   0.1000
       111  -1.758605  1707.909  0.64750  0.719E-04  0.135E-01  pot  B   0.1000
       112  -1.758585  1708.035  0.64737  0.661E-04  0.148E-01  pot  B   0.1000
       113  -1.758606  1707.934  0.64749  0.614E-04  0.108E-01  pot  B   0.1000
       114  -1.758598  1707.872  0.64754  0.419E-04  0.188E-01  pot  B   0.1000
       115  -1.758610  1707.838  0.64758  0.388E-04  0.129E-01  pot  B   0.1000
       116  -1.758614  1707.826  0.64759  0.460E-04  0.134E-01  pot  B   0.1000
       117  -1.758618  1707.783  0.64763  0.455E-04  0.114E-01  pot  B   0.1000
       118  -1.758617  1707.790  0.64762  0.239E-04  0.127E-01  pot  B   0.1000
       119  -1.758617  1707.777  0.64764  0.300E-04  0.119E-01  pot  B   0.1000
       120  -1.758628  1707.681  0.64774  0.510E-04  0.883E-02  pot  B   0.1000
       121  -1.758624  1707.639  0.64779  0.387E-04  0.111E-01  pot  B   0.1000
       122  -1.758627  1707.689  0.64774  0.332E-04  0.898E-02  pot  B   0.1000
       123  -1.758636  1707.583  0.64784  0.560E-04  0.734E-02  pot  B   0.1000
       124  -1.758620  1707.636  0.64780  0.371E-04  0.163E-01  pot  B   0.1000
       125  -1.758636  1707.574  0.64785  0.616E-04  0.108E-01  pot  B   0.1000
       126  -1.758630  1707.587  0.64785  0.366E-04  0.126E-01  pot  B   0.1000
       127  -1.758639  1707.513  0.64792  0.392E-04  0.763E-02  pot  B   0.1000
       128  -1.758640  1707.517  0.64792  0.321E-04  0.826E-02  pot  B   0.1000
       129  -1.758642  1707.491  0.64795  0.276E-04  0.928E-02  pot  B   0.1000
       130  -1.758642  1707.482  0.64796  0.174E-04  0.955E-02  pot  B   0.1000
       131  -1.758642  1707.479  0.64797  0.202E-04  0.874E-02  pot  B   0.1000
       132  -1.758647  1707.429  0.64802  0.271E-04  0.420E-02  pot  B   0.1000
       133  -1.758647  1707.380  0.64808  0.265E-04  0.760E-02  pot  B   0.1000
       134  -1.758646  1707.417  0.64803  0.237E-04  0.791E-02  pot  B   0.1000
       135  -1.758651  1707.369  0.64809  0.262E-04  0.457E-02  pot  B   0.1000
       136  -1.758645  1707.330  0.64813  0.234E-04  0.106E-01  pot  B   0.1000
       137  -1.758651  1707.345  0.64812  0.442E-04  0.744E-02  pot  B   0.1000
       138  -1.758649  1707.323  0.64814  0.268E-04  0.988E-02  pot  B   0.1000
       139  -1.758653  1707.286  0.64819  0.213E-04  0.608E-02  pot  B   0.1000
       140  -1.758652  1707.305  0.64816  0.218E-04  0.636E-02  pot  B   0.1000
       141  -1.758653  1707.289  0.64818  0.186E-04  0.657E-02  pot  B   0.1000
       142  -1.758654  1707.273  0.64820  0.136E-04  0.651E-02  pot  B   0.1000
       143  -1.758654  1707.266  0.64821  0.169E-04  0.592E-02  pot  B   0.1000
       144  -1.758657  1707.243  0.64824  0.198E-04  0.239E-02  pot  B   0.1000
       145  -1.758657  1707.211  0.64828  0.176E-04  0.516E-02  pot  B   0.1000
       146  -1.758656  1707.235  0.64825  0.187E-04  0.503E-02  pot  B   0.1000
       147  -1.758658  1707.206  0.64828  0.157E-04  0.311E-02  pot  B   0.1000
       148  -1.758658  1707.153  0.64835  0.289E-04  0.598E-02  pot  B   0.1000
       149  -1.758658  1707.178  0.64831  0.292E-04  0.592E-02  pot  B   0.1000
       150  -1.758657  1707.170  0.64833  0.198E-04  0.585E-02  pot  B   0.1000
       151  -1.758660  1707.141  0.64836  0.221E-04  0.352E-02  pot  B   0.1000
       152  -1.758659  1707.158  0.64834  0.150E-04  0.521E-02  pot  B   0.1000
       153  -1.758659  1707.144  0.64836  0.134E-04  0.557E-02  pot  B   0.1000
       154  -1.758660  1707.125  0.64838  0.111E-04  0.546E-02  pot  B   0.1000
       155  -1.758660  1707.116  0.64839  0.127E-04  0.514E-02  pot  B   0.1000
       156  -1.758661  1707.111  0.64840  0.147E-04  0.243E-02  pot  B   0.1000
       157  -1.758661  1707.088  0.64843  0.128E-04  0.441E-02  pot  B   0.1000
       158  -1.758661  1707.091  0.64842  0.130E-04  0.412E-02  pot  B   0.1000
       159  -1.758662  1707.095  0.64842  0.987E-05  0.218E-02  pot  B   0.1000
       160  -1.758663  1707.049  0.64848  0.254E-04  0.272E-02  pot  B   0.1000
       161  -1.758662  1707.070  0.64845  0.204E-04  0.365E-02  pot  B   0.1000
       162  -1.758663  1707.052  0.64848  0.103E-04  0.309E-02  pot  B   0.1000
       163  -1.758663  1707.039  0.64849  0.171E-04  0.305E-02  pot  B   0.1000
       164  -1.758662  1707.047  0.64848  0.108E-04  0.384E-02  pot  B   0.1000
       165  -1.758663  1707.040  0.64849  0.112E-04  0.398E-02  pot  B   0.1000
       166  -1.758663  1707.023  0.64851  0.955E-05  0.353E-02  pot  B   0.1000
       167  -1.758663  1707.010  0.64853  0.864E-05  0.377E-02  pot  B   0.1000
       168  -1.758664  1707.014  0.64852  0.109E-04  0.216E-02  pot  B   0.1000
       169  -1.758664  1707.008  0.64853  0.854E-05  0.304E-02  pot  B   0.1000
       170  -1.758664  1706.998  0.64855  0.713E-05  0.212E-02  pot  B   0.1000
       171  -1.758664  1707.010  0.64853  0.663E-05  0.182E-02  pot  B   0.1000
       172  -1.758664  1706.983  0.64857  0.151E-04  0.203E-02  pot  B   0.1000
       173  -1.758664  1706.985  0.64856  0.172E-04  0.298E-02  pot  B   0.1000
       174  -1.758665  1706.982  0.64857  0.696E-05  0.169E-02  pot  B   0.1000
       175  -1.758665  1706.973  0.64858  0.100E-04  0.161E-02  pot  B   0.1000
       176  -1.758664  1706.972  0.64858  0.867E-05  0.271E-02  pot  B   0.1000
       177  -1.758665  1706.964  0.64859  0.868E-05  0.298E-02  pot  B   0.1000
       178  -1.758665  1706.956  0.64860  0.614E-05  0.242E-02  pot  B   0.1000
       179  -1.758665  1706.945  0.64862  0.586E-05  0.222E-02  pot  B   0.1000
       180  -1.758665  1706.948  0.64861  0.730E-05  0.166E-02  pot  B   0.1000
       181  -1.758665  1706.948  0.64861  0.622E-05  0.251E-02  pot  B   0.1000
       182  -1.758665  1706.933  0.64863  0.810E-05  0.130E-02  pot  B   0.1000
       183  -1.758665  1706.957  0.64860  0.133E-04  0.191E-02  pot  B   0.1000
       184  -1.758665  1706.930  0.64864  0.155E-04  0.156E-02  pot  B   0.1000
       185  -1.758665  1706.928  0.64864  0.794E-05  0.188E-02  pot  B   0.1000
       186  -1.758665  1706.932  0.64864  0.540E-05  0.142E-02  pot  B   0.1000
       187  -1.758666  1706.927  0.64864  0.431E-05  0.919E-03  pot  B   0.1000
       188  -1.758666  1706.920  0.64865  0.513E-05  0.146E-02  pot  B   0.1000
       189  -1.758666  1706.916  0.64866  0.520E-05  0.152E-02  pot  B   0.1000
       190  -1.758666  1706.911  0.64867  0.382E-05  0.134E-02  pot  B   0.1000
       191  -1.758666  1706.905  0.64868  0.395E-05  0.115E-02  pot  B   0.1000
       192  -1.758666  1706.907  0.64867  0.411E-05  0.116E-02  pot  B   0.1000
       193  -1.758666  1706.911  0.64867  0.363E-05  0.158E-02  pot  B   0.1000
       194  -1.758666  1706.899  0.64869  0.715E-05  0.912E-03  pot  B   0.1000
       195  -1.758666  1706.909  0.64867  0.554E-05  0.184E-02  pot  B   0.1000
       196  -1.758666  1706.890  0.64870  0.106E-04  0.126E-02  pot  B   0.1000
       197  -1.758666  1706.888  0.64870  0.596E-05  0.148E-02  pot  B   0.1000
       198  -1.758666  1706.891  0.64870  0.449E-05  0.155E-02  pot  B   0.1000
       199  -1.758666  1706.894  0.64869  0.352E-05  0.675E-03  pot  B   0.1000
       200  -1.758666  1706.888  0.64870  0.333E-05  0.108E-02  pot  B   0.1000
       201  -1.758666  1706.882  0.64871  0.352E-05  0.109E-02  pot  B   0.1000
       202  -1.758666  1706.881  0.64871  0.271E-05  0.105E-02  pot  B   0.1000
       203  -1.758666  1706.876  0.64872  0.285E-05  0.766E-03  pot  B   0.1000
       204  -1.758666  1706.877  0.64872  0.246E-05  0.918E-03  pot  B   0.1000
       205  -1.758666  1706.879  0.64871  0.240E-05  0.124E-02  pot  B   0.1000
       206  -1.758666  1706.872  0.64873  0.454E-05  0.557E-03  pot  B   0.1000
       207  -1.758666  1706.875  0.64872  0.263E-05  0.163E-02  pot  B   0.1000
       208  -1.758666  1706.865  0.64874  0.617E-05  0.674E-03  pot  B   0.1000
       209  -1.758666  1706.863  0.64874  0.307E-05  0.601E-03  pot  B   0.1000
       210  -1.758666  1706.866  0.64874  0.273E-05  0.123E-02  pot  B   0.1000
       211  -1.758666  1706.867  0.64873  0.294E-05  0.782E-03  pot  B   0.1000
       212  -1.758666  1706.863  0.64874  0.270E-05  0.717E-03  pot  B   0.1000
       213  -1.758666  1706.859  0.64875  0.255E-05  0.536E-03  pot  B   0.1000
       214  -1.758666  1706.858  0.64875  0.205E-05  0.601E-03  pot  B   0.1000
       215  -1.758666  1706.855  0.64875  0.174E-05  0.445E-03  pot  B   0.1000
       216  -1.758666  1706.856  0.64875  0.169E-05  0.551E-03  pot  B   0.1000
       217  -1.758666  1706.858  0.64875  0.193E-05  0.841E-03  pot  B   0.1000
       218  -1.758667  1706.854  0.64876  0.279E-05  0.341E-03  pot  B   0.1000
       219  -1.758666  1706.848  0.64876  0.303E-05  0.101E-02  pot  B   0.1000
       220  -1.758667  1706.848  0.64876  0.162E-05  0.368E-03  pot  B   0.1000
       221  -1.758667  1706.847  0.64877  0.184E-05  0.474E-03  pot  B   0.1000
       222  -1.758667  1706.847  0.64877  0.180E-05  0.880E-03  pot  B   0.1000
       223  -1.758667  1706.849  0.64876  0.230E-05  0.791E-03  pot  B   0.1000
       224  -1.758667  1706.846  0.64877  0.265E-05  0.532E-03  pot  B   0.1000
       225  -1.758667  1706.842  0.64877  0.258E-05  0.428E-03  pot  B   0.1000
       226  -1.758667  1706.843  0.64877  0.144E-05  0.417E-03  pot  B   0.1000
       227  -1.758667  1706.841  0.64878  0.110E-05  0.347E-03  pot  B   0.1000
       228  -1.758667  1706.841  0.64878  0.102E-05  0.451E-03  pot  B   0.1000
       229  -1.758667  1706.841  0.64878  0.150E-05  0.663E-03  pot  B   0.1000
       230  -1.758667  1706.840  0.64878  0.164E-05  0.317E-03  pot  B   0.1000
       231  -1.758667  1706.836  0.64878  0.230E-05  0.485E-03  pot  B   0.1000
       232  -1.758667  1706.836  0.64878  0.110E-05  0.265E-03  pot  B   0.1000
       233  -1.758667  1706.836  0.64878  0.169E-05  0.404E-03  pot  B   0.1000
       234  -1.758667  1706.837  0.64878  0.129E-05  0.595E-03  pot  B   0.1000
       235  -1.758667  1706.835  0.64879  0.149E-05  0.283E-03  pot  B   0.1000
       236  -1.758667  1706.835  0.64879  0.140E-05  0.487E-03  pot  B   0.1000
       237  -1.758667  1706.832  0.64879  0.173E-05  0.226E-03  pot  B   0.1000
       238  -1.758667  1706.832  0.64879  0.806E-06  0.314E-03  pot  B   0.1000
       239  -1.758667  1706.831  0.64879  0.804E-06  0.249E-03  pot  B   0.1000
       240  -1.758667  1706.831  0.64879  0.692E-06  0.303E-03  pot  B   0.1000
       241  -1.758667  1706.830  0.64880  0.136E-05  0.409E-03  pot  B   0.1000
       242  -1.758667  1706.831  0.64879  0.149E-05  0.220E-03  pot  B   0.1000
       243  -1.758667  1706.827  0.64880  0.218E-05  0.302E-03  pot  B   0.1000
       244  -1.758667  1706.828  0.64880  0.740E-06  0.223E-03  pot  B   0.1000
       245  -1.758667  1706.828  0.64880  0.116E-05  0.267E-03  pot  B   0.1000
       246  -1.758667  1706.828  0.64880  0.608E-06  0.335E-03  pot  B   0.1000
       247  -1.758667  1706.827  0.64880  0.741E-06  0.169E-03  pot  B   0.1000
       248  -1.758667  1706.826  0.64880  0.973E-06  0.320E-03  pot  B   0.1000
       249  -1.758667  1706.824  0.64881  0.118E-05  0.158E-03  pot  B   0.1000
       250  -1.758667  1706.825  0.64880  0.659E-06  0.249E-03  pot  B   0.1000
       251  -1.758667  1706.824  0.64881  0.611E-06  0.145E-03  pot  B   0.1000
       252  -1.758667  1706.824  0.64881  0.564E-06  0.283E-03  pot  B   0.1000
       253  -1.758667  1706.822  0.64881  0.131E-05  0.310E-03  pot  B   0.1000
       254  -1.758667  1706.824  0.64881  0.132E-05  0.256E-03  pot  B   0.1000
       255  -1.758667  1706.821  0.64881  0.160E-05  0.261E-03  pot  B   0.1000
       256  -1.758667  1706.822  0.64881  0.508E-06  0.161E-03  pot  B   0.1000
       257  -1.758667  1706.822  0.64881  0.665E-06  0.236E-03  pot  B   0.1000
       258  -1.758667  1706.822  0.64881  0.611E-06  0.243E-03  pot  B   0.1000
       259  -1.758667  1706.821  0.64881  0.743E-06  0.130E-03  pot  B   0.1000
       260  -1.758667  1706.821  0.64881  0.788E-06  0.265E-03  pot  B   0.1000
       261  -1.758667  1706.819  0.64881  0.698E-06  0.121E-03  pot  B   0.1000
       262  -1.758667  1706.819  0.64881  0.461E-06  0.153E-03  pot  B   0.1000
       263  -1.758667  1706.819  0.64881  0.409E-06  0.141E-03  pot  B   0.1000
       264  -1.758667  1706.819  0.64881  0.416E-06  0.178E-03  pot  B   0.1000
       265  -1.758667  1706.817  0.64882  0.135E-05  0.232E-03  pot  B   0.1000
       266  -1.758667  1706.819  0.64881  0.128E-05  0.188E-03  pot  B   0.1000
       267  -1.758667  1706.817  0.64882  0.128E-05  0.147E-03  pot  B   0.1000
       268  -1.758667  1706.817  0.64882  0.386E-06  0.109E-03  pot  B   0.1000
       269  -1.758667  1706.818  0.64882  0.508E-06  0.219E-03  pot  B   0.1000
       270  -1.758667  1706.817  0.64882  0.355E-06  0.188E-03  pot  B   0.1000
       271  -1.758667  1706.817  0.64882  0.486E-06  0.109E-03  pot  B   0.1000
       272  -1.758667  1706.816  0.64882  0.527E-06  0.170E-03  pot  B   0.1000
       273  -1.758667  1706.816  0.64882  0.508E-06  0.866E-04  pot  B   0.1000
       274  -1.758667  1706.815  0.64882  0.359E-06  0.109E-03  pot  B   0.1000
       275  -1.758667  1706.816  0.64882  0.277E-06  0.852E-04  pot  B   0.1000
       276  -1.758667  1706.816  0.64882  0.291E-06  0.142E-03  pot  B   0.1000
       277  -1.758667  1706.814  0.64882  0.771E-06  0.129E-03  pot  B   0.1000
       278  -1.758667  1706.815  0.64882  0.572E-06  0.186E-03  pot  B   0.1000
       279  -1.758667  1706.814  0.64882  0.652E-06  0.109E-03  pot  B   0.1000
       280  -1.758667  1706.814  0.64882  0.305E-06  0.750E-04  pot  B   0.1000
       281  -1.758667  1706.814  0.64882  0.271E-06  0.153E-03  pot  B   0.1000
       282  -1.758667  1706.814  0.64882  0.212E-06  0.170E-03  pot  B   0.1000
       283  -1.758667  1706.814  0.64883  0.431E-06  0.712E-04  pot  B   0.1000
       284  -1.758667  1706.813  0.64883  0.385E-06  0.131E-03  pot  B   0.1000
       285  -1.758667  1706.813  0.64883  0.376E-06  0.656E-04  pot  B   0.1000
       286  -1.758667  1706.813  0.64883  0.249E-06  0.802E-04  pot  B   0.1000
       287  -1.758667  1706.813  0.64883  0.200E-06  0.804E-04  pot  B   0.1000
       288  -1.758667  1706.813  0.64883  0.222E-06  0.937E-04  pot  B   0.1000
       289  -1.758667  1706.812  0.64883  0.534E-06  0.904E-04  pot  B   0.1000
       290  -1.758667  1706.813  0.64883  0.389E-06  0.141E-03  pot  B   0.1000
       291  -1.758667  1706.812  0.64883  0.352E-06  0.527E-04  pot  B   0.1000
       292  -1.758667  1706.812  0.64883  0.182E-06  0.592E-04  pot  B   0.1000
       293  -1.758667  1706.812  0.64883  0.232E-06  0.117E-03  pot  B   0.1000
       294  -1.758667  1706.811  0.64883  0.524E-06  0.963E-04  pot  B   0.1000
       295  -1.758667  1706.812  0.64883  0.352E-06  0.700E-04  pot  B   0.1000
       296  -1.758667  1706.811  0.64883  0.362E-06  0.691E-04  pot  B   0.1000
       297  -1.758667  1706.811  0.64883  0.267E-06  0.415E-04  pot  B   0.1000
       298  -1.758667  1706.811  0.64883  0.180E-06  0.459E-04  pot  B   0.1000
       299  -1.758667  1706.811  0.64883  0.150E-06  0.526E-04  pot  B   0.1000
       300  -1.758667  1706.811  0.64883  0.182E-06  0.870E-04  pot  B   0.1000
**     301  -1.758667  1706.811  0.64883  0.516E-12  0.870E-04  pot  B   0.1000
