System Description            : WNbMoTaTi, BCC structure                        
Number of Atoms in Unit Cell  : 320                                             
Number of Atomic Species      : 5                                               
Number of Atoms in Each Type  : 64(W), 64(Nb), 64(Mo), 64(Ta), 64(Ti)           
Energy Offset                 : -16193                                          
=======================================================================================
    Iter     Energy      3PV     Efermi   Rms_rho    Rms_pot   Mix  Alg  Alpha 
---------------------------------------------------------------------------------------
**       1  -0.748770  1839.830  0.54249  0.140E+01  0.214E+00  pot  B   0.1000
         2  -0.028994  1817.497  0.57562  0.819E-02  0.221E+01  pot  B   0.1000
         3  -1.068870  1815.494  0.57684  0.399E-02  0.348E+00  pot  B   0.1000
         4  -1.098067  1803.744  0.58512  0.454E-02  0.551E+00  pot  B   0.1000
         5  -1.060031  1787.175  0.59829  0.571E-02  0.103E+01  pot  B   0.1000
         6  -1.363833  1775.877  0.60571  0.381E-02  0.537E+00  pot  B   0.1000
         7  -1.447503  1764.599  0.61387  0.394E-02  0.303E+00  pot  B   0.1000
         8  -1.526223  1744.740  0.62696  0.674E-02  0.303E+00  pot  B   0.1000
         9  -1.550638  1734.286  0.63549  0.384E-02  0.155E+00  pot  B   0.1000
        10  -1.566506  1729.163  0.63958  0.207E-02  0.105E+00  pot  B   0.1000
        11  -1.574653  1725.828  0.64246  0.161E-02  0.102E+00  pot  B   0.1000
        12  -1.587508  1720.560  0.64629  0.269E-02  0.761E-01  pot  B   0.1000
        13  -1.597164  1714.613  0.65048  0.315E-02  0.576E-01  pot  B   0.1000
        14  -1.599813  1712.675  0.65153  0.140E-02  0.876E-01  pot  B   0.1000
        15  -1.602911  1707.363  0.65572  0.226E-02  0.420E-01  pot  B   0.1000
        16  -1.603776  1706.927  0.65653  0.853E-03  0.309E-01  pot  B   0.1000
        17  -1.604061  1706.440  0.65711  0.283E-03  0.131E-01  pot  B   0.1000
        18  -1.604162  1706.528  0.65756  0.180E-03  0.131E-01  pot  B   0.1000
        19  -1.604198  1706.302  0.65792  0.978E-04  0.121E-01  pot  B   0.1000
        20  -1.604270  1706.462  0.65830  0.125E-03  0.933E-02  pot  B   0.1000
        21  -1.604348  1706.532  0.65905  0.183E-03  0.742E-02  pot  B   0.1000
        22  -1.604372  1706.582  0.65948  0.922E-04  0.108E-01  pot  B   0.1000
        23  -1.604434  1706.671  0.66025  0.135E-03  0.406E-02  pot  B   0.1000
        24  -1.604449  1706.636  0.66071  0.805E-04  0.452E-02  pot  B   0.1000
        25  -1.604463  1706.662  0.66105  0.509E-04  0.382E-02  pot  B   0.1000
        26  -1.604468  1706.670  0.66121  0.323E-04  0.180E-02  pot  B   0.1000
        27  -1.604473  1706.611  0.66136  0.323E-04  0.164E-02  pot  B   0.1000
        28  -1.604474  1706.589  0.66143  0.125E-04  0.171E-02  pot  B   0.1000
        29  -1.604477  1706.533  0.66155  0.264E-04  0.149E-02  pot  B   0.1000
        30  -1.604479  1706.474  0.66166  0.309E-04  0.109E-02  pot  B   0.1000
        31  -1.604479  1706.435  0.66167  0.133E-04  0.130E-02  pot  B   0.1000
        32  -1.604480  1706.378  0.66174  0.235E-04  0.128E-02  pot  B   0.1000
        33  -1.604482  1706.331  0.66184  0.263E-04  0.115E-02  pot  B   0.1000
        34  -1.604481  1706.316  0.66181  0.849E-05  0.950E-03  pot  B   0.1000
        35  -1.604482  1706.286  0.66187  0.183E-04  0.512E-03  pot  B   0.1000
        36  -1.604482  1706.273  0.66189  0.991E-05  0.577E-03  pot  B   0.1000
        37  -1.604483  1706.258  0.66192  0.104E-04  0.436E-03  pot  B   0.1000
        38  -1.604483  1706.243  0.66195  0.122E-04  0.462E-03  pot  B   0.1000
        39  -1.604483  1706.232  0.66199  0.122E-04  0.557E-03  pot  B   0.1000
        40  -1.604484  1706.231  0.66200  0.456E-05  0.386E-03  pot  B   0.1000
        41  -1.604484  1706.226  0.66203  0.514E-05  0.390E-03  pot  B   0.1000
        42  -1.604484  1706.219  0.66206  0.673E-05  0.400E-03  pot  B   0.1000
        43  -1.604484  1706.225  0.66206  0.202E-05  0.266E-03  pot  B   0.1000
        44  -1.604485  1706.224  0.66208  0.282E-05  0.223E-03  pot  B   0.1000
        45  -1.604485  1706.220  0.66210  0.319E-05  0.212E-03  pot  B   0.1000
        46  -1.604485  1706.222  0.66210  0.108E-05  0.978E-04  pot  B   0.1000
        47  -1.604485  1706.220  0.66212  0.238E-05  0.282E-03  pot  B   0.1000
        48  -1.604485  1706.221  0.66211  0.921E-06  0.816E-04  pot  B   0.1000
        49  -1.604485  1706.219  0.66212  0.128E-05  0.838E-04  pot  B   0.1000
        50  -1.604485  1706.218  0.66213  0.818E-06  0.669E-04  pot  B   0.1000
        51  -1.604485  1706.216  0.66213  0.107E-05  0.724E-04  pot  B   0.1000
        52  -1.604485  1706.215  0.66213  0.585E-06  0.692E-04  pot  B   0.1000
        53  -1.604485  1706.214  0.66214  0.638E-06  0.510E-04  pot  B   0.1000
        54  -1.604485  1706.212  0.66214  0.973E-06  0.535E-04  pot  B   0.1000
        55  -1.604485  1706.211  0.66214  0.498E-06  0.484E-04  pot  B   0.1000
        56  -1.604486  1706.210  0.66215  0.923E-06  0.448E-04  pot  B   0.1000
        57  -1.604486  1706.209  0.66215  0.583E-06  0.441E-04  pot  B   0.1000
        58  -1.604486  1706.208  0.66215  0.289E-06  0.279E-04  pot  B   0.1000
        59  -1.604486  1706.208  0.66215  0.399E-06  0.446E-04  pot  B   0.1000
        60  -1.604486  1706.207  0.66215  0.319E-06  0.284E-04  pot  B   0.1000
        61  -1.604486  1706.207  0.66215  0.442E-06  0.198E-04  pot  B   0.1000
        62  -1.604486  1706.206  0.66215  0.362E-06  0.217E-04  pot  B   0.1000
        63  -1.604486  1706.206  0.66216  0.402E-06  0.261E-04  pot  B   0.1000
        64  -1.604486  1706.206  0.66216  0.104E-06  0.182E-04  pot  B   0.1000
        65  -1.604486  1706.205  0.66216  0.191E-06  0.180E-04  pot  B   0.1000
        66  -1.604486  1706.205  0.66216  0.189E-06  0.105E-04  pot  B   0.1000
        67  -1.604486  1706.205  0.66216  0.870E-07  0.131E-04  pot  B   0.1000
        68  -1.604486  1706.205  0.66216  0.869E-07  0.103E-04  pot  B   0.1000
        69  -1.604486  1706.205  0.66216  0.101E-06  0.731E-05  pot  B   0.1000
        70  -1.604486  1706.205  0.66216  0.450E-07  0.676E-05  pot  B   0.1000
        71  -1.604486  1706.205  0.66216  0.720E-07  0.891E-05  pot  B   0.1000
        72  -1.604486  1706.205  0.66216  0.425E-07  0.618E-05  pot  B   0.1000
        73  -1.604486  1706.205  0.66216  0.372E-07  0.286E-05  pot  B   0.1000
        74  -1.604486  1706.205  0.66216  0.249E-07  0.293E-05  pot  B   0.1000
        75  -1.604486  1706.205  0.66216  0.222E-07  0.371E-05  pot  B   0.1000
        76  -1.604486  1706.205  0.66216  0.139E-07  0.343E-05  pot  B   0.1000
        77  -1.604486  1706.205  0.66216  0.142E-07  0.271E-05  pot  B   0.1000
        78  -1.604486  1706.205  0.66216  0.152E-07  0.157E-05  pot  B   0.1000
        79  -1.604486  1706.205  0.66216  0.152E-07  0.234E-05  pot  B   0.1000
        80  -1.604486  1706.205  0.66216  0.154E-07  0.231E-05  pot  B   0.1000
        81  -1.604486  1706.205  0.66216  0.132E-07  0.881E-06  pot  B   0.1000
        82  -1.604486  1706.205  0.66216  0.656E-08  0.910E-06  pot  B   0.1000
        83  -1.604486  1706.205  0.66216  0.116E-07  0.905E-06  pot  B   0.1000
        84  -1.604486  1706.205  0.66216  0.614E-08  0.133E-05  pot  B   0.1000
        85  -1.604486  1706.205  0.66216  0.108E-07  0.539E-06  pot  B   0.1000
        86  -1.604486  1706.205  0.66216  0.478E-08  0.637E-06  pot  B   0.1000
        87  -1.604486  1706.205  0.66216  0.710E-08  0.617E-06  pot  B   0.1000
        88  -1.604486  1706.205  0.66216  0.470E-08  0.396E-06  pot  B   0.1000
        89  -1.604486  1706.205  0.66216  0.540E-08  0.377E-06  pot  B   0.1000
        90  -1.604486  1706.205  0.66216  0.383E-08  0.282E-06  pot  B   0.1000
        91  -1.604486  1706.205  0.66216  0.830E-08  0.289E-06  pot  B   0.1000
        92  -1.604486  1706.205  0.66216  0.305E-08  0.474E-06  pot  B   0.1000
        93  -1.604486  1706.205  0.66216  0.413E-08  0.222E-06  pot  B   0.1000
        94  -1.604486  1706.205  0.66216  0.547E-08  0.241E-06  pot  B   0.1000
        95  -1.604486  1706.205  0.66216  0.503E-08  0.230E-06  pot  B   0.1000
        96  -1.604486  1706.205  0.66216  0.185E-08  0.520E-06  pot  B   0.1000
        97  -1.604486  1706.205  0.66216  0.450E-08  0.185E-06  pot  B   0.1000
        98  -1.604486  1706.205  0.66216  0.205E-08  0.171E-06  pot  B   0.1000
        99  -1.604486  1706.205  0.66216  0.186E-08  0.131E-06  pot  B   0.1000
       100  -1.604486  1706.205  0.66216  0.161E-08  0.122E-06  pot  B   0.1000
       101  -1.604486  1706.205  0.66216  0.112E-08  0.104E-06  pot  B   0.1000
       102  -1.604486  1706.205  0.66216  0.557E-09  0.700E-07  pot  B   0.1000
       103  -1.604486  1706.205  0.66216  0.174E-08  0.864E-07  pot  B   0.1000
       104  -1.604486  1706.205  0.66216  0.785E-09  0.127E-06  pot  B   0.1000
       105  -1.604486  1706.205  0.66216  0.488E-09  0.675E-07  pot  B   0.1000
       106  -1.604486  1706.205  0.66216  0.676E-09  0.490E-07  pot  B   0.1000
       107  -1.604486  1706.205  0.66216  0.369E-09  0.468E-07  pot  B   0.1000
       108  -1.604486  1706.205  0.66216  0.371E-09  0.106E-06  pot  B   0.1000
       109  -1.604486  1706.205  0.66216  0.370E-09  0.275E-07  pot  B   0.1000
       110  -1.604486  1706.205  0.66216  0.221E-09  0.442E-07  pot  B   0.1000
       111  -1.604486  1706.205  0.66216  0.257E-09  0.309E-07  pot  B   0.1000
       112  -1.604486  1706.205  0.66216  0.405E-09  0.310E-07  pot  B   0.1000
       113  -1.604486  1706.205  0.66216  0.262E-09  0.250E-07  pot  B   0.1000
       114  -1.604486  1706.205  0.66216  0.170E-09  0.162E-07  pot  B   0.1000
       115  -1.604486  1706.205  0.66216  0.580E-09  0.158E-07  pot  B   0.1000
       116  -1.604486  1706.205  0.66216  0.279E-09  0.244E-07  pot  B   0.1000
       117  -1.604486  1706.205  0.66216  0.129E-09  0.247E-07  pot  B   0.1000
       118  -1.604486  1706.205  0.66216  0.349E-09  0.182E-07  pot  B   0.1000
       119  -1.604486  1706.205  0.66216  0.183E-09  0.132E-07  pot  B   0.1000
       120  -1.604486  1706.205  0.66216  0.333E-09  0.229E-07  pot  B   0.1000
       121  -1.604486  1706.205  0.66216  0.795E-10  0.131E-07  pot  B   0.1000
       122  -1.604486  1706.205  0.66216  0.155E-09  0.212E-07  pot  B   0.1000
       123  -1.604486  1706.205  0.66216  0.181E-09  0.131E-07  pot  B   0.1000
       124  -1.604486  1706.205  0.66216  0.210E-09  0.111E-07  pot  B   0.1000
       125  -1.604486  1706.205  0.66216  0.110E-09  0.896E-08  pot  B   0.1000
**     126  -1.604486  1706.205  0.66216  0.149E-11  0.896E-08  pot  B   0.1000
**     127  -1.604486  1706.205  0.66216  0.149E-11  0.896E-08  pot  B   0.1000
