 Atom   Index      Q          Qmt        dQ        Vmad        Local Energy
  W         1   73.95521   72.56799   -0.04479    1.81255      -32312.62401
  W         2   73.95060   72.56338   -0.04940    1.81425      -32312.62494
  W         3   73.94857   72.56135   -0.05143    1.82243      -32312.63157
  W         4   73.94255   72.55533   -0.05745    1.82464      -32312.62808
  W         5   73.93063   72.54341   -0.06937    1.83366      -32312.62826
  W         6   74.03112   72.64389    0.03112    1.74392      -32312.58854
  W         7   73.95126   72.56404   -0.04874    1.81436      -32312.62137
  W         8   73.96423   72.57701   -0.03577    1.80187      -32312.61799
  W         9   73.95840   72.57118   -0.04160    1.80166      -32312.61744
  W        10   73.93127   72.54405   -0.06873    1.82665      -32312.61806
  W        11   73.90930   72.52208   -0.09070    1.85654      -32312.65331
  W        12   73.96235   72.57513   -0.03765    1.80995      -32312.62641
  W        13   74.06605   72.67883    0.06605    1.71828      -32312.57319
  W        14   73.95680   72.56958   -0.04320    1.81923      -32312.63204
  W        15   73.94761   72.56039   -0.05239    1.82530      -32312.64202
  W        16   73.99153   72.60431   -0.00847    1.77256      -32312.60316
  W        17   73.92553   72.53831   -0.07447    1.83866      -32312.63648
  W        18   73.90367   72.51645   -0.09633    1.85760      -32312.64366
  W        19   73.98730   72.60008   -0.01270    1.78361      -32312.60721
  W        20   73.89612   72.50890   -0.10388    1.85753      -32312.63794
  W        21   73.95386   72.56664   -0.04614    1.81641      -32312.62799
  W        22   73.99277   72.60555   -0.00723    1.77091      -32312.60015
  W        23   73.97640   72.58918   -0.02360    1.80095      -32312.62304
  W        24   73.87113   72.48391   -0.12887    1.88467      -32312.65896
  W        25   73.83401   72.44679   -0.16599    1.92225      -32312.67891
  W        26   74.02108   72.63386    0.02108    1.75698      -32312.59619
  W        27   73.94037   72.55315   -0.05963    1.82291      -32312.62301
  W        28   73.90958   72.52236   -0.09042    1.84585      -32312.63853
  W        29   73.90660   72.51938   -0.09340    1.84841      -32312.63461
  W        30   73.93915   72.55193   -0.06085    1.82888      -32312.63023
  W        31   73.98025   72.59303   -0.01975    1.79125      -32312.60891
  W        32   73.92009   72.53287   -0.07991    1.84115      -32312.63580
  Nb       33   41.02575   39.63853    0.02575    1.78009       -7632.71306
  Nb       34   41.03648   39.64925    0.03648    1.76705       -7632.70838
  Nb       35   41.06395   39.67673    0.06395    1.74414       -7632.68934
  Nb       36   41.07058   39.68336    0.07058    1.74254       -7632.69316
  Nb       37   40.96111   39.57389   -0.03889    1.83417       -7632.75024
  Nb       38   41.04626   39.65903    0.04626    1.77011       -7632.70911
  Nb       39   41.01967   39.63245    0.01967    1.78536       -7632.71648
  Nb       40   41.07025   39.68303    0.07025    1.73471       -7632.69449
  Nb       41   40.94576   39.55854   -0.05424    1.85488       -7632.75982
  Nb       42   40.98844   39.60122   -0.01156    1.82091       -7632.73865
  Nb       43   40.94790   39.56068   -0.05210    1.84421       -7632.74944
  Nb       44   40.97522   39.58800   -0.02478    1.82883       -7632.73888
  Nb       45   41.06494   39.67772    0.06494    1.74360       -7632.68922
  Nb       46   41.03294   39.64572    0.03294    1.77708       -7632.71263
  Nb       47   40.97416   39.58694   -0.02584    1.82491       -7632.74171
  Nb       48   40.99553   39.60831   -0.00447    1.81459       -7632.73866
  Nb       49   41.01828   39.63106    0.01828    1.78756       -7632.71623
  Nb       50   41.04983   39.66261    0.04983    1.75848       -7632.70459
  Nb       51   41.01004   39.62282    0.01004    1.79285       -7632.72022
  Nb       52   41.03594   39.64872    0.03594    1.78124       -7632.71920
  Nb       53   40.97987   39.59265   -0.02013    1.82237       -7632.73816
  Nb       54   41.05076   39.66354    0.05076    1.76110       -7632.70551
  Nb       55   41.05445   39.66723    0.05445    1.75923       -7632.70318
  Nb       56   41.02686   39.63964    0.02686    1.78570       -7632.71892
  Nb       57   41.00217   39.61495    0.00217    1.80379       -7632.72944
  Nb       58   40.96137   39.57415   -0.03863    1.83809       -7632.75068
  Nb       59   41.02549   39.63827    0.02549    1.78378       -7632.71558
  Nb       60   41.05863   39.67141    0.05863    1.75136       -7632.69244
  Nb       61   41.04731   39.66009    0.04731    1.76564       -7632.70311
  Nb       62   41.06067   39.67345    0.06067    1.75493       -7632.69560
  Nb       63   40.86918   39.48196   -0.13082    1.92462       -7632.79909
  Nb       64   41.03930   39.65208    0.03930    1.77049       -7632.71174
  Mo       65   42.13286   40.74564    0.13286    1.76066       -8090.71577
  Mo       66   42.20367   40.81645    0.20367    1.68617       -8090.67045
  Mo       67   42.16868   40.78145    0.16868    1.70909       -8090.67439
  Mo       68   42.26829   40.88107    0.26829    1.62822       -8090.64560
  Mo       69   42.09718   40.70996    0.09718    1.79214       -8090.72871
  Mo       70   42.18517   40.79795    0.18517    1.71167       -8090.69152
  Mo       71   42.18390   40.79668    0.18390    1.71297       -8090.68737
  Mo       72   42.19916   40.81194    0.19916    1.68705       -8090.67739
  Mo       73   42.10479   40.71756    0.10479    1.78218       -8090.71678
  Mo       74   42.09723   40.71001    0.09723    1.78596       -8090.72241
  Mo       75   42.15258   40.76536    0.15258    1.73496       -8090.69825
  Mo       76   42.11795   40.73073    0.11795    1.76878       -8090.71535
  Mo       77   42.18956   40.80233    0.18956    1.69930       -8090.67838
  Mo       78   42.16983   40.78261    0.16983    1.72631       -8090.69690
  Mo       79   42.14996   40.76274    0.14996    1.74402       -8090.70910
  Mo       80   42.08639   40.69917    0.08639    1.80168       -8090.74040
  Mo       81   42.17250   40.78528    0.17250    1.71717       -8090.68667
  Mo       82   42.19625   40.80903    0.19625    1.70800       -8090.69222
  Mo       83   42.22452   40.83730    0.22452    1.67319       -8090.67260
  Mo       84   42.20357   40.81635    0.20357    1.68980       -8090.67649
  Mo       85   42.16892   40.78170    0.16892    1.71727       -8090.69233
  Mo       86   42.25143   40.86421    0.25143    1.64289       -8090.64803
  Mo       87   42.20001   40.81279    0.20001    1.70167       -8090.68857
  Mo       88   42.14983   40.76261    0.14983    1.74475       -8090.70396
  Mo       89   42.09062   40.70340    0.09062    1.79585       -8090.73394
  Mo       90   42.17049   40.78326    0.17049    1.72157       -8090.69271
  Mo       91   42.21439   40.82717    0.21439    1.67889       -8090.67654
  Mo       92   42.10449   40.71727    0.10449    1.77514       -8090.71855
  Mo       93   42.21891   40.83169    0.21891    1.69004       -8090.68555
  Mo       94   42.22274   40.83552    0.22274    1.68050       -8090.67525
  Mo       95   42.13113   40.74391    0.13113    1.75947       -8090.71388
  Mo       96   42.22118   40.83396    0.22118    1.67752       -8090.66886
  Ta       97   72.88440   71.49717   -0.11560    1.83363      -31233.05296
  Ta       98   72.87641   71.48919   -0.12359    1.84002      -31233.05623
  Ta       99   72.80520   71.41798   -0.19480    1.90759      -31233.10640
  Ta      100   72.93260   71.54538   -0.06740    1.79258      -31233.02867
  Ta      101   72.88840   71.50118   -0.11160    1.82649      -31233.04401
  Ta      102   72.87021   71.48299   -0.12979    1.84587      -31233.06149
  Ta      103   72.85529   71.46807   -0.14471    1.85446      -31233.06530
  Ta      104   72.79246   71.40524   -0.20754    1.91435      -31233.11006
  Ta      105   72.86845   71.48123   -0.13155    1.85077      -31233.06852
  Ta      106   72.87878   71.49156   -0.12122    1.83774      -31233.06039
  Ta      107   72.85991   71.47269   -0.14009    1.85149      -31233.06202
  Ta      108   72.93432   71.54710   -0.06568    1.78474      -31233.03089
  Ta      109   72.84866   71.46144   -0.15134    1.85979      -31233.07405
  Ta      110   72.82203   71.43481   -0.17797    1.88412      -31233.09033
  Ta      111   72.89952   71.51230   -0.10048    1.82376      -31233.05611
  Ta      112   72.88230   71.49508   -0.11770    1.83773      -31233.05940
  Ta      113   72.80715   71.41993   -0.19285    1.90504      -31233.10568
  Ta      114   72.88153   71.49431   -0.11847    1.83828      -31233.05919
  Ta      115   72.83976   71.45253   -0.16024    1.87517      -31233.08668
  Ta      116   72.83945   71.45223   -0.16055    1.87615      -31233.08625
  Ta      117   72.90627   71.51905   -0.09373    1.81772      -31233.04908
  Ta      118   72.92202   71.53480   -0.07798    1.80229      -31233.03723
  Ta      119   72.85978   71.47256   -0.14022    1.85165      -31233.06963
  Ta      120   72.90843   71.52121   -0.09157    1.80355      -31233.03991
  Ta      121   72.91435   71.52713   -0.08565    1.80504      -31233.04106
  Ta      122   72.81060   71.42338   -0.18940    1.89986      -31233.09800
  Ta      123   72.75442   71.36720   -0.24558    1.94651      -31233.12628
  Ta      124   72.86685   71.47963   -0.13315    1.84886      -31233.06936
  Ta      125   72.85655   71.46933   -0.14345    1.85238      -31233.06341
  Ta      126   72.84430   71.45708   -0.15570    1.87287      -31233.07676
  Ta      127   72.91688   71.52966   -0.08312    1.80697      -31233.03661
  Ta      128   72.86006   71.47284   -0.13994    1.85801      -31233.07323
