 Atom   Index      Q          Qmt        dQ        Vmad        Local Energy
  W         1   73.97430   72.58702   -0.02570    1.79663      -32312.61887
  W         2   73.99333   72.60605   -0.00667    1.77967      -32312.60148
  W         3   73.93078   72.54351   -0.06922    1.84118      -32312.64787
  W         4   73.83996   72.45268   -0.16004    1.92243      -32312.68558
  W         5   73.97387   72.58659   -0.02613    1.79544      -32312.60877
  W         6   73.98919   72.60191   -0.01081    1.78634      -32312.61068
  W         7   73.92028   72.53301   -0.07972    1.84722      -32312.64887
  W         8   73.99907   72.61179   -0.00093    1.76983      -32312.60095
  W         9   73.94334   72.55606   -0.05666    1.82026      -32312.62622
  W        10   73.87450   72.48722   -0.12550    1.88684      -32312.65567
  W        11   73.97691   72.58963   -0.02309    1.79741      -32312.62071
  W        12   74.01547   72.62819    0.01547    1.75759      -32312.59637
  W        13   73.97445   72.58717   -0.02555    1.79226      -32312.61998
  W        14   73.94094   72.55366   -0.05906    1.82656      -32312.63752
  W        15   73.92466   72.53739   -0.07534    1.84317      -32312.64048
  W        16   73.92997   72.54270   -0.07003    1.83306      -32312.63273
  Nb       17   41.02079   39.63351    0.02079    1.78792       -7632.71976
  Nb       18   40.99546   39.60818   -0.00454    1.80850       -7632.73131
  Nb       19   41.02508   39.63780    0.02508    1.77941       -7632.71517
  Nb       20   41.03127   39.64400    0.03127    1.77177       -7632.71173
  Nb       21   40.95416   39.56689   -0.04584    1.84385       -7632.74725
  Nb       22   41.04355   39.65627    0.04355    1.76336       -7632.69963
  Nb       23   41.00739   39.62012    0.00739    1.79389       -7632.72911
  Nb       24   41.02538   39.63810    0.02538    1.77998       -7632.71676
  Nb       25   41.03229   39.64502    0.03229    1.77624       -7632.71562
  Nb       26   41.06568   39.67840    0.06568    1.73881       -7632.68451
  Nb       27   41.00210   39.61482    0.00210    1.79946       -7632.72146
  Nb       28   41.01776   39.63049    0.01776    1.78654       -7632.71538
  Nb       29   41.05044   39.66316    0.05044    1.75744       -7632.70178
  Nb       30   41.02454   39.63726    0.02454    1.78172       -7632.71831
  Nb       31   40.95377   39.56650   -0.04623    1.84807       -7632.74537
  Nb       32   40.92821   39.54094   -0.07179    1.86966       -7632.76815
  Mo       33   42.15132   40.76404    0.15132    1.74305       -8090.71177
  Mo       34   42.22163   40.83435    0.22163    1.67287       -8090.66568
  Mo       35   42.18128   40.79400    0.18128    1.70938       -8090.68449
  Mo       36   42.20157   40.81430    0.20157    1.68975       -8090.67914
  Mo       37   42.15134   40.76406    0.15134    1.74277       -8090.70375
  Mo       38   42.16554   40.77826    0.16554    1.72687       -8090.69978
  Mo       39   42.11016   40.72288    0.11016    1.77885       -8090.72031
  Mo       40   42.21535   40.82808    0.21535    1.68290       -8090.67411
  Mo       41   42.12231   40.73503    0.12231    1.76864       -8090.71394
  Mo       42   42.19906   40.81178    0.19906    1.69993       -8090.68142
  Mo       43   42.18899   40.80171    0.18899    1.70644       -8090.67962
  Mo       44   42.14007   40.75280    0.14007    1.75144       -8090.71189
  Mo       45   42.17359   40.78631    0.17359    1.72339       -8090.69472
  Mo       46   42.15114   40.76386    0.15114    1.74023       -8090.69937
  Mo       47   42.24449   40.85722    0.24449    1.65260       -8090.65418
  Mo       48   42.21547   40.82819    0.21547    1.68113       -8090.67004
  Ta       49   72.89297   71.50569   -0.10703    1.82579      -31233.05904
  Ta       50   72.88318   71.49590   -0.11682    1.83257      -31233.05589
  Ta       51   72.88346   71.49618   -0.11654    1.83277      -31233.05039
  Ta       52   72.87508   71.48780   -0.12492    1.83626      -31233.06118
  Ta       53   72.88063   71.49335   -0.11937    1.83922      -31233.06101
  Ta       54   72.81595   71.42868   -0.18405    1.89673      -31233.10031
  Ta       55   72.89218   71.50490   -0.10782    1.82613      -31233.05227
  Ta       56   72.91250   71.52523   -0.08750    1.80737      -31233.04809
  Ta       57   72.77438   71.38710   -0.22562    1.93122      -31233.12220
  Ta       58   72.77570   71.38842   -0.22430    1.93423      -31233.11373
  Ta       59   72.90427   71.51700   -0.09573    1.81252      -31233.03977
  Ta       60   72.84142   71.45415   -0.15858    1.86647      -31233.07571
  Ta       61   72.82322   71.43594   -0.17678    1.88837      -31233.08534
  Ta       62   72.89048   71.50320   -0.10952    1.82574      -31233.04746
  Ta       63   72.88746   71.50018   -0.11254    1.83052      -31233.05962
  Ta       64   72.85498   71.46770   -0.14502    1.85818      -31233.07127
