System Description            : WNbMoTaTi, BCC structure                        
Number of Atoms in Unit Cell  : 40                                              
Number of Atomic Species      : 5                                               
Number of Atoms in Each Type  : 8(W), 8(Nb), 8(Mo), 8(Ta), 8(Ti)                
Energy Offset                 : -16193                                          
=======================================================================================
    Iter     Energy      3PV     Efermi   Rms_rho    Rms_pot   Mix  Alg  Alpha 
---------------------------------------------------------------------------------------
**       1  -0.754724  1839.829  0.53682  0.140E+01  0.121E+00  pot  B   0.1000
         2  -1.036705  1816.552  0.57568  0.756E-02  0.315E+00  pot  B   0.1000
         3  -1.020361  1811.281  0.57761  0.238E-02  0.383E+00  pot  B   0.1000
         4  -1.315973  1777.027  0.59909  0.111E-01  0.373E+00  pot  B   0.1000
         5  -1.317184  1769.076  0.60497  0.275E-02  0.395E+00  pot  B   0.1000
         6  -1.452874  1758.412  0.61433  0.364E-02  0.236E+00  pot  B   0.1000
         7  -1.562907  1734.488  0.63256  0.842E-02  0.616E-01  pot  B   0.1000
         8  -1.573583  1726.189  0.63905  0.317E-02  0.407E-01  pot  B   0.1000
         9  -1.589242  1719.700  0.64563  0.341E-02  0.455E-01  pot  B   0.1000
        10  -1.601513  1710.737  0.65254  0.484E-02  0.361E-01  pot  B   0.1000
        11  -1.604214  1707.643  0.65486  0.172E-02  0.119E-01  pot  B   0.1000
        12  -1.604601  1706.474  0.65622  0.785E-03  0.913E-02  pot  B   0.1000
        13  -1.604774  1706.237  0.65703  0.267E-03  0.329E-02  pot  B   0.1000
        14  -1.604894  1706.064  0.65826  0.251E-03  0.304E-02  pot  B   0.1000
        15  -1.604998  1706.115  0.65982  0.309E-03  0.217E-02  pot  B   0.1000
        16  -1.604990  1706.180  0.66028  0.917E-04  0.101E-02  pot  B   0.1000
        17  -1.604992  1706.211  0.66044  0.264E-04  0.424E-03  pot  B   0.1000
        18  -1.604995  1706.221  0.66056  0.193E-04  0.532E-03  pot  B   0.1000
        19  -1.605000  1706.195  0.66080  0.407E-04  0.287E-03  pot  B   0.1000
        20  -1.604999  1706.194  0.66083  0.537E-05  0.117E-03  pot  B   0.1000
        21  -1.605000  1706.197  0.66084  0.462E-05  0.701E-04  pot  B   0.1000
        22  -1.604999  1706.198  0.66085  0.273E-05  0.551E-04  pot  B   0.1000
        23  -1.604999  1706.198  0.66086  0.257E-05  0.260E-04  pot  B   0.1000
        24  -1.604999  1706.197  0.66086  0.141E-05  0.219E-04  pot  B   0.1000
        25  -1.604999  1706.196  0.66087  0.754E-06  0.121E-04  pot  B   0.1000
        26  -1.604999  1706.196  0.66087  0.944E-06  0.646E-05  pot  B   0.1000
        27  -1.604999  1706.196  0.66088  0.279E-06  0.469E-05  pot  B   0.1000
        28  -1.604999  1706.197  0.66088  0.235E-06  0.169E-05  pot  B   0.1000
        29  -1.604999  1706.197  0.66088  0.176E-06  0.939E-06  pot  B   0.1000
        30  -1.604999  1706.198  0.66088  0.168E-06  0.167E-05  pot  B   0.1000
        31  -1.604999  1706.198  0.66088  0.160E-06  0.637E-06  pot  B   0.1000
        32  -1.605000  1706.198  0.66088  0.766E-07  0.483E-06  pot  B   0.1000
        33  -1.605000  1706.198  0.66088  0.405E-07  0.313E-06  pot  B   0.1000
        34  -1.605000  1706.198  0.66088  0.342E-07  0.314E-06  pot  B   0.1000
        35  -1.605000  1706.198  0.66088  0.340E-07  0.165E-06  pot  B   0.1000
        36  -1.605000  1706.198  0.66088  0.732E-08  0.133E-06  pot  B   0.1000
        37  -1.605000  1706.198  0.66088  0.512E-08  0.734E-07  pot  B   0.1000
        38  -1.604999  1706.198  0.66088  0.429E-08  0.454E-07  pot  B   0.1000
        39  -1.604999  1706.198  0.66088  0.306E-08  0.474E-07  pot  B   0.1000
        40  -1.604999  1706.198  0.66088  0.193E-08  0.267E-07  pot  B   0.1000
        41  -1.604999  1706.198  0.66088  0.215E-08  0.278E-07  pot  B   0.1000
        42  -1.604999  1706.198  0.66088  0.145E-08  0.191E-07  pot  B   0.1000
        43  -1.604999  1706.198  0.66088  0.456E-09  0.880E-08  pot  B   0.1000
**      44  -1.604999  1706.198  0.66088  0.559E-12  0.880E-08  pot  B   0.1000
