System Description            : WNbMoTa, BCC structure                          
Number of Atoms in Unit Cell  : 64                                              
Number of Atomic Species      : 4                                               
Number of Atoms in Each Type  : 16(W), 16(Nb), 16(Mo), 16(Ta)                   
Energy Offset                 : -19816                                          
=======================================================================================
    Iter     Energy      3PV     Efermi   Rms_rho    Rms_pot   Mix  Alg  Alpha 
---------------------------------------------------------------------------------------
**       1  -0.263101  2293.602  0.59451  0.140E+01  0.113E+00  pot  B   0.1000
         2  -0.619305  2265.269  0.60776  0.748E-02  0.185E+00  pot  B   0.1000
         3  -0.796910  2246.573  0.61675  0.498E-02  0.190E+00  pot  B   0.1000
         4  -1.178046  2182.386  0.64119  0.169E-01  0.111E+00  pot  B   0.1000
         5  -1.210882  2166.640  0.65787  0.469E-02  0.818E-01  pot  B   0.1000
         6  -1.231660  2158.692  0.66875  0.270E-02  0.331E-01  pot  B   0.1000
         7  -1.253125  2148.257  0.67543  0.391E-02  0.386E-01  pot  B   0.1000
         8  -1.270682  2137.315  0.68045  0.452E-02  0.233E-01  pot  B   0.1000
         9  -1.275170  2132.048  0.68304  0.238E-02  0.245E-01  pot  B   0.1000
        10  -1.276459  2129.230  0.68478  0.141E-02  0.697E-02  pot  B   0.1000
        11  -1.276628  2128.728  0.68557  0.324E-03  0.454E-02  pot  B   0.1000
        12  -1.276789  2128.444  0.68674  0.293E-03  0.478E-02  pot  B   0.1000
        13  -1.276893  2128.342  0.68782  0.237E-03  0.397E-02  pot  B   0.1000
        14  -1.276957  2128.220  0.68883  0.208E-03  0.195E-02  pot  B   0.1000
        15  -1.276978  2128.264  0.68954  0.148E-03  0.514E-03  pot  B   0.1000
        16  -1.276980  2128.302  0.68973  0.381E-04  0.389E-03  pot  B   0.1000
        17  -1.276984  2128.322  0.68996  0.410E-04  0.203E-03  pot  B   0.1000
        18  -1.276984  2128.299  0.69009  0.220E-04  0.140E-03  pot  B   0.1000
        19  -1.276985  2128.296  0.69012  0.588E-05  0.107E-03  pot  B   0.1000
        20  -1.276985  2128.277  0.69014  0.628E-05  0.800E-04  pot  B   0.1000
        21  -1.276984  2128.266  0.69016  0.420E-05  0.386E-04  pot  B   0.1000
        22  -1.276984  2128.263  0.69016  0.190E-05  0.218E-04  pot  B   0.1000
        23  -1.276984  2128.264  0.69017  0.877E-06  0.138E-04  pot  B   0.1000
        24  -1.276984  2128.268  0.69017  0.193E-05  0.747E-05  pot  B   0.1000
        25  -1.276984  2128.272  0.69018  0.142E-05  0.101E-04  pot  B   0.1000
        26  -1.276984  2128.272  0.69018  0.141E-06  0.609E-05  pot  B   0.1000
        27  -1.276984  2128.273  0.69018  0.299E-06  0.390E-05  pot  B   0.1000
        28  -1.276984  2128.274  0.69018  0.424E-06  0.199E-05  pot  B   0.1000
        29  -1.276984  2128.275  0.69018  0.434E-06  0.184E-05  pot  B   0.1000
        30  -1.276984  2128.275  0.69018  0.134E-06  0.910E-06  pot  B   0.1000
        31  -1.276984  2128.275  0.69018  0.824E-07  0.681E-06  pot  B   0.1000
        32  -1.276984  2128.275  0.69018  0.638E-07  0.678E-06  pot  B   0.1000
        33  -1.276984  2128.275  0.69018  0.322E-07  0.541E-06  pot  B   0.1000
        34  -1.276984  2128.275  0.69018  0.242E-07  0.336E-06  pot  B   0.1000
        35  -1.276984  2128.275  0.69018  0.163E-07  0.230E-06  pot  B   0.1000
        36  -1.276984  2128.275  0.69018  0.269E-07  0.130E-06  pot  B   0.1000
        37  -1.276984  2128.275  0.69018  0.736E-08  0.885E-07  pot  B   0.1000
        38  -1.276984  2128.275  0.69018  0.221E-08  0.108E-06  pot  B   0.1000
        39  -1.276984  2128.275  0.69018  0.137E-08  0.865E-07  pot  B   0.1000
        40  -1.276984  2128.275  0.69018  0.255E-08  0.439E-07  pot  B   0.1000
        41  -1.276984  2128.275  0.69018  0.161E-08  0.281E-07  pot  B   0.1000
        42  -1.276984  2128.275  0.69018  0.893E-09  0.227E-07  pot  B   0.1000
        43  -1.276984  2128.275  0.69018  0.108E-08  0.173E-07  pot  B   0.1000
        44  -1.276984  2128.275  0.69018  0.808E-09  0.148E-07  pot  B   0.1000
        45  -1.276984  2128.275  0.69018  0.251E-09  0.947E-08  pot  B   0.1000
**      46  -1.276984  2128.275  0.69018  0.496E-12  0.947E-08  pot  B   0.1000
