System Description            : WNbMoTaV, BCC structure                         
Number of Atoms in Unit Cell  : 40                                              
Number of Atomic Species      : 5                                               
Number of Atoms in Each Type  : 8(W), 8(Nb), 8(Mo), 8(Ta), 8(V)                 
Energy Offset                 : -16231                                          
=======================================================================================
    Iter     Energy      3PV     Efermi   Rms_rho    Rms_pot   Mix  Alg  Alpha 
---------------------------------------------------------------------------------------
**       1  -0.848156  1839.132  0.58713  0.140E+01  0.108E+00  pot  B   0.1000
         2  -1.184285  1816.465  0.59418  0.755E-02  0.260E+00  pot  B   0.1000
         3  -1.199061  1806.474  0.60578  0.433E-02  0.398E+00  pot  B   0.1000
         4  -1.414419  1795.426  0.61102  0.401E-02  0.215E+00  pot  B   0.1000
         5  -1.589035  1763.987  0.61980  0.104E-01  0.296E+00  pot  B   0.1000
         6  -1.646516  1750.650  0.62679  0.454E-02  0.202E+00  pot  B   0.1000
         7  -1.699054  1736.842  0.63061  0.482E-02  0.146E+00  pot  B   0.1000
         8  -1.722332  1730.008  0.63414  0.271E-02  0.591E-01  pot  B   0.1000
         9  -1.741052  1722.400  0.63674  0.366E-02  0.297E-01  pot  B   0.1000
        10  -1.755906  1711.946  0.63880  0.546E-02  0.245E-01  pot  B   0.1000
        11  -1.758106  1708.434  0.64025  0.195E-02  0.202E-01  pot  B   0.1000
        12  -1.758767  1707.494  0.64137  0.617E-03  0.550E-02  pot  B   0.1000
        13  -1.758959  1707.190  0.64270  0.361E-03  0.667E-02  pot  B   0.1000
        14  -1.759144  1706.965  0.64422  0.322E-03  0.540E-02  pot  B   0.1000
        15  -1.759276  1706.801  0.64617  0.361E-03  0.456E-02  pot  B   0.1000
        16  -1.759274  1706.694  0.64674  0.980E-04  0.106E-02  pot  B   0.1000
        17  -1.759279  1706.783  0.64693  0.512E-04  0.147E-02  pot  B   0.1000
        18  -1.759279  1706.720  0.64697  0.367E-04  0.731E-03  pot  B   0.1000
        19  -1.759283  1706.796  0.64709  0.471E-04  0.971E-03  pot  B   0.1000
        20  -1.759283  1706.818  0.64714  0.224E-04  0.611E-03  pot  B   0.1000
        21  -1.759283  1706.813  0.64717  0.249E-04  0.230E-03  pot  B   0.1000
        22  -1.759283  1706.814  0.64719  0.536E-05  0.316E-03  pot  B   0.1000
        23  -1.759283  1706.810  0.64721  0.681E-05  0.164E-03  pot  B   0.1000
        24  -1.759284  1706.802  0.64724  0.655E-05  0.152E-03  pot  B   0.1000
        25  -1.759284  1706.796  0.64727  0.598E-05  0.695E-04  pot  B   0.1000
        26  -1.759284  1706.793  0.64728  0.203E-05  0.391E-04  pot  B   0.1000
        27  -1.759284  1706.794  0.64729  0.134E-05  0.598E-04  pot  B   0.1000
        28  -1.759284  1706.793  0.64729  0.687E-06  0.296E-04  pot  B   0.1000
        29  -1.759284  1706.793  0.64729  0.730E-06  0.404E-04  pot  B   0.1000
        30  -1.759284  1706.794  0.64730  0.743E-06  0.131E-04  pot  B   0.1000
        31  -1.759284  1706.795  0.64730  0.674E-06  0.878E-05  pot  B   0.1000
        32  -1.759284  1706.796  0.64730  0.268E-06  0.105E-04  pot  B   0.1000
        33  -1.759284  1706.796  0.64730  0.245E-06  0.302E-05  pot  B   0.1000
        34  -1.759284  1706.796  0.64730  0.418E-06  0.510E-05  pot  B   0.1000
        35  -1.759284  1706.796  0.64730  0.315E-06  0.438E-05  pot  B   0.1000
        36  -1.759284  1706.797  0.64730  0.211E-06  0.225E-05  pot  B   0.1000
        37  -1.759284  1706.797  0.64730  0.233E-06  0.142E-05  pot  B   0.1000
        38  -1.759284  1706.797  0.64730  0.132E-06  0.179E-05  pot  B   0.1000
        39  -1.759284  1706.797  0.64730  0.101E-06  0.188E-05  pot  B   0.1000
        40  -1.759284  1706.797  0.64730  0.758E-07  0.169E-05  pot  B   0.1000
        41  -1.759284  1706.797  0.64730  0.775E-07  0.100E-05  pot  B   0.1000
        42  -1.759284  1706.797  0.64730  0.389E-07  0.529E-06  pot  B   0.1000
        43  -1.759284  1706.797  0.64730  0.248E-07  0.256E-06  pot  B   0.1000
        44  -1.759284  1706.797  0.64730  0.151E-07  0.417E-06  pot  B   0.1000
        45  -1.759284  1706.797  0.64730  0.151E-07  0.287E-06  pot  B   0.1000
        46  -1.759284  1706.797  0.64730  0.849E-08  0.163E-06  pot  B   0.1000
        47  -1.759284  1706.797  0.64730  0.341E-08  0.109E-06  pot  B   0.1000
        48  -1.759284  1706.797  0.64730  0.236E-08  0.885E-07  pot  B   0.1000
        49  -1.759284  1706.797  0.64730  0.182E-08  0.907E-07  pot  B   0.1000
        50  -1.759284  1706.797  0.64730  0.188E-08  0.636E-07  pot  B   0.1000
        51  -1.759284  1706.797  0.64730  0.180E-08  0.509E-07  pot  B   0.1000
        52  -1.759284  1706.797  0.64730  0.148E-08  0.439E-07  pot  B   0.1000
        53  -1.759284  1706.797  0.64730  0.959E-09  0.243E-07  pot  B   0.1000
        54  -1.759284  1706.797  0.64730  0.461E-09  0.139E-07  pot  B   0.1000
        55  -1.759284  1706.797  0.64730  0.634E-09  0.751E-08  pot  B   0.1000
**      56  -1.759284  1706.797  0.64730  0.447E-12  0.751E-08  pot  B   0.1000
