System Description            : WNbMoTaTi, BCC structure                        
Number of Atoms in Unit Cell  : 160                                             
Number of Atomic Species      : 5                                               
Number of Atoms in Each Type  : 32(W), 32(Nb), 32(Mo), 32(Ta), 32(Ti)           
Energy Offset                 : -16193                                          
=======================================================================================
    Iter     Energy      3PV     Efermi   Rms_rho    Rms_pot   Mix  Alg  Alpha 
---------------------------------------------------------------------------------------
**       1  -0.753727  1839.815  0.54323  0.140E+01  0.140E+00  pot  B   0.1000
         2  -1.065013  1816.507  0.57607  0.771E-02  0.266E+00  pot  B   0.1000
         3  -1.095152  1803.940  0.58428  0.434E-02  0.488E+00  pot  B   0.1000
         4  -1.280629  1777.761  0.59925  0.868E-02  0.478E+00  pot  B   0.1000
         5  -1.433005  1768.621  0.60758  0.312E-02  0.233E+00  pot  B   0.1000
         6  -1.484790  1758.420  0.61716  0.368E-02  0.221E+00  pot  B   0.1000
         7  -1.499129  1744.263  0.62754  0.503E-02  0.374E+00  pot  B   0.1000
         8  -1.560702  1732.858  0.63688  0.415E-02  0.887E-01  pot  B   0.1000
         9  -1.572492  1726.858  0.64168  0.241E-02  0.539E-01  pot  B   0.1000
        10  -1.581152  1723.250  0.64446  0.178E-02  0.556E-01  pot  B   0.1000
        11  -1.592335  1717.933  0.64831  0.281E-02  0.559E-01  pot  B   0.1000
        12  -1.600211  1711.208  0.65302  0.366E-02  0.512E-01  pot  B   0.1000
        13  -1.603351  1707.715  0.65604  0.193E-02  0.244E-01  pot  B   0.1000
        14  -1.603696  1706.636  0.65715  0.601E-03  0.110E-01  pot  B   0.1000
        15  -1.603827  1706.440  0.65777  0.280E-03  0.597E-02  pot  B   0.1000
        16  -1.603890  1706.333  0.65824  0.131E-03  0.581E-02  pot  B   0.1000
        17  -1.603990  1706.198  0.65919  0.206E-03  0.537E-02  pot  B   0.1000
        18  -1.604056  1706.452  0.65990  0.163E-03  0.974E-02  pot  B   0.1000
        19  -1.604114  1706.385  0.66086  0.218E-03  0.596E-02  pot  B   0.1000
        20  -1.604134  1706.368  0.66120  0.682E-04  0.250E-02  pot  B   0.1000
        21  -1.604147  1706.365  0.66164  0.753E-04  0.251E-02  pot  B   0.1000
        22  -1.604149  1706.423  0.66163  0.361E-04  0.153E-02  pot  B   0.1000
        23  -1.604154  1706.417  0.66181  0.286E-04  0.108E-02  pot  B   0.1000
        24  -1.604156  1706.398  0.66192  0.192E-04  0.123E-02  pot  B   0.1000
        25  -1.604158  1706.398  0.66202  0.187E-04  0.781E-03  pot  B   0.1000
        26  -1.604160  1706.380  0.66209  0.113E-04  0.631E-03  pot  B   0.1000
        27  -1.604162  1706.356  0.66219  0.180E-04  0.448E-03  pot  B   0.1000
        28  -1.604162  1706.330  0.66225  0.129E-04  0.412E-03  pot  B   0.1000
        29  -1.604162  1706.303  0.66228  0.115E-04  0.560E-03  pot  B   0.1000
        30  -1.604163  1706.284  0.66230  0.802E-05  0.353E-03  pot  B   0.1000
        31  -1.604163  1706.271  0.66234  0.873E-05  0.352E-03  pot  B   0.1000
        32  -1.604163  1706.265  0.66234  0.288E-05  0.281E-03  pot  B   0.1000
        33  -1.604163  1706.246  0.66237  0.109E-04  0.214E-03  pot  B   0.1000
        34  -1.604163  1706.240  0.66237  0.380E-05  0.399E-03  pot  B   0.1000
        35  -1.604163  1706.230  0.66240  0.692E-05  0.169E-03  pot  B   0.1000
        36  -1.604164  1706.223  0.66242  0.579E-05  0.237E-03  pot  B   0.1000
        37  -1.604164  1706.215  0.66243  0.505E-05  0.125E-03  pot  B   0.1000
        38  -1.604164  1706.214  0.66244  0.212E-05  0.112E-03  pot  B   0.1000
        39  -1.604164  1706.211  0.66246  0.268E-05  0.607E-04  pot  B   0.1000
        40  -1.604164  1706.210  0.66246  0.140E-05  0.725E-04  pot  B   0.1000
        41  -1.604164  1706.210  0.66247  0.104E-05  0.670E-04  pot  B   0.1000
        42  -1.604164  1706.210  0.66248  0.103E-05  0.594E-04  pot  B   0.1000
        43  -1.604164  1706.210  0.66248  0.385E-06  0.650E-04  pot  B   0.1000
        44  -1.604164  1706.211  0.66248  0.365E-06  0.444E-04  pot  B   0.1000
        45  -1.604164  1706.211  0.66249  0.576E-06  0.248E-04  pot  B   0.1000
        46  -1.604165  1706.210  0.66249  0.481E-06  0.406E-04  pot  B   0.1000
        47  -1.604165  1706.210  0.66249  0.215E-06  0.243E-04  pot  B   0.1000
        48  -1.604165  1706.210  0.66250  0.337E-06  0.273E-04  pot  B   0.1000
        49  -1.604165  1706.210  0.66250  0.374E-06  0.187E-04  pot  B   0.1000
        50  -1.604165  1706.209  0.66250  0.325E-06  0.150E-04  pot  B   0.1000
        51  -1.604165  1706.209  0.66250  0.334E-06  0.154E-04  pot  B   0.1000
        52  -1.604165  1706.208  0.66250  0.383E-06  0.964E-05  pot  B   0.1000
        53  -1.604165  1706.207  0.66250  0.348E-06  0.109E-04  pot  B   0.1000
        54  -1.604165  1706.207  0.66250  0.292E-06  0.972E-05  pot  B   0.1000
        55  -1.604165  1706.206  0.66250  0.186E-06  0.123E-04  pot  B   0.1000
        56  -1.604165  1706.206  0.66250  0.274E-06  0.118E-04  pot  B   0.1000
        57  -1.604165  1706.206  0.66251  0.231E-06  0.597E-05  pot  B   0.1000
        58  -1.604165  1706.205  0.66251  0.186E-06  0.655E-05  pot  B   0.1000
        59  -1.604165  1706.205  0.66251  0.449E-07  0.634E-05  pot  B   0.1000
        60  -1.604165  1706.205  0.66251  0.966E-07  0.519E-05  pot  B   0.1000
        61  -1.604165  1706.205  0.66251  0.281E-07  0.353E-05  pot  B   0.1000
        62  -1.604165  1706.205  0.66251  0.513E-07  0.275E-05  pot  B   0.1000
        63  -1.604165  1706.205  0.66251  0.285E-07  0.274E-05  pot  B   0.1000
        64  -1.604165  1706.206  0.66251  0.354E-07  0.228E-05  pot  B   0.1000
        65  -1.604165  1706.206  0.66251  0.304E-07  0.140E-05  pot  B   0.1000
        66  -1.604165  1706.206  0.66251  0.209E-07  0.188E-05  pot  B   0.1000
        67  -1.604165  1706.206  0.66251  0.161E-07  0.153E-05  pot  B   0.1000
        68  -1.604165  1706.206  0.66251  0.193E-07  0.128E-05  pot  B   0.1000
        69  -1.604165  1706.206  0.66251  0.128E-07  0.834E-06  pot  B   0.1000
        70  -1.604165  1706.206  0.66251  0.184E-07  0.824E-06  pot  B   0.1000
        71  -1.604165  1706.205  0.66251  0.854E-08  0.983E-06  pot  B   0.1000
        72  -1.604165  1706.205  0.66251  0.249E-07  0.591E-06  pot  B   0.1000
        73  -1.604165  1706.205  0.66251  0.707E-08  0.743E-06  pot  B   0.1000
        74  -1.604165  1706.205  0.66251  0.254E-07  0.471E-06  pot  B   0.1000
        75  -1.604165  1706.205  0.66251  0.111E-07  0.471E-06  pot  B   0.1000
        76  -1.604165  1706.205  0.66251  0.155E-07  0.328E-06  pot  B   0.1000
        77  -1.604165  1706.205  0.66251  0.114E-07  0.286E-06  pot  B   0.1000
        78  -1.604165  1706.205  0.66251  0.639E-08  0.269E-06  pot  B   0.1000
        79  -1.604165  1706.205  0.66251  0.457E-08  0.280E-06  pot  B   0.1000
        80  -1.604165  1706.205  0.66251  0.201E-08  0.325E-06  pot  B   0.1000
        81  -1.604165  1706.205  0.66251  0.280E-08  0.188E-06  pot  B   0.1000
        82  -1.604165  1706.205  0.66251  0.258E-08  0.141E-06  pot  B   0.1000
        83  -1.604165  1706.205  0.66251  0.912E-09  0.196E-06  pot  B   0.1000
        84  -1.604165  1706.205  0.66251  0.187E-08  0.128E-06  pot  B   0.1000
        85  -1.604165  1706.205  0.66251  0.108E-08  0.188E-06  pot  B   0.1000
        86  -1.604165  1706.205  0.66251  0.175E-08  0.959E-07  pot  B   0.1000
        87  -1.604165  1706.205  0.66251  0.632E-09  0.755E-07  pot  B   0.1000
        88  -1.604165  1706.205  0.66251  0.103E-08  0.655E-07  pot  B   0.1000
        89  -1.604165  1706.205  0.66251  0.125E-08  0.467E-07  pot  B   0.1000
        90  -1.604165  1706.205  0.66251  0.639E-09  0.540E-07  pot  B   0.1000
        91  -1.604165  1706.205  0.66251  0.803E-09  0.429E-07  pot  B   0.1000
        92  -1.604165  1706.205  0.66251  0.388E-09  0.514E-07  pot  B   0.1000
        93  -1.604165  1706.205  0.66251  0.757E-09  0.353E-07  pot  B   0.1000
        94  -1.604165  1706.205  0.66251  0.131E-08  0.286E-07  pot  B   0.1000
        95  -1.604165  1706.205  0.66251  0.356E-09  0.368E-07  pot  B   0.1000
        96  -1.604165  1706.205  0.66251  0.697E-09  0.196E-07  pot  B   0.1000
        97  -1.604165  1706.205  0.66251  0.444E-09  0.214E-07  pot  B   0.1000
        98  -1.604165  1706.205  0.66251  0.409E-09  0.126E-07  pot  B   0.1000
        99  -1.604165  1706.205  0.66251  0.131E-09  0.204E-07  pot  B   0.1000
       100  -1.604165  1706.205  0.66251  0.287E-09  0.111E-07  pot  B   0.1000
       101  -1.604165  1706.205  0.66251  0.198E-09  0.140E-07  pot  B   0.1000
       102  -1.604165  1706.205  0.66251  0.999E-10  0.897E-08  pot  B   0.1000
**     103  -1.604165  1706.205  0.66251  0.872E-12  0.897E-08  pot  B   0.1000
**     104  -1.604165  1706.205  0.66251  0.872E-12  0.897E-08  pot  B   0.1000
