 Atom   Index      Q          Qmt        dQ        Vmad        Local Energy
  W         1   73.86882   72.56423   -0.13118    1.75316      -32312.53144
  W         2   73.84126   72.53668   -0.15874    1.77301      -32312.53337
  W         3   73.88920   72.58461   -0.11080    1.72200      -32312.50663
  W         4   73.81505   72.51047   -0.18495    1.79752      -32312.55351
  W         5   73.92997   72.62539   -0.07003    1.69623      -32312.49331
  W         6   73.90204   72.59745   -0.09796    1.72208      -32312.51468
  W         7   73.92931   72.62473   -0.07069    1.68225      -32312.47305
  W         8   73.73629   72.43170   -0.26371    1.88603      -32312.60913
  W         9   73.84476   72.54018   -0.15524    1.77078      -32312.53271
  W        10   73.86195   72.55736   -0.13805    1.74980      -32312.51811
  W        11   73.93237   72.62778   -0.06763    1.67944      -32312.46810
  W        12   73.99897   72.69438   -0.00103    1.60999      -32312.42830
  W        13   73.88312   72.57853   -0.11688    1.73864      -32312.51920
  W        14   73.97969   72.67510   -0.02031    1.63393      -32312.44524
  W        15   73.78160   72.47701   -0.21840    1.84441      -32312.58970
  W        16   73.89821   72.59362   -0.10179    1.71555      -32312.49217
  W        17   73.90921   72.60463   -0.09079    1.70860      -32312.49786
  W        18   73.72140   72.41682   -0.27860    1.90143      -32312.62024
  W        19   74.02897   72.72439    0.02897    1.59012      -32312.41558
  W        20   74.01303   72.70845    0.01303    1.60342      -32312.43148
  W        21   73.91304   72.60846   -0.08696    1.69306      -32312.47333
  W        22   73.83362   72.52904   -0.16638    1.78912      -32312.55154
  W        23   73.88243   72.57785   -0.11757    1.73024      -32312.50923
  W        24   73.88038   72.57579   -0.11962    1.73982      -32312.51812
  W        25   73.92099   72.61641   -0.07901    1.69953      -32312.49470
  W        26   73.95027   72.64568   -0.04973    1.66447      -32312.47186
  W        27   73.80741   72.50283   -0.19259    1.81210      -32312.56757
  W        28   73.93701   72.63242   -0.06299    1.66788      -32312.44868
  W        29   73.79224   72.48765   -0.20776    1.82999      -32312.57745
  W        30   73.86962   72.56504   -0.13038    1.76165      -32312.53963
  W        31   73.87837   72.57379   -0.12163    1.74589      -32312.52414
  W        32   73.85143   72.54685   -0.14857    1.77492      -32312.55075
  Nb       33   40.93011   39.62552   -0.06989    1.71619       -7632.58603
  Nb       34   40.94216   39.63757   -0.05784    1.71078       -7632.59924
  Nb       35   40.78318   39.47860   -0.21682    1.85720       -7632.66751
  Nb       36   40.95006   39.64547   -0.04994    1.70244       -7632.59613
  Nb       37   40.89943   39.59484   -0.10057    1.75117       -7632.62277
  Nb       38   40.98698   39.68239   -0.01302    1.66099       -7632.56188
  Nb       39   40.89470   39.59012   -0.10530    1.76480       -7632.63444
  Nb       40   40.91448   39.60989   -0.08552    1.72814       -7632.59323
  Nb       41   40.85326   39.54867   -0.14674    1.79583       -7632.64135
  Nb       42   40.74568   39.44109   -0.25432    1.90436       -7632.69899
  Nb       43   40.97485   39.67026   -0.02515    1.67660       -7632.57287
  Nb       44   40.93577   39.63119   -0.06423    1.70977       -7632.59333
  Nb       45   40.92530   39.62071   -0.07470    1.71535       -7632.59087
  Nb       46   41.00848   39.70389    0.00848    1.63859       -7632.55014
  Nb       47   40.98759   39.68300   -0.01241    1.66390       -7632.56727
  Nb       48   41.02797   39.72339    0.02797    1.61805       -7632.53953
  Nb       49   40.89633   39.59174   -0.10367    1.75014       -7632.61647
  Nb       50   40.96308   39.65849   -0.03692    1.68433       -7632.57628
  Nb       51   40.86268   39.55809   -0.13732    1.78861       -7632.63776
  Nb       52   40.90139   39.59681   -0.09861    1.74409       -7632.60468
  Nb       53   40.95928   39.65469   -0.04072    1.69175       -7632.58720
  Nb       54   40.97512   39.67054   -0.02488    1.67852       -7632.58624
  Nb       55   40.88861   39.58402   -0.11139    1.75485       -7632.60385
  Nb       56   40.81005   39.50547   -0.18995    1.83462       -7632.65534
  Nb       57   40.90294   39.59836   -0.09706    1.74220       -7632.60015
  Nb       58   40.89517   39.59058   -0.10483    1.75556       -7632.61717
  Nb       59   40.99133   39.68674   -0.00867    1.65540       -7632.55376
  Nb       60   40.92335   39.61876   -0.07665    1.72124       -7632.59787
  Nb       61   41.05259   39.74801    0.05259    1.60189       -7632.52816
  Nb       62   41.03088   39.72629    0.03088    1.61366       -7632.53095
  Nb       63   40.83917   39.53458   -0.16083    1.81022       -7632.65187
  Nb       64   40.95233   39.64774   -0.04767    1.69193       -7632.57329
  Mo       65   42.09541   40.79083    0.09541    1.64676       -8090.58136
  Mo       66   42.09656   40.79197    0.09656    1.65674       -8090.59877
  Mo       67   42.11121   40.80663    0.11121    1.63182       -8090.56973
  Mo       68   42.10248   40.79789    0.10248    1.63101       -8090.56896
  Mo       69   42.07735   40.77276    0.07735    1.66080       -8090.57674
  Mo       70   42.00029   40.69570    0.00029    1.73859       -8090.63171
  Mo       71   42.08536   40.78078    0.08536    1.65550       -8090.58940
  Mo       72   42.00365   40.69906    0.00365    1.75182       -8090.64942
  Mo       73   42.09902   40.79443    0.09902    1.64900       -8090.58118
  Mo       74   41.94182   40.63723   -0.05818    1.80839       -8090.67781
  Mo       75   42.16866   40.86407    0.16866    1.57527       -8090.54165
  Mo       76   41.99013   40.68554   -0.00987    1.75293       -8090.63683
  Mo       77   42.17779   40.87320    0.17779    1.56107       -8090.53159
  Mo       78   42.15457   40.84998    0.15457    1.58361       -8090.54066
  Mo       79   42.13031   40.82572    0.13031    1.61442       -8090.56210
  Mo       80   42.06166   40.75707    0.06166    1.68545       -8090.60548
  Mo       81   42.20397   40.89939    0.20397    1.53605       -8090.51441
  Mo       82   42.06384   40.75925    0.06384    1.67904       -8090.60109
  Mo       83   42.13681   40.83222    0.13681    1.59472       -8090.53000
  Mo       84   42.06504   40.76046    0.06504    1.67181       -8090.59028
  Mo       85   42.12665   40.82206    0.12665    1.61974       -8090.56050
  Mo       86   42.19195   40.88736    0.19195    1.55156       -8090.52391
  Mo       87   42.14243   40.83784    0.14243    1.59975       -8090.55548
  Mo       88   42.08152   40.77693    0.08152    1.65722       -8090.57962
  Mo       89   42.04346   40.73887    0.04346    1.70810       -8090.62392
  Mo       90   42.02911   40.72452    0.02911    1.71895       -8090.62470
  Mo       91   42.03610   40.73151    0.03610    1.70964       -8090.62615
  Mo       92   42.14500   40.84042    0.14500    1.58846       -8090.54097
  Mo       93   42.07104   40.76646    0.07104    1.68487       -8090.61807
  Mo       94   42.15212   40.84754    0.15212    1.58958       -8090.54573
  Mo       95   42.04968   40.74509    0.04968    1.69659       -8090.60140
  Mo       96   42.05017   40.74558    0.05017    1.69952       -8090.61189
  Ta       97   72.68771   71.38313   -0.31229    1.86582      -31232.98172
  Ta       98   72.88789   71.58330   -0.11211    1.66793      -31232.86763
  Ta       99   72.76494   71.46035   -0.23506    1.78562      -31232.93893
  Ta      100   72.72908   71.42449   -0.27092    1.82763      -31232.97539
  Ta      101   72.70879   71.40420   -0.29121    1.84377      -31232.97780
  Ta      102   72.79293   71.48834   -0.20707    1.75563      -31232.91155
  Ta      103   72.93250   71.62791   -0.06750    1.62872      -31232.85501
  Ta      104   72.72633   71.42175   -0.27367    1.83475      -31232.98132
  Ta      105   72.92493   71.62034   -0.07507    1.64002      -31232.86195
  Ta      106   72.81760   71.51301   -0.18240    1.74109      -31232.91122
  Ta      107   72.75704   71.45246   -0.24296    1.80992      -31232.97585
  Ta      108   72.86186   71.55728   -0.13814    1.70289      -31232.89566
  Ta      109   72.78058   71.47600   -0.21942    1.77675      -31232.94335
  Ta      110   72.84691   71.54232   -0.15309    1.70721      -31232.89201
  Ta      111   72.84262   71.53803   -0.15738    1.71948      -31232.91493
  Ta      112   72.73906   71.43448   -0.26094    1.81244      -31232.95176
  Ta      113   72.82366   71.51908   -0.17634    1.72768      -31232.90961
  Ta      114   72.72588   71.42129   -0.27412    1.82411      -31232.97419
  Ta      115   72.84726   71.54267   -0.15274    1.70278      -31232.88749
  Ta      116   72.85691   71.55233   -0.14309    1.69642      -31232.89036
  Ta      117   72.79452   71.48993   -0.20548    1.75664      -31232.93069
  Ta      118   72.67675   71.37216   -0.32325    1.87996      -31232.99929
  Ta      119   72.76756   71.46298   -0.23244    1.79311      -31232.95590
  Ta      120   72.83229   71.52770   -0.16771    1.71997      -31232.90723
  Ta      121   72.87638   71.57179   -0.12362    1.68690      -31232.89215
  Ta      122   72.77228   71.46770   -0.22772    1.78848      -31232.94627
  Ta      123   72.88933   71.58474   -0.11067    1.68072      -31232.89509
  Ta      124   72.73517   71.43058   -0.26483    1.82109      -31232.96851
  Ta      125   72.73394   71.42935   -0.26606    1.82447      -31232.97867
  Ta      126   72.80053   71.49594   -0.19947    1.75748      -31232.92917
  Ta      127   72.82987   71.52528   -0.17013    1.73176      -31232.92632
  Ta      128   72.85951   71.55492   -0.14049    1.69884      -31232.90161
  Ti      129   22.26949   20.96490    0.26949    1.60745       -1704.41657
  Ti      130   22.18625   20.88167    0.18625    1.68793       -1704.44469
  Ti      131   22.35981   21.05522    0.35981    1.51300       -1704.35429
  Ti      132   22.21090   20.90631    0.21090    1.65658       -1704.41816
  Ti      133   22.36637   21.06178    0.36637    1.50506       -1704.34406
  Ti      134   22.33889   21.03430    0.33889    1.53134       -1704.35297
  Ti      135   22.35147   21.04688    0.35147    1.52901       -1704.39425
  Ti      136   22.21248   20.90789    0.21248    1.65928       -1704.43348
  Ti      137   22.20573   20.90115    0.20573    1.67884       -1704.46942
  Ti      138   22.45147   21.14688    0.45147    1.43468       -1704.34631
  Ti      139   22.22680   20.92221    0.22680    1.63960       -1704.40205
  Ti      140   22.34419   21.03960    0.34419    1.53523       -1704.39122
  Ti      141   22.26507   20.96048    0.26507    1.61100       -1704.42556
  Ti      142   22.30321   20.99863    0.30321    1.57531       -1704.39626
  Ti      143   22.19515   20.89057    0.19515    1.66824       -1704.41978
  Ti      144   22.39198   21.08740    0.39198    1.48306       -1704.37390
  Ti      145   22.18869   20.88410    0.18869    1.68750       -1704.45530
  Ti      146   22.34937   21.04478    0.34937    1.52750       -1704.37947
  Ti      147   22.32892   21.02434    0.32892    1.54656       -1704.40003
  Ti      148   22.36539   21.06081    0.36539    1.50639       -1704.35625
  Ti      149   22.34988   21.04529    0.34988    1.53131       -1704.39249
  Ti      150   22.30403   20.99944    0.30403    1.56134       -1704.37482
  Ti      151   22.33406   21.02947    0.33406    1.54595       -1704.39232
  Ti      152   22.26215   20.95757    0.26215    1.61488       -1704.40619
  Ti      153   22.18948   20.88490    0.18948    1.68209       -1704.46598
  Ti      154   22.19625   20.89166    0.19625    1.67851       -1704.44315
  Ti      155   22.33218   21.02759    0.33218    1.55145       -1704.41309
  Ti      156   22.25086   20.94627    0.25086    1.62433       -1704.42059
  Ti      157   22.27187   20.96728    0.27187    1.59842       -1704.40795
  Ti      158   22.41781   21.11322    0.41781    1.45084       -1704.31395
  Ti      159   22.42542   21.12084    0.42542    1.44681       -1704.32740
  Ti      160   22.36031   21.05573    0.36031    1.51231       -1704.37677
