 Atom   Index      Q          Qmt        dQ        Vmad        Local Energy
  W         1   73.84915   72.54706   -0.15085    1.73263      -32312.48074
  W         2   73.89704   72.59495   -0.10296    1.69191      -32312.45195
  W         3   73.83480   72.53271   -0.16520    1.76022      -32312.50545
  W         4   73.91026   72.60816   -0.08974    1.67081      -32312.43683
  Nb        5   40.93572   39.63362   -0.06428    1.68765       -7632.56891
  Nb        6   40.95395   39.65186   -0.04605    1.68349       -7632.56421
  Nb        7   40.74278   39.44069   -0.25722    1.89106       -7632.68974
  Nb        8   41.10879   39.80669    0.10879    1.51507       -7632.45845
  Mo        9   42.04250   40.74040    0.04250    1.67039       -8090.58354
  Mo       10   42.19200   40.88990    0.19200    1.51926       -8090.49163
  Mo       11   42.15279   40.85070    0.15279    1.57298       -8090.52112
  Mo       12   41.88322   40.58113   -0.11678    1.84270       -8090.68710
  Ta       13   72.67551   71.37342   -0.32449    1.85947      -31232.98421
  Ta       14   72.66372   71.36163   -0.33628    1.87591      -31232.98141
  Ta       15   72.72954   71.42744   -0.27046    1.81425      -31232.94415
  Ta       16   72.60314   71.30104   -0.39686    1.93391      -31233.03886
  V        17   23.44463   22.14254    0.44463    1.51287       -1895.22103
  V        18   23.42213   22.12004    0.42213    1.52820       -1895.19823
  V        19   23.44393   22.14184    0.44393    1.50612       -1895.21778
  V        20   23.51440   22.21231    0.51440    1.43169       -1895.14848
