System Description            : WNbMoTaTi, BCC structure                        
Number of Atoms in Unit Cell  : 40                                              
Number of Atomic Species      : 5                                               
Number of Atoms in Each Type  : 8(W), 8(Nb), 8(Mo), 8(Ta), 8(Ti)                
Energy Offset                 : -16193                                          
=======================================================================================
    Iter     Energy      3PV     Efermi   Rms_rho    Rms_pot   Mix  Alg  Alpha 
---------------------------------------------------------------------------------------
**       1  -0.742950  1839.881  0.54059  0.140E+01  0.155E+00  pot  B   0.1000
         2  -0.765438  1816.688  0.57986  0.785E-02  0.624E+00  pot  B   0.1000
         3  -1.112645  1814.102  0.57767  0.141E-02  0.771E-01  pot  B   0.1000
         4  -1.338850  1782.028  0.59758  0.105E-01  0.256E+00  pot  B   0.1000
         5  -1.397752  1772.264  0.60696  0.329E-02  0.254E+00  pot  B   0.1000
         6  -1.525121  1742.373  0.62517  0.999E-02  0.157E+00  pot  B   0.1000
         7  -1.563193  1731.137  0.63562  0.419E-02  0.440E-01  pot  B   0.1000
         8  -1.581289  1724.339  0.64295  0.327E-02  0.390E-01  pot  B   0.1000
         9  -1.597249  1714.432  0.65053  0.500E-02  0.456E-01  pot  B   0.1000
        10  -1.603264  1708.891  0.65452  0.312E-02  0.267E-01  pot  B   0.1000
        11  -1.604408  1706.698  0.65669  0.134E-02  0.122E-01  pot  B   0.1000
        12  -1.604598  1706.341  0.65754  0.317E-03  0.328E-02  pot  B   0.1000
        13  -1.604699  1706.226  0.65851  0.231E-03  0.576E-02  pot  B   0.1000
        14  -1.604845  1706.161  0.66004  0.297E-03  0.211E-02  pot  B   0.1000
        15  -1.604876  1706.158  0.66106  0.207E-03  0.757E-03  pot  B   0.1000
        16  -1.604874  1706.192  0.66135  0.560E-04  0.569E-03  pot  B   0.1000
        17  -1.604877  1706.207  0.66151  0.260E-04  0.424E-03  pot  B   0.1000
        18  -1.604882  1706.232  0.66173  0.386E-04  0.351E-03  pot  B   0.1000
        19  -1.604883  1706.207  0.66184  0.209E-04  0.135E-03  pot  B   0.1000
        20  -1.604883  1706.201  0.66187  0.417E-05  0.890E-04  pot  B   0.1000
        21  -1.604883  1706.189  0.66189  0.470E-05  0.768E-04  pot  B   0.1000
        22  -1.604883  1706.180  0.66190  0.354E-05  0.272E-04  pot  B   0.1000
        23  -1.604883  1706.182  0.66191  0.286E-05  0.215E-04  pot  B   0.1000
        24  -1.604883  1706.189  0.66191  0.390E-05  0.171E-04  pot  B   0.1000
        25  -1.604883  1706.194  0.66191  0.263E-05  0.131E-04  pot  B   0.1000
        26  -1.604883  1706.197  0.66191  0.128E-05  0.937E-05  pot  B   0.1000
        27  -1.604883  1706.198  0.66191  0.352E-06  0.599E-05  pot  B   0.1000
        28  -1.604883  1706.198  0.66191  0.875E-07  0.401E-05  pot  B   0.1000
        29  -1.604883  1706.198  0.66192  0.159E-06  0.195E-05  pot  B   0.1000
        30  -1.604883  1706.198  0.66192  0.122E-06  0.184E-05  pot  B   0.1000
        31  -1.604883  1706.198  0.66192  0.448E-07  0.906E-06  pot  B   0.1000
        32  -1.604883  1706.198  0.66192  0.370E-07  0.781E-06  pot  B   0.1000
        33  -1.604883  1706.198  0.66192  0.673E-07  0.577E-06  pot  B   0.1000
        34  -1.604883  1706.198  0.66192  0.336E-07  0.216E-06  pot  B   0.1000
        35  -1.604883  1706.198  0.66192  0.202E-07  0.125E-06  pot  B   0.1000
        36  -1.604883  1706.198  0.66192  0.133E-07  0.168E-06  pot  B   0.1000
        37  -1.604883  1706.198  0.66192  0.102E-07  0.726E-07  pot  B   0.1000
        38  -1.604883  1706.198  0.66192  0.832E-08  0.513E-07  pot  B   0.1000
        39  -1.604883  1706.198  0.66192  0.258E-08  0.439E-07  pot  B   0.1000
        40  -1.604883  1706.198  0.66192  0.168E-08  0.135E-07  pot  B   0.1000
        41  -1.604883  1706.198  0.66192  0.232E-08  0.166E-07  pot  B   0.1000
        42  -1.604883  1706.198  0.66192  0.126E-08  0.128E-07  pot  B   0.1000
        43  -1.604883  1706.198  0.66192  0.304E-09  0.111E-07  pot  B   0.1000
        44  -1.604883  1706.198  0.66192  0.676E-09  0.580E-08  pot  B   0.1000
**      45  -1.604883  1706.198  0.66192  0.442E-12  0.580E-08  pot  B   0.1000
