 Atom   Index      Q          Qmt        dQ        Vmad        Local Energy
  W         1   73.81606   72.51671   -0.18394    1.76941      -32312.50074
  W         2   73.96157   72.66222   -0.03843    1.62819      -32312.42335
  W         3   73.99482   72.69547   -0.00518    1.59369      -32312.41177
  W         4   73.96645   72.66710   -0.03355    1.62485      -32312.43410
  Nb        5   40.89377   39.59442   -0.10623    1.72853       -7632.59904
  Nb        6   40.82563   39.52628   -0.17437    1.80472       -7632.63119
  Nb        7   41.06420   39.76485    0.06420    1.55905       -7632.49233
  Nb        8   40.85201   39.55266   -0.14799    1.77631       -7632.60700
  Mo        9   42.05306   40.75371    0.05306    1.65738       -8090.56600
  Mo       10   41.83506   40.53571   -0.16494    1.88412       -8090.69706
  Mo       11   42.21252   40.91316    0.21252    1.50073       -8090.48539
  Mo       12   41.96936   40.67001   -0.03064    1.74337       -8090.60577
  Ta       13   72.88657   71.58721   -0.11343    1.64733      -31232.83639
  Ta       14   72.90738   71.60803   -0.09262    1.62657      -31232.82113
  Ta       15   72.71074   71.41139   -0.28926    1.81672      -31232.95927
  Ta       16   72.71057   71.41122   -0.28943    1.81848      -31232.96820
  V        17   23.52302   22.22367    0.52302    1.41604       -1895.15682
  V        18   23.29637   21.99702    0.29637    1.65176       -1895.27252
  V        19   23.28061   21.98126    0.28061    1.66826       -1895.28193
  V        20   23.24022   21.94087    0.24022    1.71415       -1895.32973
