System Description            : WNbMoTaV, BCC structure                         
Number of Atoms in Unit Cell  : 320                                             
Number of Atomic Species      : 5                                               
Number of Atoms in Each Type  : 64(W), 64(Nb), 64(Mo), 64(Ta), 64(V)            
Energy Offset                 : -16231                                          
=======================================================================================
    Iter     Energy      3PV     Efermi   Rms_rho    Rms_pot   Mix  Alg  Alpha 
---------------------------------------------------------------------------------------
**       1  -0.862336  1839.058  0.58740  0.140E+01  0.163E+00  pot  B   0.1000
         2  -1.006186  1816.697  0.59795  0.779E-02  0.984E+00  pot  B   0.1000
         3  -1.102837  1814.424  0.59971  0.333E-02  0.779E+00  pot  B   0.1000
         4  -1.248848  1804.909  0.60749  0.516E-02  0.692E+00  pot  B   0.1000
         5  -1.374073  1794.315  0.61398  0.401E-02  0.591E+00  pot  B   0.1000
         6  -1.420644  1787.433  0.61796  0.243E-02  0.575E+00  pot  B   0.1000
         7  -1.554293  1765.272  0.62320  0.749E-02  0.623E+00  pot  B   0.1000
         8  -1.672557  1745.912  0.62873  0.657E-02  0.238E+00  pot  B   0.1000
         9  -1.702189  1736.145  0.63268  0.350E-02  0.146E+00  pot  B   0.1000
        10  -1.715967  1731.167  0.63530  0.204E-02  0.126E+00  pot  B   0.1000
        11  -1.727573  1727.075  0.63685  0.185E-02  0.113E+00  pot  B   0.1000
        12  -1.737326  1722.795  0.63811  0.210E-02  0.117E+00  pot  B   0.1000
        13  -1.746035  1718.047  0.63878  0.240E-02  0.946E-01  pot  B   0.1000
        14  -1.755319  1710.965  0.64104  0.392E-02  0.775E-01  pot  B   0.1000
        15  -1.755660  1709.638  0.64173  0.129E-02  0.842E-01  pot  B   0.1000
        16  -1.757627  1707.714  0.64258  0.103E-02  0.197E-01  pot  B   0.1000
        17  -1.758008  1707.316  0.64339  0.387E-03  0.134E-01  pot  B   0.1000
        18  -1.758058  1707.172  0.64370  0.274E-03  0.164E-01  pot  B   0.1000
        19  -1.758271  1707.422  0.64461  0.225E-03  0.729E-02  pot  B   0.1000
        20  -1.758317  1707.357  0.64537  0.150E-03  0.114E-01  pot  B   0.1000
        21  -1.758379  1707.420  0.64606  0.128E-03  0.872E-02  pot  B   0.1000
        22  -1.758436  1707.395  0.64690  0.163E-03  0.732E-02  pot  B   0.1000
        23  -1.758434  1707.325  0.64727  0.837E-04  0.902E-02  pot  B   0.1000
        24  -1.758469  1707.346  0.64767  0.816E-04  0.471E-02  pot  B   0.1000
        25  -1.758488  1707.355  0.64809  0.628E-04  0.391E-02  pot  B   0.1000
        26  -1.758500  1707.258  0.64834  0.603E-04  0.192E-02  pot  B   0.1000
        27  -1.758504  1707.213  0.64846  0.309E-04  0.202E-02  pot  B   0.1000
        28  -1.758505  1707.166  0.64850  0.226E-04  0.126E-02  pot  B   0.1000
        29  -1.758505  1707.125  0.64854  0.231E-04  0.220E-02  pot  B   0.1000
        30  -1.758506  1707.080  0.64857  0.218E-04  0.145E-02  pot  B   0.1000
        31  -1.758507  1707.053  0.64858  0.162E-04  0.145E-02  pot  B   0.1000
        32  -1.758506  1706.966  0.64858  0.368E-04  0.104E-02  pot  B   0.1000
        33  -1.758506  1706.924  0.64861  0.225E-04  0.755E-03  pot  B   0.1000
        34  -1.758506  1706.889  0.64862  0.177E-04  0.761E-03  pot  B   0.1000
        35  -1.758506  1706.882  0.64863  0.636E-05  0.526E-03  pot  B   0.1000
        36  -1.758506  1706.870  0.64864  0.753E-05  0.638E-03  pot  B   0.1000
        37  -1.758506  1706.847  0.64868  0.158E-04  0.529E-03  pot  B   0.1000
        38  -1.758506  1706.844  0.64870  0.541E-05  0.527E-03  pot  B   0.1000
        39  -1.758507  1706.841  0.64873  0.667E-05  0.288E-03  pot  B   0.1000
        40  -1.758507  1706.838  0.64876  0.533E-05  0.282E-03  pot  B   0.1000
        41  -1.758507  1706.837  0.64878  0.369E-05  0.290E-03  pot  B   0.1000
        42  -1.758508  1706.835  0.64880  0.322E-05  0.423E-03  pot  B   0.1000
        43  -1.758508  1706.834  0.64882  0.227E-05  0.184E-03  pot  B   0.1000
        44  -1.758508  1706.833  0.64884  0.295E-05  0.245E-03  pot  B   0.1000
        45  -1.758508  1706.830  0.64885  0.213E-05  0.150E-03  pot  B   0.1000
        46  -1.758509  1706.823  0.64887  0.527E-05  0.178E-03  pot  B   0.1000
        47  -1.758509  1706.824  0.64887  0.233E-05  0.215E-03  pot  B   0.1000
        48  -1.758509  1706.823  0.64887  0.121E-05  0.116E-03  pot  B   0.1000
        49  -1.758509  1706.820  0.64888  0.207E-05  0.111E-03  pot  B   0.1000
        50  -1.758509  1706.818  0.64888  0.973E-06  0.561E-04  pot  B   0.1000
        51  -1.758508  1706.817  0.64888  0.140E-05  0.735E-04  pot  B   0.1000
        52  -1.758508  1706.815  0.64888  0.721E-06  0.919E-04  pot  B   0.1000
        53  -1.758508  1706.813  0.64888  0.123E-05  0.484E-04  pot  B   0.1000
        54  -1.758508  1706.811  0.64889  0.151E-05  0.348E-04  pot  B   0.1000
        55  -1.758508  1706.810  0.64889  0.483E-06  0.248E-04  pot  B   0.1000
        56  -1.758508  1706.810  0.64889  0.672E-06  0.345E-04  pot  B   0.1000
        57  -1.758508  1706.809  0.64889  0.285E-06  0.204E-04  pot  B   0.1000
        58  -1.758508  1706.809  0.64889  0.332E-06  0.201E-04  pot  B   0.1000
        59  -1.758508  1706.809  0.64889  0.251E-06  0.199E-04  pot  B   0.1000
        60  -1.758508  1706.809  0.64889  0.224E-06  0.153E-04  pot  B   0.1000
        61  -1.758508  1706.808  0.64890  0.253E-06  0.841E-05  pot  B   0.1000
        62  -1.758508  1706.808  0.64890  0.185E-06  0.119E-04  pot  B   0.1000
        63  -1.758508  1706.808  0.64890  0.118E-06  0.839E-05  pot  B   0.1000
        64  -1.758508  1706.808  0.64890  0.643E-07  0.100E-04  pot  B   0.1000
        65  -1.758508  1706.808  0.64890  0.536E-07  0.456E-05  pot  B   0.1000
        66  -1.758508  1706.808  0.64890  0.122E-06  0.754E-05  pot  B   0.1000
        67  -1.758508  1706.808  0.64890  0.402E-07  0.547E-05  pot  B   0.1000
        68  -1.758508  1706.808  0.64890  0.839E-07  0.545E-05  pot  B   0.1000
        69  -1.758508  1706.808  0.64890  0.358E-07  0.426E-05  pot  B   0.1000
        70  -1.758508  1706.808  0.64890  0.295E-07  0.391E-05  pot  B   0.1000
        71  -1.758508  1706.808  0.64890  0.387E-07  0.243E-05  pot  B   0.1000
        72  -1.758508  1706.808  0.64890  0.255E-07  0.124E-05  pot  B   0.1000
        73  -1.758508  1706.808  0.64890  0.246E-07  0.149E-05  pot  B   0.1000
        74  -1.758508  1706.808  0.64890  0.245E-07  0.149E-05  pot  B   0.1000
        75  -1.758508  1706.808  0.64890  0.528E-07  0.254E-05  pot  B   0.1000
        76  -1.758508  1706.808  0.64890  0.179E-07  0.141E-05  pot  B   0.1000
        77  -1.758508  1706.808  0.64890  0.993E-08  0.651E-06  pot  B   0.1000
        78  -1.758508  1706.808  0.64890  0.165E-07  0.712E-06  pot  B   0.1000
        79  -1.758508  1706.808  0.64890  0.791E-08  0.621E-06  pot  B   0.1000
        80  -1.758508  1706.808  0.64890  0.524E-08  0.640E-06  pot  B   0.1000
        81  -1.758508  1706.808  0.64890  0.786E-08  0.609E-06  pot  B   0.1000
        82  -1.758508  1706.808  0.64890  0.437E-08  0.487E-06  pot  B   0.1000
        83  -1.758508  1706.808  0.64890  0.804E-08  0.386E-06  pot  B   0.1000
        84  -1.758508  1706.808  0.64890  0.398E-08  0.339E-06  pot  B   0.1000
        85  -1.758508  1706.808  0.64890  0.375E-08  0.442E-06  pot  B   0.1000
        86  -1.758508  1706.808  0.64890  0.148E-08  0.226E-06  pot  B   0.1000
        87  -1.758508  1706.808  0.64890  0.339E-08  0.196E-06  pot  B   0.1000
        88  -1.758508  1706.808  0.64890  0.231E-08  0.139E-06  pot  B   0.1000
        89  -1.758508  1706.808  0.64890  0.831E-09  0.148E-06  pot  B   0.1000
        90  -1.758508  1706.808  0.64890  0.165E-08  0.121E-06  pot  B   0.1000
        91  -1.758508  1706.808  0.64890  0.998E-09  0.106E-06  pot  B   0.1000
        92  -1.758508  1706.808  0.64890  0.941E-09  0.627E-07  pot  B   0.1000
        93  -1.758508  1706.808  0.64890  0.893E-09  0.531E-07  pot  B   0.1000
        94  -1.758508  1706.808  0.64890  0.473E-09  0.442E-07  pot  B   0.1000
        95  -1.758508  1706.808  0.64890  0.363E-09  0.445E-07  pot  B   0.1000
        96  -1.758508  1706.808  0.64890  0.293E-09  0.320E-07  pot  B   0.1000
        97  -1.758508  1706.808  0.64890  0.339E-09  0.500E-07  pot  B   0.1000
        98  -1.758508  1706.808  0.64890  0.421E-09  0.242E-07  pot  B   0.1000
        99  -1.758508  1706.808  0.64890  0.206E-09  0.244E-07  pot  B   0.1000
       100  -1.758508  1706.808  0.64890  0.318E-09  0.273E-07  pot  B   0.1000
       101  -1.758508  1706.808  0.64890  0.275E-09  0.156E-07  pot  B   0.1000
       102  -1.758508  1706.808  0.64890  0.125E-09  0.204E-07  pot  B   0.1000
       103  -1.758508  1706.808  0.64890  0.186E-09  0.199E-07  pot  B   0.1000
       104  -1.758508  1706.808  0.64890  0.136E-09  0.141E-07  pot  B   0.1000
       105  -1.758508  1706.808  0.64890  0.160E-09  0.140E-07  pot  B   0.1000
       106  -1.758508  1706.808  0.64890  0.116E-09  0.121E-07  pot  B   0.1000
       107  -1.758508  1706.808  0.64890  0.118E-09  0.125E-07  pot  B   0.1000
       108  -1.758508  1706.808  0.64890  0.944E-10  0.702E-08  pot  B   0.1000
**     109  -1.758508  1706.808  0.64890  0.526E-12  0.702E-08  pot  B   0.1000
