 Atom   Index      Q          Qmt        dQ        Vmad        Local Energy
  W         1   73.96422   72.57692   -0.03578    1.80105      -32312.62225
  W         2   73.91394   72.52664   -0.08606    1.85836      -32312.66100
  W         3   73.96536   72.57807   -0.03464    1.81008      -32312.62410
  W         4   73.87908   72.49178   -0.12092    1.88532      -32312.66617
  W         5   74.05031   72.66301    0.05031    1.72235      -32312.56847
  W         6   73.94642   72.55912   -0.05358    1.82500      -32312.63541
  W         7   73.96257   72.57527   -0.03743    1.81213      -32312.63418
  W         8   74.03329   72.64599    0.03329    1.75159      -32312.60277
  W         9   74.02906   72.64176    0.02906    1.74835      -32312.59422
  W        10   73.87565   72.48835   -0.12435    1.89149      -32312.67121
  W        11   73.80581   72.41851   -0.19419    1.94130      -32312.68757
  W        12   73.96665   72.57935   -0.03335    1.79976      -32312.60801
  W        13   73.99852   72.61122   -0.00148    1.77342      -32312.60414
  W        14   73.94302   72.55572   -0.05698    1.82250      -32312.63391
  W        15   73.93047   72.54317   -0.06953    1.83493      -32312.63671
  W        16   73.90403   72.51673   -0.09597    1.86177      -32312.65063
  W        17   73.92371   72.53641   -0.07629    1.83575      -32312.63073
  W        18   73.99678   72.60948   -0.00322    1.77740      -32312.60700
  W        19   74.03740   72.65010    0.03740    1.73942      -32312.58239
  W        20   74.03436   72.64706    0.03436    1.73409      -32312.57187
  W        21   73.97781   72.59051   -0.02219    1.78922      -32312.61165
  W        22   74.00999   72.62269    0.00999    1.76070      -32312.59175
  W        23   74.02779   72.64049    0.02779    1.75424      -32312.59770
  W        24   73.90698   72.51968   -0.09302    1.85551      -32312.64280
  W        25   73.96084   72.57354   -0.03916    1.80602      -32312.61566
  W        26   73.87730   72.49000   -0.12270    1.88093      -32312.65756
  W        27   73.94960   72.56230   -0.05040    1.81779      -32312.63104
  W        28   73.87614   72.48884   -0.12386    1.88436      -32312.66135
  W        29   73.87307   72.48577   -0.12693    1.88109      -32312.65388
  W        30   73.89260   72.50530   -0.10740    1.87316      -32312.65972
  W        31   73.91810   72.53080   -0.08190    1.84072      -32312.63704
  W        32   73.88443   72.49713   -0.11557    1.88065      -32312.66402
  W        33   73.94899   72.56169   -0.05101    1.81688      -32312.62531
  W        34   73.89420   72.50690   -0.10580    1.87028      -32312.65110
  W        35   73.95983   72.57253   -0.04017    1.80190      -32312.61066
  W        36   73.98704   72.59974   -0.01296    1.78806      -32312.62061
  W        37   73.88605   72.49875   -0.11395    1.87174      -32312.64790
  W        38   73.95825   72.57095   -0.04175    1.80529      -32312.61486
  W        39   74.00726   72.61996    0.00726    1.75843      -32312.58571
  W        40   73.91497   72.52767   -0.08503    1.84139      -32312.63101
  W        41   73.97696   72.58966   -0.02304    1.79733      -32312.61160
  W        42   73.92376   72.53646   -0.07624    1.83096      -32312.62443
  W        43   73.89879   72.51149   -0.10121    1.86467      -32312.65611
  W        44   73.81790   72.43060   -0.18210    1.94492      -32312.70391
  W        45   74.08204   72.69474    0.08204    1.69944      -32312.56056
  W        46   73.92875   72.54145   -0.07125    1.83763      -32312.64080
  W        47   73.91201   72.52471   -0.08799    1.85129      -32312.64454
  W        48   73.90054   72.51324   -0.09946    1.85526      -32312.64754
  W        49   74.01082   72.62352    0.01082    1.76066      -32312.58930
  W        50   73.96114   72.57384   -0.03886    1.80351      -32312.61106
  W        51   74.02112   72.63382    0.02112    1.75945      -32312.60156
  W        52   73.92639   72.53909   -0.07361    1.84021      -32312.64011
  W        53   73.98505   72.59775   -0.01495    1.78476      -32312.60188
  W        54   73.95632   72.56902   -0.04368    1.81882      -32312.63997
  W        55   73.93194   72.54464   -0.06806    1.82868      -32312.62471
  W        56   73.97899   72.59169   -0.02101    1.78969      -32312.61211
  W        57   73.95914   72.57184   -0.04086    1.80251      -32312.61289
  W        58   74.01585   72.62855    0.01585    1.76481      -32312.60801
  W        59   74.00952   72.62222    0.00952    1.77146      -32312.60948
  W        60   74.02259   72.63529    0.02259    1.75384      -32312.59714
  W        61   73.98903   72.60173   -0.01097    1.78382      -32312.61189
  W        62   73.96767   72.58037   -0.03233    1.80377      -32312.61998
  W        63   73.85247   72.46517   -0.14753    1.90215      -32312.67058
  W        64   73.97458   72.58728   -0.02542    1.79589      -32312.61769
  W        65   73.94802   72.56072   -0.05198    1.82016      -32312.62820
  W        66   73.94189   72.55459   -0.05811    1.82655      -32312.63460
  W        67   73.88012   72.49282   -0.11988    1.88768      -32312.67080
  W        68   74.06192   72.67462    0.06192    1.71763      -32312.56951
  W        69   73.99843   72.61113   -0.00157    1.77623      -32312.61012
  W        70   74.02742   72.64012    0.02742    1.74940      -32312.59346
  W        71   73.89752   72.51022   -0.10248    1.86818      -32312.65421
  W        72   73.93334   72.54604   -0.06666    1.83697      -32312.64008
  W        73   73.90513   72.51783   -0.09487    1.85012      -32312.63860
  W        74   73.97764   72.59034   -0.02236    1.79320      -32312.61817
  W        75   73.96400   72.57670   -0.03600    1.80010      -32312.61192
  W        76   73.90759   72.52029   -0.09241    1.85969      -32312.65712
  W        77   74.04976   72.66246    0.04976    1.72125      -32312.57067
  W        78   74.03275   72.64545    0.03275    1.74915      -32312.59229
  W        79   74.02214   72.63484    0.02214    1.75701      -32312.59809
  W        80   73.90532   72.51802   -0.09468    1.85501      -32312.65049
  W        81   73.89780   72.51050   -0.10220    1.86877      -32312.65706
  W        82   73.96707   72.57977   -0.03293    1.80727      -32312.63029
  W        83   73.90998   72.52268   -0.09002    1.84380      -32312.63474
  W        84   73.98168   72.59438   -0.01832    1.78797      -32312.60351
  W        85   74.00977   72.62247    0.00977    1.76878      -32312.60572
  W        86   73.98466   72.59736   -0.01534    1.78430      -32312.61125
  W        87   73.96713   72.57983   -0.03287    1.79801      -32312.61083
  W        88   74.02920   72.64190    0.02920    1.74896      -32312.59196
  W        89   74.01331   72.62601    0.01331    1.75258      -32312.58541
  W        90   73.95034   72.56304   -0.04966    1.81968      -32312.62705
  W        91   73.88485   72.49755   -0.11515    1.88829      -32312.67481
  W        92   73.95806   72.57076   -0.04194    1.81173      -32312.63026
  W        93   73.88573   72.49843   -0.11427    1.87031      -32312.65103
  W        94   74.04822   72.66092    0.04822    1.73226      -32312.58033
  W        95   73.91195   72.52465   -0.08805    1.85648      -32312.64644
  W        96   74.01608   72.62878    0.01608    1.75657      -32312.59922
  W        97   73.93353   72.54623   -0.06647    1.82983      -32312.62583
  W        98   73.95812   72.57082   -0.04188    1.81062      -32312.62055
  W        99   74.01472   72.62742    0.01472    1.76318      -32312.60092
  W       100   74.00203   72.61473    0.00203    1.76629      -32312.59313
  W       101   73.94331   72.55601   -0.05669    1.81824      -32312.62410
  W       102   73.95006   72.56276   -0.04994    1.81316      -32312.61785
  W       103   73.97970   72.59240   -0.02030    1.79867      -32312.62143
  W       104   73.98632   72.59902   -0.01368    1.79209      -32312.61894
  W       105   73.87544   72.48814   -0.12456    1.88970      -32312.66607
  W       106   73.93969   72.55239   -0.06031    1.82929      -32312.63027
  W       107   73.96183   72.57453   -0.03817    1.80776      -32312.62185
  W       108   74.00547   72.61817    0.00547    1.76945      -32312.60640
  W       109   73.96612   72.57882   -0.03388    1.80500      -32312.62797
  W       110   74.00389   72.61659    0.00389    1.76363      -32312.59920
  W       111   73.98489   72.59759   -0.01511    1.78207      -32312.60782
  W       112   73.91514   72.52784   -0.08486    1.85187      -32312.65168
  W       113   73.92291   72.53561   -0.07709    1.83781      -32312.63297
  W       114   73.91347   72.52617   -0.08653    1.84355      -32312.63486
  W       115   73.98257   72.59527   -0.01743    1.78170      -32312.60328
  W       116   73.98262   72.59532   -0.01738    1.79188      -32312.61505
  W       117   73.96273   72.57543   -0.03727    1.80885      -32312.62501
  W       118   73.88357   72.49627   -0.11643    1.87416      -32312.65715
  W       119   73.94942   72.56212   -0.05058    1.81264      -32312.62348
  W       120   74.07338   72.68608    0.07338    1.70696      -32312.57076
  W       121   73.97880   72.59150   -0.02120    1.79257      -32312.61524
  W       122   74.02176   72.63446    0.02176    1.75920      -32312.60261
  W       123   73.96612   72.57882   -0.03388    1.79867      -32312.61567
  W       124   74.01565   72.62835    0.01565    1.75762      -32312.60241
  W       125   73.96413   72.57683   -0.03587    1.80531      -32312.62295
  W       126   73.94319   72.55589   -0.05681    1.82224      -32312.62786
  W       127   73.97180   72.58450   -0.02820    1.80299      -32312.62595
  W       128   73.98992   72.60262   -0.01008    1.78526      -32312.61061
  Nb      129   40.98298   39.59568   -0.01702    1.82137       -7632.73669
  Nb      130   41.04029   39.65299    0.04029    1.75701       -7632.69336
  Nb      131   41.04989   39.66259    0.04989    1.75676       -7632.69528
  Nb      132   40.95897   39.57167   -0.04103    1.84066       -7632.75021
  Nb      133   41.08178   39.69448    0.08178    1.72678       -7632.68249
  Nb      134   41.06907   39.68178    0.06907    1.73496       -7632.68580
  Nb      135   41.00870   39.62140    0.00870    1.79738       -7632.72646
  Nb      136   40.99303   39.60573   -0.00697    1.81540       -7632.73840
  Nb      137   40.98272   39.59542   -0.01728    1.82739       -7632.75376
  Nb      138   40.99426   39.60696   -0.00574    1.81584       -7632.73832
  Nb      139   40.94294   39.55564   -0.05706    1.85824       -7632.75667
  Nb      140   41.03628   39.64898    0.03628    1.77060       -7632.70894
  Nb      141   40.99135   39.60405   -0.00865    1.81171       -7632.72867
  Nb      142   40.93413   39.54683   -0.06587    1.86967       -7632.76056
  Nb      143   40.97886   39.59156   -0.02114    1.82596       -7632.74176
  Nb      144   41.00813   39.62083    0.00813    1.79650       -7632.71827
  Nb      145   41.07037   39.68307    0.07037    1.74040       -7632.68979
  Nb      146   41.06021   39.67291    0.06021    1.73920       -7632.67943
  Nb      147   40.98287   39.59557   -0.01713    1.82348       -7632.74250
  Nb      148   40.96832   39.58102   -0.03168    1.83678       -7632.74913
  Nb      149   41.10790   39.72060    0.10790    1.70844       -7632.67544
  Nb      150   41.04827   39.66097    0.04827    1.76162       -7632.71033
  Nb      151   41.03665   39.64935    0.03665    1.77288       -7632.71044
  Nb      152   41.00000   39.61270   -0.00000    1.79850       -7632.71364
  Nb      153   40.95972   39.57242   -0.04028    1.83225       -7632.73935
  Nb      154   41.04989   39.66259    0.04989    1.76189       -7632.70927
  Nb      155   40.99292   39.60562   -0.00708    1.81322       -7632.72837
  Nb      156   41.06539   39.67809    0.06539    1.74417       -7632.69294
  Nb      157   41.02171   39.63441    0.02171    1.78765       -7632.72072
  Nb      158   41.01176   39.62446    0.01176    1.78268       -7632.70727
  Nb      159   40.95927   39.57197   -0.04073    1.84402       -7632.75664
  Nb      160   40.97308   39.58578   -0.02692    1.82664       -7632.74483
  Nb      161   41.02842   39.64112    0.02842    1.77829       -7632.71297
  Nb      162   40.97164   39.58434   -0.02836    1.83124       -7632.74211
  Nb      163   41.06538   39.67808    0.06538    1.75054       -7632.70251
  Nb      164   41.01944   39.63214    0.01944    1.79167       -7632.72334
  Nb      165   41.02128   39.63398    0.02128    1.79033       -7632.71596
  Nb      166   41.01350   39.62620    0.01350    1.79262       -7632.72038
  Nb      167   41.02647   39.63917    0.02647    1.77845       -7632.72102
  Nb      168   41.00385   39.61655    0.00385    1.80664       -7632.72635
  Nb      169   41.04456   39.65726    0.04456    1.76480       -7632.69935
  Nb      170   41.03522   39.64792    0.03522    1.77126       -7632.71821
  Nb      171   40.98512   39.59782   -0.01488    1.82145       -7632.73788
  Nb      172   40.91891   39.53161   -0.08109    1.88063       -7632.76708
  Nb      173   40.98713   39.59983   -0.01287    1.81512       -7632.73472
  Nb      174   41.00893   39.62163    0.00893    1.80253       -7632.72419
  Nb      175   41.03253   39.64523    0.03253    1.77394       -7632.71326
  Nb      176   41.04168   39.65438    0.04168    1.76522       -7632.70545
  Nb      177   41.04606   39.65876    0.04606    1.76720       -7632.70708
  Nb      178   41.06211   39.67481    0.06211    1.74826       -7632.69846
  Nb      179   41.09009   39.70279    0.09009    1.72787       -7632.68578
  Nb      180   41.05869   39.67139    0.05869    1.74834       -7632.69412
  Nb      181   40.99864   39.61134   -0.00136    1.80802       -7632.73313
  Nb      182   40.95661   39.56931   -0.04339    1.84661       -7632.74867
  Nb      183   41.02368   39.63638    0.02368    1.78569       -7632.71410
  Nb      184   40.99771   39.61041   -0.00229    1.80503       -7632.72779
  Nb      185   41.00151   39.61421    0.00151    1.79389       -7632.71882
  Nb      186   41.07931   39.69201    0.07931    1.72561       -7632.68211
  Nb      187   41.03584   39.64854    0.03584    1.76439       -7632.69508
  Nb      188   41.08684   39.69954    0.08684    1.72796       -7632.68492
  Nb      189   41.02593   39.63863    0.02593    1.77651       -7632.71195
  Nb      190   41.00998   39.62268    0.00998    1.79407       -7632.72226
  Nb      191   41.00663   39.61933    0.00663    1.79678       -7632.72706
  Nb      192   41.10727   39.71997    0.10727    1.70701       -7632.67641
  Nb      193   40.99479   39.60749   -0.00521    1.80882       -7632.73156
  Nb      194   41.01705   39.62975    0.01705    1.78595       -7632.71118
  Nb      195   41.07643   39.68913    0.07643    1.73209       -7632.68748
  Nb      196   41.00642   39.61912    0.00642    1.79960       -7632.72490
  Nb      197   40.95347   39.56617   -0.04653    1.84988       -7632.75344
  Nb      198   41.02747   39.64017    0.02747    1.77746       -7632.71070
  Nb      199   41.03667   39.64937    0.03667    1.76707       -7632.69991
  Nb      200   41.03311   39.64581    0.03311    1.77568       -7632.71801
  Nb      201   40.97919   39.59189   -0.02081    1.82270       -7632.73025
  Nb      202   41.00609   39.61879    0.00609    1.79933       -7632.72427
  Nb      203   40.94892   39.56162   -0.05108    1.85174       -7632.74630
  Nb      204   41.02079   39.63349    0.02079    1.77965       -7632.71031
  Nb      205   41.03304   39.64574    0.03304    1.77394       -7632.71125
  Nb      206   41.03691   39.64961    0.03691    1.77377       -7632.71007
  Nb      207   41.03496   39.64766    0.03496    1.77571       -7632.71077
  Nb      208   40.99302   39.60572   -0.00698    1.80698       -7632.72600
  Nb      209   41.09623   39.70893    0.09623    1.71968       -7632.68217
  Nb      210   41.00502   39.61772    0.00502    1.79861       -7632.72020
  Nb      211   41.00294   39.61564    0.00294    1.80553       -7632.72969
  Nb      212   41.05360   39.66630    0.05360    1.74820       -7632.69203
  Nb      213   41.01525   39.62795    0.01525    1.78943       -7632.72295
  Nb      214   40.97904   39.59174   -0.02096    1.82503       -7632.73824
  Nb      215   41.01787   39.63057    0.01787    1.78277       -7632.71252
  Nb      216   41.04587   39.65857    0.04587    1.76211       -7632.70094
  Nb      217   40.98675   39.59945   -0.01325    1.82224       -7632.73785
  Nb      218   40.99855   39.61125   -0.00145    1.81025       -7632.73284
  Nb      219   40.99930   39.61200   -0.00070    1.80614       -7632.72420
  Nb      220   40.99734   39.61004   -0.00266    1.79938       -7632.71814
  Nb      221   40.95620   39.56890   -0.04380    1.84597       -7632.75553
  Nb      222   41.00888   39.62158    0.00888    1.79730       -7632.72480
  Nb      223   41.00858   39.62128    0.00858    1.80245       -7632.72556
  Nb      224   40.97678   39.58948   -0.02322    1.82618       -7632.73508
  Nb      225   40.93696   39.54966   -0.06304    1.85960       -7632.75520
  Nb      226   40.94228   39.55498   -0.05772    1.85971       -7632.75972
  Nb      227   40.97259   39.58529   -0.02741    1.82608       -7632.73783
  Nb      228   41.08922   39.70192    0.08922    1.72474       -7632.68460
  Nb      229   41.00339   39.61609    0.00339    1.80465       -7632.73287
  Nb      230   41.04260   39.65530    0.04260    1.76325       -7632.69985
  Nb      231   40.99632   39.60902   -0.00368    1.81372       -7632.73449
  Nb      232   40.95805   39.57075   -0.04195    1.83616       -7632.75147
  Nb      233   40.97539   39.58809   -0.02461    1.83169       -7632.74328
  Nb      234   41.04386   39.65656    0.04386    1.76877       -7632.70879
  Nb      235   40.99617   39.60887   -0.00383    1.81067       -7632.72835
  Nb      236   40.95071   39.56341   -0.04929    1.85246       -7632.75775
  Nb      237   41.07145   39.68415    0.07145    1.73876       -7632.69077
  Nb      238   40.97042   39.58312   -0.02958    1.83503       -7632.74765
  Nb      239   41.06378   39.67648    0.06378    1.73658       -7632.69147
  Nb      240   40.99368   39.60638   -0.00632    1.81433       -7632.73098
  Nb      241   41.04693   39.65963    0.04693    1.76416       -7632.70369
  Nb      242   41.03071   39.64341    0.03071    1.77620       -7632.71419
  Nb      243   40.99198   39.60468   -0.00802    1.81284       -7632.72559
  Nb      244   41.02130   39.63400    0.02130    1.78411       -7632.71782
  Nb      245   40.99219   39.60489   -0.00781    1.81572       -7632.73806
  Nb      246   41.04455   39.65725    0.04455    1.75990       -7632.69707
  Nb      247   41.03824   39.65094    0.03824    1.76753       -7632.70309
  Nb      248   40.97951   39.59221   -0.02049    1.81982       -7632.73767
  Nb      249   41.05595   39.66865    0.05595    1.74737       -7632.69235
  Nb      250   40.94752   39.56022   -0.05248    1.85580       -7632.75485
  Nb      251   41.05847   39.67117    0.05847    1.74947       -7632.69672
  Nb      252   41.02887   39.64157    0.02887    1.78176       -7632.72019
  Nb      253   40.99528   39.60798   -0.00472    1.81094       -7632.73285
  Nb      254   41.03901   39.65171    0.03901    1.77181       -7632.70659
  Nb      255   41.04794   39.66064    0.04794    1.75400       -7632.69445
  Nb      256   40.89584   39.50854   -0.10416    1.90383       -7632.78744
  Mo      257   42.12448   40.73718    0.12448    1.75752       -8090.70093
  Mo      258   42.22258   40.83528    0.22258    1.67195       -8090.66872
  Mo      259   42.19344   40.80615    0.19344    1.70087       -8090.67519
  Mo      260   42.09787   40.71057    0.09787    1.78769       -8090.72766
  Mo      261   42.18239   40.79509    0.18239    1.71737       -8090.69570
  Mo      262   42.13793   40.75063    0.13793    1.75894       -8090.71366
  Mo      263   42.19448   40.80718    0.19448    1.71019       -8090.69481
  Mo      264   42.26855   40.88125    0.26855    1.62565       -8090.63962
  Mo      265   42.19677   40.80947    0.19677    1.69371       -8090.67434
  Mo      266   42.12074   40.73344    0.12074    1.77735       -8090.73613
  Mo      267   42.22513   40.83783    0.22513    1.67506       -8090.66886
  Mo      268   42.13558   40.74828    0.13558    1.75439       -8090.71444
  Mo      269   42.16149   40.77419    0.16149    1.73042       -8090.70095
  Mo      270   42.16780   40.78050    0.16780    1.71653       -8090.68258
  Mo      271   42.20612   40.81882    0.20612    1.69221       -8090.67755
  Mo      272   42.19734   40.81004    0.19734    1.70918       -8090.69808
  Mo      273   42.13084   40.74354    0.13084    1.75786       -8090.70912
  Mo      274   42.10834   40.72104    0.10834    1.77813       -8090.72383
  Mo      275   42.23186   40.84456    0.23186    1.65779       -8090.65109
  Mo      276   42.08897   40.70167    0.08897    1.80028       -8090.73480
  Mo      277   42.17516   40.78786    0.17516    1.71941       -8090.69225
  Mo      278   42.14363   40.75633    0.14363    1.75139       -8090.70392
  Mo      279   42.20712   40.81982    0.20712    1.68129       -8090.66779
  Mo      280   42.08276   40.69546    0.08276    1.80237       -8090.73340
  Mo      281   42.10536   40.71806    0.10536    1.77929       -8090.72386
  Mo      282   42.14569   40.75839    0.14569    1.74405       -8090.70240
  Mo      283   42.13334   40.74604    0.13334    1.75678       -8090.70684
  Mo      284   42.16102   40.77372    0.16102    1.73299       -8090.69975
  Mo      285   42.14648   40.75918    0.14648    1.74182       -8090.69834
  Mo      286   42.18691   40.79961    0.18691    1.71092       -8090.68674
  Mo      287   42.10870   40.72140    0.10870    1.78823       -8090.73825
  Mo      288   42.16332   40.77602    0.16332    1.72795       -8090.69775
  Mo      289   42.07232   40.68502    0.07232    1.81074       -8090.73346
  Mo      290   42.15978   40.77248    0.15978    1.72781       -8090.69312
  Mo      291   42.19756   40.81026    0.19756    1.69566       -8090.66922
  Mo      292   42.21333   40.82603    0.21333    1.68319       -8090.66861
  Mo      293   42.17914   40.79184    0.17914    1.72259       -8090.69932
  Mo      294   42.13944   40.75214    0.13944    1.74160       -8090.69941
  Mo      295   42.13926   40.75196    0.13926    1.74340       -8090.69478
  Mo      296   42.15250   40.76520    0.15250    1.73217       -8090.69241
  Mo      297   42.13029   40.74299    0.13029    1.76468       -8090.72418
  Mo      298   42.17232   40.78502    0.17232    1.72424       -8090.69169
  Mo      299   42.14105   40.75375    0.14105    1.75107       -8090.71148
  Mo      300   42.14688   40.75958    0.14688    1.73286       -8090.69293
  Mo      301   42.19967   40.81237    0.19967    1.69589       -8090.67939
  Mo      302   42.16255   40.77525    0.16255    1.72579       -8090.68818
  Mo      303   42.19775   40.81045    0.19775    1.70286       -8090.68535
  Mo      304   42.21565   40.82835    0.21565    1.68516       -8090.68050
  Mo      305   42.15642   40.76912    0.15642    1.73798       -8090.70214
  Mo      306   42.16214   40.77484    0.16214    1.73254       -8090.70079
  Mo      307   42.18755   40.80025    0.18755    1.70609       -8090.68167
  Mo      308   42.18204   40.79474    0.18204    1.71228       -8090.68545
  Mo      309   42.08038   40.69308    0.08038    1.80429       -8090.73374
  Mo      310   42.18722   40.79992    0.18722    1.70423       -8090.68542
  Mo      311   42.24165   40.85435    0.24165    1.65782       -8090.65705
  Mo      312   42.20549   40.81819    0.20549    1.68976       -8090.68010
  Mo      313   42.17695   40.78965    0.17695    1.72432       -8090.69771
  Mo      314   42.14258   40.75528    0.14258    1.75798       -8090.71761
  Mo      315   42.11906   40.73176    0.11906    1.75703       -8090.69730
  Mo      316   42.16334   40.77604    0.16334    1.73313       -8090.69772
  Mo      317   42.15437   40.76707    0.15437    1.73481       -8090.69855
  Mo      318   42.16941   40.78211    0.16941    1.71236       -8090.67980
  Mo      319   42.22812   40.84082    0.22812    1.67109       -8090.67461
  Mo      320   42.22067   40.83337    0.22067    1.67914       -8090.67456
  Mo      321   42.11965   40.73235    0.11965    1.76625       -8090.71198
  Mo      322   42.17772   40.79042    0.17772    1.70573       -8090.68029
  Mo      323   42.18142   40.79412    0.18142    1.71279       -8090.68726
  Mo      324   42.18595   40.79865    0.18595    1.70745       -8090.68335
  Mo      325   42.19113   40.80383    0.19113    1.70812       -8090.69439
  Mo      326   42.13560   40.74830    0.13560    1.76446       -8090.73264
  Mo      327   42.16101   40.77371    0.16101    1.73050       -8090.69587
  Mo      328   42.17243   40.78513    0.17243    1.71929       -8090.69097
  Mo      329   42.18729   40.79999    0.18729    1.71197       -8090.69018
  Mo      330   42.16493   40.77763    0.16493    1.72594       -8090.69154
  Mo      331   42.23328   40.84598    0.23328    1.66629       -8090.66681
  Mo      332   42.16461   40.77731    0.16461    1.72444       -8090.69406
  Mo      333   42.19261   40.80531    0.19261    1.69364       -8090.66946
  Mo      334   42.18987   40.80257    0.18987    1.70000       -8090.68095
  Mo      335   42.26579   40.87849    0.26579    1.63257       -8090.64870
  Mo      336   42.14268   40.75538    0.14268    1.74650       -8090.70517
  Mo      337   42.21507   40.82777    0.21507    1.67663       -8090.67034
  Mo      338   42.08938   40.70208    0.08938    1.79464       -8090.72686
  Mo      339   42.17211   40.78481    0.17211    1.72703       -8090.70030
  Mo      340   42.18353   40.79623    0.18353    1.71273       -8090.68660
  Mo      341   42.23232   40.84502    0.23232    1.65980       -8090.65653
  Mo      342   42.20555   40.81825    0.20555    1.69358       -8090.68550
  Mo      343   42.10062   40.71332    0.10062    1.78599       -8090.71949
  Mo      344   42.06645   40.67915    0.06645    1.80866       -8090.72919
  Mo      345   42.18514   40.79784    0.18514    1.71041       -8090.68365
  Mo      346   42.11256   40.72526    0.11256    1.78564       -8090.73471
  Mo      347   42.18588   40.79858    0.18588    1.70824       -8090.68247
  Mo      348   42.12078   40.73348    0.12078    1.76569       -8090.71757
  Mo      349   42.10155   40.71425    0.10155    1.78380       -8090.73062
  Mo      350   42.21831   40.83101    0.21831    1.68011       -8090.67111
  Mo      351   42.20091   40.81361    0.20091    1.70280       -8090.68670
  Mo      352   42.11513   40.72783    0.11513    1.77159       -8090.72440
  Mo      353   42.17667   40.78937    0.17667    1.72074       -8090.69659
  Mo      354   42.23245   40.84515    0.23245    1.66954       -8090.67146
  Mo      355   42.08963   40.70233    0.08963    1.79163       -8090.73143
  Mo      356   42.18990   40.80260    0.18990    1.70437       -8090.69014
  Mo      357   42.24982   40.86252    0.24982    1.65436       -8090.66527
  Mo      358   42.20319   40.81589    0.20319    1.69617       -8090.68672
  Mo      359   42.15560   40.76830    0.15560    1.72756       -8090.68741
  Mo      360   42.23596   40.84866    0.23596    1.66439       -8090.66914
  Mo      361   42.09338   40.70608    0.09338    1.79079       -8090.72679
  Mo      362   42.22582   40.83852    0.22582    1.67854       -8090.67563
  Mo      363   42.19787   40.81057    0.19787    1.70017       -8090.69036
  Mo      364   42.19622   40.80892    0.19622    1.70023       -8090.68838
  Mo      365   42.13625   40.74895    0.13625    1.75857       -8090.71744
  Mo      366   42.10988   40.72258    0.10988    1.77616       -8090.71798
  Mo      367   42.18874   40.80144    0.18874    1.70119       -8090.67821
  Mo      368   42.20106   40.81376    0.20106    1.69649       -8090.67442
  Mo      369   42.15034   40.76304    0.15034    1.72866       -8090.68978
  Mo      370   42.20037   40.81307    0.20037    1.69723       -8090.68544
  Mo      371   42.09667   40.70937    0.09667    1.78911       -8090.72515
  Mo      372   42.19236   40.80506    0.19236    1.70748       -8090.69208
  Mo      373   42.13933   40.75203    0.13933    1.75486       -8090.71013
  Mo      374   42.16729   40.77999    0.16729    1.72494       -8090.69191
  Mo      375   42.15601   40.76871    0.15601    1.74411       -8090.71192
  Mo      376   42.16794   40.78064    0.16794    1.71988       -8090.69139
  Mo      377   42.13357   40.74627    0.13357    1.75025       -8090.70517
  Mo      378   42.15544   40.76814    0.15544    1.74279       -8090.70778
  Mo      379   42.23978   40.85248    0.23978    1.66173       -8090.66834
  Mo      380   42.10483   40.71753    0.10483    1.77504       -8090.71483
  Mo      381   42.18715   40.79985    0.18715    1.70880       -8090.69200
  Mo      382   42.07339   40.68609    0.07339    1.81344       -8090.73964
  Mo      383   42.11910   40.73180    0.11910    1.76746       -8090.71119
  Mo      384   42.14108   40.75378    0.14108    1.75384       -8090.71228
  Ta      385   72.85686   71.46956   -0.14314    1.85570      -31233.06608
  Ta      386   72.88650   71.49920   -0.11350    1.83253      -31233.05769
  Ta      387   72.82093   71.43363   -0.17907    1.88481      -31233.08520
  Ta      388   72.95194   71.56464   -0.04806    1.76969      -31233.01759
  Ta      389   72.84664   71.45934   -0.15336    1.87127      -31233.08118
  Ta      390   72.77415   71.38685   -0.22585    1.93457      -31233.11988
  Ta      391   72.85151   71.46421   -0.14849    1.86362      -31233.07518
  Ta      392   72.92244   71.53514   -0.07756    1.79209      -31233.02714
  Ta      393   72.79151   71.40421   -0.20849    1.91167      -31233.10806
  Ta      394   72.82554   71.43824   -0.17446    1.88837      -31233.09369
  Ta      395   72.86736   71.48006   -0.13264    1.84907      -31233.06495
  Ta      396   72.81589   71.42859   -0.18411    1.88396      -31233.08412
  Ta      397   72.82373   71.43643   -0.17627    1.88665      -31233.08959
  Ta      398   72.86813   71.48083   -0.13187    1.84573      -31233.06866
  Ta      399   72.85948   71.47218   -0.14052    1.84928      -31233.06545
  Ta      400   72.89408   71.50678   -0.10592    1.82633      -31233.04725
  Ta      401   72.81547   71.42817   -0.18453    1.90028      -31233.09557
  Ta      402   72.84854   71.46124   -0.15146    1.86594      -31233.07699
  Ta      403   72.92543   71.53813   -0.07457    1.78744      -31233.02521
  Ta      404   72.84224   71.45494   -0.15776    1.87546      -31233.07611
  Ta      405   72.78076   71.39346   -0.21924    1.93247      -31233.12229
  Ta      406   72.83147   71.44417   -0.16853    1.88098      -31233.08370
  Ta      407   72.84903   71.46173   -0.15097    1.86642      -31233.08431
  Ta      408   72.77740   71.39010   -0.22260    1.92724      -31233.11833
  Ta      409   72.91256   71.52526   -0.08744    1.81113      -31233.04370
  Ta      410   72.74414   71.35684   -0.25586    1.95749      -31233.13172
  Ta      411   72.88113   71.49383   -0.11887    1.83279      -31233.05373
  Ta      412   72.90013   71.51283   -0.09987    1.81667      -31233.05247
  Ta      413   72.88829   71.50099   -0.11171    1.82405      -31233.05060
  Ta      414   72.84267   71.45537   -0.15733    1.87456      -31233.07805
  Ta      415   72.94552   71.55822   -0.05448    1.78190      -31233.02655
  Ta      416   72.94727   71.55997   -0.05273    1.77776      -31233.02723
  Ta      417   72.84327   71.45597   -0.15673    1.86661      -31233.07756
  Ta      418   72.88569   71.49839   -0.11431    1.82869      -31233.05453
  Ta      419   72.81375   71.42645   -0.18625    1.89892      -31233.09497
  Ta      420   72.81336   71.42606   -0.18664    1.88887      -31233.09264
  Ta      421   72.80841   71.42111   -0.19159    1.90682      -31233.09714
  Ta      422   72.91029   71.52299   -0.08971    1.80722      -31233.04877
  Ta      423   72.84234   71.45505   -0.15766    1.86894      -31233.07952
  Ta      424   72.80722   71.41992   -0.19278    1.90805      -31233.10197
  Ta      425   72.83114   71.44384   -0.16886    1.87826      -31233.08449
  Ta      426   72.93575   71.54845   -0.06425    1.78924      -31233.02671
  Ta      427   72.89749   71.51019   -0.10251    1.82259      -31233.05657
  Ta      428   72.90088   71.51358   -0.09912    1.81475      -31233.04762
  Ta      429   72.79639   71.40909   -0.20361    1.90695      -31233.10428
  Ta      430   72.88559   71.49829   -0.11441    1.82868      -31233.05058
  Ta      431   72.78155   71.39425   -0.21845    1.93032      -31233.11424
  Ta      432   72.89171   71.50441   -0.10829    1.83271      -31233.05628
  Ta      433   72.84036   71.45306   -0.15964    1.86764      -31233.07194
  Ta      434   72.87640   71.48910   -0.12360    1.84249      -31233.06019
  Ta      435   72.85520   71.46790   -0.14480    1.86314      -31233.07833
  Ta      436   72.89455   71.50725   -0.10545    1.81843      -31233.04523
  Ta      437   72.79211   71.40481   -0.20789    1.91591      -31233.10619
  Ta      438   72.89001   71.50271   -0.10999    1.83046      -31233.05713
  Ta      439   72.85706   71.46976   -0.14294    1.85793      -31233.07865
  Ta      440   72.79731   71.41001   -0.20269    1.91358      -31233.10672
  Ta      441   72.77454   71.38724   -0.22546    1.93439      -31233.11863
  Ta      442   72.90648   71.51918   -0.09352    1.81175      -31233.04987
  Ta      443   72.87146   71.48416   -0.12854    1.83578      -31233.04860
  Ta      444   72.91943   71.53213   -0.08057    1.80472      -31233.03867
  Ta      445   72.87843   71.49113   -0.12157    1.84012      -31233.05826
  Ta      446   72.95833   71.57103   -0.04167    1.76758      -31233.02274
  Ta      447   72.89295   71.50565   -0.10705    1.82790      -31233.05385
  Ta      448   72.89771   71.51041   -0.10229    1.82130      -31233.05156
  Ta      449   72.92736   71.54006   -0.07264    1.78870      -31233.02556
  Ta      450   72.84554   71.45824   -0.15446    1.86834      -31233.07655
  Ta      451   72.89679   71.50949   -0.10321    1.81555      -31233.04522
  Ta      452   72.93842   71.55112   -0.06158    1.78755      -31233.02649
  Ta      453   72.83209   71.44479   -0.16791    1.87374      -31233.07187
  Ta      454   72.95987   71.57257   -0.04013    1.75789      -31233.00787
  Ta      455   72.86480   71.47750   -0.13520    1.84696      -31233.06590
  Ta      456   72.87517   71.48787   -0.12483    1.84147      -31233.06337
  Ta      457   72.81190   71.42460   -0.18810    1.89401      -31233.09119
  Ta      458   72.85102   71.46372   -0.14898    1.86076      -31233.07160
  Ta      459   72.87138   71.48408   -0.12862    1.84166      -31233.05980
  Ta      460   72.94499   71.55769   -0.05501    1.77991      -31233.02329
  Ta      461   72.90389   71.51659   -0.09611    1.81017      -31233.04634
  Ta      462   72.82889   71.44159   -0.17111    1.88264      -31233.09022
  Ta      463   72.83281   71.44551   -0.16719    1.87850      -31233.08895
  Ta      464   72.87721   71.48991   -0.12279    1.83867      -31233.06059
  Ta      465   72.91220   71.52490   -0.08780    1.80640      -31233.04649
  Ta      466   72.82497   71.43767   -0.17503    1.88875      -31233.09428
  Ta      467   72.86074   71.47344   -0.13926    1.85824      -31233.07326
  Ta      468   72.81289   71.42559   -0.18711    1.89958      -31233.09705
  Ta      469   72.88736   71.50006   -0.11264    1.83318      -31233.06222
  Ta      470   72.89754   71.51024   -0.10246    1.82133      -31233.04809
  Ta      471   72.79883   71.41153   -0.20117    1.90646      -31233.09524
  Ta      472   72.85295   71.46565   -0.14705    1.85436      -31233.06563
  Ta      473   72.88243   71.49513   -0.11757    1.83135      -31233.04930
  Ta      474   72.81876   71.43146   -0.18124    1.89382      -31233.09967
  Ta      475   72.88887   71.50157   -0.11113    1.82967      -31233.05213
  Ta      476   72.80734   71.42004   -0.19266    1.89985      -31233.09588
  Ta      477   72.90728   71.51998   -0.09272    1.80531      -31233.04098
  Ta      478   72.85277   71.46547   -0.14723    1.86381      -31233.07681
  Ta      479   72.85275   71.46546   -0.14725    1.86262      -31233.07509
  Ta      480   72.82476   71.43746   -0.17524    1.88584      -31233.08819
  Ta      481   72.90121   71.51391   -0.09879    1.81614      -31233.04214
  Ta      482   72.85413   71.46683   -0.14587    1.86145      -31233.07784
  Ta      483   72.91382   71.52652   -0.08618    1.79969      -31233.03809
  Ta      484   72.84783   71.46053   -0.15217    1.86150      -31233.07444
  Ta      485   72.83272   71.44542   -0.16728    1.87711      -31233.08228
  Ta      486   72.93829   71.55099   -0.06171    1.78857      -31233.02910
  Ta      487   72.84627   71.45897   -0.15373    1.86546      -31233.07131
  Ta      488   72.89342   71.50612   -0.10658    1.82248      -31233.04840
  Ta      489   72.88237   71.49507   -0.11763    1.83333      -31233.06393
  Ta      490   72.81024   71.42294   -0.18976    1.90343      -31233.10075
  Ta      491   72.78298   71.39568   -0.21702    1.91981      -31233.10513
  Ta      492   72.89620   71.50890   -0.10380    1.81841      -31233.04522
  Ta      493   72.87198   71.48468   -0.12802    1.84745      -31233.07008
  Ta      494   72.88747   71.50017   -0.11253    1.83471      -31233.06955
  Ta      495   72.85064   71.46334   -0.14936    1.86498      -31233.07253
  Ta      496   72.83104   71.44374   -0.16896    1.87692      -31233.08164
  Ta      497   72.80041   71.41311   -0.19959    1.90832      -31233.10437
  Ta      498   72.92346   71.53616   -0.07654    1.79593      -31233.03123
  Ta      499   72.91762   71.53032   -0.08238    1.80632      -31233.04229
  Ta      500   72.84772   71.46042   -0.15228    1.86574      -31233.07654
  Ta      501   72.84501   71.45771   -0.15499    1.86362      -31233.06558
  Ta      502   72.84562   71.45832   -0.15438    1.86974      -31233.07559
  Ta      503   72.90764   71.52034   -0.09236    1.81048      -31233.04126
  Ta      504   72.87975   71.49245   -0.12025    1.83276      -31233.05702
  Ta      505   72.84144   71.45414   -0.15856    1.87274      -31233.07884
  Ta      506   72.90148   71.51418   -0.09852    1.81036      -31233.05072
  Ta      507   72.89109   71.50379   -0.10891    1.82130      -31233.05052
  Ta      508   72.83366   71.44636   -0.16634    1.88090      -31233.08552
  Ta      509   72.77889   71.39159   -0.22111    1.93085      -31233.12543
  Ta      510   72.83529   71.44799   -0.16471    1.88422      -31233.09337
  Ta      511   72.91548   71.52818   -0.08452    1.80650      -31233.04410
  Ta      512   72.88021   71.49291   -0.11979    1.82859      -31233.05238
