System Description            : WNbMoTaV, BCC structure                         
Number of Atoms in Unit Cell  : 20                                              
Number of Atomic Species      : 5                                               
Number of Atoms in Each Type  : 4(W), 4(Nb), 4(Mo), 4(Ta), 4(V)                 
Energy Offset                 : -16231                                          
=======================================================================================
    Iter     Energy      3PV     Efermi   Rms_rho    Rms_pot   Mix  Alg  Alpha 
---------------------------------------------------------------------------------------
**       1  -0.867277  1838.956  0.59262  0.140E+01  0.168E+00  pot  B   0.1000
         2  -0.876829  1816.897  0.60832  0.775E-02  0.716E+00  pot  B   0.1000
         3  -1.259438  1813.076  0.60124  0.317E-02  0.192E+00  pot  B   0.1000
         4  -1.431659  1794.294  0.61289  0.608E-02  0.129E+00  pot  B   0.1000
         5  -1.601312  1760.173  0.62481  0.113E-01  0.257E+00  pot  B   0.1000
         6  -1.686525  1736.858  0.63127  0.799E-02  0.166E+00  pot  B   0.1000
         7  -1.706128  1735.173  0.63486  0.719E-03  0.720E-01  pot  B   0.1000
         8  -1.725279  1726.679  0.63963  0.363E-02  0.724E-01  pot  B   0.1000
         9  -1.743455  1716.998  0.64099  0.496E-02  0.746E-01  pot  B   0.1000
        10  -1.754877  1710.412  0.64224  0.351E-02  0.291E-01  pot  B   0.1000
        11  -1.756428  1707.908  0.64437  0.144E-02  0.153E-01  pot  B   0.1000
        12  -1.756813  1707.497  0.64485  0.277E-03  0.480E-02  pot  B   0.1000
        13  -1.757075  1707.175  0.64658  0.390E-03  0.484E-02  pot  B   0.1000
        14  -1.757324  1706.884  0.64930  0.533E-03  0.158E-02  pot  B   0.1000
        15  -1.757294  1706.793  0.65021  0.163E-03  0.141E-02  pot  B   0.1000
        16  -1.757293  1706.773  0.65041  0.500E-04  0.877E-03  pot  B   0.1000
        17  -1.757295  1706.793  0.65051  0.475E-04  0.103E-02  pot  B   0.1000
        18  -1.757298  1706.841  0.65064  0.576E-04  0.447E-03  pot  B   0.1000
        19  -1.757298  1706.850  0.65070  0.210E-04  0.153E-03  pot  B   0.1000
        20  -1.757298  1706.850  0.65074  0.122E-04  0.137E-03  pot  B   0.1000
        21  -1.757298  1706.814  0.65080  0.148E-04  0.625E-04  pot  B   0.1000
        22  -1.757299  1706.813  0.65081  0.235E-05  0.583E-04  pot  B   0.1000
        23  -1.757299  1706.814  0.65081  0.151E-05  0.366E-04  pot  B   0.1000
        24  -1.757299  1706.815  0.65082  0.195E-05  0.163E-04  pot  B   0.1000
        25  -1.757299  1706.819  0.65082  0.194E-05  0.166E-04  pot  B   0.1000
        26  -1.757299  1706.818  0.65083  0.971E-06  0.884E-05  pot  B   0.1000
        27  -1.757299  1706.819  0.65083  0.153E-06  0.635E-05  pot  B   0.1000
        28  -1.757299  1706.819  0.65083  0.134E-06  0.292E-05  pot  B   0.1000
        29  -1.757299  1706.819  0.65083  0.854E-07  0.165E-05  pot  B   0.1000
        30  -1.757299  1706.819  0.65084  0.198E-06  0.189E-05  pot  B   0.1000
        31  -1.757299  1706.819  0.65084  0.493E-07  0.840E-06  pot  B   0.1000
        32  -1.757299  1706.820  0.65084  0.101E-06  0.102E-05  pot  B   0.1000
        33  -1.757299  1706.820  0.65084  0.785E-07  0.109E-05  pot  B   0.1000
        34  -1.757299  1706.819  0.65084  0.661E-07  0.335E-06  pot  B   0.1000
        35  -1.757299  1706.819  0.65084  0.540E-07  0.489E-06  pot  B   0.1000
        36  -1.757299  1706.819  0.65084  0.196E-07  0.205E-06  pot  B   0.1000
        37  -1.757299  1706.820  0.65084  0.372E-07  0.213E-06  pot  B   0.1000
        38  -1.757299  1706.820  0.65084  0.156E-07  0.103E-06  pot  B   0.1000
        39  -1.757299  1706.820  0.65084  0.294E-08  0.861E-07  pot  B   0.1000
        40  -1.757299  1706.820  0.65084  0.174E-08  0.589E-07  pot  B   0.1000
        41  -1.757299  1706.820  0.65084  0.817E-09  0.256E-07  pot  B   0.1000
        42  -1.757299  1706.820  0.65084  0.512E-09  0.186E-07  pot  B   0.1000
        43  -1.757299  1706.820  0.65084  0.304E-09  0.130E-07  pot  B   0.1000
        44  -1.757299  1706.820  0.65084  0.331E-09  0.158E-07  pot  B   0.1000
        45  -1.757299  1706.820  0.65084  0.281E-09  0.902E-08  pot  B   0.1000
**      46  -1.757299  1706.820  0.65084  0.475E-12  0.902E-08  pot  B   0.1000
