 Atom   Index      Q          Qmt        dQ        Vmad        Local Energy
  W         1   73.70763   72.40660   -0.29237    1.88450      -32312.58800
  W         2   73.67998   72.37895   -0.32002    1.91146      -32312.60027
  W         3   73.86701   72.56598   -0.13299    1.73406      -32312.50232
  W         4   73.78103   72.47999   -0.21897    1.81673      -32312.55012
  W         5   73.91851   72.61747   -0.08149    1.67924      -32312.46571
  W         6   73.86148   72.56044   -0.13852    1.73986      -32312.50359
  W         7   73.76286   72.46183   -0.23714    1.82668      -32312.54862
  W         8   73.92924   72.62821   -0.07076    1.66781      -32312.45564
  W         9   73.79416   72.49312   -0.20584    1.79305      -32312.51827
  W        10   73.71530   72.41426   -0.28470    1.87554      -32312.58220
  W        11   73.89387   72.59284   -0.10613    1.69653      -32312.46708
  W        12   73.87390   72.57287   -0.12610    1.71826      -32312.47280
  W        13   73.71030   72.40927   -0.28970    1.88083      -32312.58208
  W        14   73.72396   72.42293   -0.27604    1.87203      -32312.58375
  W        15   73.91887   72.61783   -0.08113    1.67298      -32312.45109
  W        16   73.82244   72.52140   -0.17756    1.76825      -32312.50164
  Nb       17   40.88172   39.58069   -0.11828    1.74210       -7632.59775
  Nb       18   40.92770   39.62667   -0.07230    1.69974       -7632.56653
  Nb       19   40.96028   39.65924   -0.03972    1.66250       -7632.54704
  Nb       20   40.94364   39.64260   -0.05636    1.68062       -7632.55510
  Nb       21   40.93571   39.63468   -0.06429    1.69130       -7632.56404
  Nb       22   40.88850   39.58747   -0.11150    1.73910       -7632.59854
  Nb       23   40.80484   39.50380   -0.19516    1.82023       -7632.65283
  Nb       24   40.84073   39.53970   -0.15927    1.78327       -7632.61701
  Nb       25   40.94411   39.64308   -0.05589    1.67542       -7632.55341
  Nb       26   41.05692   39.75588    0.05692    1.56784       -7632.47992
  Nb       27   40.86879   39.56776   -0.13121    1.76082       -7632.60660
  Nb       28   40.97930   39.67826   -0.02070    1.64725       -7632.54638
  Nb       29   41.00060   39.69956    0.00060    1.62721       -7632.51967
  Nb       30   41.00342   39.70239    0.00342    1.62150       -7632.52665
  Nb       31   40.89484   39.59380   -0.10516    1.73321       -7632.58525
  Nb       32   40.90306   39.60203   -0.09694    1.72227       -7632.58158
  Mo       33   42.08789   40.78685    0.08789    1.63294       -8090.55116
  Mo       34   41.97468   40.67365   -0.02532    1.74079       -8090.61912
  Mo       35   42.01213   40.71110    0.01213    1.69663       -8090.57797
  Mo       36   41.94740   40.64636   -0.05260    1.77719       -8090.64576
  Mo       37   42.04127   40.74023    0.04127    1.67802       -8090.57836
  Mo       38   41.86478   40.56375   -0.13522    1.85502       -8090.68399
  Mo       39   42.10930   40.80826    0.10930    1.62021       -8090.55522
  Mo       40   42.19169   40.89066    0.19169    1.52306       -8090.48489
  Mo       41   42.03983   40.73880    0.03983    1.67754       -8090.57204
  Mo       42   42.12234   40.82131    0.12234    1.59620       -8090.53849
  Mo       43   42.04028   40.73924    0.04028    1.68206       -8090.58627
  Mo       44   42.14323   40.84220    0.14323    1.57362       -8090.51416
  Mo       45   42.09760   40.79657    0.09760    1.61965       -8090.54152
  Mo       46   42.17489   40.87386    0.17489    1.54029       -8090.50006
  Mo       47   41.89990   40.59886   -0.10010    1.82170       -8090.66595
  Mo       48   42.10359   40.80255    0.10359    1.61609       -8090.54109
  Ta       49   72.68953   71.38850   -0.31047    1.84219      -31232.96531
  Ta       50   72.68984   71.38881   -0.31016    1.84306      -31232.97016
  Ta       51   72.76071   71.45968   -0.23929    1.77480      -31232.92972
  Ta       52   72.77047   71.46944   -0.22953    1.76745      -31232.91974
  Ta       53   72.80485   71.50381   -0.19515    1.73195      -31232.90726
  Ta       54   72.69193   71.39090   -0.30807    1.84523      -31232.97312
  Ta       55   72.70988   71.40884   -0.29012    1.82785      -31232.96614
  Ta       56   72.69909   71.39806   -0.30091    1.83622      -31232.96398
  Ta       57   72.85149   71.55046   -0.14851    1.68392      -31232.85872
  Ta       58   72.68029   71.37925   -0.31971    1.85845      -31232.98742
  Ta       59   72.78065   71.47961   -0.21935    1.75276      -31232.91419
  Ta       60   72.72252   71.42149   -0.27748    1.80621      -31232.94049
  Ta       61   72.75602   71.45498   -0.24398    1.77847      -31232.92570
  Ta       62   72.73037   71.42933   -0.26963    1.79842      -31232.93732
  Ta       63   72.68157   71.38054   -0.31843    1.85937      -31232.98413
  Ta       64   72.90408   71.60305   -0.09592    1.62755      -31232.82539
  V        65   23.52271   22.22167    0.52271    1.41906       -1895.15122
  V        66   23.43927   22.13823    0.43927    1.50610       -1895.21835
  V        67   23.41523   22.11420    0.41523    1.53214       -1895.22411
  V        68   23.58922   22.28818    0.58922    1.35739       -1895.11617
  V        69   23.46509   22.16406    0.46509    1.48127       -1895.19188
  V        70   23.49391   22.19288    0.49391    1.44200       -1895.16413
  V        71   23.44741   22.14638    0.44741    1.49788       -1895.20941
  V        72   23.34857   22.04754    0.34857    1.59881       -1895.27257
  V        73   23.44758   22.14655    0.44758    1.49466       -1895.20368
  V        74   23.49908   22.19805    0.49908    1.44501       -1895.18495
  V        75   23.48501   22.18397    0.48501    1.46755       -1895.18529
  V        76   23.46790   22.16686    0.46790    1.48258       -1895.20082
  V        77   23.48428   22.18324    0.48428    1.45238       -1895.17785
  V        78   23.38399   22.08296    0.38399    1.56529       -1895.23955
  V        79   23.38443   22.08340    0.38443    1.56551       -1895.26407
  V        80   23.55754   22.25650    0.55754    1.38794       -1895.14618
